27245
91104
194516
3880
782
326473
6406
16633
130269
218896
10607
30807
4264
8001
3488
0
469
811
13387
25357
16074
228512
762715
35824
2077
8087
6207
20343
7
43679
146806
16276
136801
101
111177
3636
13453
274183
35748
57498
142651
109931
294780
4263
128900
197574
127692
46853
4295
1497
12
0
324617
31216
2804
60384
287
380
15370
160827
62
97
67
13
49758
0
219827
3980
105323
345459
0
40
0
21
21065
30
0
0
28927
35922
5578
0
20558
23631
90341
203286
136782
938989
147382
207872
504524
108834
3113
19668
82469
1332311
4
0
1002815
233
11920
19
1029562
108524
1239
5818
45846
23
29
8461
16500
4446
0
57
53
0
221004
17148
1164280
330931
13033
23354
122676
86803
54443
10106
26327
260424
2130
994541
160041
0
9711
24398
42
18782
161919
42492
11884
295
36
0
13187
0
65189
0
28626
13479
130589
31480
723186
37446
248872
35138
105165
9167
58493
183
188938
29337
9528
7
572293
25044
43208
0
143092
278819
127201
120057
49152
89456
237103
46690
1201394
6979
5863
46452
324740
95096
644781
1071494
1262154
4422
36618
92183
55984
13690
10318
0
290530
8609
20506
4650
0
0
17975
13751
775237
15861
25
0
5537
0
0
0
0
0
0
42054
292462
309718
6644
412638
9964
124305
0
1327237
0
223134
10291
259251
53934
12407
21326
52298
87423
4368
229
51093
5787
161100
148580
451031
66968
409784
82
264320
691
203713
0
0
27927
0
0
0
46756
4445
0
33591
8345
7
43
412
79
5497
72610
322618
369563
41994
25599
45474
102850
8486
2099
23244
222883
1542
4013
15780
1009284
0
0
1466748
216858
46137
645294
328113
844432
14378
4561
1430
27770
751227
9733
25273
5854
40226
93403
170
406596
50110
211
7813
29861
15
38669
4296
10770
975223
9679
9
10592
0
0
229648
0
59621
33437
380758
13619
17423
55894
222880
17214
107886
1
4555
31749
4196
9252
0
173711
4018
0
8737
276254
124621
234227
140287
455416
469
0
100751
489191
23597
100902
5936
5609
16784
130796
28590
34170
180328
327302
31670
32465
84074
72481
110646
3914
770294
10225
90
7005
140237
165493
841410
139599
8783
601889
11330
1163
12929
31272
54
119055
21591
0
161402
15071
477
127019
14044
116406
105016
21772
88838
535137
208
1002051
256150
15405
77127
102712
0
147112
32
138
91074
174506
3236
136721
961412
9692
142112
0
5507
10
0
294
0
5842
88191
186
17014
52036
26099
1012631
30763
39256
4344
8896
19290
85704
42
24233
0
69370
91894
10472
194170
10376
249
101978
34184
7729
1060
98166
36385
233268
44117
117897
69446
17244
5446
1089402
24528
13649
15193
87481
648710
25712
41512
80941
794322
0
10924
147
0
40625
0
82140
82
0
191
18924
19
0
81
0
0
23
0
168184
48103
31908
120929
264548
606
53342
3228
804094
157281
210181
33789
599553
6
179961
131761
12855
71
248
74827
213646
886137
174993
159
125730
35280
222703
17103
4257
9078
83650
13
42197
33759
20548
12447
142
7472
24654
384
39945
31431
10460
28024
10375
248666
76034
7122
6196
49912
50160
14020
80193
995032
40409
314824
23356
154090
1792
360713
29755
26874
424420
21819
3939
59267
276156
6054
11957
251
113537
10676
52
4932
28334
4806
3599
87
718488
502
267551
150184
217394
983935
115785
87
29270
122881
14572
20635
291975
7417
22638
13501
159934
202788
8468
56735
513326
0
315013
21
9419
13
120536
47521
367385
847712
5768
31
49843
79
73418
94916
152881
17271
0
14100
335778
9172
19213
12191
72829
10684
57060
13580
166489
206932
165961
5506
142984
380
7573
7932
24504
121
21167
329676
467524
151916
12437
4457
22341
28264
599054
95151
208481
87543
969283
195
57803
13
102204
16187
56639
93882
218
162
31
20468
191018
18767
116213
106115
9468
11
988652
12599
160
113096
153301
103552
212721
26812
21453
26786
5856
4079
949181
31818
5298
3626
90797
42857
474920
50676
224729
49836
25083
62
14688
0
9673
0
34699
0
0
4233
66324
82401
241
6614
185568
17568
38414
105041
118193
182786
139935
29960
182171
5709
113742
259
139957
647344
141508
37181
59129
5702
54659
799
84644
154997
270672
10564
241910
74
98130
55739
6554
297457
92100
501015
1991151
5280
25817
0
8223
14630
1834
16164
43825
886292
42213
439
24482
19
83937
67317
261248
301
12
1492
95164
17
42
4197
21064
620870
53187
944296
448470
37449
5911
190123
918929
367992
106269
22602
547830
12861
22705
152835
52443
132983
63184
143769
74385
43231
41346
13667
345310
35569
9816
20
13288
3867
653
241104
1
0
30577
18467
445566
0
20643
368338
474450
6517
56134
12911
126012
8989
110986
271738
95472
0
0
13989
4255
10295
41670
9351
0
2142
0
0
0
0
159383
73464
359830
108
19949
409
114179
105020
13704
75
46369
776689
10223
225
92620
0
14086
4439
167286
48038
5491
20
0
191080
18453
5101
164247
12
11159
41877
43430
5166
0
123686
0
0
4356
0
0
13977
16259
17490
0
0
0
0
0
0
106576
305
1697
32
167
45709
0
42176
491156
355050
13420
196
229
322816
904970
196316
23649
78984
74864
2319
349424
15525
37235
100585
458
70
0
9910
58864
103381
74103
241226
13660
0
147
0
406933
3417
390332
688355
75194
4595
28204
37626
242427
40045
76214
41
31794
0
34183
16
220916
4315
8733
51972
20
5514
13
48421
84588
10
12437
7867
65770
21310
554257
12834
8623
257884
798027
208451
131475
61346
24553
941
112
66
25150
165789
22444
53167
63470
8205
23557
494468
175755
38877
14811
17829
24007
73
267709
16892
90933
26501
9300
146399
13188
237472
113278
687606
151808
655928
482910
76065
80794
18148
55958
208541
281353
413523
3693
23048
12291
0
48097
66809
359715
166873
16408
18033
37594
7
82
99
1135296
2166
251
0
148855
92
5008
0
0
8681
14005
0
107186
45342
0
0
87
0
0
4515
97332
115670
0
0
0
76
0
21854
5484
40975
184
14447
4451
0
0
0
49883
0
122792
9269
6
127516
257468
183
269821
253252
48285
1
477
42217
4574
30
26352
4325
4106
3321
15835
10144
83
12632
19474
208
4784
9521
613
8985
268167
96415
163361
8385
20869
339503
2738
66546
115754
29401
425021
62177
31
406477
1991
0
0
45078
7044
386
18389
1073106
6243
25483
869828
107178
32982
0
0
1093406
504
6
0
27722
18283
0
23291
187338
109663
98000
208000
168346
82081
261956
9514
655095
781
7
0
17760
0
0
10042
134498
20
43942
75383
27728
943385
9287
0
0
0
0
135852
0
644
747
46363
1389390
752879
19
84261
16391
300447
482
0
0
46137
0
360
199111
144252
489270
19782
7319
336753
1666
6470
783389
54839
0
14235
22719
21774
26
205974
0
116051
0
43549
68909
4416
5326
36255
2
55738
199769
209901
159923
735946
86018
9786
0
55
0
0
3232
24009
350795
4657
20
0
5743
41987
9098
50443
105878
89829
147654
258013
435679
45770
4519
4678
159
671564
58
300897
112034
33
209761
50875
27597
142847
359051
19242
408470
5550
7963
90988
6921
202050
13551
132353
3393
22926
977245
225
11579
0
17015
65147
0
0
86504
4169
79712
17207
280168
14120
2512
68001
335500
977858
10797
21889
24902
96
0
1310
26150
5458
259973
133499
931
17836
1
15
462085
97374
1007
202381
10495
43812
0
228378
105216
0
40657
74
0
0
72
123687
18334
33749
0
15735
24606
28297
1109865
173014
62385
474
145116
13665
3417
14637
5858
41571
224
10
7487
615045
172103
89294
0
128429
605785
12089
194133
17635
1124310
456831
338206
26688
79610
5373
36443
149198
8683
39563
87
101918
0
4850
14447
21392
98700
31144
17
34807
19827
10100
13400
232129
6617
9911
3345
7041
108322
0
15
0
130598
173673
7
0
151402
30058
0
64171
0
77902
0
28
7268
151
14240
114011
0
164344
32760
33
17138
20
116595
303583
22923
433539
6385
507933
97860
203486
11717
16565
87823
281073
271566
23996
27603
118317
18023
100930
0
7
0
217978
201
11
97
457733
15
422241
35869
5140
18968
0
12719
229892
87344
626
336
63076
202
5813
248
51962
11624
5441
26643
99081
15803
159350
8183
6050
1331
8973
138958
8119
27207
44329
104079
7471
67277
14386
45888
88436
2466
31228
667257
356413
4169
687
24830
859512
1803
34793
6821
18811
34261
693345
3400
138649
756810
51461
83714
26732
1160
60982
111541
328
67
112532
15563
261
410
17165
33638
1152658
112072
734856
45093
4532
4909
409141
38
25
0
6944
4234
6076
397
1122
4697
0
113168
28590
4472
1041663
1536
6118
0
0
761387
121808
56039
422874
0
140919
299
134
8649
24
26599
129448
12720
533105
465467
0
63947
39334
99
95057
613754
252601
83650
211591
181169
693298
0
217726
39205
29271
12205
776226
5781
46751
10869
185593
46885
47075
4055
0
105141
0
163
39492
62251
81206
0
84099
17184
788
104617
80858
0
135
25890
10627
101961
9155
20661
4254
0
24434
150096
28286
83
0
13872
4489
88938
50002
101365
105177
15
180449
5503
14379
417
12723
157
99898
15037
104777
17
16307
120176
392185
107731
37905
46035
19121
115
41515
1453882
269214
694591
0
3331
859119
14516
302676
8330
30378
1346097
36837
34932
201319
114904
5144
150785
114791
1020
52325
38577
4910
26999
1009893
343568
240939
274799
0
555911
0
5826
12
9956
163
0
80303
172345
5033
118849
22203
26
27662
174541
12675
293393
242051
3233
62188
158365
285279
0
8
9365
961477
44737
11055
74091
34947
357225
138859
38514
26691
15328
0
86324
43429
0
11565
381
113561
191
13810
47154
10478
36651
6463
5201
57220
4696
42208
1775909
227111
452
5869
1740
1536
0
209534
23681
51684
136307
64082
11301
82373
12
0
23
8099
5062
8462
24762
766469
393
64782
51626
58297
20590
91282
29
79494
29598
1227724
8760
559685
6240
23589
0
97
24970
155226
4663
1076
355833
64163
34687
4971
13344
5810
38148
936797
0
20202
7014
13
13798
23245
115363
12585
12426
84492
0
6931
165
85754
30849
49242
501550
10276
94582
3203
108726
10170
52660
757206
304691
0
483382
21555
525947
36263
67
490
0
112436
11846
13520
146815
54437
0
22
0
4686
11564
45680
78
600946
48623
344975
7814
15705
699919
4955
7231
215047
35468
136132
253703
8323
88614
49412
38344
179692
385408
10497
60511
14090
55662
22579
159133
1395292
17254
214689
87899
110936
0
354
15479
23798
435221
47223
117625
44284
38592
305
69425
124408
0
19495
364184
32518
41940
436
5023
949575
835146
988853
59570
18460
20770
38
8260
83186
1
11
114059
11129
15073
4200
0
271682
12132
878768
87460
46937
26692
29
653026
55695
19750
23532
9261
50752
761467
483
202489
31062
16241
194
62882
37689
761332
15054
194560
57
0
1
0
23813
1845
3110
27113
40257
10027
111370
462
0
178992
50
5231
40731
31741
407324
83086
0
196104
33499
0
875257
769130
4271
49897
30034
15239
52
13565
351
59
107372
249
9
104805
1
18
28812
12175
346695
10284
47064
10260
176851
18
1105
22
36144
330
883923
75062
30605
110231
0
6305
114414
0
5137
60140
6420
30615
532
0
41
22228
0
184
20600
10026
208490
15
35198
0
112044
20154
9361
0
59477
0
89
474422
145059
13655
111685
8845
12925
14232
111522
238720
712
70
127
54
25
0
9518
53342
3209
16
5285
21926
42929
739337
26331
0
5003
132299
145858
224
220942
7787
115424
8766
26231
17177
980187
71844
452284
25
362172
4362
17179
12
37
4311
251468
121395
0
0
51681
19600
109431
26018
30128
4
14831
14112
126712
14063
28
0
154405
56
235
0
40036
6608
70266
4533
1180980
157809
163833
553032
144877
7656
672097
104128
291995
34
268843
146331
5446
175
14
1
135297
7401
135070
25916
4664
113445
35075
7167
21441
366779
230962
59320
31212
145216
34852
808
0
1431
40887
4522
9180
32610
648865
84521
111591
77
374
48960
13
51074
0
123
129784
241231
6061
0
1259
1106059
448679
16509
25737
6914
22084
342968
8823
166361
562629
34299
0
111210
222
19438
7396
48692
0
3449
4403
0
922562
19
384
25272
4151
10370
73
927160
14047
89744
4530
14835
27274
7075
465
7416
157608
14918
776291
403818
214854
77787
10845
13999
22178
1455
12724
249133
30270
25740
31695
105
40242
245646
18061
15651
65530
34191
2427
47889
6138
3488
4297
185320
25116
23778
1989
61357
10014
255660
1460
2595
170961
186
46201
82256
0
39102
33
4126
11458
1047385
4
38193
13723
4816
103
575409
92415
329405
994472
15421
23398
0
66192
381047
195282
101305
32337
171571
2376
1005437
317577
1117436
68379
95329
0
803610
25
0
309581
283801
709787
144996
56248
132311
285
259159
13883
46664
32810
5961
344061
69857
23625
24534
99227
67
27420
40749
136019
16121
424117
15010
279931
430147
278682
4579
0
17108
114996
0
7978
162733
1770
828
3617
116837
15275
10399
3
202768
245391
10667
43917
182247
17725
5337
32
112
46899
9728
110334
27305
5744
101246
95
960051
9312
20749
31016
12675
3595
23
148105
292660
16986
104737
70341
1163622
288417
4452
12521
3278
22552
3693
13103
280756
109239
34742
289904
90984
33351
703653
230590
200469
4354
243261
499825
7446
1273253
31
125249
0
12722
11583
146431
439
68989
8750
362363
978588
31409
8150
182114
33293
184993
54709
967065
75823
144912
8694
1165
0
62604
33770
115653
330185
54239
116741
78241
62794
408832
30894
71789
54
100037
69
82
30194
205626
301108
131931
189030
339631
13281
7574
14254
149882
153013
250572
13396
9351
0
188723
106143
47955
46553
233767
196613
72187
97234
0
0
0
0
87738
38292
495720
4759
6
13868
0
324
112
157249
118873
113216
149
195
24
80393
17819
790379
12794
156428
18628
47960
30459
27191
235669
19843
112537
161301
12262
413
65723
810589
0
0
99107
0
115664
76
16716
0
28491
122513
741349
48664
421
3388
9986
4604
145580
85072
31811
68867
19881
969273
907142
882901
43910
242857
290776
8838
13747
15548
16393
0
0
48464
53058
0
134565
2022
0
14088
99076
61448
47035
278612
0
335239
0
9129
30655
147
193391
195827
19163
5786
118001
27534
26934
70864
21963
133664
4485
237135
15194
6173
10548
121806
0
116149
13773
30
10292
31783
95104
236555
975341
4272
20083
52832
106805
35230
6156
19454
129941
143296
13
5516
23425
8985
26687
664493
118955
160487
7
101439
115
5055
91119
231
10668
6810
9091
52195
19748
440086
27403
1173
9926
766747
1146
244
402
501155
68587
6912
4600
9748
9046
96158
399697
95
64748
50492
332350
1069768
121935
82897
12907
0
117949
44115
4311
16993
24347
0
5319
100555
373
80152
83783
22706
52351
462756
916214
64707
164162
74818
1171349
560807
9898
85438
42984
4467
315886
53779
465948
50558
129754
6877
59775
68676
959630
7609
31560
65208
7759
4234
21418
100
9814
0
4404
82472
34872
13089
47548
64953
20609
94768
42736
162492
14
18720
164
44460
34690
4959
149856
69719
6933
28714
624244
73536
4176
34513
7378
53904
63
50
86080
20
147078
30976
15
0
13729
34416
58
18030
10168
604
36328
196104
1527106
41439
107245
19
50116
95609
0
1058666
105801
340
0
10149
0
20407
9623
27
80283
250
9543
5274
9
28348
6358
960285
114027
4331
8063
9660
18235
371
73821
11575
843398
27584
427440
14
118426
393
59657
87269
88
720037
12483
9615
241762
84888
42696
21
130745
45576
13311
25252
208799
13959
201
21872
904
28588
13163
4519
36149
37346
72933
1498
35049
29420
11423
634199
5
137418
973727
33499
7188
802797
52
38372
39309
31734
154672
7474
0
195
10407
94616
227003
22054
168060
42735
31073
269013
244018
32173
21989
592008
71593
3727
22186
215042
314154
195209
1170613
3374
268652
10430
10293
482798
487084
110860
0
172289
47613
0
292165
7418
266454
22
767138
8811
37605
4509
29
76
758023
4576
4949
26276
29364
0
38
15
0
311867
72811
133329
51770
49
95362
4474
0
0
1755
8949
132211
0
86035
19406
7683
456957
0
9060
269754
10751
66620
21087
85169
938463
10
38780
14745
58299
59623
25582
34380
117963
46360
8998
167392
25644
35536
53
26668
32438
31935
712552
31144
8
225
5332
6289
105241
13008
429233
81484
625150
72104
159769
208414
13389
55841
668721
142036
102226
154111
6890
275625
410582
144421
207963
315821
462029
166389
28447
767183
1415
10232
305961
200369
4662
13642
2400
12458
704639
17904
131043
43145
48819
720202
481
304745
235601
56770
529548
95951
848149
59995
30574
53200
36081
210963
78161
98578
50305
40106
361872
310877
51645
52303
4950
89199
151
199954
19092
5764
245348
376914
20776
32375
297
981538
398
417808
57954
9501
442976
67929
87595
444357
26402
1
4106
39190
236754
68515
34412
14548
0
46151
20
236948
30106
46084
28531
283
41109
53831
44060
24542
5337
271000
10361
4396
172402
212512
436187
1078897
490830
96593
224295
531631
321990
30965
495802
414920
187759
1391220
495753
72298
6315
62689
0
1005257
44252
73552
18609
41608
46895
0
0
6948
397328
54183
352176
20026
12785
81142
2165
706
23922
3856
2008
550904
246942
131231
125
26064
82624
25479
24863
26386
832317
214672
23113
333776
771474
249364
19660
48531
4858
38578
123
272
1
23028
24482
69397
4134
0
19
16043
9
66461
201599
10606
123222
283
169868
22037
47156
218937
146679
275
361169
21852
36220
31
47035
12
0
39007
0
23506
0
26526
19709
332
95164
5028
0
4523
23
301752
202523
676525
5789
614612
4979
292879
366
35766
1020009
10537
4972
22864
590499
86958
46914
12568
5738
120232
86
17645
60524
931309
7471
803
35248
450669
49398
16196
27104
23205
257103
129785
13
39020
5759
10097
5332
201109
262633
657215
37485
75872
459216
532131
982647
762686
20456
188101
205
4553
146
214037
3
8968
7
771
777350
47751
4638
61121
3196
574007
7059
167079
0
505249
859174
512060
3958
20467
111039
887370
70838
207857
1227
298961
375
109631
128313
17123
47129
6157
578500
1333
23191
22855
483773
14017
16393
14632
60389
653172
144
536604
16946
6804
3377
458377
69232
2140
145389
0
100330
465536
147879
970753
275847
618
70525
529012
81331
0
72450
41413
19095
0
5750
762140
20
22770
11653
42027
429
7
3925
250912
468
1920
13050
1022002
0
1151
274516
0
25893
8446
262
66478
49312
0
0
81491
0
0
28471
39731
41723
37251
776799
17423
363
14707
5
444768
6520
18560
234889
38753
0
160
10371
4950
12180
207487
751735
47803
170458
86189
3493
1232865
178912
28920
325809
190608
4468
36610
57789
5498
140
195
26156
860
536
50758
26868
39783
112262
4477
5425
4320
24334
18908
114896
26597
0
14076
192010
572
99811
3742
71231
106060
152450
49
1948
424
53
227161
322753
685
16
15292
70509
184485
329036
131144
272
7
4277
0
20878
6144
5617
25469
9689
63738
9587
4367
80185
57650
20150
223927
15295
6733
228284
16253
1026720
1640
167274
20861
0
5525
0
0
104038
837813
86562
33499
57801
117324
39544
13995
4441
9066
57
277120
112559
5936
1003792
1478920
97546
4690
40278
330034
5367
283356
4758
9338
15090
50135
0
181043
193563
550657
100715
11136
4885
300
15887
91
47346
52736
52760
159600
117359
296360
7869
32
91229
113360
6
2
26304
4308
43
37694
182145
37623
110986
19
25956
41676
775054
0
69681
15321
0
15
8693
77
124827
11
92651
563
0
0
10179
10538
39
20121
7522
12761
32459
31
16520
53
82
549983
25037
17471
43299
78663
107270
45896
28093
5208
0
54331
10543
32304
262
87363
14403
176947
17
0
170
168606
9
104
192203
14445
49807
17866
6109
22
66454
129
52134
97788
199267
126074
86540
140188
12898
1670
0
882149
408
11417
1521
7
355572
5442
124099
58953
42437
22529
22
223853
18275
332191
41478
31
0
0
0
157709
14449
13705
0
0
0
110090
4336
0
0
0
0
5137
0
43363
0
152
13888
0
212515
30
1169
12144
16559
13982
26269
0
4615
0
258358
28824
30442
0
27831
8385
19632
4480
13446
22248
50084
0
297163
255
86902
0
5008
20
0
0
0
0
190
0
4790
0
42292
15
9796
12232
408
86038
15401
221072
294307
0
320
0
202523
3
21594
36795
655025
0
5772
49
0
73073
673615
53763
0
53261
28217
199
16078
104409
59334
52700
129209
75
386
4546
42062
520160
31886
51028
35989
402320
16
0
972716
4
7403
238
16401
8734
28145
3947
536291
145213
22799
139
0
913315
0
13655
0
267839
480997
526632
87
172309
44862
12704
25992
6702
8628
0
33810
78984
7245
5736
0
453631
4639
83915
353
1849
295
267297
0
120162
61857
70424
119874
7308
71416
36916
72623
24040
802815
693109
139666
38352
15138
15930
106179
0
33
0
5252
15318
11
253
19720
455376
7321
18259
23
12454
0
100195
0
38330
12
26546
13393
27093
28147
10551
70010
5274
50364
314
46625
252147
54216
26365
211311
377
43094
141949
869
70
200024
0
539423
47167
0
605
22094
0
152
19734
470
39975
0
377680
4370
5239
17532
83
118191
357101
17893
332240
30052
936892
15
30363
38
507848
109301
479564
354412
26337
7790
4600
17276
770773
74990
236816
30284
324075
5204
177103
9142
328034
9607
454230
8383
967580
17170
50828
4322
829908
113
35442
969624
15715
74825
0
26775
112309
121482
404826
33499
5213
208
0
6
248070
138569
37466
15232
4291
11
13623
0
71266
73073
468029
8192
4308
24
0
8081
16
8821
86394
0
93
17187
4390
59812
13615
139944
67904
34952
898770
12
37
5446
43263
4537
4414
6
4599
70
45748
41468
51681
17
80656
65053
0
3158
30004
25
479604
0
139368
76877
362
5692
27234
7665
12640
468
91190
158664
4
0
0
21310
37
108826
29187
935595
766741
62631
23550
33302
418817
66506
160327
983030
39844
523
17167
234689
0
29771
20613
768139
0
0
322564
6136
86121
217335
104517
797934
11579
184
75625
58908
294
6
21370
239013
163
2241
253
6
264852
74029
228
0
7840
6390
37
80535
81192
20756
113912
116
86912
137172
76040
9049
210792
915814
177083
27965
95615
134852
148860
23329
118470
1284
77168
115947
32004
32006
1067905
8013
131132
23461
687378
101174
6859
469035
13631
45928
3948
114689
721846
34736
13081
104657
11
513329
144354
96
103260
113064
11512
7746
4429
10566
16824
33547
34122
258109
74
51311
146409
0
14441
910564
120300
10167
171
83016
46
4443
67602
640774
23991
1152
165
28319
8038
6912
4490
6474
8952
212861
63539
132
102132
14217
59849
442470
155488
274600
28450
54251
14642
235350
4426
5892
22423
95174
16838
551651
197407
177583
39303
99966
19660
28322
12345
1
680351
73905
171252
239234
507415
101888
331782
2477
42886
570472
963002
29613
145830
458968
43577
18886
29124
1212760
105719
73953
37447
7
29505
8794
276351
123568
37982
845763
251663
47863
23398
88138
384313
28055
3820
88051
72
5004
843509
26924
22995
0
36640
82
85631
20633
0
19095
13
4514
30
43512
15285
38271
66697
10720
90
233843
61032
283724
39865
1809724
71283
12940
32164
196341
163378
22
139526
92633
7161
38716
77
14811
25865
26761
100217
140949
92
108
459
48956
0
0
50752
0
88
5198
5385
97648
16
411866
972847
191120
103
206
19433
293
8619
880
122787
4
11
272777
164
16996
18
38636
41501
1109261
0
7
0
4457
31001
7451
10060
4898
927574
11969
180
467357
190300
30522
191684
41348
5373
24454
605
20719
13929
63
55357
42
6925
5601
0
34
46670
66461
90426
7779
223
7044
28066
464187
0
8837
0
0
0
166415
0
274
274326
18664
89888
266929
0
6
21959
12402
0
0
0
0
73726
26952
43463
4527
52715
7
0
97532
0
0
172097
3800
0
0
235933
28321
4536
112156
691003
67500
3991
0
17600
0
12
5300
0
28192
24
177
4368
14597
0
0
0
21902
504814
6145
893838
15516
6554
58
16011
24977
0
5198
38429
13401
168432
8083
77502
25192
4156
11
4456
38826
17
10381
0
17
7
0
3856
161
981285
20271
3
9377
32673
14065
28068
500
0
87784
10990
10742
111157
144645
79412
194
795778
10147
4517
4311
39952
0
35199
65
129150
70482
105978
0
81385
22846
325811
133
7833
6410
396
3211
50157
356903
335335
956521
129362
13959
338066
28278
93278
800738
48396
5
39823
206181
423646
61348
244829
31005
213886
220
50650
53221
189646
17278
335
35765
12499
4372
45887
26593
5175
77
21203
5384
15672
61915
14
328
5601
68
0
294
12969
4083
219607
49753
4170
29616
66
43
47622
96
37900
4608
94
45
3791
73405
6426
7599
649
38917
138
585
86085
6758
39076
62704
93051
1370
84097
186328
959
1425
50174
92
317
24536
862
6227
8685
690
95159
6807
25241
1345
40908
13710
