2515146
7894586
5597820
3755744
6556663
6699934
5950406
3520033
6934788
4104239
5828642
5559181
757258
4717257
6093257
1899534
6119829
3758034
6940872
4432715
4588830
4920729
5622240
5473361
4455251
5006660
5419067
6315788
3780503
3862283
3943691
6073449
6839289
6477792
7287312
4255577
5382541
4311005
3610422
4949109
8098962
3470408
6895438
7317824
3686189
8484598
7178090
3744918
3535998
4645752
2646951
1067922
4785493
4730515
6079804
3756248
5416073
5727421
7689331
3966383
3707724
2346712
5630951
1365653
