7539138
7472731
11152360
6821186
3559194
4817864
7926093
5416768
7747032
10850562
9495022
6501546
3825396
2582828
5829768
5246263
5590564
3668247
8545425
2833410
3726707
4430615
6592412
5926221
5007201
7517431
9790994
7188369
3832846
3714463
7409712
4709476
12302229
5073720
9221123
5969369
10308805
6963438
10317820
5255308
11314510
9030938
13164536
8822064
8091262
4138331
10695479
5544079
7624139
5681257
5723118
1897805
3092152
3699327
4686688
3114838
8542576
5464810
9927848
5987235
5203602
4221694
6032606
3485084
