1504222
1534482
666133
774099
185800
3501743
2181088
1692801
2097288
1430768
2208634
2308224
857815
2264014
1952095
23288
2069397
2488863
1314505
1507942
1570514
1289743
1559583
2336779
1257703
1581090
409633
2375324
55625
2137977
1032607
1046943
1496650
2354339
1510356
2102691
1530262
1440989
1425223
1779195
2167720
779187
1080667
4547500
732829
2043828
292410
2537283
1115483
796875
1111045
82116
2293975
1042923
998753
796665
2282922
1306141
2688395
2156238
1049589
135518
844705
103921
1910132
3094532
1693829
1573532
1491811
594157
1278061
767792
1102883
1704091
2391565
936168
809291
1852970
3101414
792918
443310
129401
1938403
976933
347864
1528227
1292871
3267956
191995
1183958
1823446
1128648
1506568
241169
1821013
4870115
1809902
515035
1366755
284944
2306972
884972
2025462
381782
1972862
196373
1660324
1418646
384734
2276591
3599155
568193
830753
2625167
1319176
515934
1164274
164840
2121821
926106
200210
2924688
1717455
451129
2814761
1041911
2855954
195263
403174
1327235
3331270
1501511
2227690
998004
1637019
1735425
3591440
2541852
1932942
794022
893978
518280
2373688
804182
4455298
1073574
479346
1879620
845368
1821247
1198990
1976528
2166738
1098667
689540
190619
2943736
1029141
1969045
379636
1599616
1119392
3222123
1911779
842368
959561
230458
2153696
1816055
2308254
2433292
1636104
1894656
1089363
5367906
1955987
1418693
1211109
1129517
113304
2720707
1909307
2915169
963067
3251159
2118583
2960108
1222416
2039972
1340492
3350754
137153
670456
632762
2368650
1277126
3498345
1693486
537050
84304
679085
506584
2049768
1578240
553489
515587
1014017
530219
1307447
466336
2406937
2216511
733454
1825072
302943
882661
377358
1760372
2347805
3151209
797091
977282
484017
613704
1686328
2614493
2777460
298341
3221355
2569972
482164
2026857
1913913
913086
3030457
2717188
888390
3137145
323465
1823569
1598465
1197424
1264602
1904282
236089
637089
1633461
191366
1660676
1959566
1225221
2355952
79328
190504
165204
72388
