230495
204708
199470
9558
33521
702501
113136
147925
200308
257153
337906
214484
4924
286465
219784
346
95734
91764
18067
102969
35858
1160106
654266
1037112
1062369
1127249
76056
6417
1476
1278587
117393
360358
1018010
123544
218882
26050
13556
470866
325995
199972
345079
219943
339162
935157
101753
1904941
148508
97859
44
266845
4387
0
285556
467773
766682
325942
158182
209843
745354
308094
26497
29717
56764
59520
783551
112659
41895
788560
903055
375044
641860
48336
415885
84139
1096080
53087
171159
686926
253964
92524
151597
53581
685599
88435
98671
225099
133327
917894
71643
424236
645780
103814
259530
193945
318907
1064319
90628
325771
1260808
150
86244
98578
1027582
64626
87679
127995
30810
100115
112976
931545
604501
314439
9261
56058
12492
3986
290643
246003
780198
943964
13383
964366
101466
56972
96836
22673
210333
199948
35077
1309567
179106
201770
512662
151313
38795
585896
1221320
219729
202207
256475
265617
286537
1198121
70453
119943
237256
117330
433255
225175
99765
343699
111945
715063
969730
362745
47604
151753
994258
215456
60036
842241
84438
451779
44459
33862
138517
85494
293577
119779
655338
151118
164762
79295
272724
2097501
80640
538072
129621
178898
14140
551174
1251829
452939
375681
319346
263934
54123
4526
147566
486333
812144
40805
379920
15363
2134
4939
418025
123880
268347
70149
85369
10186
100647
25296
47620
11376
10323
10
17468
69799
365194
1057284
285304
596542
10889
523002
111876
734901
73576
229286
39455
287475
65274
144928
404968
672591
95366
34105
92355
683662
115143
284792
337098
1468104
213827
668504
19029
336078
60842
1060140
108151
897
110202
5323
112594
31006
56862
25066
100714
133181
442297
92531
142536
580
57155
52575
284729
375210
524181
261438
24880
1081816
827751
730087
62381
277624
213979
563809
17945
206446
797351
0
96622
950228
360833
42184
130158
86502
276714
7628
116677
64128
66219
805992
9337
459119
4758
107713
345604
70920
947241
139757
724253
119606
456255
991616
130930
166490
248923
1313831
57485
169197
95194
569178
205846
255551
20211
57951
850566
665113
493
79676
350144
721290
1446526
137263
136456
132308
105599
141727
161996
105680
224521
193858
112318
44603
103417
23568
436621
856683
571498
181398
86355
173562
319614
27243
151069
59349
127075
214320
165813
220170
100701
693082
44698
851737
383157
390131
115460
189826
79028
2135646
41620
560
12509
81084
836089
303750
372221
31013
1007324
177765
576945
808476
234390
189969
227198
39212
52140
282041
132576
91248
119888
68390
255390
150129
38636
104191
439864
64891
2334541
844935
1182337
180928
60867
85265
1185460
409246
26816
209228
306384
320033
422408
1006558
241114
237772
70102
171328
65481
49519
1775262
24540
278488
196132
43877
304375
152416
150209
1421805
43809
371335
41398
405480
22269
53522
6879
438345
171273
997257
652071
50511
227051
93265
97080
845760
295481
529422
152584
204597
279573
941394
28619
330238
55384
355979
81415
1912310
57849
227291
46523
1062135
590244
89422
985270
98577
317628
21064
33923
18036
40141
442577
140031
1337014
27650
75604
196566
219946
63472
53604
567385
10467
64495
38822
10272
237493
128666
337567
210478
238803
29424
42713
58478
446745
327868
161326
1078887
592452
31320
351061
243490
122218
163500
167568
34704
1415701
783480
373970
17312
370225
91161
309671
79201
4551
785970
142711
93756
77910
1353462
441695
675751
170614
43086
771017
37333
1085195
58680
243675
783999
30368
238766
162851
27046
54530
183666
109574
233380
182854
1036746
157433
870707
1048701
377702
892880
437076
252453
801782
177775
132912
490755
93564
888638
1004714
74164
96308
254721
330306
301999
78082
43898
795729
9226
326122
950560
61914
356422
1088090
418451
1576655
167565
154536
1273535
206244
820629
79314
257626
264298
242041
275701
295751
145859
196981
217136
196439
11376
329695
93589
374587
111685
518015
194478
396571
798873
25588
49776
569232
5104
69169
2309076
244402
18972
188270
79208
196543
427536
390405
158029
188135
156262
145168
21148
1281115
218669
326643
71274
800527
153673
13253
510609
182416
661986
15048
258308
1222161
119700
90209
42619
155109
827140
1593844
110501
623672
181725
1072633
11154
60418
8852
305395
48892
299849
311641
82210
147594
120876
55198
162940
1297473
515299
10365
44850
7125
965709
26383
120113
1033114
260099
759897
8649
148294
185974
73615
149413
774951
871564
412027
263128
182056
406369
319017
589945
435562
839908
452532
46708
345484
504388
527647
62657
445425
281655
23662
169168
409853
269771
418858
30410
139397
139798
117870
540722
156
1198398
295224
786655
671336
351065
488896
654665
260035
46333
879181
1104542
144668
240114
339041
69379
252431
159210
1144557
86080
248420
73512
18498
198338
78258
377853
444424
1021696
1332790
1592887
119625
1085221
22686
398276
85207
25674
220361
83099
638786
572862
757
74768
50826
92129
46751
293143
274255
90158
13985
13985
152
940100
174773
1022537
562786
40257
1002107
336319
282737
9069
288663
644569
1880584
36801
160400
524584
381106
735208
618815
1111487
297415
460710
483201
98985
1168327
283584
96216
935485
538292
89289
734696
48295
309256
1060496
155555
35263
139790
34453
325778
431960
192318
72761
907208
1251031
455034
18245
23281
159155
24905
76328
232354
179184
7337
64482
68428
178154
29415
75627
100996
395741
1043952
647
554240
227457
39545
1048282
845338
382000
59813
749431
34752
74135
462569
197691
7071
165997
361028
61841
202218
65148
82
8853
6186
321271
74013
62826
38094
40410
29338
118937
86623
250282
22701
465654
293020
100410
677183
0
147860
385
10
57013
190160
17714
20539
184172
49571
101074
230070
36060
14079
39868
46502
432568
141722
607621
20978
253869
11613
104122
81740
273357
1188315
5214
485686
137824
714351
804717
178463
58365
101816
434077
154315
275900
225225
1263947
247238
4400
15348
325375
82137
93611
168067
95031
521430
20112
434798
16146
93932
281579
245178
426413
388515
876300
113782
922413
238945
385251
981041
1777118
67370
417122
10928
249321
18521
460465
58485
17523
91601
316083
495694
60715
145635
144755
13289
598575
21553
336748
78296
527422
350023
1675241
214044
468501
125603
1198623
145076
140734
17467
244800
111541
140290
4075
688952
185522
218358
1026305
915158
558901
852746
439851
340895
386
99419
200536
897300
27687
709183
54841
144377
244229
537210
240187
74863
647383
202786
765780
230216
750039
909246
967375
77755
306273
971141
338529
16153
270854
101082
6954
43407
274702
1780183
240003
378758
54898
127635
80256
59940
168042
1456752
66381
72270
55872
1088806
43663
12930
1169261
318806
12232
24264
51121
32047
683295
75
195826
501926
126083
12237
82402
233821
1719
185753
389942
35518
13976
585
213
1278317
25013
34187
150398
80497
8966
40183
1020589
115822
134753
156347
818216
56109
221453
178553
35890
1401106
408525
287487
484352
390093
288327
14543
3600
203712
3164
13023
228985
16253
19822
62324
156093
89883
124544
34075
15538
54420
25294
