2250
52419
6917
0
5409
17941
14209
669443
14805
25309
36439
20867
10284
4897
14884
7808
29
2837
282337
475
40
3258
15386
18307
426483
236537
2142
422
1909
1488926
207235
90285
34536
13527
1214
717548
269516
50757
610753
78463
121228
353527
872797
546215
1066
13230
23041
1550
627
544137
378
1636
502
251594
1239
2127
13282
155763
604570
1546
2078
404771
124
948
29
0
16159
0
948818
374004
14017
234909
12072
14
284371
1931
12160
322
325
458
12
304
36
23
279
15923
1840
785366
247
14669
14926
18948
14664
884
204565
26719
702852
4365
17920
447661
23077
12296
192860
996974
627578
48089
36395
227756
87211
13930
34440
571
3
44323
41404
1831
138358
599195
260791
850336
632194
192263
31435
183857
10744
12834
348114
910
34386
20859
1095918
32885
28469
227839
12602
59321
6424
1420
481679
1076
601906
425
0
732131
1490
600532
234876
0
13514
15779
1324
708055
209049
16058
73857
1179831
4692
78659
12333
630119
50506
1716
12307
88036
135931
1239967
1308426
115732
16831
575086
401519
1448
179500
16728
565306
23981
13401
653
26207
3
214661
618554
1261122
10707
14134
31
15565
1650
557082
1
13866
1043
2307
83040
278739
443
273346
1269841
693262
1124054
1
523
168981
2031
258
261
1794
935622
0
8
12196
488
374
856606
8926
47661
507
25902
250702
10441
848465
6480
4942
19998
11986
601744
0
540
614487
56205
156454
183
656
662944
957660
620234
13
816
122887
134
231305
248228
0
591523
301
621166
439307
809
48116
1824
8736
6935
1987
4808
1869
31578
179
8241
1833
2286
133
57
11182
628
17
42225
19725
59
9164
3
971363
0
8248
33784
9548
982841
379053
1845
239622
5
15
652
971270
32636
428
0
831243
234863
624737
0
233266
589
10
0
308
19
280704
28225
1672
19527
35
0
698
1941
29
7312
606
12134
543
1149
34530
12021
615
998091
15070
0
225562
2
246
424
2767
0
969411
13
51
1969
8319
15801
6538
15606
551561
365861
27
36
8003
5
1734
49
2035
15
92
228
5153
20221
1120
32783
1265
219900
3354
8697
1006380
9942
336
4423
43
122737
288926
28870
783
492
64941
260925
227360
1279
740519
1
9911
4424
238861
615827
848640
12926
218
629
39
674
51460
1471
212636
20
25304
7924
383
83846
12243
702172
2627
182
21
42999
8255
1971
20688
19857
1122
445
0
385483
445468
0
20862
0
640170
3828
8703
8680
58168
183
27396
28
71
164345
4930
12414
1440234
19
82834
628724
627783
170
35958
370456
32452
35065
1201742
1362
87571
957053
645130
689527
35198
227006
379
85098
47184
1277
22437
238333
9433
5301
2187
94646
13059
20982
6913
18022
4616
48
43239
1895
40
26
10543
21
99683
1
1110823
745
430
73834
49
280
171
1657
54951
1
83034
202
6224
3018
664354
968674
259637
127
285
1115
10870
8
239804
603838
1215
308925
1051165
1832
714118
26580
224
2107
650639
6195
390430
4600
614033
15
13985
170560
9074
71
264864
12765
51
733
19220
14223
8397
5
26476
313798
233956
6653
2657
36008
18298
1432
243275
623821
12939
8663
701727
67
837155
15014
287159
606149
423105
9735
18584
167959
0
972776
28835
17
442
465
17022
227409
1426
28
712295
17
46099
741366
15425
43
1466
2030
6426
157542
1401
484
64
5052
1591948
617
272146
430342
26610
492062
7906
1000530
602612
265542
2829
406168
596
12284
425
119844
850967
1609
13160
233825
896965
287
49034
684234
289011
19436
7
68089
2130
261153
44503
347174
1541
870127
5288
1220058
1
58
44009
29
1
1577546
1968
324402
13496
18396
1983
3271
13146
864187
1565
8323
859750
240
701026
96583
15587
1576
208736
227041
18364
85018
17062
0
699811
373675
45563
186686
207127
559
358070
852509
168385
6687
982581
607352
27082
34
252682
79081
1335
227565
965109
3618
617440
183
870485
2845
23496
379094
789747
1022445
633
2413
34374
522641
992
34690
391521
97
474744
83232
938263
274252
12385
36
1089072
11246
686
112018
1
1136452
359302
842
1555851
265519
203685
153796
8864
332085
693080
6466
9967
5800
574533
2360
23806
531160
169171
98479
784403
18884
539
10465
297353
659325
101694
6330
155983
34
659
26
4639
16794
1134218
290559
233281
140358
13370
722
31915
117
3132
352641
30
673208
491
86
19056
462
18001
33956
624260
851043
78
31
642706
3
39
5147
207594
7006
230594
607741
498168
1386
1032083
182
242263
58137
313
244
19425
1166
262030
30031
612360
100031
9305
6992
1429
136557
9425
1008437
1201991
7966
437730
0
95
1681
557425
15977
1294
88
0
1
20460
0
29647
1826
983434
7165
2882
41
964502
19052
711
10874
1368
2196
1793
13522
331
130043
12828
260742
67
217269
13327
611418
600779
1
1866
7307
232137
48205
546546
472686
498789
4821
43210
619610
626713
303801
54
157
1132443
278
1179
29
953
14612
1840
627111
464471
316817
649759
1
1607
168327
33
341
309
1697
325
1
3136
39
286
1243
359
854
1214
4
7548
12118
389521
183
1005206
15240
3309
54
0
74
26
6858
0
9
23466
969549
1510
37948
85558
488
7402
486
213
130
950738
80617
3965
221491
12200
625524
453
12725
11242
13568
883
28
1042175
22205
513
52
1
72
352
220
8314
630952
286069
175716
1365
23
22910
0
9073
0
0
850060
38
13
6435
147
0
4
175796
7047
120460
841571
23
12425
19568
232
575
15748
112500
11593
227107
290
637452
8018
15
849033
231
140578
301
927612
10890
984
1021763
11412
3960
629796
10457
2600
889788
42671
6462
8284
64
148676
821
28
140
218
464
2528
23422
24119
0
616352
166580
26265
836779
680735
304247
4616
10692
220
614507
626028
1466
55
571942
0
650264
15
741
69892
215921
86354
172057
19235
14184
24
18482
329
235322
4507
2432
233558
0
5
0
249970
1108286
1233770
396569
29
404
13082
1058
590954
3459
35
5178
4653
172053
1577
45
445924
29916
0
19
407055
811
0
0
98
42040
130522
241
255
10052
0
645
14
932344
19913
581728
207
5066
8787
6911
0
9619
483
5209
670409
146
3883
873
3970
1229
121
6338
37
13316
141
41098
2771
6484
20168
14368
284
280201
2578
179
582857
1268
4481
120266
3232
42
1501
13783
35
0
247
5474
259
1
277202
19028
11075
36403
40066
176
13847
6581
20471
632
257201
46
46223
1384
2338
482
682562
859258
621339
3647
1002084
87515
30005
47
1009056
137
25
18615
442
8741
324
8
34525
0
80
462
33244
984235
15
0
0
0
0
312
6382
41449
2314
20
248274
17842
751545
7582
245
11911
694
0
12018
982893
23
121311
6959
374806
8050
957
19
1802
576
18
9404
491248
38
279
626
2038
737
10943
0
554
35
309
61651
119
162481
637
378348
36461
638868
577
2821
50244
0
1502
7
615212
304
173
67363
144
2111
92070
8878
741955
0
251457
21446
471
273348
15970
701573
628650
243035
0
0
701024
742448
9084
10
254965
18
2296
18
203602
897504
33304
52249
1840657
11509
1277177
17917
864690
96033
1145
1604
14182
2188
636091
18904
1238
617669
1594
499892
124
291290
29
7486
296179
331792
82986
529965
16649
1595
33
31
162118
58
8304
48
651084
2
4712
1
4165
224
263485
718
1320546
252
36
20551
1927
43
711
305
41
165
8770
0
273333
0
1178
94027
614457
5
0
14
12268
83404
544
0
2196
93862
359
23
278
9403
117
0
34462
1415
0
0
176170
11986
15871
1806
47
11
1007613
284085
468
989
13411
26764
19210
13173
572549
262
38964
84
2453
2
237985
1
3475
2
2
98
246
0
9022
0
9232
4125
1495
284
123
51
2421
504
0
10408
15
639
8
2197
969389
125
0
18
212
0
237
967657
95
73
34222
117
16
2291
517
216915
38973
20599
615201
27
311
15340
9138
740174
380
7963
907759
313947
9294
605171
12
247558
540573
141682
0
1805
379658
188
694
0
80696
27
1138
0
33
0
6210
236804
16760
7047
195
0
0
8966
309
15
2075
0
1788
33900
10613
1187
116669
3787
232590
2663
818
684
470
15
283
964
6787
20
71
1445
16335
13970
27546
82590
202031
4798
2430
157
46902
4793
83197
695
27289
585
145222
274
85172
6
227009
590298
203471
970
2058
17442
1516
222355
38876
6580
81864
1616
8804
0
96
191
262057
601808
778775
34195
20282
772
68853
940
82776
0
3244
277
4425
12419
0
698
15
29544
4
55
596
224
155244
0
131336
41921
550
286649
258
10260
161
83001
4036
12452
870940
1049940
447
5
163
0
554081
234304
16735
15411
597086
2192
0
265068
224911
204661
8669
2467
297334
219
4577
0
100107
694
569
699343
17712
288
696
0
637
598492
9922
0
226236
30
718
448
6841
242086
230508
57765
603576
853500
1209359
177
36
2117
93081
1291426
13005
6371
611403
1
12
0
22
10341
0
1
1
626
0
44224
450
0
0
281
107033
672
220
13282
47172
954742
679
791
613378
1934
6568
994582
811135
287441
474
34441
2908
0
465
66400
618066
11028
0
2194
51394
104056
29578
37177
74
15748
1439
422
17267
297221
27025
3564
460906
617
232
11
1400886
1286
10466
19382
464015
764
903
6746
261
234181
6
186
4442
0
8967
299
2084
46344
352355
1971
1784
6922
10812
6871
2220
4708
13134
15
7523
143
57
2
839234
27146
741
940
13082
900
132
2
35081
1
283
1788
34002
0
73100
87682
260
231168
371864
40994
357213
83508
812
16
2055
8
2906
35811
844748
32169
51072
781
376
0
7055
641275
32075
11275
273803
1406
13469
1890
9077
216
4
8708
272
81524
13649
7917
71
13000
622
44741
153
0
81918
128
27418
0
2950
35435
1
4
48675
12484
8396
746
1807
870622
16721
856
1054963
157783
5183
184
18277
849564
12324
1
0
5
279329
14298
996282
159356
31
2
25217
47
267154
38664
510604
1385712
16
614426
269663
234338
5569
25868
612285
1520
14084
22283
5549
251152
1294317
180
449233
34814
16640
430413
53663
1399
1513
49
286876
13991
273656
10199
337824
16994
36544
226567
1199191
1314
12509
14022
545
188389
334323
5137
645829
21286
12532
11761
962274
36073
862216
940083
359
1668
1199
622258
53557
13022
799244
7
39010
6979
226503
37
11458
595691
883201
21841
58774
2397
2698
84792
117
987
548448
4137
264248
9889
617555
523
82677
0
8499
30026
18942
1421
1227
756
1
236690
236919
9264
555
233
447
13717
139
17
33598
23
716082
1154
1375
690045
31137
16788
33601
3
434528
1239
637844
18554
269975
1295
325665
6503
226264
11884
0
9064
65
8873
144
4461
112436
585773
1116
23
2556
107
40566
9029
444
397
9047
3131
334835
279249
24
3
6606
233000
182080
22627
0
0
26348
22551
602915
631
839250
4583
5
859872
207
1555
1348241
45819
35431
824
0
144
778582
28
523568
12760
5
732
50
2239
5292
276
80220
8017
867923
67506
443423
981431
12926
335
1624
0
4723
127
6481
0
0
606055
209
612552
843324
0
0
1604
59119
41779
781
243
368
87739
2
326
984674
0
97522
9470
8
8953
13268
0
4
0
4428
6202
227494
4471
1264
2048
0
65309
49
597981
968666
317
9
629
317219
8626
8977
394
10593
249
34433
231711
298
1
242766
191
832
0
19879
0
7106
1726
2003
0
281
0
231973
4957
18025
1
181
345399
655
13096
172
669606
171318
4347
95
126360
5287
19
314619
4
1947844
9026
383553
545
2221
953721
29431
38590
33742
69
732782
213571
15263
11833
2376
4873
197
11
615139
617216
1989
2234
1448
521968
637260
6290
131897
891
90054
208
999865
995886
323956
281592
604205
3800
242688
1278015
43727
133
167909
60
842349
613679
12562
584
53084
321931
2468
239143
242
97368
181610
1709
447
4809
3157
1673473
5054
4511
36552
38718
6633
34
439
50
836299
47916
12487
30
10896
355
518
2909
15536
10
2
1225
14143
0
44
267
87524
22
21
13019
93321
25907
1
35555
35932
200902
55
32524
4663
882866
602
0
26021
41
25824
8604
108870
230709
263360
158
3554
104
658534
236
176
4680
1019
11851
12225
2818
468427
13072
405052
51938
16851
25051
28653
37648
943
14467
234287
491190
750646
401367
316314
10653
532500
246680
744348
401970
20
375630
228
12536
3
350
12840
10356
707090
757977
697433
117542
1178
10956
812339
1815
1149716
227987
489751
614631
3095
3921
8447
24025
4090
1407670
24438
179226
8165
625104
6600
3626
343701
156475
161600
923105
330
6185
17616
877520
133
9586
37695
123428
1069822
631863
66194
39268
11735
5635
3353
952055
1696
631
972730
80428
4582
53
29201
36
7767
1385
16607
225831
465
2730
6638
14
20
793
32194
546
14
22417
1636
649174
227358
44
46332
6685
3306
6979
15455
385516
22738
717
11
302572
13471
96
985537
675782
2477
21143
663
6532
44397
65534
496386
0
9
976895
1
1747
351043
29372
29807
0
24658
93
206
4520
232718
1011
21046
309
973172
517
112
1823
3808
5028
1128817
7496
15654
120725
39593
254
284024
1441
1793
33161
526
1703
908
846890
15485
102831
598943
239988
25275
27806
503
243021
1296428
60272
2098
1394341
977812
1701
748
86371
5399
25111
626533
276593
87937
723
697898
232
989467
19556
177
27727
39
488319
1156
7935
697561
153002
37378
129
670
0
25083
981713
10726
62343
200106
613614
6888
256847
8475
8360
1472
1317500
33969
344
3262
1354
6878
394082
2932
6895
1013389
194
1030989
6098
17362
1008102
13
477
94784
13943
1646
126
964511
279
112380
268281
991602
938827
44090
57
6554
39
17757
119534
233337
709
1447
85231
239544
31550
242096
461
1264863
14198
9602
1129
13
3
42790
6114
9231
13895
672181
24
581
13201
18667
857520
85317
635
5798
281543
79420
251181
50716
2119909
133989
991932
19190
34584
46221
0
42177
1781
10868
12020
6400
1081
261171
751
11119
397
44178
327
1092
70804
14
284185
234030
700820
8115
779
1008194
988414
4320
648431
500802
359877
8385
65
17108
2569
1207224
11070
492
273423
627949
2
88314
58
1414
176788
9128
46214
32715
605768
14301
3494
26
1664
25
11073
233
5
965957
793
21128
614052
5008
866782
688
15283
1
451
245182
9163
193
46114
114814
1251
3224
18054
87540
6953
81733
96571
222250
17222
118189
268
34881
18435
1640
12427
732
33497
14352
15
1759038
0
4337
1444
8726
3245
51010
1303
5
709
259607
839285
14323
616257
0
1
44268
99763
701708
6
85757
712
635216
137881
12605
230937
291555
49816
479802
7838
185
2045
353565
13521
138
239298
3832
34648
34986
6476
228214
1734
704934
386
51110
121
9064
84313
684
0
34305
14978
2069
16600
4819
1
13130
25375
692635
255033
65
14023
1063663
35051
269983
329725
2251
3213
687775
12918
863946
929
797868
606861
838774
1549
367603
137
0
58
236880
137
729896
45416
406320
888192
338665
0
667736
3252
1094
383720
2049
146916
38580
1756
85371
633
204852
172
181
996645
1818
4704
607259
843270
41737
87937
999197
11832
4432
232263
35
326
71693
787
233626
19432
1
236922
223
79077
128323
158
282143
5518
258706
15
618963
524895
2654
994418
14192
961559
156797
355521
1170
6178
1666769
15665
1591
0
1955
105
481
15017
201677
870407
187
25716
30538
34
7953
594676
33354
568566
717386
6420
377558
309
121851
821079
1134564
2052
777128
601
1134654
881094
26025
1390066
958710
2156
20
1801
179
33239
651033
6688
55198
4732
256174
14140
552559
230445
350633
24924
238453
380
906
1149
320944
2115
118262
253300
537289
991256
607526
615
19579
6735
2653
6954
75100
7533
1317612
1722
20547
12465
96118
3927
992852
39
1746
3901
593163
5257
14202
1216
670217
518030
1215861
14
29
1200
22
10019
699096
1134394
330089
4483
57
87432
617565
0
641
13737
2978
10
145306
11651
310745
95570
33438
16030
4522
294
847727
44578
901
878681
523178
367817
35367
8842
699973
0
634
26256
255309
1323930
45484
1214889
837561
235646
43208
1274
275790
18199
201828
1
1099774
474
73648
131
9188
525053
11469
343676
1067420
2266
202303
112486
1013591
277830
616724
1014352
7642
74802
25742
398922
234018
597300
961356
27658
890197
5501
47477
8444
1086424
10369
16814
572412
33
11596
619
26934
25725
685087
6883
823347
18058
8871
527190
828351
1841689
145326
358918
335220
1097903
11242
29643
626866
966725
1127252
255268
72952
866776
1516
49730
16144
1489081
1737
87684
2174
9253
31446
8984
12687
1039598
250159
21621
2372
19600
1993
705781
5095
344327
15281
578619
2097787
6799
643968
74
294765
174573
69988
7776
240032
2803
31
1067
0
730
9
1197
9151
621957
29807
305914
537
9
52217
15028
20
52
26
963023
47670
1184228
13435
1236393
622358
223062
1805
305138
19309
41109
250536
1505937
19794
141712
40
7511
11
258215
300
619348
548
14074
1429
1
20
7237
11107
19821
945790
30575
1424
552591
50641
624856
220776
1473277
6591
267146
560
104165
33895
28631
11702
72506
571931
1508943
18515
1245445
0
234
18349
8026
1
32
1368
32502
695447
934
309
17579
273
1202
311
291877
476
170502
17553
584169
404101
81516
7655
148835
964163
18212
580381
640006
227091
615262
240501
240724
2695
612462
620474
3
1108
10
48
527
0
364
1164
1234667
107119
26
0
3
0
127
6290
17753
1
13176
9
9377
25007
834089
27764
131
52
1419
6989
18
9099
0
221753
629325
2
1760
12125
596117
27738
2557
362
830467
568
236457
10163
211
7161
686629
1382
580137
1236
60641
0
887
185
247282
1408
471
9759
17816
27973
52818
31100
368
35534
0
0
8939
0
5017
14
1004064
8991
315286
5204
37
16760
31943
1409
1390190
1
520459
43375
9087
33
26563
33992
177279
983
698645
1687803
15979
623193
97565
494
221832
12033
11493
562
866887
117865
1754
21522
296210
40401
645
1476
100425
496
151977
1200
13720
1512
62008
25519
625070
172
427703
203275
153933
11455
2393185
701553
12813
4
6033
47740
13852
597
604938
616926
0
64
18483
0
270276
264
7195
270199
1619
1155
91620
223
559786
45
107063
477789
28
21980
10
713
0
247079
169084
614045
425
11863
233
12153
12608
0
0
1484
0
9658
901
18
1121
58
602910
0
0
9357
1718
0
766
4507
274
31402
9506
2250
2
236789
87049
693
68450
981951
1034177
2243
1932
589369
32577
40
2151
108
25
1390
1132
16
962286
793
545477
11409
609
43
60920
12359
36245
610494
47663
24
2220
2208
419334
46781
123
582086
1422825
4222
4997
3044
3355
174
16191
1195441
13568
0
331
523786
1606
208008
5335
192367
240112
4411
77998
329576
21132
23460
26
41357
19
45
565112
1524
5123
2012
24315
40353
10784
32082
31271
458486
1689
567663
1973
2663352
1668
12880
11861
621892
269118
216
600582
629930
615149
476
0
30323
0
51
501
4
1633
26251
84045
0
34
529
834831
26
7891
20
200
34532
14104
0
850413
16328
561433
9
2588
9042
219910
245720
128271
272868
46848
86755
1474093
9
13408
83535
254
41954
8260
249
619293
1766
397
10
698116
47672
1189980
55542
43761
237762
45707
22549
63
1236
34898
25
415
45
299
548
291298
514831
249169
615448
265
31
5
597
603774
5
284
345093
70
17254
28
42
149219
551
434484
520306
662451
13000
857053
675
60881
2014
20225
1
612748
1916
20731
7516
227676
29
622103
503
1100635
233672
1183664
149
871146
52
414985
1720
0
50
579511
166268
610198
3469
26721
688430
6356
4641
380609
22074
17941
93
850097
615193
930
235492
66752
2333
29854
2357
856813
439524
17907
0
981343
3682
1431
3
12907
611378
770
1052
618650
2051
14125
0
3137
3
0
1123
0
26
0
13
4743
262
0
1123
11460
268
1
613529
83553
6259
0
0
852
6
362
1210
12
456
1137
605271
1117
0
18893
1130
616272
617370
95
635300
95019
1323
23
1658
1241085
255
0
176
61
0
83352
2792
1507807
0
2353
2
3790
12267
22442
3037
40297
12068
109
15445
271
32633
3
471
787
17211
64
8
245
0
366
14582
13
1
93785
316
77910
647
0
9141
1
240
311
1
12326
12580
721724
2485
22709
1094643
22251
954873
5236
20675
15891
1
81613
1988
642388
4730
68
9459
9
1416
420
84299
7452
8885
20
20
1828
12195
8275
64
473
99
9035
4154
0
0
4
213
273
0
239744
0
629504
950411
146991
254
80574
0
13281
2
189
402
232091
843
4668
12268
208581
13372
1461
19193
596930
1547
5071
12
592623
58188
1136
0
1647
259
12734
65827
14153
122
525941
11969
1778
299004
14075
0
597836
0
0
1205039
443828
1
1376
0
317
8787
206
13497
1028625
2914
15539
12033
1196
660
108837
650435
12531
233828
6
272
1236
8524
0
578279
10740
69
497
48
28540
1158
59898
10500
339
0
22
195
5
246
341
33743
8971
560
863062
0
14
0
876782
383
954
263533
81998
94642
2
11431
34781
6857
223171
50280
749
209
9100
690
28590
1267
415106
0
18984
0
0
8900
18347
1125
43455
18686
0
3
30621
63
10
336
7075
52
0
848445
2303
36063
1877
2
117
847
13
0
0
0
6201
498
9454
2
0
0
144
0
4735
231902
8922
239
0
0
18003
0
174872
78
963740
61974
9101
7038
1
24
117489
91705
1275
316328
854653
595
322722
12535
11691
38
662
0
17038
12340
16803
37
33791
12525
28
18946
1371
656629
126
13126
29933
168100
60549
1299319
0
14602
55579
4577
502034
3136
91504
36221
28211
4201
127739
19288
14122
81200
652
250010
292
10
3399
10
2299
322120
705367
9899
23
0
42106
217
2044
973208
1131116
18570
807
847437
191
11231
629449
74782
41684
359411
990951
319
844357
9
209331
8746
746
3
929271
1950258
12421
612550
97392
8434
246
37920
33740
5246
6802
535
3022
45169
1237599
0
14175
6423
11268
70
236234
5326
503195
2396
628006
179125
19933
17610
1648
10462
883247
444
3340
4367
91567
65156
1641
880825
11073
284
21877
100665
5533
42190
268957
14
31295
196
38456
9064
1642
4707
36
2444
613361
45
149118
16
617145
1
86201
101414
142
147
1771
236551
68
237018
130418
637130
75
17242
952
15118
572
520693
21652
628218
36
13894
954434
19
606
5337
321
39576
175260
6952
24813
22126
7309
83094
11478
712
613967
88128
8
9392
186
607237
552222
41104
993074
15832
1645
1002015
19282
210743
352043
130256
254831
609435
2082
11719
1488092
40590
1214917
538010
739268
821270
701745
39148
4785
21056
584256
4
253008
25
18
307223
913
968378
88236
11334
1524512
477
619233
12773
234934
35453
1098192
16215
48234
30
17911
595
55
26
441784
1097260
570632
1036
613613
0
616966
26
15040
12563
635010
0
0
72
33921
15435
376
921
1147
71950
35568
15
353419
1379
479135
26690
788
13767
12484
309578
3481
83273
19363
63
122503
38050
22112
23
270385
92941
5918
0
184159
12175
19
101
584108
2211
12
231193
23020
90707
663
1095
1055
4250
29235
232427
536035
2409
947339
718321
4547
9233
26
302581
28490
38546
977443
250932
0
30706
28
36559
68
0
43609
1451
4426
11102
6420
3
207
6
12
22
250811
0
608
0
681
1107001
580
7464
239872
1236349
616905
166557
607131
11502
150
255
646496
17232
8
1721
12518
2
0
11452
695996
5
465
312
11320
86
12384
54
590101
1576
16093
519
0
0
1429
78077
188
0
0
5833
340
609297
1
0
1832
4257
0
20929
143572
7097
320
1359
9799
976
38
15462
975
0
444693
0
2856
96
2040
1
1
28852
56
1
1
269
608823
11015
70560
805
405563
0
12
12
21
0
811
0
533
0
8833
13028
3536
154
94946
48
11796
3994
13870
60
1131
54676
16
0
105648
3414
64677
484
651
656
26349
8559
200876
999993
6249
6274
9185
8569
560
1554
3631
32178
0
102604
0
5315
42
0
84752
472652
632995
15222
12543
950126
6528
86870
9
125
11722
8780
32985
569725
17973
57972
574655
714
960343
228938
981449
17926
96527
0
0
48819
2240
1378
32386
83225
2574
1
5675
583939
235866
1711
2837
3331
256482
545362
75
144
9
485
2472
3523
3129
2571
934
682506
28
1139
49
76760
594833
12
517
24
1404
3595
139
3
1336
732
1
44
4560
4013
13020
5354
182
981294
300
105095
47
85961
36168
62
3520
783216
32381
32860
600
7558
504276
33
798
13988
13004
77
38
150
35319
180109
259710
59202
38062
19
28760
10797
