5889
145545
79224
14806
125240
589807
667272
746518
631343
2213004
659853
609832
6172
14441
372597
382881
92392
1964842
462957
71197
570009
451804
164886
902427
648505
997027
1210882
504
589758
420971
566060
245687
1453788
94281
780357
22044
227408
1860576
1985891
589796
79913
1638902
427844
201230
24907
1131274
855957
77821
288985
1674359
3931
777838
17
13687
4582
798527
197969
563542
1557459
179894
581692
777381
94870
149653
2896
185149
617584
725161
705928
471413
1587169
658341
31321
186969
250268
202121
2128
715
802453
264707
798411
505218
112603
168
3986
452130
93605
711735
28409
214482
1586224
81234
93128
513737
1340234
161504
801828
507733
4500
1049662
68307
725499
46624
1171315
98384
1610627
3008859
1126541
779549
1594
1356319
92046
114
590531
87749
8779
32440
899683
1873
601681
1907117
443870
945882
8235
108475
697980
59105
214764
108163
236066
2013406
188069
800355
13
35180
740425
75377
733416
1191189
1358958
717457
371376
25802
14368
570393
221637
2096503
17272
303704
1721936
1413462
736085
1643828
606003
688324
1063202
189146
992466
268863
790695
762256
535612
702516
1092300
1370936
27134
1697346
1039027
1372419
1157678
651754
690643
787614
193312
415079
532960
824592
77149
304232
8962
187105
196863
1406765
149464
944760
182448
1506321
210241
71432
396313
192821
847711
1047
110796
349115
105981
96717
1207581
1362642
735396
4001
10425
25712
41206
737
309596
32596
907149
2
488
1202871
3358
210052
196557
73503
798087
12964
368
475178
353
195041
247875
1060434
68401
726292
887170
534339
567683
1306245
200496
463764
190150
340587
705753
747915
95411
180323
303
196020
45887
113197
13721
1056475
574290
237
662572
154721
25799
106256
507672
1153616
186286
13363
171914
9297
68350
9662
285382
214921
3476
259207
387598
170420
4820
10941
1112301
847974
1092123
172
504989
1344296
68
550207
628868
1114
901946
822650
27418
442573
72228
663
192030
1150655
860784
88572
510306
657082
760573
1005637
617994
214992
319691
2465468
997479
694331
561232
1662248
1087070
896017
85606
304022
610424
1110635
0
71843
3416
9633
2
1803
1155
1122
507126
185795
998750
98136
53167
138272
68880
265261
4659
193757
4143
815670
0
822273
4421
420777
505275
671784
984516
198482
184463
81246
490
77130
171
209900
76309
785023
92868
45397
40036
662061
36581
4992
667040
1074893
596
11849
497650
1223359
9907
28256
97919
10603
226740
378536
66355
2193413
1593
1162774
2207361
1065473
423299
129783
0
130652
145
162707
837812
11824
505986
1
467
507394
504555
1330369
1452039
2403066
3342
62222
518127
280144
150711
2131186
1923771
537481
96927
1588
599509
1567704
24318
3588
113366
506103
11761
668202
217098
849215
324
813225
214923
974291
327656
1107
19518
1218756
245058
146861
171276
1314565
1537074
29199
2541
1165048
1502
1143281
284194
113255
1021037
341764
2948191
1231707
2040687
1057673
441584
1110467
2239909
1969467
196953
1909332
59519
972626
1431
1745745
12762
1257
1450
529826
185779
613879
1606473
965387
190390
96951
54
772139
1666
23629
932310
8887
891595
24
47359
1586599
1600
562349
195607
97507
172333
26753
702180
271
110
285383
787210
835193
1070
24820
2675
604817
823002
530
506726
186909
475487
5083
19
839789
583048
31184
925359
2126781
991848
1697784
588386
696480
541647
593848
1519831
2228451
898833
112082
104050
458981
119074
1227208
10084
44653
189042
9724
71943
1472385
931
140498
97815
192260
1166155
110838
589553
57361
360746
89027
1040023
2713919
755612
726611
532904
1828951
131018
1561606
1057398
811559
258504
999125
268234
261045
1211458
887463
827802
2532
4577
5215
564941
507805
107949
1335917
828934
2213372
30967
9051
605013
1237930
70182
61308
863737
804624
424998
211958
706004
664262
573093
1145949
926076
1510903
1466882
862014
3201
352738
1194258
206580
1728432
17183
474914
391281
1005398
472117
259811
2263344
599396
120562
182457
1010712
1261
190829
38099
105072
382801
1628004
1124344
551492
72637
199514
786062
1075490
2155268
2380630
1410561
1575
510055
455751
143080
4229
891358
795129
18504
913028
286299
991546
992901
323708
1683079
1023367
120760
615231
936
1306992
701186
2895900
1581269
511622
27914
1127836
510078
468277
2322
555055
2093799
196692
1667442
1085199
717048
1698541
780246
1190423
196657
925811
27823
1842391
530197
660720
77952
312122
189254
1112929
636935
1155017
71511
1258367
245362
1008633
418962
767205
2370961
889080
75220
1071164
976851
473850
792969
1401254
86119
690711
257440
1420622
1043405
883203
162968
1602046
693784
616126
841401
273243
1530555
2722186
1010465
2396695
1359392
1843481
1839355
578632
1074177
1736185
1834028
1788466
1108949
1095551
284183
2806805
920951
2334912
807731
611073
565498
590145
1247009
1060592
666562
1648800
782535
1105103
15253
440010
108511
71972
1351767
2227182
513139
1377637
430718
372
598479
683972
129995
1898114
1020690
47321
1291469
205923
804883
47818
7288
343691
1216334
1903742
231277
1411
9348
19492
6756
185896
70067
371981
68510
195123
2049
566098
116875
1042669
931413
463139
101737
508540
342
989702
186957
1488729
504327
2341113
171548
733767
970667
6941
649058
294458
1228698
2470796
92388
553269
43881
506356
9672
12097
1242
168778
63216
517
653
996018
5771
98050
181954
852764
1342095
5705
169187
810347
19421
141585
662161
1112744
5325
1487336
581539
194033
942340
148995
287135
32544
131368
1740122
29188
523544
14098
1208
5125
207066
93573
19081
220971
798586
1027611
379485
587
1274244
1339429
1474
165
848287
4972
26873
301
763367
376198
3432
612947
667077
519070
215052
488852
1041416
177987
24942
199454
528621
238409
0
2987
50700
149
815566
258083
12756
8429
68710
1275
113960
9262
31112
19
1405023
71107
213306
252615
4016
174
3274
819887
470
68559
382548
1393405
908367
230824
17
0
1194
71461
1203
283763
347868
47776
202086
7617
3636
4240
8471
79250
1180354
60971
798152
130
1325207
139782
1089366
6629
108141
435091
761163
185632
464775
26482
750135
654502
582710
926699
743271
534
195535
54
505433
10832
5701
186826
35767
25042
344
245890
532205
1440875
789246
147634
147455
267460
209
509246
1359434
646389
375349
87967
31790
511222
1738647
181712
1604229
521380
1959221
958881
360946
1286512
871862
185582
799983
1012405
2356181
72668
788668
603550
251680
113750
512757
324647
4851
327210
282921
278187
243691
866214
932630
358987
160729
195460
538631
5170
1761487
1340973
1709536
2709497
1954634
70421
209418
337557
1174197
155185
815664
206137
549769
68
68593
577936
533780
420
724706
61961
247803
287031
76913
9645
828892
26336
2427
1144587
196366
18660
4569
9358
9
113420
263195
382928
78889
549897
24941
75834
141125
594546
0
34437
507920
70
254857
16455
86372
527991
584673
331
1793016
363644
141
61319
24228
86263
227671
150607
45547
974457
505521
40
4679
291507
422290
195458
1007644
795557
730013
1035061
164964
767899
11943
103172
8499
10599
532006
154666
121027
140424
1055097
14373
224562
6128
5228
19192
423681
23117
