2
2741
265
0
83
5066
1486
48241
7505
4394
2134
5534
488
128
524
1441
52
625
3376
1462
11
45087
200961
2245
77374
681
787
54
7
65302
6045
2191
3115
4599
258
215516
93540
125033
4135
940
3270
28500
27765
1470
75855
18827
193554
4327
0
978
26435
140
2018
1934
10
2227
1670
2912
511
24236
2
32
74947
302
26517
563
2137
528
95748
3966
228703
2
195340
9
2967
76282
1083
0
427
217957
0
1
8073
1722
82
4032
1128
46235
370
195344
202388
2103
197515
816
6992
17875
28629
76258
2532
7823
2477
99602
19294
248497
4802
238292
2991
683
0
0
65
354
0
4570
1
15
2517
15811
2268
57891
265224
4108
2264
16790
9
197281
1898
364
181
31729
34114
37
50
13
4406
199435
27925
488
28571
64
1
5
220697
25737
21133
23794
75617
28514
5912
1961
1847
119846
990
1964
2793
5410
13
739
2240
1678
2463
755
194349
12
5783
55932
294560
182
26262
2295
1940
67495
193548
14392
5856
5236
19418
197
84778
1
93
2081
341825
4997
210661
1113
1925
2095
193575
3
3402
2719
2
0
802
6
202779
303676
12916
0
148
26946
26787
4322
0
16
132
72467
0
0
7345
1962
305
1937
1
25
6
2144
7
1767
27423
315
31
150081
16
24
25
1678
365
76711
1961
688
15057
77484
181787
13
23
19
23940
5
0
7
52
1781
4
17538
2804
0
2797
76319
3
0
3
50
305
53
617
1675
3481
27033
328
26
575
0
0
2481
2538
206
1650
192
56452
0
0
4134
6
95940
3704
1856
2308
7
6
14
265234
231535
0
0
262665
1
31
0
706
212563
0
15226
1
92
2523
15634
362
2275
0
0
141
76301
1085
3
4263
0
14925
1954
60
12721
1721
299660
197
425
3594
1
38104
190386
2397
0
297776
38
1
0
1772
1059
232
7943
555
1941
0
0
17
1711
558
86
17
3
254
212
6335
1882
2091
193472
1290
6
875
18
46403
28101
26694
5
368
418
272136
2153
5804
5
400864
18351
4306
46
415
0
2135
150
8020
197833
142
197929
1015
31
161
769
194919
6748
14994
0
2918
107417
238
220
3880
31875
888
60
0
2054
8038
76190
6201
2370
806
596
195714
88095
29207
0
349
0
3
2590
1
74676
102229
1403
2408
156
1
17129
16325
70
312226
620
465
4589
114880
453
27864
28946
25
228875
238692
610
88369
287077
10692
255479
7765
4276
0
28
193331
6793
2581
865
0
0
2853
5472
226152
2053
4378
2163
368
10
0
1
2
16
1716
369
4036
57
60
8
1
9
719
0
1
168
2506
0
18
51
34
478
5086
253606
4399
3686
423
5
4086
4401
55028
5
504
2605
270919
264
1249
2645
50
79748
256225
37
205646
28041
8
0
16809
27
16
1057
0
196904
35
29
197734
315
1888
0
7
0
350
2327
4250
72848
604
448
6167
26096
29004
194606
28565
10
2215
3549
30389
14886
561
0
20
11
49
267387
4
0
0
8
349
3
63
0
4305
98
0
243858
200089
0
35
265
28321
4396
12
2159
118
481
115995
26683
217036
4219
97
9
32237
329053
194644
2576
2244
2306
1796
153
2
71
16307
291
419720
2615
332
4
88164
14737
14801
108369
306
4379
116
21195
573
2066
0
5579
103095
234292
6
445
32063
15586
7604
76416
48
40131
1889
355
15215
235
194861
4859
4724
2017
158
3
118291
1925
199895
2732
14882
0
2715
290
2272
1
5838
356719
76967
4365
471
3
9262
2565
201569
42222
226188
360
118
10
2757
325
616
613
75162
32741
1730
4350
418877
759
39923
30367
17636
16502
63
741
9764
12
43
222761
13335
4
30
38
314161
2481
14560
321
239918
0
547
27934
3
104736
295070
3
16757
26550
308
26651
12
18151
179854
4601
26727
2162
17560
269
2960
169
80967
14381
77230
18836
638
1997
210122
66681
324010
336
2014
198
1728
14757
4
85
4511
1253
83837
497
37
17
18204
3185
629
238022
0
78953
319
157
2844
38
12
84739
186989
66
2
164
271
0
1
30
19
60
2150
1748
719
15
401635
67
15267
2011
0
0
6794
8
214406
2373
12017
80655
1974
718
423
35279
2087
30146
60963
477
15
0
6
2081
8
0
194056
0
0
0
2582
31
6487
2162
300567
2201
364
14
317262
8509
1056
900
2443
8
269329
4660
426
198875
224778
28
194660
40
4337
17
13
26
1835
433
148
206073
6
3089
303691
49
62
76374
898
202650
0
224
53
353
0
345
1909
197691
26886
4693
6
27650
390
26664
221
34
162
0
4331
143
0
8
0
36
468
16
0
0
5
75141
1925
0
2475
2
67589
4384
1982
2195
0
0
8
1
78283
193614
21671
82348
44
14411
5
1827
1959
1682
15351
40
145
300
2142
1786
46
71341
8
34
27606
1
1404
301
325796
1914
446
0
0
0
98
366
300
16562
104
191410
25152
11
3349
0
2
0
0
27528
161
0
5
292
0
24
37
6
608
84
23
146799
13751
270
1127
216187
80390
858
15023
390
3691
1
103
26321
2993
2264
373
72040
306
3323
326448
99
44340
278
1431
76086
37774
85377
31
1972
81
16010
2111
15180
2574
466
66
203382
13387
1303
226
2421
18287
75489
42804
129384
67974
30140
490
396
2733
389679
0
1093
24
0
11
47
13
10
1755
2048
2519
25102
5490
372
2217
360
186
0
4102
15237
2542
0
0
15
6155
298521
50654
28
0
250
44
1797
0
0
25
1
1902
14732
567
339
2398
267
3
402
0
0
0
0
140
2445
9
88641
55860
76306
417
0
90018
44
4474
10499
1762
18
24233
1
61
4
191054
16409
10
36
5
0
190
238
2198
48
4136
0
394
28
204
400
3246
611
3034
1718
207
12414
14459
7
4508
2517
13
5478
26487
1
0
137
51
24761
0
2483
2125
17766
7410
103042
399
288
190
13013
102
29
8
26
27865
293
21
455
5485
0
55
297545
562
3976
7449
323999
335
2
0
1656
4306
0
41
98
0
204
58
48
200881
491
0
1
356
0
103
0
2680
54184
19
3945
2010
262337
15019
15273
71
10
1
13130
96044
13849
104844
1782
2105
14
187
43
1794
83
48
2206
2471
390
1
36
15196
17702
329
0
2178
14
54
2306
8
77726
161
14354
16070
257025
366
524
232414
3
7
7
0
355
0
2025
7
6547
477
1654
260828
434
197957
312
0
352
6364
28314
17486
10
0
0
63
244849
2695
3
27
43
195017
70
18111
77802
125
480
241733
17472
119213
15149
5230
158
16785
58
78206
4
3723
2349
6037
2359
144
9786
51
218485
8
77390
15444
18288
5175
273
71755
214
26770
85
76987
17
66
0
172719
2
3
0
77096
39
11662
26758
63334
0
0
2116
76165
149
2791
695
26617
22
4
0
75946
225
48
4572
0
169
0
10
0
2
0
13
15193
3525
14
413
0
2203
51
0
515
0
157
3
26
12260
7755
9
84
12
326982
39660
131
4254
59
424
700
198596
1110
1
4353
376
3739
0
31051
39
22
1
0
0
47
1
15433
24292
187965
1
373
3797
339
12450
539
1842
1
15365
335
451
0
1053
297594
7367
0
64
0
356
475
262435
56
13855
25786
78
389
14892
2034
2147
6758
1787
7
0
27
1052
419
245414
32
0
5445
7973
61
3
0
2958
222
74747
11
76508
2076
0
2100
224
200
0
1686
264
408
3
282
38503
274
1906
26175
0
10
1745
91
62
558
352
14639
39914
1982
27
7722
29
75902
75249
2087
2
74
25706
10
15143
5252
696
12988
1383
995
603
430
3845
2661
14608
3555
390
970
5963
1854
656
5
442
4933
77
194973
457
963
15109
4833
48
15701
2103
62
0
858
75252
72122
20119
2
0
33
404
45635
26
3325
15
32342
4601
294
414
41
0
1866
26659
0
194550
3
366
0
347
26
274
439
4
15
405
143779
2900
62
273131
5
4171
59
2153
2135
193026
10091
129987
1
0
470
26281
1886
0
199028
203180
410
30008
107505
744
4461
1924
3830
1725
55
96
4382
52
2535
1
15743
192525
2130
0
1699
0
793
2364
1720
373
8
144
1
1
577
77450
61
216464
166
200369
326414
375
27738
73399
432
58
198553
2310
19968
163
0
0
290
951
0
33
0
1
0
0
258
0
2
470
27
749
287
113302
221599
47521
413
3954
2566
642
1533
339518
78677
2667
1134
1
14
6
28715
2748
2077
1693
16874
17155
106353
0
4302
74828
147
528
454
245
189133
3684
2810
860
138435
38
194880
0
67339
385
2073
6834
4628
390
26825
60
2
6
0
0
361
1
61
709
19700
194096
293370
1485
8436
411
1720
22
76654
2039
4
0
6219
1
182
5
362449
343
15220
399
92426
1713
11
16
580
294
343
195958
202
6
14434
73620
3
60
2737
1130
26170
66
401
0
75288
145
3674
3931
2568
138472
2488
5
16094
1346
1916
196
562
37
76247
279
202051
3129
342
2207
0
0
39
3505
2603
73097
22
97294
1459
194348
1421
0
2420
7
2449
4
2573
75173
312
192639
2197
0
590
3351
23
9206
17624
28319
129598
414
400
0
18067
15051
27
44
101
0
2222
607
309388
471
620
0
26286
58
7615
175
2159
2236
1544
148
280763
27813
200
305977
6625
63
199606
4130
1224
17361
28731
373
154827
61
192719
27332
69
32872
94794
44690
275937
203090
6768
91232
91
194198
268601
1071
237809
580
24597
73200
1840
1271
18965
5440
72637
21490
3498
2282
284823
23548
3616
9796
153
45
530
254057
35
109
12540
307
4273
4673
0
4346
457
1700
57570
2187
927
26
5
19
2
157
1811
191573
4364
15726
535
22008
30
192508
2406
1883
2743
1
998
25810
346
10
1755
370
1
9
41
2
14749
28194
478
637
94635
0
6705
207282
8
4590
1730
7
225142
4597
58
1836
35869
321
458
4209
2
2375
0
2138
140
16
26579
0
411
397
10
10
39
2
3715
1791
186503
926
77538
92
2099
4263
47
60
37
6123
485545
7753
2
610
1776
2132
15715
1714
3997
27178
0
198479
0
49
353861
3981
438
67
0
77081
0
0
29769
1
0
1733
170
89093
0
144
289
1751
2320
2
626
223778
198193
882
694
0
195934
0
2
0
4
15056
19620
0
309
1
16
8
2443
2178
47
0
181
79441
0
2
106754
33
220080
28884
57
50
940
1
0
0
27
31
0
58
59
1980
2
28608
1156
2309
280143
0
27
194223
495
1812
2505
2
3564
19
2334
338
61
6
612
1
54886
0
2262
0
21
477
3624
2
35
28181
21
4509
12997
401
79
45065
10
15031
8
1088
37
8825
294
4
44
20
118315
13
578492
0
121
6
37
406
54694
15047
2126
36
2407
1617
406
2860
4526
1134
113
2172
1295
85
76309
965
4307
3584
254533
627
0
4317
9
14405
308809
325702
275208
1316
8381
274
2744
74963
27538
394
3223
6
117
72
4294
8
118
138
5699
15691
64
4
68221
49
1415
523
452
18126
58693
1
1423
193650
363
8
444
68
0
3733
196877
13
1704
0
0
15036
16482
26577
160
17439
143454
0
0
4610
304710
0
0
27986
316
0
4168
12985
28544
20
4806
4
101200
315594
52
0
2321
148
2174
60
255
76906
133
798
14
533
771
275
568
1998
189290
5132
2383
159
2905
53
72520
4218
128
8025
10386
1986
1367
239267
74355
6484
201354
199703
28251
96793
26074
545
2769
73812
28315
29392
194880
365
8108
1658
197073
2404
30005
248581
35083
76
0
117
264169
68
64429
252
1953
3976
25229
5820
1145
2069
19
30599
70303
21987
1810
2488
15299
193689
824
2182
27324
68694
14
63
1785
149504
20
85
1
3
1851
2362
3826
73
5350
354
37
1876
1
3
266625
392
1577
0
1958
4
3
16912
70
1
6
0
219
0
14
4048
193049
485
0
6404
18385
0
0
155
194258
75021
7741
8144
5288
290924
3
1792
2
2985
111523
6623
277019
19940
120
2579
359
4508
1
1716
0
0
60
242317
33
469
8701
78071
227459
119
16
165
1
1993
235
120
137
22
268213
0
0
353
484
357
335653
6305
3756
221
2447
4
108187
204
444
2105
35
4
312
1950
199791
2868
160771
143
226350
76
435
249928
98854
149
41735
98305
250249
443
26627
1
1998
3482
98104
212294
105449
2136
5076
37
296616
3188
82
270
10
3
70
53
84275
8525
28249
7
346
476
6369
322888
1260
472639
194285
4365
5177
2623
191433
406
1861
27170
474
146
44
415
76924
2527
4226
77738
87937
14
141
72940
0
327186
0
408
216460
1616
60
3
680
280
292244
19063
28735
72858
44300
10000
15859
354
199283
18364
70670
194577
10
13
3936
8068
15811
10
91752
288
0
3
276
0
88702
406
76749
1749
14929
0
1875
628
3469
308
15121
1901
24602
4878
111812
10876
28192
2208
2079
324263
4324
46
137110
1
56865
481
15218
13751
1
64
2493
18475
38
192
16459
2
6
8590
1312
34
2192
8
2022
118
253103
45881
79356
4157
6322
92545
76437
26836
159483
680
73251
1
310
75919
289
12
440
424
54
0
4705
30090
199299
3568
3418
22
0
35
11
542
7900
29
262517
1217
7089
0
130
5588
1424
1415
417
2100
39515
11
401
40963
153204
290
5970
615
413
5007
452
1144
14919
2421
78373
35
456
3162
23
194428
272
4
2556
40
136739
8
19
79950
898
4453
194309
1744
429
0
286185
4122
346
2761
0
3
54
70
144229
233
78868
1138
17
28911
75481
586
139496
201867
7115
59
361
18108
295482
2087
26
76971
17181
18
467
57
407
75409
2313
17086
2544
1351
1915
419
192478
280
75290
1719
830
30896
59
1
0
0
6030
305401
422
111
154835
2733
510971
527
75145
1562
15693
1243
4591
69
9660
1743
2445
149
2778
15976
14
26305
438
42987
91874
210614
3231
34428
2840
0
27019
50
2637
6680
2386
278005
19471
1456
28296
77152
68
17644
69
226515
499
193629
14796
1
2194
79607
353610
67
0
1539
26320
194271
423
2393
2
58447
0
92
319
15378
8
832
170
2136
2445
2366
715
570
2033
308787
848
72979
99
4511
5305
27496
18851
191697
2089
10
26639
5
5460
27987
26656
346776
2367
77088
624
117
3197
3223
11346
317448
190840
74205
29664
5435
1480
263637
31832
3102
17146
1545
69221
152552
39
8132
5841
453
1217
4
149
196549
4487
75480
18159
387
276841
25
1
60
35935
136
286
52
21
153
109771
138
584
449665
17135
251800
2268
454
4539
100
1
1
477614
855
27183
77475
4304
0
1764
261
318013
15249
18647
4
92333
275
1755
613
123
39403
29901
9
15627
0
15
2172
155
333681
77599
1
0
159
61
0
649
192551
121
3
46599
1094
503
8122
4
143
56
0
82617
124
27696
103228
145243
313429
76757
641
18452
272
28999
56
305056
308305
16272
2271
1872
0
203506
26960
9201
3477
69
5
434528
26306
59771
7
88
67
5
76
207447
1442
2974
2810
466225
5254
34682
209251
4015
77738
1508
7681
267
29118
240007
2872
304503
2283
35610
73356
24264
17104
18093
0
370
781
6
74351
127776
639
3120
2636
5800
3249
58
1024
190721
75950
7741
103037
15687
1976
2850
4047
193598
1616
19075
3862
21394
634
13600
17522
238458
2897
2316
25670
1804
752
264
2238
508248
186
509
83
1758
15907
27845
67441
27290
410246
192299
132029
378
9769
365
2662
10
4299
378
2685
224
25991
146
28
10277
70
451
3487
253120
14468
423
595
0
374
263
11
359
99
75273
1886
7289
1785
428492
220438
2300
4
987
783
5646
3267
79985
4796
4836
421
2781
16
1853
8
10
0
1082
42
1274
211024
3704
14914
20
31094
2672
67233
10362
186021
49413
12078
47254
399
204854
200799
227724
20419
1247
432
192557
21142
29798
29410
151699
0
73
2468
310
0
3
21
180
10419
1999
727
533
7
160
2510
197
0
62
10
41
1777
62
195355
10073
77283
2930
2028
182513
2974
15327
4352
117
507
0
227
548
0
6550
40894
433
49
31
268
145
4
196461
0
52
375
2064
65
326
10147
1867
0
113
4286
460
2705
30
20
2
49
1723
1753
12992
2140
239706
536
25753
14536
1700
2
0
433
867
293
11
2
164
441
30314
120
372965
26
39
340
440
56
15174
701
35
32
2000
2370
1801
0
401
9
0
0
57
0
0
46
92551
2150
0
2100
28123
57
1841
58
199082
385
53589
2209
3687
278
5587
37
1937
2938
146496
382859
18
217136
81709
418
18
14562
8531
2298
6206
655
466
200921
2463
0
441
537
4226
70
2457
33925
4445
42
5908
1392
2109
50
31667
1094
77184
121
69570
218978
5050
10
4960
2387
21817
0
2454
4308
11
0
2228
0
32554
367
4010
35725
2387
2
18
8
45
6
2248
49
318
14
0
4058
26874
199374
2451
7
55
2299
49
39090
1084
0
0
27
0
2085
84
0
583
291
3389
24
192780
1833
18510
55
2186
1730
27167
6066
14543
2564
13
1
75792
384
4259
299104
27490
2412
220
3380
2660
6
424
75
4
2035
61850
2010
316087
10641
679
1854
64
3260
179021
12472
2752
44907
5800
1
1049
2785
2871
7869
611
21692
26148
187795
981
79
285
29
2263
298293
76306
192931
1809
2805
68
200882
484
19165
210543
2
4550
1524
19462
197274
29
199032
26981
27007
30831
25
479
1702
194266
477
743
191741
20012
3747
6647
1698
6
514883
147
4351
7480
190
2147
27272
1
76697
74977
27
1
17985
0
36
1652
12
400
2285
4333
2
319
432
1369
37
15826
146
4264
57
205480
347
195466
1063
394
3
382
576
910
29142
27067
76174
200408
226
206726
1007
481
609
62
1988
3
0
426
76270
405
44
5459
26807
319884
1829
200047
360
3858
2202
11
10
77
518
9
218
6337
7
603
6
7
37
0
355
7
77071
26759
192901
1
524
0
347
0
348
1932
1934
51
27782
3023
1729
197700
6
0
10
26948
64
1
595
199387
0
368
417
202143
6912
240312
59
100675
171768
3502
29
397
6
288
0
1881
26653
182057
14923
19765
1115
859
0
2257
16243
2152
0
15483
164
4
2569
2
1769
4478
2039
563
12
144
30
225537
401
358
11
197826
0
535
554
28
0
197904
548
53
0
0
0
30
6
18
194160
8593
0
15380
66
27688
16
391
14794
41
3
49
0
0
0
5
36
2940
1613
90
75167
154
15050
3910
195
19130
124
0
48
6
0
0
2540
233550
0
0
24
6
0
0
56300
12998
19
4646
0
128
81
146
2998
2381
2002
67
2119
5
2199
0
272
47
52
0
41
10000
0
147
1802
15094
1
79306
121
2
1
456
77751
199
41
356
4
2
197537
49809
495
18
78319
2958
71576
16068
10436
219744
0
407
22
14410
9
26772
2139
26644
31
41
0
1705
1
50
158
1194
3366
24
3
1666
0
1743
6
12731
15555
0
1
157
40
2150
0
238722
141
50
0
29
267
1919
518
95
430
465
26890
1907
13787
13803
3444
0
2016
2089
842
85687
0
1692
456
7
0
2
1
141678
4155
6
26284
2343
25300
1923
62
413
0
2688
8
0
251304
29072
300
261
0
12
27
172
628
325235
2
1
466
3802
192303
155
28866
4154
117
1
46
449
1817
2
283305
92158
15
2
3
502
28
3732
1
110
4652
680
4
23
25
389
270
2336
75
17151
104
0
63
3843
282
129
18702
887
191880
10
63748
191099
96871
10688
24622
51
0
45
463
57092
5
1818
0
2341
0
10
0
1792
412
396
1838
0
0
0
0
189739
0
3829
2
7
27461
540
3
1909
0
1688
168
0
0
0
2
0
35
1845
1
24
49
723
27674
0
301
0
0
57
27784
4503
25
8459
3201
87021
20878
2129
2
400
4298
284
619
52
2032
2192
46
56
43804
29715
0
93
0
15000
145179
348
0
13337
4
0
1798
60
949
394
21
5819
3251
192621
2875
297
9334
216363
935
35969
20957
72893
196480
2977
9
49
6
1771
1
1970
16989
19
344
295
38
829
2952
127600
7200
0
10
1717
11
194
269045
308559
1907
2513
7
437
26309
91653
14
4513
106354
295526
11
89853
747
13
379
38
134
149547
326543
217122
633
77449
54735
2835
9365
14819
2
2698
1954
2327
2196
324010
39
69131
360
17
4416
2288
45201
21023
644
277
37
3557
290
1
386
8544
2531
146386
7076
633
681
0
39301
79110
425
209517
1
77633
396
2446
24
414
532
1935
1958
75293
3
501
695
392
354
1426
41425
43
1
78728
80702
19
193511
823
195770
13
15462
232
4826
148
4296
2924
54300
4758
3618
80959
265098
83
3802
1924
198075
3538
650
5
3895
13550
1718
79056
7
1043
1813
2074
28
77
159
17
432
125
2294
20048
2495
336128
77
46
400817
76
1356
79268
9384
1310
310092
1673
90
127968
4661
85061
3162
49755
9026
243832
170
802
7237
195938
469
2908
485
10345
0
345
75263
133051
2350
5162
2809
84
193186
3873
195331
25537
3974
22883
0
2162
1047
69
11
64
2426
5
1853
14
0
1
4364
28
4293
13
0
47
0
114
0
42
66
414
4168
10
3
136
1
33735
5000
759
1
15088
414
2041
59
2372
1565
271
2559
24363
0
35111
5
45
328
34652
40211
29
0
336
2125
400
65
78590
1388
134
3
1615
349
436
46
544
42
18097
70
0
28
26980
32553
26
5543
2
201
1
17414
681
81
1209
2375
192993
735
10
216
1
0
0
359
18
3912
407
0
220123
340
0
3013
74
14
199718
303308
659
0
36881
14645
2
11
2022
1721
2
0
197272
0
10
2284
14795
0
4638
0
1767
50
37976
27
2219
92
1067
21
0
0
15004
0
55
0
0
16713
20
38
26653
0
2
0
0
176
0
1878
3
16599
3155
14553
0
144438
42
561
289
0
50
6
2063
393
10
509
4903
7
0
379
7665
66073
298036
529
25
0
399
0
193149
0
1
0
1789
0
280
27791
14220
4286
2311
4
1669
11
1
26
4374
1658
194042
0
2005
10
13162
1698
369
8
53130
2648
140
404662
10114
701
0
60220
14628
12
3597
75187
76678
387
828
75101
132
26268
285907
195853
172
27707
91544
192
20
74911
27
364
37
27
4916
5069
2127
2783
191567
10737
108164
41
28716
2230
1772
1
18
107
2356
3
207
60
225
0
286
2075
76848
1215
386
64
118
2345
65
349
0
398
190022
5176
147
6
348
14554
4758
531
4
23
702
50
4
74
2287
6
7
129
66179
0
370
45
2019
1658
193597
136
443
321170
145
76984
707
194047
839
28
3949
891
1931
5
57
161
65
8
3860
3282
10
37
5330
104
9796
255876
458
116
170
2225
14316
238
