6211569
11083294
12959181
6887682
10373124
11797314
7679783
6070680
10086391
7560967
9092622
10321933
3735584
7222435
9254365
2657320
9643201
8665704
7336964
7583192
5512248
7141099
9123440
11515124
6508118
8156114
11860672
10994517
4676703
6351080
7833695
10215395
13844075
7799198
11008917
7014367
8121544
8344197
8779072
8354433
13559449
7176250
14009450
11393614
7497388
11972201
12795417
7591677
6476970
8393169
5777536
1401873
9237301
6045203
11957505
3179261
9571709
10739338
11222349
7185356
6419007
4886652
8854344
2204405
