232
988
939
156
1640
1178
2173
762
1223
1655
907
695
1235
143
1192
593
627
2229
211
539
645
148
1175
1272
643
1032
3680
1026
61
1171
1764
254
1212
1288
1138
344
1765
1322
1257
1156
932
1207
1582
744
816
605
940
733
757
850
172
986
754
599
254
170
843
1071
1987
596
285
38
669
511
143
892
1546
641
1311
440
1431
681
900
1557
950
972
67
28
1065
37
520
634
795
67
477
383
147
473
145
1369
1161
142
1531
361
2253
515
1323
932
324
265
1105
639
1114
869
801
3099
2112
1246
444
1003
1887
199
1021
725
329
466
967
635
431
1254
2166
887
3135
619
786
777
1038
406
1684
2190
1352
952
523
1019
2076
1487
1201
1036
2011
1215
1131
1200
1870
202
1939
455
2027
581
759
890
1207
1869
1167
901
1397
2179
581
1610
1089
1518
2236
1114
1103
2479
758
2041
2823
1714
3721
1088
1342
1945
1403
621
1979
980
2017
212
735
129
130
156
913
1180
3457
604
1382
186
477
166
1534
702
562
1675
648
1414
132
603
809
426
144
1245
597
321
327
407
370
671
136
549
1346
10
136
59
288
1047
889
427
1027
186
368
144
1703
619
1415
1771
2899
1324
1374
724
450
954
1481
1943
3060
1049
478
151
825
967
506
184
1072
194
190
140
931
232
948
946
1029
1021
410
512
703
373
