5757934
4688562
8379880
6170345
2665642
3175578
4535730
4464574
6878583
9562830
7328599
5107117
3457791
2017568
5015775
3780074
2314288
3639581
8254157
2196110
2298820
2817002
5017739
4105515
3388430
3851018
7864951
5742156
3177336
2619942
4714425
3123948
10974097
2713473
7643809
4045825
8200937
5547999
8731283
3458474
8933961
7053937
10892039
6014598
5531716
2021668
9871766
4645909
6008374
3844467
4666718
1898482
3273849
1935939
2612826
1647083
6258535
5527560
6886907
5263225
4289872
2841505
4402048
2388996
