1932955
3587170
4497602
1912360
1894381
2289671
2870258
3606701
3137197
5449371
3743810
3013123
2915343
1338884
2963862
3422015
1565215
1230277
1771003
1062793
1331787
1883191
1872818
2204889
1689597
3517514
3982865
2142556
1270681
1933990
2925684
1249938
3339259
859998
2801715
2799196
5106423
2926841
4655058
1832696
3517598
4022948
3372644
2449581
2456694
1772088
3723817
1492641
1199620
2738368
761265
1402349
776858
1191932
861132
540462
2259512
2533660
2536310
2316209
2516572
1859521
2490742
897843
1585134
2209572
2577503
1522402
1555876
1469070
1693977
938850
1614847
4698787
2466597
2236585
294310
569992
2048746
1346182
388679
1520801
2537390
683759
250926
1394992
2180458
2191328
832033
4348519
2683755
1283172
1887949
610023
3495649
2491529
3694813
755465
1053069
1731055
3601439
2134063
3293455
997394
2809547
2417943
3569998
4305026
3610734
690810
3831112
1722309
2533665
1873697
1426840
329805
1565759
965235
795187
1263446
3325255
1208418
4074964
1413799
1555275
1213721
1842641
1858535
4445649
2449622
5693982
4678815
1665583
875087
3519249
1113279
1920893
2723348
4684022
2470665
2495462
838086
3732986
1604176
4414034
2545851
5467178
1745493
1687666
1964583
3336781
2365123
3643843
1749354
3888627
4899142
2594172
1622320
1800130
1290009
6691830
1459558
5608984
2342834
2796223
1962209
4313399
3145335
6349291
3874364
6056153
2880203
3483734
1537791
4699275
2851323
4362664
2119919
4754238
505940
952995
1541861
1538816
1437622
3859601
3434253
5184197
2721891
2505997
830731
3141013
1574821
3969734
2448004
2593672
2533217
522340
2670587
3260787
1731779
3153863
1667713
2496956
1735443
403901
621058
912672
1399056
1541768
371164
1253198
775298
1871771
785204
1768003
757268
1078436
445310
2562718
1537742
410627
436652
1811100
1450124
3586443
4110529
2359305
1821714
2694545
2347688
1921935
1343163
3448883
1910971
6185201
2957440
2209670
1493396
2966811
2002906
3503079
1494622
2118007
1101485
659203
1490532
2442804
865753
2452562
1145594
2726747
2236032
1656838
1567272
1102403
1211981
