5299704
9789215
10380142
6182153
10541445
8738915
7503945
5977740
7982571
7493152
8289335
8937637
2923805
6814656
9604770
2462738
9066921
7850845
8239422
6877215
5679696
8018707
9015400
8890461
6968129
7677606
10420253
9251553
5675007
5517929
6898522
8482443
10775514
7032312
9218088
7497706
7633737
9527495
6866299
7907915
11446167
7071339
13172050
11632152
6097020
11899127
11350316
7180141
5576076
8174683
4898176
1275484
8211815
5408939
10977490
3842742
8174919
9742838
11537202
6747433
5382441
4241073
8428392
2677230
