61830
708132
97601
37956
288773
37194
668009
1790271
766842
1013243
1895844
38974
547823
256122
776370
409987
16240
1574155
301607
13270
375
804596
48860
247746
1175311
1226947
939863
136222
87666
1849929
1041338
372761
1184324
329094
492368
1334562
838205
738764
1483581
725839
153280
2803634
995534
787528
40549
2105876
31467
572864
364916
3364406
172387
937945
12701
914196
287973
879943
614459
828523
2241649
125465
1071900
1066957
66318
40267
12577
12021
62594
980620
1034579
622909
1004623
1067411
859067
338
333374
2681
20127
48257
1013929
226312
972201
26321
942913
8096
3844
25777
255746
1032208
128550
319358
554658
754915
1716394
1563
266343
117676
717355
53298
42189
833461
665417
76430
193387
1462037
1339802
474205
2248373
1597948
134026
275656
131054
29652
45965
111100
1187900
2160
138955
1643498
261235
854742
1366605
745344
1052366
799305
287124
34405
348796
279375
886848
723448
1745898
621322
1001711
245610
713766
803634
168535
7009
2299945
1528896
1282307
134168
1100248
1630564
379699
656236
2097551
44671
1903965
37315
887653
1658494
453355
120522
1309085
1422510
1766693
359041
1197738
1490958
2219674
561932
429514
1775387
1113772
1249204
2184864
700163
715414
1133631
1071422
968066
273826
22123
1805931
46345
1029113
20350
1527565
642925
220342
1342366
1333195
21199
1005034
156108
2230302
441555
575695
20552
1022219
986481
15175
145691
491793
1225600
289774
1527740
1593720
1134465
16776
1412050
820544
2383
3520
2752
20940
1413134
3476
6916
1032524
94806
1031722
863850
38026
1065434
638
639908
463501
32058
850111
6606
1146475
32269
140599
873041
991661
939834
1667327
945618
164593
1211
50717
810372
1826479
1251491
574104
721609
496414
33091
475877
250349
2743933
605977
13378
622473
439383
910
174504
10730
1534796
20830
685753
8959
7735
57330
41411
868849
129868
15493
6040
307453
90888
285081
50744
2164802
1123890
1009327
28418
34613
1018041
0
51028
1017804
20524
994935
513460
3359
578719
3694
11651
227105
1054422
53802
617032
70832
843894
546968
1589629
1443479
264470
1103974
1938214
2257234
19158
1274296
797409
635661
632243
163262
659531
9104
1587648
22658
1224
282151
709671
96462
97447
10092
35997
188829
17781
1293304
72820
612879
240531
3595
9307
15208
3101
11088
971723
231
968069
36662
279804
631040
757719
1836586
931830
384061
81420
1171
266936
9185
2399
47529
355727
2129
8055
31995
317609
54516
111860
231277
1022476
243467
129044
9134
1680786
91358
86309
17545
29711
157078
461238
94986
1937844
620
822228
864636
441335
304498
807662
18746
609268
227488
537344
2666731
1388655
630800
10398
630
44720
109415
1015431
616782
2105793
37841
696341
158610
83037
316383
495411
1402423
498204
242125
4637
57735
363056
24714
20841
866978
15698
35217
36079
392231
857466
2892
917030
52807
692169
290598
18047
103448
59018
83430
66078
61201
882051
1231590
873258
12420
1453541
25394
2206332
1118444
645537
293137
1778705
502341
302437
641289
1463685
216093
1007186
1022718
1807159
690884
846743
834557
967850
88608
830462
700757
59133
238679
247009
14338
751067
739679
472756
927860
571814
18055
703691
3811
51184
628037
239672
204759
652699
1703722
1396716
36874
1317588
3036
93809
2362752
14885
11355
1218833
844928
102901
88436
1091707
22377
10656
235282
664534
969626
336065
277040
243283
20786
10871
237211
365063
683587
304630
322443
2344220
1024066
982604
34424
1232566
528960
777350
2086900
1217032
1569928
1625957
390572
340785
189273
1687999
82174
885183
23793
19044
15372
87898
133333
273443
920114
26765
374208
267304
663738
28003
941031
108610
741662
1482116
1930177
390729
23585
2280043
827009
2484219
39584
1619806
643735
1586873
901789
172609
1811494
972838
1056318
33949
251828
9880
34013
673538
280451
411278
328851
1675620
30978
609493
978682
410384
29892
255097
975633
1145971
177404
323209
850038
957751
296729
2759427
1067595
934438
791268
1037272
499118
889997
1007494
887326
283609
1355189
407893
1023514
2062689
109224
967489
2313075
51076
372365
359154
1524680
10806
72093
685993
965156
618446
3298215
100272
67406
269557
56169
357263
943926
2651122
870647
1238212
901867
268021
694976
19529
11367
1601961
888197
333564
162414
115938
417944
171914
48296
1774042
17782
53642
1729507
145483
789378
1017582
835140
369407
278348
271514
756794
94086
68013
43447
963552
1700795
706215
2272242
1210527
237077
2073386
1011567
535559
126484
1202828
1457064
1140951
237060
326398
316235
420270
1404046
1972935
523892
1685843
17569
1098577
636071
1325893
1323806
1917111
3436403
962725
691660
330385
1161238
240900
697434
2140422
36227
1403838
133142
998598
616942
2404604
11297
2169086
706600
17367
563419
54469
1772022
938762
727082
2842684
1118689
497044
1174881
893160
1388173
2923356
508615
1822907
951769
1687027
39343
1542086
1387005
2685136
1768878
2424768
934392
1581592
62890
1314142
732598
3037247
948154
497034
3901
11129
960953
68093
1010881
3061296
552059
1818424
150186
878706
15525
984088
636356
2328852
405978
685657
2773422
27899
729441
19302
296240
1182806
1205341
1466916
1102000
1234049
585
1343416
29
24308
47745
862743
17578
853778
638376
838004
254048
1269387
62584
258993
130340
36380
14002
1336006
50232
1958991
70179
2565623
737310
246226
1008420
341185
255927
103498
1259039
3264959
67049
1239398
18617
547966
95928
1147223
22780
1031065
24695
14093
10595
604634
11104
37040
248587
1138711
1629435
35236
2583
1520704
74050
695368
473106
2011124
11593
1225325
735534
443878
452420
41509
575028
107669
1060746
2681793
903492
1846224
30707
28476
84766
843146
48837
1429437
480088
535722
1571242
50771
621477
1992740
349899
36699
1314
1675131
898
950871
17610
1109371
1538474
83941
642962
853228
2519568
1290168
747215
1328964
414937
1483368
308603
1330952
1003055
625721
622531
17281
1149
5019
12870
703363
859
2043
607535
1253744
731875
1245255
237
1595310
18420
78648
48642
18534
318
14999
172683
9567
25342
1842229
1003146
99503
656767
86986
16430
22520
13842
217
242812
1728063
93918
233539
239446
619380
656286
3048
93858
842733
612117
1650699
10508
1045251
30091
1006401
10061
589116
30554
71642
470
43635
863117
1142472
188140
315162
10778
447121
27973
81782
31112
7495
887320
2852
13
16188
147
245823
18003
1201421
16193
530873
1192222
12511
46275
65553
671307
1563214
74772
633070
181328
347129
3756
1043311
42498
2125789
859698
1108778
1837485
219377
3504519
144135
46342
1286522
32083
748795
845483
896238
164476
893918
171670
302869
54011
615890
767368
187987
475410
786560
538608
663987
960456
223855
137399
715146
616857
1605870
1234206
1347653
1543507
3319610
767941
840848
1278953
1624610
902839
1164676
18638
2115756
1230605
662826
49482
74548
393201
521051
408986
182068
386803
203088
586827
346415
7072
801102
1681356
371031
1261220
36655
60847
6652
251202
1111197
1484422
1405081
664561
14250
707481
12215
604601
16634
79704
615547
6159
172572
12484
16493
449537
31220
328
691789
407809
833
22420
99599
30018
55827
175938
36629
1213853
19913
139869
5357
1205630
1056163
20668
679719
1765415
1097448
52494
118313
827636
809832
714
11712
684609
671709
5586
2219
8816
999853
192874
823750
73466
520414
13275
535830
77865
