1715
0
18365
0
9
8921
52
3796
39636
27623
5691
5939
0
9091
3838
0
257
945
296
184
369
2791
465333
2427
4611
1644
858
8
0
1920
199790
76
42640
1
34242
0
811
509754
644
1579
196654
1838
94097
2546
208300
101131
12057
925
856
1395
0
2
458824
4771
2590
9937
34
91
1598
199236
0
2
0
1
7580
0
125473
0
1104
526238
0
1
278
1
220
15162
0
0
535
3
290
37
315
174367
16857
537959
23765
313769
848
9411
460687
47065
1402
8687
40750
1251315
0
0
1196956
0
61
814
798536
73679
860
4
282
2
78
0
11
0
0
3
1
0
201614
111
799579
28711
491
91
203158
142
2771
756
61
30173
1606
794882
56113
0
16
1598
0
538
68225
14
32
905
1
0
2
0
2466
0
11
71
439330
19400
601551
1
212293
0
36452
3
435005
3670
185610
221
16
0
206756
625
1296
0
577
2010
23813
92240
3155
2882
50951
0
1251583
162
106
212403
42610
1
279489
938222
1813217
9
492914
1795
3150
5
0
27
459091
1707
442959
8494
2
0
89
346
736471
0
0
0
0
0
0
0
776
0
0
0
184355
465911
541
49586
301
74676
0
1379813
14
37957
16
1060340
7230
179491
12
17
488
0
7
2477
394
40929
7598
281762
17918
431151
0
183305
19206
204069
0
17
114
0
0
0
835
0
0
837
0
3
1
3
206
6
2793
8627
126721
7813
0
14983
434956
5
19123
121
126925
274
89
7379
743113
0
119
1251571
1119
66678
483915
537189
561547
850
1603
974
58
678255
0
3
0
56
7676
496
180942
0
0
9163
62
1
78805
1
15325
692186
11
15193
1245
0
0
768
736
382
458
713126
58
931
436179
145691
2291
803
0
3
0
0
4
0
1213
0
0
0
445457
40904
1345
344
499998
941
0
314
220747
982
14133
3289
950
486
900
33125
89466
493254
506475
37052
1743
8875
25159
15708
36543
273578
10069
0
865
5
1551
555916
8275
410
461212
467070
1687
0
42681
0
4733
2
26
212327
239
6
35286
41104
34850
8420
683
40837
545050
5
795659
41622
1501
414748
788
0
82482
0
13
1266
1111
0
446583
790140
2456
615200
0
0
0
0
19224
57
2
166
1
7948
426430
14
799921
769
34
28
2
1
152277
447
889
4499
865
3
433883
833
0
1
240
1053
15
80
948
406
2883
6
43
4837
78
2
823884
7858
36353
179098
4519
673296
68
0
3
735278
0
1305
1
0
110
0
4927
3
0
395
192
1
0
1
0
0
0
0
201966
391
0
567
221821
18570
693
65
295000
439726
66434
67121
483320
0
28572
210756
0
1
492
0
1213
716608
12969
0
203359
24
78462
13
0
0
142
0
7
2209
560
0
0
583
285
7
822
38
110
890
510
28406
39458
2032
3309
1587
172472
679
7470
794139
291
31531
189
34453
16444
510257
1
12
223328
0
7
0
203062
0
0
15
3733
1495
1
169
2
8
191
0
725162
747
63743
1767
1276
797220
34505
774
69
18100
3706
40
192197
290
89
0
183526
432476
0
561
478667
273368
109205
0
4623
0
415630
648
28845
562921
2
0
14904
28
6341
73188
450348
1830
9124
0
428742
133
477195
887
31406
772
5746
69
9034
24085
433454
0
436068
805
1599
17199
2434
59
293
440156
600914
84730
41
1
774
0
449164
34647
460099
173573
761075
853
1223
12
35341
70
67434
32850
2
159
4
66
434516
1
1258
793
836
0
768643
50
70
178926
8267
554
42004
42
18500
950
1377
0
731002
5320
9
0
85120
660
267150
424104
12462
329
501
15
6506
0
17650
31
1342
0
0
1
2
11
9
793
932
2
4001
2
457676
469689
175938
15120
107241
13
12198
0
40481
349618
44366
7722
18748
338
939
912
17812
2618
467693
850
42476
0
5737
0
0
496384
7638
203554
2049465
5777
7430
0
7
214
1397
904
736
752170
338
1
212192
0
1031
326
218577
78
0
1356
1
1
0
0
1184
278830
20
748467
227856
4
414443
508066
1261857
155938
271
5011
222898
923
838
473921
9628
221248
21
179514
1819
1616
747
144
44023
1839
0
0
4
2
22
3
3522
0
4944
77665
527217
0
15
481584
485355
8247
309
1133
413906
9214
13107
638075
34006
31
0
8642
9
3741
0
0
0
1542
0
1
0
0
34355
13
179607
0
0
11
581
57
739
18513
47
737776
0
4
5986
1
0
152
277
414771
856
32
0
1876
6333
468748
977
0
736
0
56
2
0
18832
32
0
78602
0
0
1
176193
0
883
0
0
0
0
0
0
0
0
0
3
40705
1
65
223286
509810
0
78516
843
465573
744570
457425
353
1295
29555
180433
27523
15521
1079
23186
2
0
0
308
7539
8728
6295
738401
3
0
1
0
86624
0
619907
683846
699
82506
69251
114
39962
0
2179
0
0
0
36
0
628205
62
0
434149
0
5
7
7230
6461
1379
178875
722
78530
12
670491
332
17
463933
744598
48093
350632
497
0
1190
0
4
728
414752
239
78949
47
0
2081
536643
148058
948
9
16
126
509
108122
4
512
549
185151
7665
2244
29174
197
276083
213684
284027
40950
17832
2324
1716
279
587
1889
913724
0
1
855
0
166
66290
184514
701
4
783
19655
1
821
0
833596
1459
782
0
453086
0
0
17
0
1250
57
0
114
836
0
0
0
0
0
32
25239
40939
0
0
0
0
0
0
385
1808
0
1
0
0
0
0
493
0
18544
10
0
357
214329
255
528331
31783
433034
7
49
458046
867
1
29
0
144
0
5
3
0
625
165959
2194
0
0
3270
0
18355
148
44941
9091
212
9044
2326
1742
35733
1949
286004
2194
3
462367
1362
0
0
18322
1
4
1582
788560
251
5565
1192230
74246
0
0
0
798026
5
6
1
636
33776
1
940
433810
35988
437430
4657
381
20585
125031
298
278040
18424
18508
0
433
0
774
8832
14023
0
445758
481
5074
736789
778
0
0
0
0
7682
0
135
113
67599
1056586
680052
2
401
9193
80187
1
0
0
66676
0
0
444740
415
47057
941
11212
525876
637
10091
551358
16
0
0
41260
0
16
652
0
447740
0
124
433582
769
145
890
0
13
3551
4882
81209
673304
10
0
0
1
0
0
18247
1428
482375
0
0
0
0
0
119
797
40201
176326
7475
469532
222705
83
1
153
280
60099
57
180836
7035
0
78122
423
299
78115
429189
6
38864
276
893
441063
0
180031
982
98948
68
785
765026
27
289
14
78638
483
0
0
12
0
20460
302
95885
2209
18195
73
501908
768101
46
0
135
0
0
528
219
16176
13107
176322
1316
1195
1
0
609807
25205
1112
38398
80
1539
1
2512
0
3
5710
0
0
0
738
339
45
1
0
0
53
131
1202397
211095
17284
0
484954
0
0
0
80
2
904
12
879
749388
41512
175172
0
78990
543760
14
67430
187327
491181
43316
485265
0
801
1
935
453872
1251
889
0
25273
0
968
1
1
357
61
2
896
64
32
0
17258
33
59
791
4
7082
0
6
15186
4
399
0
0
433161
12
0
6934
118
189
0
2
5
0
0
444761
4896
4345
2482
1
18035
0
40961
1796
1
58628
1
24378
431358
271645
289
276
1269
69992
495821
124
5931
172770
157
3879
3
0
0
458189
207
3
823
390812
3
227617
50
0
967
63
16
16978
656
14373
799
6813
1
3278
112
284
1291
1028
485
3809
862
1813
1
646
188
6
688
48
3018
4581
87643
10049
32326
13934
77309
438569
17601
32544
615296
521611
0
921
4
765368
20542
32903
2
1340
14633
711822
2078
6375
560814
70312
0
1021
1570
19437
462800
51
75
15892
17776
51032
18536
1026
584
938075
22407
235048
4108
18482
0
518394
18042
0
0
0
0
4
139
856
801
2
270
448
365
779622
1454
44
0
12
560534
41713
413337
40868
0
433591
772
709
409
0
0
20071
7
460577
213684
0
481660
3
876
34664
712208
141861
5650
517980
68264
526683
1
16864
1152
42529
10
563857
0
82637
7540
139594
8
4184
8
0
285
0
2
1096
81353
413663
0
433962
1611
4885
210839
475451
213
755
18966
0
547
70381
459999
0
0
285
35336
0
67
0
40492
0
49524
498
1107
14130
17283
8842
8471
36648
15268
0
93
18521
277
44982
0
2
8959
537840
3206
1151
128
77503
0
94
1007372
827
730850
0
0
269731
469236
6615
47
2507
847296
25205
1595
195400
396595
503
7447
20846
912
16246
17250
0
126
795721
258819
88012
514707
0
450275
18068
0
5
0
45
873
1265
70776
0
34560
0
0
0
1170
84
217002
7091
0
1772
459033
484642
0
443687
151
758819
618
1140
382
20156
185290
177255
438888
320
17
2
192
1067
0
1262
155
422
344
466
67574
153
32
0
392
87247
168239
4645
1514048
455314
18441
57
1438
1450
2
73175
864
5673
9649
1602
42
124
0
0
1
12
0
0
10997
556654
1602
18148
426030
3796
20255
851728
14106
1177
16
997892
37
65225
1363
0
1
768
0
434854
0
1903
617629
43
0
1097
113
709
867
735694
0
12
0
0
433
69
73746
78427
170
41944
0
19060
118
1350
7566
17049
665930
4529
34988
0
124
1275
411
527305
71527
0
513422
1282
662866
433378
1
780
0
6
954
30487
480433
82481
0
59
0
853
0
41444
24
392654
4651
44358
2346
785
711162
153
1382
69096
14595
30930
123662
1390
7412
3164
65868
529467
84782
0
1847
405
571
726
68421
1589404
142
81595
492
1227
29447
3
90
10710
125623
5520
840
18878
1033
1
4851
36092
843
112447
36259
211367
9
4
0
744780
564654
765909
78262
0
7595
22
277
82774
0
1
38139
178121
7630
1
882
84379
779
631510
9
0
1
58
673298
2117
4189
981
0
7
561456
366
202977
0
5234
2452
123
0
750700
67
4
0
0
12
0
980
1336
0
862
192
436
1863
812
5
82061
28
40
5
38
420988
178002
0
433793
2
0
744440
679130
1
436535
953
35934
1
1419
392
0
4791
4518
1
211233
0
0
1
22
492920
0
10
76
460894
0
14
2
88
760
754981
308
33
14145
0
0
0
0
0
546
1
793
836
0
0
69677
0
0
459087
915
198822
19
22416
14
1414
7551
1
0
177830
0
0
533465
35301
0
628
0
6163
6
111
215585
458
17176
0
1042
0
0
4
693
0
0
299
40145
0
294858
128
1
0
453970
38080
821
66344
0
588
0
67219
0
765193
829
8474
0
490215
0
17293
0
0
0
37440
1
50
1
441466
48
218274
462106
364
2
4
36322
23818
470826
834
0
28638
0
372
0
79
159
5215
0
732683
1898
1161
221735
190227
16388
528004
277
265101
81
121499
8080
0
0
0
0
8172
2
203352
40719
810
0
344
8981
28752
451682
56652
79704
80713
1884
966
1457
111
1024
543
0
0
126
282576
126
189
1
308
77587
0
6862
0
17
424839
42111
8110
14
5584
834640
210817
541
15
561
9314
6326
0
200998
529179
668
0
66792
0
0
583
21
0
0
8
0
270781
3
0
8885
469793
825
830
708158
17
6359
18026
0
3
340
11243
29
1619
126
815099
68192
160434
3871
1336
1928
21970
1456
163
28140
751
452947
2104
31
451279
235933
370869
10014
13388
21979
0
190
5054
3838
50
9297
2406
491
1527
1055
2659
269273
1394
2427
195759
3
7471
1953
15140
350
173057
18694
1059
833076
47
114
282
2
4
230071
347
32784
809240
1510
1164
0
771
99410
212080
185500
5314
728
1643
838949
45864
1715082
465643
5670
0
735130
0
0
182620
105975
663250
358316
0
38642
6
206581
18
833
3
214
11615
15322
67
7361
0
27
0
2
9156
4
704231
1284
1131
710944
80972
0
0
14
1265
343
33
66777
4652
966
2
5255
468194
1
29
69771
463171
1492
82680
1111
142
0
779
12
7
78908
2
434713
783
410
0
751586
59
0
111
84
192
0
1292
216629
67292
56
2
724721
78584
0
5
0
1001
55
120
31073
35705
650
202970
3644
18
725119
1295
52634
15
607966
751572
119
593130
14635
446958
8838
509690
0
430878
998
82476
775
264288
762184
295
158
460
0
1393
18059
737670
915
8619
6190
17727
0
1158
20
269940
42190
23124
1247
418786
212
246294
7443
803
0
177338
0
4
0
511470
215642
36410
178866
42414
0
3541
2
8541
420706
203036
3800
1
0
0
248
1889
281
415503
2733
476060
56
18534
78558
176299
0
0
40793
548586
79
0
71
9
122
4
9350
152605
4026
17
402
0
6702
0
750674
826
414829
238
73644
127
839
29263
8
1596
64
854
350
1100
561500
0
0
2
0
40969
0
390
0
492
17706
775052
432027
0
82
167004
3250
39071
4533
4765
6293
18323
773881
831531
731198
112
907967
19582
429017
1118
19274
9
0
0
489
88086
0
374
1464
0
7
1459
428649
4
80
0
483819
0
119
465972
9581
7504
73476
4764
1909
8298
817
54
19199
31165
82267
0
7179
4782
0
0
7451
0
3
878
0
19
43
18572
9658
767581
884
485
23182
356
62
804
292
3
432369
0
0
6952
18000
284
726156
0
177558
0
458046
3
1
1422
50
1619
862
15
43979
11311
484461
6141
16329
2412
550266
2953
65
162
231915
23402
0
14
710
0
439469
434074
706
18925
4
166753
1110882
11536
93360
68050
0
495300
437406
468223
1
285
0
383
14099
0
1992
3
77894
4770
205984
547810
1720
10302
33622
973797
449163
910
34606
59
67
498926
631
203259
341
1259
1761
67778
254748
757126
1436
2508
1602
0
2
61
791
1108
0
780
116
70
12
81
41596
342
35069
387
435036
0
2
70
41500
1096
73
1852
67269
17878
1076
698391
30761
44
40
0
211372
0
36
1975
0
9295
0
1
0
134
14432
12
1029
827
242
733
433799
1421245
36694
4816
0
854
932
1
736358
0
793
0
3
0
140
4670
0
50
0
4
0
0
3628
0
765014
434
0
50
0
30
1
70
5363
644807
18018
336875
0
48875
1153
535
81801
175
282694
146
9
41905
42015
2
0
66794
21
474
8878
353
18286
4
20291
167
451994
356
9028
36
3193
1843
1546
1197
214543
154
231538
15996
179167
728292
7546
0
859232
0
215
3779
4
23365
0
343
51
1
35067
84007
78755
316
6224
112
68277
15455
313
1398
267844
278
12
477245
514362
267456
689
748177
796
123286
1352
78
285696
73745
377
0
278
414877
32
478898
46
160990
337
745300
6629
776
851
0
0
691697
1225
865
18908
451350
11
0
32
5
482470
6170
13455
138
1002
2
0
0
0
14
4857
408
3
625
3994
177
203877
423
0
97417
115
548329
0
77798
739259
0
931
278
82923
1597
1
0
41686
659
2
531
17082
211033
35
0
15417
151
680226
854
0
3955
0
0
0
5328
543009
45171
281801
0
75644
1373
459938
1136
439014
177307
1761
14933
474
83014
83332
709
122954
129747
72588
407281
82382
741822
1298
19104
473539
18643
0
289
1617
164
723746
463
40911
16659
15652
667240
147
91192
67569
50043
81760
24788
711542
32682
13940
2383
20681
76635
7813
17722
32923
31
129617
455469
18022
3262
908
313
123
66987
1
406
70888
497523
1420
3929
17
813791
44
43987
80659
1875
546719
1386
450288
520693
849
0
2
78025
42280
377
269
901
0
1069
0
67157
535
5756
0
1
123
571
0
292
0
172068
0
0
68734
70989
497603
1186952
463991
437960
6034
564760
29036
9
203649
253794
81477
1237205
562989
7
920
6279
0
767515
4
1501
67972
3
0
29491
0
1495
41031
429809
484497
1624
51
80849
1557
1437
3088
73409
2252
632121
467726
150
750
736
1320
5323
1537
450604
751653
48
952
538948
573474
518
0
973
2
1109
761
1
0
0
212189
4843
8
0
2
1
0
256776
37029
8
1181
2
43026
66759
440149
216563
41426
77
36604
2
806
850
211414
0
0
0
0
1365
0
952
119
2
1
0
0
1
0
457917
66840
278376
8799
485318
403
79321
128
6
772327
114
512
4
277497
78453
1111
0
0
66143
63
229
20244
735309
702
365
14209
213865
0
68080
0
408
5
84268
0
413239
5
436693
0
185076
71066
739733
345
170788
523199
180721
765970
562796
7693
178201
1
315
131
81380
0
0
0
909
292967
1
1
0
0
499196
901
201358
0
569555
703978
495913
0
435197
7578
562496
10202
504645
1822
208147
80
434
59224
54
0
76997
565933
1439
448
1
208092
58
0
10
1819
673546
7
204653
359
1
51
246662
15173
9
159179
0
4972
599534
2394
738449
42295
754
58
563267
836
7
7
0
0
0
1
562375
0
369
78160
5275
363
7
7
202685
1112
1373
19
766145
0
0
73
0
5203
1
3747
4
462210
0
0
68095
2
0
0
4944
9
0
812892
14003
1393
980
56
555707
27
2
6949
6
0
0
1496
14
0
42427
750625
986
611
15
13776
1219773
444701
9913
483239
202434
88
1712
975
1187
113
481
1485
980
18
78745
1563
2982
413728
136
977
9728
806
11
12440
10535
0
1413
443672
836
195759
0
482168
786
45758
856
2239
0
0
125430
506232
226
0
1
82343
51413
461304
72
30
8
79
0
20
3741
896
733
5
3
2
27
17335
41
9
773
936
5771
419060
672
937779
1758
454419
450603
0
0
0
0
337
751991
433099
2
3
43
2
113
0
837
1
119079
434626
20910
743111
1250833
918
843
54
179282
32
1680
2
755
3629
436792
0
927
43118
500634
293
1027
837
0
35622
2
214
1083
389
211167
15
82705
884
0
1279
209626
0
18490
12
0
0
4505
3
310
284
0
214417
4513
736647
0
5238
0
0
19
6178
0
211507
0
5986
148
0
0
0
1
2
0
1
0
2
0
0
9
165
734399
746
15352
265
1029
35715
414787
0
4568
0
562
0
44
0
1288
40
460893
0
0
2
322
836
789
42940
1
6236
488376
208
2
2
2
908886
4307
172002
42734
102
41417
2
758
0
754330
0
78
1357
0
37912
86
356
2
993
6
0
6
0
482370
1150
831
19
0
0
211375
55
18796
0
0
32
0
0
0
0
0
0
0
0
78567
35
0
370
0
201213
0
1276
9
81
1
793
0
365
0
464472
175833
951
0
67858
125
0
48
1049
1
3
2
67229
142
69372
0
0
2
0
0
0
0
0
0
11
0
459108
0
3
1537
14
13423
131
194343
448839
0
19
0
66840
2
86
3868
296819
0
8812
1
0
877
552190
391
0
7997
130
3
40477
641
128
53
78609
0
193
0
0
400614
1
955
5371
517057
0
26
765020
0
4
110
0
0
1727
40
636019
36140
4
2
0
743064
0
0
0
120572
534850
209612
0
455528
2091
2
914
355
6145
0
12
429
6
866
0
58515
85
66332
1
73
0
395936
63
16605
6683
514
4450
565
15171
28267
38687
4
733112
711851
1149
18149
420
1932
79267
1
0
0
366
14208
0
1
0
212866
833
14191
0
15
0
701
285
7
0
7489
68123
0
277
5
8448
298
2479
3930
299
645
468970
72202
199730
140
0
82925
1159
0
70731
0
224116
2
412750
403
140
0
152
2
833
436495
0
86810
0
0
844
54
453116
222632
0
620041
337
736514
23
60
19102
670621
66
138693
528892
279
29386
82530
0
408016
202
94562
4836
79311
384
443866
0
125875
18745
143084
0
765970
1
1
0
563274
58
3035
764799
7675
844
0
844
1379
559
184733
2
0
1
0
0
16447
459836
108
14174
0
0
133
0
19318
8435
706354
28
0
40
0
22
0
0
0
0
807
11
28
902743
15
480208
28448
0
292957
0
5
0
58
0
9
0
352
7
294
6870
433089
1
14831
1
0
0
322
1382
707574
0
10397
179197
815
7
454153
8754
5237
17
79362
196446
2
0
0
12
8
25350
13930
1200357
735195
679
3852
853
30574
25
488204
792174
14
1689
469718
463350
0
783
435594
744247
0
0
55632
1
635
203108
175790
562233
10485
58
491
508
382
17688
911
486037
722
2545
111
0
206838
1387
0
0
169
1
0
6440
5214
1
1158
0
0
40993
431798
846
42821
748825
101
133
79396
375
13
1334
2
583
95469
1301
109
829
787537
0
5
20096
467713
457243
1729
507580
15973
29561
5274
8303
594474
68004
1077
660
143
207434
19841
27
177558
67741
3
0
13
81
0
41548
423
80589
383
1817
8195
12
226
781678
369
3
7
54
0
1
0
204041
1270
501
2
481
4
540
2755
898
5653
186460
7678
0
1591
45
398
712523
204147
215470
7671
44575
3956
28773
1017
8937
1
2
4988
206104
67302
161690
1225
1593
624
210835
9139
3806
285067
2
629
80685
149706
519201
465629
801
30693
454480
678096
39566
67712
446556
2246
343
26833
851989
28
435008
78178
0
320
123
171228
1635
965
592338
846
920
14545
3
912846
3118
66206
427880
1274
0
573111
975
0
0
178659
780
433564
889
0
0
0
0
0
52
114
0
66185
301
0
68213
425
184790
317
1328255
262
7
1
689
203148
0
187
40618
78203
1429
1
6
5484
78375
100834
141
0
1
77521
832
0
38
458487
2
6
0
0
6955
0
272046
763092
202933
1076
444
2335
15
8250
86
419443
0
0
42380
2
126
2
16055
466
1213556
0
14
0
0
3
114
872
4657
543066
1542
39
292534
209778
0
266
1158
394
6461
148
0
1
0
789
1
4256
84
0
1
421893
2
1573
0
0
1444
910
468577
0
0
0
0
0
201037
0
365
463277
67864
216
67069
2
0
32
639
0
0
0
0
66811
0
124
0
5835
0
0
25300
0
0
41445
0
0
0
29124
0
42
29752
709795
74842
0
0
14031
0
0
2
4
2116
0
0
280
981
0
54
2
0
531528
29392
267009
384
0
2
1000
841
0
0
0
2
7282
0
0
469444
470322
0
9
292
1
277
823
4
822
0
12
0
791230
14
0
0
0
847
124
369
0
6367
0
0
58932
272
19150
808
751315
1365
0
0
4
0
985
1
612
51
648
0
2444
1600
680294
1
8941
4851
251
39
81382
479697
434839
757724
431471
170777
28949
14498
495349
573123
612503
0
0
68283
484334
132
243413
695
159634
403
457700
92
201795
1283
790
400
2743
0
62
2465
389
12
719
33
414210
1559
0
405
1162
3
0
111
952
516
28541
1582
31
729
273
0
1464
5
0
460892
824
280
4
81590
817
8
177
2047
2
3
458761
23
4321
169090
423100
1313
41287
198868
18
25
393476
1
791
1258
7
9028
1570
10
11975
12837
22680
93
8
78
