1291583
3426049
4520732
1549618
1875732
2242861
2818207
3751518
3058253
5809037
3693396
2754499
2585958
1337011
2534546
3039800
1741035
1226650
1724377
731057
1190251
1796293
1781873
2085672
1728319
3305404
4382825
1911781
1103787
2012027
3150842
1181359
3455595
978394
2851947
2672500
5054381
2914244
4729220
1801205
3798049
3966583
2997761
2714918
2060993
2101633
3980708
1076253
882107
2655609
500786
1235230
549450
1348855
786215
851985
1687206
2133989
2277995
2105751
2434485
1734028
2400606
707836
1626962
2325870
2728414
1395422
1347073
1274091
1685330
1046427
1797257
4522423
2683679
2102825
223462
604912
1801660
1283260
399327
1513782
2479447
794338
340063
1359077
1845425
2178171
641340
4385592
2362848
1549228
1810347
537394
3537432
2552707
3732778
873190
986541
1468205
3904808
2206519
3519473
814308
2754484
2298671
3513624
4085426
3670077
634050
3764821
1620475
2218959
1903791
1376166
212188
1694685
749214
906168
1463802
3453633
1230942
4169232
1640277
1465662
1644143
1867808
1451093
4648040
2408976
5561955
4255889
1803590
808293
3449817
1225058
2214148
2758823
4643865
2733648
2197592
984009
3194385
1631225
4191645
2288588
5560420
1847321
1869489
1695953
3435917
2341733
3560751
2186610
3574342
4644375
2445072
1860281
1599511
1142621
6174860
1497820
5897687
2306145
2371185
1988876
4212070
3264659
5843747
3566665
5969187
2654054
3192225
1690603
4621404
2823669
4271092
1854859
4643917
593445
1191675
1629216
1598568
1625732
3885659
3353886
5375785
2445507
2297409
567298
2774122
1494355
3236741
2545098
2524879
2304951
415194
2547955
3397764
1435186
2911467
1432332
2477790
1641277
271148
616164
690124
1329189
1763093
334696
1357201
554428
1796616
888011
1889348
858068
1141021
586696
2358330
1597820
360131
414767
2221730
1566048
3532558
3958317
2632284
1572542
2584290
2250799
1522689
1182700
3503911
2019883
5579391
2897914
2451293
1634487
2719481
1623407
3253037
1400917
1948206
868758
585480
1716890
2411816
627849
2686398
837432
2200220
2252790
1284247
1407268
952258
920157
