560782
2462484
4151210
1024193
3097566
1316822
3601287
3544851
2157246
4848207
3705686
1949011
3396627
650169
2379405
2196684
1290847
3886995
663837
1829718
1660777
1251903
3164648
1574112
2392979
3084432
7594763
2863097
1083109
2819638
4621374
1412027
2453732
2787973
3250788
2012722
3823381
5578090
3670350
2810825
4433684
5195312
3930251
1738263
1819413
1644750
4304572
2359721
1139499
3558524
1167523
1389972
1408467
1453046
932474
1578824
2473766
2758303
2456323
418543
1701415
1022193
2251214
478011
211718
880004
2804342
1660879
2610981
2103705
2588273
1255557
2278535
5600441
4130762
2100034
692367
697897
2124756
1147422
976865
1528109
2459124
1388166
1579920
1490967
1933331
2172840
971478
3518850
5472263
741183
2882978
437283
6290008
3098772
4443268
2257925
2049466
1414927
1917895
1349904
3448650
2250549
3538330
5805927
6883669
4837514
3294238
1664482
4475721
2050027
2423685
2837856
877533
1098368
1536526
2551587
1202612
489518
4068105
3052808
7461544
1133831
1791440
2076088
2781962
1482729
4770082
4038406
4639645
2920861
1869099
1216231
5937340
2999414
3056795
2789633
4072628
3922788
2718954
2722656
3106413
1193911
2336000
2552060
6889937
1327087
2627193
4122427
3457987
5956008
4492396
2042585
4569094
5949790
2259364
2209022
2749701
3069753
6702142
4553834
3448498
3698610
2409159
6632761
7926112
3542171
7757559
4321711
7336173
8243581
6160509
2330575
8149069
1898356
5417808
1400848
6200634
311165
1626634
944033
2959572
1867971
4155147
4049708
8328215
1899006
1275295
264800
3083124
2929219
2675374
4199721
1081857
3028892
102570
3025644
3825445
2154442
2028097
2666634
3419303
2170669
457342
1307604
509137
927399
958100
599390
4116923
125532
490442
323290
2166217
3016802
2329596
336900
3448104
1948145
1019374
322621
2082590
558428
2797505
2434470
5113340
2634014
4974781
2614265
2040712
1696787
2700437
5212542
9544660
3748614
2085561
1771305
1528252
1250726
2019400
1324960
2064135
406410
1235982
1061086
2973193
55478
2298851
1477200
2991582
3197144
1059821
1970590
1854925
1353359
