155177
315593
159101
74738
164945
187882
91336
790302
216278
1980780
449759
517078
179320
347079
533702
198180
191962
461870
187117
41603
236756
317648
251398
485080
105953
341141
66491
44289
612784
614226
1074536
218325
1733524
140261
466563
116653
563783
1182093
1558586
384470
261496
1111214
463647
551049
129388
771262
321721
292875
348369
1331899
145548
570401
66538
300450
357820
384343
340236
653221
1044908
121048
586172
793131
228354
214412
35172
5158
215337
605850
66143
403538
802
104931
254888
39128
185537
61348
19249
68163
6929
17493
71021
35354
543928
31321
39294
38447
79558
383330
336041
102197
740499
82741
226769
165756
563852
125756
399422
341
32227
96508
269087
499501
4155
341740
514148
431125
1089881
665238
521423
44220
711804
274095
26607
477416
226020
70530
16341
346743
78669
322955
398309
536372
1017828
234919
69266
77181
296088
260458
418424
282160
1810579
457260
72718
25246
19320
341554
401465
105272
734660
769434
604059
112920
301317
43815
683852
557606
2096853
34100
536704
497898
870390
583644
527821
448577
624285
1240224
215460
456739
90678
96839
1053707
104656
465040
434568
1181224
495761
1226423
246268
962570
406763
550940
746180
48778
113941
831578
329988
244716
226432
437107
91081
174875
299826
68089
607997
850808
357631
1225979
287723
129710
141119
71728
47131
61744
123709
281653
124603
109941
435096
943323
206919
68461
177096
61945
46540
135535
122490
135109
658933
124691
11953
110314
13522
359042
370565
80617
32266
20172
29682
451029
236082
126749
58049
118547
360215
369146
429642
138664
85338
359180
490154
522782
7286
419354
164113
775345
50958
213444
29182
836180
18607
28703
373313
241455
262145
21828
644420
208595
37045
213118
453549
898192
131177
223373
196845
134642
151191
40211
235770
59149
81248
28181
518069
331737
113809
105059
925070
184300
165482
16226
12134
1173016
96919
297970
34903
112173
53057
254330
8343
553678
109150
63531
221338
254100
236235
21771
3861
145625
126752
830458
116881
134744
200565
2179224
1274257
226384
175423
363780
590541
306581
165589
445610
46499
1080887
34726
47183
48447
66940
90
88043
111629
51165
13522
34239
340207
15198
234344
53931
67982
261090
203786
41489
21431
61387
32102
59097
25353
502992
6159
211688
1220612
135086
260761
39504
14272
456021
51210
37430
45772
30856
22275
7438
214114
456527
106211
66603
63625
642367
3650
26014
23786
496387
186133
43726
20189
265943
118778
246040
14204
1829200
22951
550165
776555
514054
233731
79441
1480
370072
51382
128105
1069146
135290
18950
9392
11839
98299
117891
824722
144386
800468
57104
108439
495957
253981
137534
759889
70626
622759
71098
36414
17705
120922
91843
71703
527735
109576
70735
76567
8480
222798
32620
633595
141694
807060
37560
8755
13839
554756
13468
53890
130898
860949
1128458
8686
87635
261457
56756
1068962
44576
556451
547330
295352
186616
32928
1274940
1075026
375854
303255
578904
1621039
77996
674212
641197
1255480
37500
1235833
20712
1576
5377
76882
76979
785605
1020940
304017
416833
659267
80191
472198
59907
61773
957975
40122
126879
96116
20898
1444137
13102
384215
98791
73969
91343
48862
14733
125381
560
553236
73966
22658
62761
289
682
357280
16130
74673
107960
114430
168488
52180
98122
546859
302938
162841
764476
246276
855148
506835
92434
90149
182473
362712
214069
1225327
486165
188741
110267
191135
469799
469186
39563
111176
18384
15583
154555
753783
13433
581279
83521
91881
60733
116378
443492
109329
343896
218268
435741
1465530
998186
637719
113204
107974
408371
1973714
498396
1650471
208556
1001790
374692
300512
1518129
354482
40228
140892
7562
46530
1138
194705
14593
299634
523436
936912
242330
145461
73787
289402
204438
206262
186173
429828
329021
471853
23108
441625
182910
1259924
1173087
867172
323659
339449
199290
1216397
36156
163248
268050
108658
372276
22227
325826
286295
120786
575006
277209
188211
654970
180101
8014
179105
211084
232864
422131
1036296
564975
310160
450391
267169
153733
653274
2412464
852203
1134587
89381
44158
99621
315119
18681
219875
866875
352717
59455
326782
68274
143408
12347
1786872
123077
90128
9379
22326
614275
641368
966817
243577
432450
74106
984705
78749
256340
18501
214281
337512
137647
1976873
1344774
97351
1377394
900649
910298
11958
249705
77469
679343
19772
205119
395432
266925
88869
95017
143011
301365
5881
177177
247326
505056
814204
963201
2553125
361848
58029
353459
148573
485023
467400
2201587
95151
120535
303215
435726
435514
650452
113661
1361807
129213
53936
59816
45136
631583
853099
474696
1071260
876960
975151
713302
204543
392362
1883690
138835
1747723
214831
413388
101467
1507534
686468
1382655
391024
784440
302675
336151
311026
617855
578234
1028700
587318
441672
202136
212896
131957
68265
270571
842938
495982
661984
376626
241989
104015
679510
707623
1887825
389942
402835
840546
5560
534504
147465
254008
924357
598009
1267245
163708
19633
157892
138828
87710
78306
26660
234057
190720
117094
104748
473561
51167
47559
97309
82400
88575
38777
77607
832929
84558
1957012
285042
908822
196529
541053
884868
475284
68824
661838
576195
986332
237780
843665
47966
498476
141062
835514
152802
306608
201242
211638
3386
252939
91446
73965
42785
133877
1330572
69432
164252
278808
355747
301313
253208
1492467
138444
51266
472174
28859
1221932
163456
290742
105298
628690
1209178
375670
156308
25540
17314
48411
146549
9933
146994
216840
264398
466278
62440
36677
1451513
1010973
21479
73744
685895
154527
199848
16393
984625
424180
161963
10750
607441
117901
174269
282730
1031023
296754
85581
127382
112960
26243
33279
60313
33332
118599
84238
105007
49911
146113
74125
113131
164003
91080
90482
45737
1028191
77503
110536
544014
67238
88045
62774
53082
8474
34874
184584
184707
259557
154284
14652
138062
63524
204043
29849
296503
389152
155806
30271
215339
172408
102656
35221
160261
575365
327522
93583
25982
158086
43648
120691
4012
52722
72429
128298
225
85207
38029
939959
247034
580980
143477
619560
17923
74145
45853
142006
14309
38848
22693
9653
305
70810
167884
554296
106663
385446
529633
151168
358535
91860
368716
1457653
101636
942669
126515
73229
156559
1514432
133680
196340
26794
591460
877305
118094
331646
739624
69894
292512
369667
790722
348116
859304
28830
543988
59715
299693
292683
118959
482831
51421
33483
40882
186852
845867
635167
491186
106420
351835
17537
523882
84477
571867
1544890
1222410
218058
258774
184176
261480
192638
996597
91960
861562
90422
141222
312891
103191
81539
872038
107897
282251
453891
465724
234493
358903
53949
176534
305697
456831
683636
10655
109840
7891
464389
258285
37962
384039
53951
42513
90812
44430
495575
54440
47004
417401
154814
399458
45125
188073
214150
108796
16931
1264593
265151
448
17326
83789
222706
144196
409968
403291
114642
395754
24896
111564
58153
640830
34986
579579
109831
801235
452712
193993
484337
281732
27711
91632
191638
425044
55066
441021
182953
204937
10949
250566
421715
183868
300560
365994
108857
