143071
359403
306838
108741
231628
535268
420662
1068042
617596
1886804
1045885
531924
127492
228060
469629
179115
188930
1309034
422431
261459
253404
440907
517242
777400
615139
1551086
981084
187319
686086
804710
1149204
396077
1256604
388823
468427
496782
479103
1317726
1282293
631742
494371
1742469
666253
569005
228172
1485009
527157
359100
430968
1991377
137301
605439
137793
247210
185814
499916
368302
592625
1191040
101812
478268
497769
178362
202491
33724
141986
207266
488814
619268
360824
1207214
659887
264747
69260
384711
195511
130305
108682
866877
395459
852914
121072
525015
96851
126552
157486
316817
496446
252821
563336
1081079
205478
372914
270351
1027603
352423
818967
243240
234047
899564
232522
677044
326355
1116430
600740
1586170
2008455
985736
669281
111002
1029920
176914
107204
569581
221893
105048
91635
1163042
121509
350611
1277866
422575
1680460
258406
219771
220633
323457
247820
521348
457986
1140539
332591
812967
139614
194787
955067
436439
268043
1443688
1312918
701695
130936
694028
464445
703918
408993
1796376
115021
675948
681118
1329706
690493
732464
447870
1262190
1114989
865939
481863
388503
570900
1085581
459244
577500
1017111
1134879
500584
1421823
527265
1083099
363762
818401
980135
654234
286415
857471
289380
995517
235350
599952
171547
282772
221895
887768
482831
714383
457534
1579607
282597
187725
124868
936651
986675
144024
661901
587599
362944
427683
1066959
1024644
312145
139536
445423
236885
117796
136567
191692
201687
660114
140081
140918
696470
58546
364027
227016
419548
879560
60314
156781
713304
190691
142800
62171
314933
414160
867534
511321
376025
492012
1142426
401290
589399
249465
876922
488743
1032154
331025
161196
125418
649984
104604
305384
263325
1085905
288140
64428
464044
159216
59233
323732
381589
1057019
123034
474000
148819
230587
275030
71031
377446
242495
73875
121195
650390
517588
161543
167067
710810
858028
1117796
92258
112441
943407
69812
282128
588070
92471
828880
644573
23667
387713
203774
117753
168049
1210445
536903
76854
108315
754922
306045
627260
720752
228398
491794
1893811
1207792
315767
262541
1061893
470169
464888
194769
550291
148717
901269
123759
299589
191739
283730
44303
126781
75757
155629
116090
178275
1131333
330135
194290
384717
81591
450845
248888
295437
88358
883238
61085
847813
129045
534941
78034
840527
1115116
144113
289248
174989
85320
314337
135308
229905
222191
623682
174505
121842
150143
428821
107953
148614
528079
587408
61220
170740
86571
630491
292250
192086
332965
240815
210933
811680
90603
1960109
96884
1023272
959277
602131
202530
292837
19115
298225
103093
629206
1254210
311607
219292
206996
56730
166211
206550
1193827
590051
1500835
163564
239535
608933
302777
307192
988615
1063473
585357
161744
53817
411434
824166
154378
169509
817337
155137
239608
272848
355967
656400
120060
597367
172115
505282
855014
44305
117746
683202
92023
128277
332175
1023534
1456037
233327
60433
1012023
132351
1041319
660342
592099
1013298
473070
1692029
1180502
1594838
1256542
409131
746938
1383376
1649125
359177
753850
326367
1182190
82342
1538326
142037
52313
114807
162727
176037
699280
1389948
869790
264977
526573
99020
502725
71012
112933
1085389
142352
956159
77426
469367
1472442
75404
354459
253540
226053
749549
102012
305902
147315
92767
578389
424232
867325
153211
72387
73054
366351
901272
146835
157398
195625
117859
108131
109849
594697
353288
213672
742255
1801372
935208
441374
612343
160933
212841
626261
1772608
1532452
738572
314560
278137
194034
386197
679700
304840
247457
197380
65773
284489
1030756
145401
601533
548632
218145
266644
199029
435320
237264
335784
250752
1139472
2148260
727341
585692
208979
1617685
545896
1388317
671291
1289510
358092
954566
498538
274867
1038695
358686
851095
179703
59156
157112
219460
375277
462950
1256960
521833
1696644
171360
136530
679961
1050776
187620
357209
935994
1303640
467594
495312
192464
1121311
410559
1300453
1010143
1118598
658501
1061698
50068
1209884
985631
914499
581569
331433
435850
389817
1272689
577307
208149
1449930
554461
930846
554297
856383
81285
420060
459757
203132
717265
1597278
589590
240550
365515
217536
243289
487836
1980232
866142
947793
406001
243438
571867
463120
99093
956582
830788
251465
916677
374290
391087
472049
453713
1521269
325624
198678
905471
216228
823782
655020
1225738
815633
394047
179068
816417
105418
486312
130067
817738
1738703
352595
1638441
1517508
354078
1765656
871739
1423499
169677
935351
221065
1685169
171175
261215
437017
367356
146255
1092483
247280
733671
245294
724724
329969
1399163
840663
1064290
2083619
405419
428047
1272817
803601
584508
844654
1619625
242669
1086657
386281
1284501
883637
775942
150780
1334308
275681
570543
999459
130564
1061728
1545922
531670
2087726
1256538
1167513
1760691
261605
787859
2005562
1011324
1651022
1021340
521532
318666
1270092
673120
1902604
611063
1287421
729660
908138
469085
1827213
510716
2087456
624597
777627
238454
244173
342621
259919
649138
2176675
555857
1280396
402592
159878
265659
529093
588422
1796704
1605804
519007
1156035
96999
617614
160616
167321
613643
1131812
1482988
357783
75354
142983
313877
155278
141817
183922
315814
150744
343993
127402
425564
152906
814298
212953
252704
202077
151835
54364
945885
283600
1458319
351819
1848000
579773
530961
1225228
340100
496379
798292
1025897
1805679
350951
678138
81691
427461
75055
381665
121893
402114
292467
100176
68674
272338
146702
256816
106096
1087179
998731
196604
184354
1016294
367872
454550
385247
1391073
97434
1248486
596949
775751
1267771
440787
447742
282546
595622
1992945
232384
568794
73738
43018
101895
222557
352172
543082
417004
826100
582571
207659
116554
1295278
1093747
106145
135273
691651
123582
214764
57823
666136
540941
160122
669005
841412
1005216
291848
370953
995480
668348
164414
194835
402571
768612
112322
70304
187481
106970
382953
294817
202558
110852
251780
106383
278458
193354
227443
89420
838215
218375
235254
505335
168324
78440
84416
406781
76821
266498
477501
516836
801364
295088
108364
37505
82695
174588
146994
293004
412474
188250
86396
129716
190707
108397
122800
349179
796510
250893
966409
63718
971211
159822
569154
53545
513637
115168
272038
67060
170350
97540
867579
659400
835177
268057
471815
21920
134181
49468
138798
101981
118417
102893
42508
21846
69945
173970
859541
270507
405081
506236
238038
451741
285981
322816
1365687
600858
922736
193838
177769
236468
1357980
145107
1877494
293460
877366
1515939
208166
1572378
858411
353224
1033952
336652
651390
441106
847886
358888
359668
758724
214275
229924
180893
690134
485076
254698
193510
544464
1264676
781861
479375
598341
409443
258532
1557547
1187651
1452728
1405125
1685672
625922
529904
383134
984799
418614
820510
102180
680446
136235
214397
373616
172664
130415
652417
195589
260379
317267
325457
98999
481429
119924
278403
538668
520544
395475
117782
218197
58184
504552
379495
849571
384338
308794
163836
352125
168239
466685
129563
86613
212802
41422
264202
89198
310198
229246
231419
80810
1470664
167734
59922
83065
189563
248523
549416
315819
543048
986599
351591
87965
229396
521258
829442
131634
809873
901348
590088
407532
158008
461473
368703
210265
190689
373944
240536
78801
489406
230919
1216691
154802
311691
230393
275092
272776
429892
294468
