5832196
9337320
9866372
7832900
9644406
6127594
9640397
5855469
7166961
6724251
7487151
9581437
3303847
7775476
8061906
1924525
8430554
7014525
8216817
6766454
6359588
7425581
7441537
7061885
6909156
8190118
9833056
8924032
5865318
5153157
4554456
7679608
11837687
6715947
8415808
4651470
7624885
9590861
6790690
6355847
10456358
6289953
9862072
10397104
6704008
10207855
12619526
7078029
5771834
8203361
4463280
1826920
6800455
5776947
9985414
3983402
7120978
9158959
10041025
7794315
4394007
3406730
8880596
2130692
