8615188
8485978
12150082
7412652
4018117
5451710
9129168
5687523
7881391
11546005
10576674
7413427
4262576
2968817
6510242
5766936
6305948
4236475
8915598
3180280
4266903
4456286
7238593
6450231
5523492
8435338
10315764
7694820
4475540
3860857
8246643
5072834
13423952
5621037
9835412
6489371
11134756
7446427
11109476
5793247
12595614
9442098
14057691
9726933
8698106
4779889
12064097
6017458
8371078
5994566
6564013
2454879
3269936
4303809
4549304
3770645
9426305
6117085
10941806
6782695
6000667
4320392
6503654
3907805
