3263627
6241348
5589041
4432517
4326370
4552146
7387875
3804169
5842009
6146265
6996681
5377233
4493519
3061735
5881068
4041026
3884419
5045754
5553125
3960254
4284927
2638630
2895444
5446549
4899241
4491874
8285690
3505333
3465798
3723040
5690386
3869552
6477074
5223757
8248217
7017353
6786508
4669468
6907566
5322953
8237557
8794979
10154413
6201709
4715296
2981007
5779192
3128091
5965814
3606788
4228485
2109962
3088805
3444976
4041748
2216345
8057673
4305254
8032489
1566490
3272428
3060572
4674685
2786595
