6
1
0
2
0
5
0
23
5
17
2
0
0
1
5
0
0
1
20
0
0
0
0
155
8
0
0
0
203
0
33
11
10
17
148
0
103
279
284
5
1
1
0
59
0
3
0
0
0
0
0
0
0
44
1
0
4
219
1
1
0
1
0
0
0
0
0
0
152
129
0
0
0
0
19
0
0
36
0
0
0
0
2
0
0
1
1
11
0
0
0
1
0
155
75
0
0
0
0
38
0
3
0
0
0
0
0
1
0
0
4
0
0
161
205
2
0
242
2
4
87
161
33
1
0
12
31
0
12
273
195
13
0
10
0
17
0
149
54
151
1
1
0
0
0
148
2
154
1
62
0
249
0
98
0
377
32
3
2
0
43
59
0
2
7
102
195
153
0
5
1
0
0
4
0
59
0
0
0
0
92
0
0
152
0
0
0
4
0
0
8
0
1
0
168
0
4
194
319
4
0
30
0
0
0
0
0
94
0
0
0
0
0
44
0
0
1
0
105
1
0
0
0
2
0
155
0
151
0
11
222
0
3
5
257
0
147
0
0
0
0
107
0
1
1
182
1
0
0
1
0
0
0
64
1
157
0
0
16
1
0
0
0
0
1
2
0
0
0
0
256
0
152
0
0
0
8
0
121
0
0
0
0
0
0
0
4
0
59
0
4
0
0
0
0
0
19
0
0
0
0
0
0
0
0
0
2
0
36
0
147
0
0
0
0
2
0
0
0
0
0
0
0
0
0
30
0
0
2
0
0
8
0
0
0
0
0
1
0
0
0
0
1
0
1
0
0
0
0
0
22
0
0
4
0
19
0
0
154
0
11
103
0
151
1
0
1
0
6
0
0
0
0
0
0
155
211
0
103
0
0
0
0
0
3
0
1
0
0
0
0
0
2
1
2
0
0
0
7
30
0
0
30
0
0
0
8
0
0
0
0
0
59
18
16
0
0
2
403
0
1
0
0
2
251
0
7
0
165
0
1
0
5
0
11
0
0
0
0
0
4
11
0
10
91
2
0
1
0
0
0
0
150
0
11
0
206
2
0
0
2
0
0
0
0
0
0
0
1
0
241
0
0
30
0
2
0
0
4
0
0
125
4
4
160
1
0
0
1
104
105
0
0
0
0
1
0
0
0
0
3
0
12
0
3
0
30
0
4
85
1
11
10
2
0
0
274
0
0
1
145
30
166
0
16
0
2
35
0
0
0
0
0
0
10
0
0
0
2
0
0
0
18
0
1
0
1
160
149
0
0
0
3
0
242
2
72
176
145
1
149
15
0
51
125
0
0
23
0
1
0
102
0
0
0
0
22
3
0
164
0
45
0
104
0
258
0
481
1
154
0
0
0
1
0
94
0
66
2
1
0
257
0
2
0
0
249
0
0
0
30
0
31
0
69
0
0
0
2
220
0
150
37
262
0
0
34
0
151
0
0
3
2
30
0
59
88
0
0
0
60
45
352
185
0
58
1
0
0
0
36
0
1
0
161
20
0
0
269
0
0
1
95
101
31
109
127
30
1
154
0
0
294
1
152
2
4
0
6
0
9
1
38
5
0
58
99
83
0
0
0
0
0
4
0
4
2
32
153
25
0
0
64
0
0
2
0
0
55
0
2
0
0
0
2
0
0
0
16
0
0
0
92
0
10
0
1
0
0
0
0
0
150
0
153
25
13
0
59
1
0
0
144
0
150
45
260
0
1
0
0
4
30
0
0
0
0
0
0
0
4
0
4
0
0
0
0
1
0
0
1
0
0
0
0
0
148
169
0
0
0
0
1
0
2
0
4
2
0
12
195
0
3
59
243
14
0
0
84
0
0
0
0
0
0
0
0
91
45
0
0
0
0
0
0
0
0
0
46
0
2
0
0
0
0
0
0
2
0
1
94
1
0
0
0
0
0
0
1
0
0
0
126
36
0
0
0
0
5
0
16
0
0
42
2
0
0
0
152
0
0
0
0
0
1
0
0
0
0
0
0
147
106
154
0
0
0
0
1
0
0
0
0
0
0
0
1
0
1
0
22
0
0
2
0
0
0
0
2
0
0
0
166
0
0
0
0
0
0
0
0
152
152
3
89
0
0
0
105
0
0
2
0
219
0
0
0
0
1
0
0
2
10
0
13
0
0
241
16
0
6
0
0
0
149
2
2
0
0
0
3
4
101
0
10
0
0
0
0
0
0
0
0
0
0
1
0
107
17
0
0
0
0
0
0
1
0
0
1
0
34
0
2
146
0
0
1
1
0
0
0
1
3
30
0
0
90
0
0
0
5
1
152
10
4
0
0
0
1
3
1
0
0
64
2
0
26
0
1
0
0
140
10
8
0
7
0
0
20
0
0
53
16
0
0
0
0
0
3
0
0
0
0
0
0
13
0
65
30
3
1
0
150
1
86
0
0
1
0
0
2
31
187
31
1
0
0
0
0
0
0
0
0
168
0
0
0
0
0
0
151
11
262
146
0
0
0
0
1
0
0
240
0
0
0
0
0
0
0
0
0
0
0
0
0
0
8
0
0
0
0
0
1
0
164
1
0
0
88
0
3
0
0
0
30
6
0
3
0
2
0
0
1
0
10
0
0
0
1
0
0
0
0
0
4
0
0
0
0
3
0
101
2
0
143
4
0
0
0
0
1
0
160
0
2
0
91
0
11
0
579
0
94
7
257
0
30
2
0
0
0
0
0
0
125
0
2
19
0
0
41
1
149
0
7
0
0
0
189
0
0
0
2
0
0
0
0
0
70
0
453
0
0
0
0
0
0
0
0
0
0
1
0
0
0
2
0
0
0
0
0
0
0
1
36
0
5
0
0
0
0
147
154
0
0
0
0
0
0
0
0
0
3
94
0
0
0
0
0
0
4
0
0
0
0
1
0
0
0
0
0
0
3
0
10
0
4
0
26
0
5
0
0
0
0
0
0
0
0
0
0
0
15
0
0
0
0
0
0
0
0
0
0
30
0
9
1
10
0
0
0
0
2
0
0
0
268
5
0
0
0
0
0
24
0
0
8
0
0
0
0
0
1
0
0
0
0
94
0
0
0
0
0
0
0
0
0
0
0
1
0
0
0
0
0
0
0
0
0
0
0
0
0
0
0
2
9
25
29
0
74
0
0
0
26
0
0
0
29
1
0
0
1
0
1
3
73
0
0
0
0
0
0
1
1
0
0
0
0
0
11
0
37
0
0
0
0
0
0
0
0
0
4
0
0
0
1
91
0
1
0
0
18
0
248
0
149
0
11
0
0
0
0
0
258
262
0
0
0
0
173
0
0
1
0
0
0
106
1
72
1
0
0
0
150
0
6
0
1
0
0
0
0
0
0
242
1
0
1
0
2
1
0
2
0
4
0
0
262
0
0
0
1
0
0
0
0
0
0
0
0
0
0
0
0
0
0
0
0
0
0
0
0
155
0
155
152
164
0
0
0
0
25
0
81
178
0
0
56
0
0
0
89
0
0
0
10
0
0
0
0
0
0
1
2
0
7
0
242
0
0
0
0
0
0
1
181
0
0
0
0
1
0
0
4
0
32
1
0
0
0
0
0
0
0
1
0
2
0
2
1
0
1
0
72
29
32
0
5
0
0
1
1
0
0
0
0
0
0
0
0
0
0
0
8
17
0
0
30
0
1
87
31
156
0
0
31
0
32
0
192
0
0
0
0
0
11
0
0
0
0
0
0
0
0
14
0
5
0
0
0
0
0
0
0
0
0
0
67
0
1
0
1
258
67
0
262
0
10
0
147
59
18
0
0
105
13
0
0
3
0
0
0
0
11
1
12
257
0
2
0
0
1
156
247
0
1
0
1
4
1
0
0
0
0
20
1
0
0
0
0
0
260
2
0
1
2
0
251
0
7
0
0
82
7
131
8
0
0
1
2
11
259
164
1
0
0
0
0
0
219
0
151
0
0
12
0
93
413
4
8
0
0
0
0
0
214
0
78
0
0
0
0
0
0
0
0
0
0
0
149
0
0
1
0
0
0
0
0
0
4
0
158
0
1
255
10
0
1
1
22
0
10
0
104
0
163
35
0
153
0
0
147
0
0
0
2
31
2
0
0
0
0
0
1
0
0
2
0
259
9
0
0
0
4
0
0
1
0
0
0
150
0
0
0
0
0
0
262
11
3
0
0
0
0
0
245
151
0
2
1
150
0
100
1
0
0
0
0
0
0
2
59
0
0
0
0
0
0
0
0
0
0
0
0
0
1
216
1
0
0
0
0
1
0
0
169
0
0
0
3
0
0
0
0
1
0
0
0
0
0
0
0
241
0
0
0
0
0
0
1
0
30
0
0
0
0
0
0
0
0
0
2
0
0
0
0
0
0
0
0
0
0
103
1
6
0
0
152
158
0
0
0
0
90
0
192
0
0
0
168
0
80
16
89
0
30
59
59
42
0
0
0
1
0
0
0
0
102
0
151
0
2
24
22
0
89
0
13
1
73
109
4
1
10
22
146
0
4
0
0
0
0
0
0
0
59
4
0
56
151
1
3
0
2
37
0
59
0
0
0
0
0
0
89
0
0
0
0
0
0
0
3
0
0
0
2
0
0
11
14
1
0
0
0
0
0
0
4
2
0
0
0
0
2
0
174
5
25
0
0
0
4
0
1
0
86
0
1
10
1
0
3
1
0
141
10
5
3
15
12
4
1
0
0
171
9
301
59
2
0
43
218
1
0
282
0
36
0
0
0
0
0
0
0
4
2
0
103
2
483
0
56
2
29
2
0
0
103
461
6
4
0
0
0
0
169
32
0
94
0
0
0
2
150
6
2
0
108
183
1
222
17
0
1
16
0
0
0
4
4
0
0
0
0
0
0
0
0
31
0
0
1
0
0
0
10
0
58
0
2
0
0
0
0
0
1
0
0
0
0
32
158
1
0
167
1
0
0
92
0
0
0
0
0
1
0
0
20
0
11
0
0
0
2
0
0
1
2
1
0
0
2
1
1
0
2
0
0
150
11
0
179
1
148
1
0
0
0
0
0
0
0
72
0
1
0
29
432
0
34
162
262
0
0
1
295
5
42
146
0
4
19
2
0
57
0
16
0
1
0
176
3
144
2
1
0
0
0
1
0
0
149
1
2
13
0
80
0
0
0
0
48
2
2
2
0
0
125
0
16
0
0
0
0
0
0
0
0
0
23
0
2
11
0
1
241
0
0
0
0
8
0
0
0
7
112
0
0
0
18
0
0
0
0
1
30
0
152
4
0
2
0
1
2
73
0
2
0
11
33
88
0
249
0
0
153
0
314
0
89
0
0
0
0
0
45
59
3
30
0
1
0
0
0
104
88
0
157
2
263
354
2
0
0
42
2
149
2
0
479
0
0
1
0
0
0
5
154
0
0
0
0
2
1
0
13
30
0
0
0
16
0
0
1
0
0
257
0
0
0
0
94
0
0
0
0
0
0
31
54
1
0
1
1
0
1
0
1
0
0
0
0
0
93
11
365
0
0
0
0
0
6
0
0
4
0
0
0
0
0
0
0
0
249
0
0
0
89
10
0
3
247
0
181
0
0
35
0
1
0
10
35
0
0
0
0
0
31
31
12
0
0
0
0
0
0
67
2
67
0
105
0
0
1
0
0
1
0
22
0
0
1
10
0
3
259
0
220
103
260
0
283
0
0
149
1
0
158
10
25
104
259
145
31
0
1
259
9
1
0
0
0
0
191
1
101
0
59
0
0
0
217
1
15
3
0
0
0
0
0
0
0
0
0
0
106
155
0
2
12
0
30
0
0
0
0
0
0
0
4
0
59
151
98
0
0
0
0
0
0
0
1
0
0
0
0
0
0
0
10
143
67
1
45
0
0
106
289
0
228
0
279
2
151
478
34
0
0
0
0
0
58
2
0
0
1
0
0
0
4
0
3
1
1
1
177
0
0
1
377
263
89
8
0
0
1
0
1
0
0
3
0
0
0
0
13
151
0
0
18
0
4
3
56
13
32
147
0
0
0
0
156
269
1
0
0
0
2
6
5
0
0
0
0
20
0
1
0
93
0
3
0
0
0
101
404
36
5
0
31
0
0
106
1
22
11
103
260
0
0
30
260
0
12
0
67
0
0
154
0
0
0
1
10
0
1
0
2
102
154
408
0
0
0
0
3
21
411
1
0
0
2
1
11
0
146
6
6
0
1
0
220
32
0
256
11
64
1
10
263
0
28
1
152
0
13
2
19
21
36
35
35
2
3
2
0
0
35
1
0
58
146
1
3
42
58
1
0
0
98
0
0
1
0
258
0
163
0
1
40
0
2
10
0
1
0
0
0
0
0
0
0
0
62
0
0
0
0
152
0
1
20
4
223
10
1
0
34
0
39
0
69
287
0
62
172
0
0
0
0
0
0
0
0
0
12
0
0
0
0
162
0
0
93
4
13
156
354
0
0
3
0
4
0
6
0
152
258
0
0
0
0
0
55
0
0
0
11
152
2
0
0
2
0
0
0
1
36
0
194
49
10
0
224
59
0
64
14
4
2
10
0
30
0
0
0
0
0
0
0
1
0
0
16
0
0
0
0
0
0
0
0
0
0
0
0
0
91
0
1
0
0
0
0
0
0
10
0
0
0
0
0
0
63
149
11
0
0
0
0
0
0
2
0
0
1
0
0
0
0
0
0
0
152
0
0
0
0
4
150
0
0
0
0
1
19
151
1
1
0
4
25
0
333
0
107
5
0
0
59
10
0
0
214
4
0
0
1
0
34
0
1
0
257
1
0
0
38
10
1
143
0
0
0
0
208
0
22
0
150
0
182
0
12
0
270
0
0
0
58
4
1
0
235
0
0
0
0
0
104
0
0
104
0
0
0
4
149
57
99
136
0
4
0
31
0
0
2
0
0
153
0
0
0
0
0
0
0
0
0
0
0
12
147
2
0
0
0
0
4
0
0
0
0
0
0
0
0
0
6
0
191
0
1
4
2
0
0
0
0
0
0
0
0
0
0
93
0
0
8
1
0
5
12
0
0
150
8
0
145
354
0
1
0
1
0
0
0
0
0
0
2
0
1
10
0
0
0
0
13
247
60
30
0
9
151
0
170
1
4
1
0
0
0
0
0
241
4
8
0
321
30
0
0
0
106
0
1
0
0
0
0
1
0
0
0
0
2
0
0
0
0
0
59
0
0
0
2
148
2
0
0
0
0
0
0
0
0
12
13
154
43
0
4
0
152
0
1
0
4
0
0
0
0
59
247
0
258
0
14
0
11
2
0
0
2
0
0
0
30
0
25
0
166
0
0
0
1
0
0
1
1
35
0
0
0
0
161
0
31
243
213
0
1
0
0
0
10
0
0
0
2
0
0
0
223
1
2
150
89
59
45
0
0
0
0
98
64
0
5
0
3
94
0
0
4
4
2
0
0
0
0
10
0
0
0
0
1
0
30
0
0
0
0
0
0
0
2
0
0
0
0
59
45
0
0
0
0
0
0
0
2
0
0
0
152
0
0
0
1
0
0
1
0
0
0
0
0
0
0
0
0
0
0
10
0
6
2
0
0
0
0
0
0
0
0
0
1
0
0
89
6
0
1
0
0
0
0
1
0
0
0
67
1
149
0
0
1
0
0
0
0
0
0
0
0
0
0
0
0
0
0
0
1
0
1
0
0
0
0
0
0
91
59
0
30
0
127
0
154
16
0
0
36
0
0
0
0
0
0
0
0
0
0
3
0
0
0
0
0
0
5
0
0
0
0
0
20
0
0
16
24
0
0
1
0
0
0
0
0
0
0
3
39
0
0
0
2
0
0
0
0
0
0
0
64
0
306
0
0
0
162
0
1
0
0
0
242
0
0
0
0
0
0
0
0
0
0
0
146
56
0
0
0
0
0
0
0
1
0
0
0
2
0
0
0
1
0
0
0
0
0
0
33
0
0
0
11
0
0
0
0
0
157
0
0
0
107
0
1
4
0
0
0
155
0
7
138
11
0
0
0
2
154
0
1
0
0
0
0
0
0
3
1
0
0
0
0
0
0
0
0
0
0
0
0
4
0
150
0
0
0
0
0
0
1
0
154
0
0
0
0
0
1
0
0
0
0
0
1
0
0
1
0
19
0
0
0
253
22
1
1
0
0
0
4
3
0
0
0
0
0
2
4
0
0
0
152
25
1
11
2
145
7
27
62
262
0
0
4
0
107
0
2
0
0
0
5
0
0
87
0
0
0
0
0
0
1
33
323
93
0
0
10
0
0
0
0
0
0
0
0
0
216
0
154
15
1
0
4
0
0
80
0
0
0
16
0
0
1
89
0
0
0
2
152
0
0
30
186
0
89
59
3
0
59
90
0
0
0
5
0
38
0
0
257
0
0
0
0
0
0
105
0
0
0
0
0
1
27
0
10
0
12
0
0
0
0
0
0
1
219
0
0
143
0
0
101
0
0
0
0
0
0
0
0
151
0
0
0
0
148
3
0
60
35
0
0
5
2
1
43
0
2
0
0
0
236
0
11
2
0
0
0
0
195
0
10
4
0
1
0
0
107
0
6
0
0
7
489
2
257
14
29
2
1
144
0
2
0
0
16
0
0
0
6
22
10
0
58
146
0
0
0
4
110
0
150
0
0
0
2
0
26
293
0
32
0
0
0
0
0
0
0
0
0
0
11
0
2
0
0
0
4
0
0
0
205
59
0
0
0
5
0
0
10
0
0
0
55
0
104
0
248
0
2
0
0
0
2
0
0
0
0
3
0
0
0
4
4
2
144
1
0
8
0
87
3
1
0
101
89
106
0
0
0
0
0
0
0
0
4
4
0
0
0
0
0
30
108
0
1
0
0
15
0
0
0
0
0
0
87
4
0
0
1
0
0
0
0
0
0
152
1
0
0
0
0
0
0
0
1
0
0
1
0
0
0
0
0
0
0
89
1
0
0
0
0
0
0
10
24
0
0
0
0
0
1
157
0
1
0
0
202
0
0
0
0
0
2
11
0
10
6
1
156
2
3
0
1
0
0
0
0
0
155
0
0
0
0
0
0
0
0
0
0
1
29
4
0
0
0
0
34
0
0
0
3
1
1
0
0
2
0
89
0
1
0
0
0
0
0
0
0
0
0
0
0
0
0
16
3
0
0
0
1
0
28
148
12
146
0
6
10
0
106
0
114
0
0
11
0
0
0
1
0
0
99
1
0
0
0
1
6
0
0
3
0
0
1
0
0
1
0
0
0
0
1
0
86
0
0
0
155
57
0
0
3
0
0
155
0
0
26
4
0
1
0
0
0
0
12
0
2
1
0
11
0
97
0
0
0
0
1
148
0
145
4
0
11
14
0
13
1
0
