5058
46182
44958
1437
13397
126657
7677
505592
20360
374916
4117
4968
752
2296
17305
22
49376
572612
76243
458
503
184903
535619
304618
32858
3604
312808
32457
2300
539543
107866
1593
4596
573752
288354
98996
7937
1408477
393062
444418
75331
4903
6375
1963
822
51862
208972
1194
1005
3971
722
1788
796
99716
334
18222
259
278024
2617
963
647
741
137
1561
979
48942
504584
1017
475874
567118
841592
522907
505630
8096
163116
795
0
2586
441
54234
54
355
118
155
1404
234531
107658
176579
34
41731
500203
15385
505510
294202
107954
73295
56925
0
59543
261555
182583
460441
91203
1005603
1106
624462
669461
110655
129557
34001
782
63
126
844029
1243
1508
74943
492245
108602
458451
50244
9732
550061
1048
2805
82421
11
4550
108433
504940
1077433
100934
92931
109184
491601
2514
38900
204210
3662
88744
2186
4
375
117733
3827
205511
3116
1179
440965
742326
89376
773313
217221
237324
183839
369345
2173
318636
142132
102908
81504
118
513588
672404
51216
321755
1066528
93242
438884
4436
9213
5377
54941
1274
137788
1578
5094
451599
12973
1262
66426
85209
1104646
1374
212730
43887
3030
513
813
822
2867
3
1157
4505
102140
479563
620889
977964
462622
2502
133
169
1
722
1254
948
578
303461
0
2
627
576
1288
114144
233
842
302
68973
102653
4
0
57808
707874
479194
787
101291
28436
1
11922
103164
281442
1693
926
509935
872034
13533
113
13094
940
0
386
191049
0
191636
252
304284
66287
403
71969
404
63
4529
1653
1640
5596
99786
256
13360
1971
1791
3
239
14999
53896
105569
288628
55981
450857
283
1018
952278
0
281
56464
118097
485759
4819
54316
395365
217585
106411
1741
894902
885878
0
2013
1404299
2
1034
185
531490
504
8
1276
7847
1614
161675
122137
2070
63562
451524
101774
1711
0
1045
48240
749
2
2485
21882
110378
413
51
996341
1720
15622
14280
53397
1368
132
3257
1
916728
55685
0
1986
1947
1128
769
2374
4707
816
122
0
12711
158
2995
19
127
3508
24662
20022
207837
56010
58651
29149
97981
2342
971
5230
262993
72202
481682
22322
893
1499
228257
87406
48255
14813
405104
617428
487466
188861
16467
0
28229
30
56
506390
1791
14698
479091
254616
111525
294394
664158
322389
218046
202
1101639
5408
448494
3813
110365
853853
161395
1024
0
15388
356553
0
14254
167055
1061
5563
33
224745
727618
416
45772
78
125319
72965
28
140998
872000
3115
66541
1393
69
24244
5510
43186
1162301
27
262
4
22656
1442
145685
1172328
16130
919470
914467
240949
335605
1346712
862404
32637
113790
474836
1451
112137
421852
3
108902
397
186294
32188
13742
873111
838931
67802
502508
54398
51558
2060
21
12643
639
121
0
972
854478
1381
1928
1237
59341
23426
2
745
740
0
74541
29063
0
1998
1548
2629
491752
891633
59079
448
49213
13669
15364
217474
781862
821
478076
197131
900133
6
4317
42408
113
4488
92089
476269
1165169
2335
79450
1042
0
0
1597
1113
141
1886
517
2
82292
91
77058
0
8
31
4711
5715
1292
250
27941
100282
440645
1395
454083
67078
83
545
312395
530851
1067079
2991
101087
131
12852
69937
15010
895931
123213
736
1348
3688
64106
107607
2853
122
504619
934
0
892461
102595
76864
517130
40927
2141
29808
12402
1192
107328
196508
115756
6861
863383
11625
3870
605
77609
1250265
1397
182007
3841
269621
40826
0
154706
28
5903
6
4175
66753
18425
130
134202
99982
78199
480072
3
107756
2661
199238
116024
18051
0
848430
339078
955877
10
747
57033
27214
4121
551385
0
1486
102553
81227
386064
437732
560611
892894
305815
69420
16309
5
768719
5003
1039662
316334
23173
231
61963
219592
34805
1281
11074
762404
118493
349219
1394
3384
362111
402631
107800
202
549606
2167
89
215398
253979
102667
3522
29079
144931
135832
1204
1
1032943
1959
2618
243510
71865
142633
364
125
966388
20
398
600750
204012
0
1643
88
808545
618454
985
1215
940046
950
0
29142
114
322257
970476
42691
576504
93931
225012
3
2588
36035
1195267
105462
68537
288656
1936
635
406512
41518
277895
11109
215067
15512
8325
24
744798
29272
693089
971
55162
703
2026
505
60
1459
12621
70927
192096
92118
217271
576
1318
458
2754
1315337
4031
167316
466021
1646
81256
1759
13045
105286
468728
456101
201
116
3860
845
0
295
21725
44742
133887
64247
115292
25098
1153816
39302
82002
43822
862
437
13395
6
640766
294325
2450
43
96
43618
2006
1086
219241
362081
444365
1229
1
510
76232
75763
1157
19
1253
2
32
0
292029
724
21473
16157
476691
23840
2
554
1435920
28567
37
1550
567
896
265060
4629
110950
488823
1
205213
120
2038
0
480225
1586
986
104378
48683
12539
634518
65881
151687
948567
2982
1169
114270
267500
456750
4
1237
106009
0
2201
0
1114
1339
168
15635
26
84745
471113
132
1689
15
1639
1
1718
491783
0
47
517
799
194476
2699
10073
1017
102383
563
899
59322
0
1
303492
563
1
0
0
0
0
37877
392
99
14652
466981
207790
107813
6
2221
44916
19
238
208
108808
4695
878
84133
17345
21359
44
4
17568
62
23
115
1016543
744
108039
108
1
54
42654
869
14434
13479
377471
475712
24550
100217
23612
0
109763
2
199
0
2
0
41980
15875
44
111275
32
331768
2225
506062
1661
468375
16742
1830
13452
17049
352408
899
1
103253
316683
13308
285
251492
809
664
438
419
14420
514
1012368
41027
298777
11924
22
46698
209431
217658
1996
212636
17252
533944
13169
457
26581
6894
21
4676
465521
829
73
170344
165412
290949
15847
1289418
148671
13259
5299
11
593974
1049
732
0
123
119
14029
12812
12209
29426
5079
4544
125860
2757
438
0
76198
134
15608
1144
69831
28949
784
0
97
191176
706326
578816
12926
225868
0
1892
1220
191541
743
249
122
15192
121833
11880
3424
218756
66177
143
8643
135
0
168
399
1
120253
72007
16
0
298874
0
115
26783
7347
3781
284867
147
60
0
4545
31
2210
20988
3188
97415
1033
683
443053
1
3839
631
5979
22
2380
9337
92440
6811
26224
1772
7225
615
73426
14333
1467
1404
2110
2686
72739
2779
180
29246
2164
11
0
202
1467
54265
29
131665
485
498251
58188
541387
15265
207
2185
101646
48344
82158
342
107897
12190
16177
2618
222342
73651
238
13020
974479
1953
55519
451304
1036823
0
4
280
7060
1
0
13
268
1066
222225
28755
103007
993745
38
375
0
4522
5
1553
104
71089
760788
15101
58018
43572
881642
3
114
17404
103675
1051
0
486669
2469
780980
3050
3092
1347
3325
16685
56923
2522
1145
55091
535492
15570
2664
733992
111526
6
67428
0
106133
0
34
130267
281
2562
1094
1342644
166723
3895
1433
236228
940150
51889
12710
57
59943
0
873
2077
185
555222
523557
1
880554
0
2
267
27
6895
14623
6
316841
12935
156
0
1613
969654
506588
50
99579
1
207150
40879
7518
134761
120570
115273
2074208
29606
115930
52269
860266
33
427936
15561
6526
174
49804
63964
572
312867
5695
856665
190026
278037
0
29184
296328
169157
401365
15807
79858
11563
15151
2372
63298
493
56
14148
1022818
2
133
101502
173484
11
65788
1058
427914
0
0
43331
25
84
8
1823
127
1045
71695
11327
113513
351
0
5585
750
1
0
0
121
0
1173
25
20742
44959
168
781
5
21573
224
1591
110129
11860
35
2
804
2592
43256
13334
395
62
1025517
261202
17396
13784
237
75665
14988
581539
0
13150
58675
2062
70484
0
481085
5
110
52849
18
168
80
26794
14919
16
2141
101
3559
98
1567
1038
3164
127
0
39761
3564
16
933
1744
915595
113
2094
380
53308
375
462919
880279
1582
2756
105227
2178
15228
573
500
131301
476067
119738
0
217202
2
1204
12042
892551
58
16079
981921
7194
14072
0
5
2038
15093
341
12642
10
1971
2141
464
4
4705
119
18194
7
0
2
30448
3858
12610
867
0
154
0
3
2405
27311
1601
106
4404
118649
1466
407
875801
6725
24
2181
147
16247
31086
0
567
2530
19024
28078
3624
22872
35024
107101
13086
90297
297829
13813
706
44391
61838
123452
52712
16406
2012
1957
127348
70043
798052
237
17040
19640
586628
29953
1359
53379
41644
1624
26904
7964
2294
828
4789
37273
13182
8184
230045
103221
415129
1060
71784
442337
170559
2717
1537
11867
40519
481065
14929
575345
22578
1103
9653
965
1996
1899
106686
31
107678
129
131847
70645
51316
320065
611
67757
36187
84248
42330
16635
1679971
895836
774
179
247
14244
367518
217
52123
345623
1334
533842
217223
515142
567333
183554
782116
201136
41954
44908
252373
267
104319
26390
40066
11735
54173
29
12477
748
26160
72286
452
29036
11294
0
1182
1707
27209
55282
1
509720
453
610648
898864
883
0
1303
5983
6784
1854
313491
223
811
1959
788
1626
491444
216731
542
3827
70776
25
111713
32801
12524
0
51
7684
296239
101412
16984
1118549
974792
410351
16048
10723
1837
224355
992184
240195
474425
332
496
81886
0
13173
177341
256
1094363
221767
27021
645048
946
466086
127
4505
200267
4679
104696
481813
11862
37579
4204
1247103
908
593056
12976
1672928
115
53614
155113
289859
55804
481401
41640
0
998
14854
20
1215
0
74
57456
223385
560441
904811
354366
313330
43937
11648
1135
12907
430
84
34969
7963
4
98
2065
1185967
5286
2772
492
15264
27942
22
2028
132256
381
2391
381459
241
264
214570
10026
40
423
230177
627302
8424
1339
106183
79
38925
640
504
150230
104048
15983
72605
124
353
0
250143
177525
93879
11
115957
127
224273
539083
1
2359
59
0
1634
69181
55649
135092
418
773928
246117
99911
18492
0
167642
391
72765
6
238424
107895
16157
17964
126680
5168
15217
809888
33611
851086
38267
86676
902467
13710
1673
2
86434
477334
45217
0
23
180
153468
14692
1019438
3772
1
260
358
14016
58552
110152
131824
543155
268
5124
503937
179
5049
70704
113884
41230
318853
154131
160
46637
1591
17542
129491
113493
798828
919912
181798
725796
119603
501379
779623
852367
848897
578211
535430
193546
584593
19015
901675
48499
251140
47358
4287
207709
92918
695757
248955
598418
338672
269780
1037680
404062
558180
880068
179666
7295
6
29202
18153
32444
513747
102478
343833
57746
93122
464064
193091
551626
958612
45449
35652
1307
122
137542
654
224
80397
508905
718327
25066
1
11923
45
3
60231
68280
63124
35990
2
3414
286
63
14452
1424
184166
86761
2
57
34785
0
137860
113
1030837
344
1802
1425117
109285
370410
16054
13777
1099239
2781
67134
62594
6118
29300
106483
84
508230
29572
1177
54623
852
368
18
3
5911
337640
2743
1018
83541
1762
56800
30088
11781
2624
131323
24740
102879
845891
1309
431
703
593
1428691
12080
0
190
44504
2012
242
102
104642
15584
15
491513
55
12442
900084
854186
1609
10
1377
883
1
1
246356
89
1
1253
10
1451
79
1272
5877
91156
61919
5
1522
493106
913
2583
473616
2
315573
1
199
762
1
1584
139
885
6114
0
32
140
103534
100625
2648
3
1289
680924
29133
932
134662
1619
874332
41489
25
0
533701
1118
0
217899
7
1194
408
1327
1481
3093
120
16281
716298
8259
891726
31648
216692
537823
1676
53576
5383
0
2
215
113549
15
58309
5886
34869
707
215530
0
74668
0
114450
1786
1236
32
0
217154
5580
466
1307
326
493709
455643
56
5856
1392
393309
469148
130
112320
175
2227
972
215863
23913
1782021
19
260950
253904
283
107998
762618
105911
56375
136112
478936
18706
12423
336095
28671
12761
41336
39
48444
4876
1603
2733
1148
3627
309939
25715
32042
42024
133
2181
1017862
1440322
1344496
309435
160647
116408
145911
125390
326762
326
2308
446990
253
79326
461
43
562218
2537
81232
132446
1949
1468
432
9120
454146
473271
15433
606948
616
36924
112419
66849
321
1066
196
1658
0
1579
490052
109269
70761
439517
1156
246296
5842
412
486369
977
2251
2210
24
343
733544
60
90
7
3
941
442
507930
77290
1
191547
1390
16974
507638
2007
3984
132463
77
54324
242455
101853
422758
2174
1018
16551
3337
302204
918
104269
287
482318
1325
1804
8457
1156
8008
101382
6375
19615
122303
53580
17640
609407
587321
249105
112693
662205
1635040
7451
242806
2163
86575
263152
2928
451484
218556
593965
2991
148
15140
9405
68640
273183
989061
595571
110680
3
1720
7463
1346
1787287
11992
3370
5232
101182
415126
515923
16275
1171136
448698
3510
137855
13428
103930
7007
555
581632
108627
302
304452
398
16653
13498
512698
101237
18048
83167
11752
382437
305688
72615
105187
13848
20428
234216
107799
467
354
895734
2093
1083
611
123966
5
49122
1375
15533
0
3470
1664
1273
3
1435
54505
18307
2221
22636
134946
319474
13828
53
111509
560514
2439
1002081
372081
22414
691370
49033
312553
595
204431
12
217338
877576
1339038
2716
57819
60
504598
118
11617
24438
0
30268
891943
13931
1603
896824
40932
112481
79712
45
410
76473
516
14153
17050
506599
283
942105
67711
338
100381
14972
7007
890640
205
30865
155376
63422
126
500353
13280
1647
54501
0
212105
34919
5046
734486
64210
326071
401251
17182
189920
56917
508358
360533
110127
103173
9420
892370
402
13466
1870
357390
230614
238442
573190
679871
360
54511
217031
980665
82726
857
3662
215
20
41724
1144
659552
1624
361184
151930
397
249474
20659
981695
1883
863498
105148
1286
14548
179971
263957
105112
1408
16392
1050
3286
115
208494
161974
597
0
38424
269344
26
112342
9095
62
994871
107591
923
643721
11795
166
112222
130557
6096
339343
216504
224500
14541
326588
105851
468476
25315
469066
27904
566636
1711
2
1350
19650
61153
45313
845
599894
3187
15229
555
8776
0
119860
387
84688
60
119252
442270
451
11080
2863
76267
2453
16431
56448
573007
596919
54938
29207
6689
72698
980858
4979
221895
119701
2
368538
33718
1574
1710
34
20939
198160
112196
41083
993
114883
406
60446
116732
193
5826
305536
77255
649
249569
1006101
894871
427021
48649
105816
369762
314550
2381
467363
173605
488031
0
1496
125491
876
0
157
816
13453
1375
274
233460
166095
56804
537866
32
26869
4647
57
15999
167
757
880699
2574
450405
0
42861
887153
0
12659
333
1956
1477
0
27727
120129
860726
15968
21879
107674
90165
66199
1463
817404
176256
52819
32609
8252
423555
478746
190
575284
9703
211676
218003
19564
1773879
393
5544
415895
80170
110677
165765
14227
436
12558
552515
104864
9942
313655
9
0
760
1462
1080618
11613
88381
81319
111642
421736
43351
105853
1071847
1051707
309054
41622
1162
210418
1204147
11821
19203
401884
43184
127162
109019
308
2191
145320
76910
2671
305682
485324
914
53428
213201
99768
310280
35924
3088
34657
33545
2424
29217
364
99444
503922
55904
129840
113439
458321
2006634
242077
36005
5412
158948
74362
950994
1080
508551
180552
397109
35
570474
249
2027
3361
88515
128
1068349
961689
171900
6497
130757
1951
289510
920
61893
936314
1565
611372
46342
184
12421
1614
245283
186
32635
526691
473815
2302
1580
5476
102379
682519
996132
41700
6
2709
230303
498896
1677
1606
11938
264544
102191
5675
3
103583
2213
29660
168443
1867
47058
0
84063
2519
54012
988199
43510
123418
449545
564016
110474
820
645928
2367
97
62
25046
2223
835
4
36574
700337
106374
609377
1113
13965
2670
433
38471
984274
207455
3370
198678
13317
158915
8570
758681
117859
95512
181
359327
499954
194646
796456
332836
591
401
562
3727
15084
3015
6468
1173651
4610
507038
179
118
44299
922000
377
19565
138875
2677
158051
555431
28088
233186
541101
319239
892369
119362
216676
80889
40470
12446
2268
968399
2074
17779
102799
52328
1968
144508
142662
555657
2490
588083
0
420113
22899
31531
472417
16320
566688
963
222838
1518
19142
1210
61436
77616
1053375
179630
28
0
2997
112119
56
582
768235
44163
325
917448
32601
604161
50912
221546
87147
30859
843
428712
2214
217041
560456
1362009
1111219
127522
119094
472050
129277
222509
59249
763480
1192871
101119
402414
396009
3958
943363
423
1390662
3744
167817
3322
1775784
14992
13178
102019
22040
47206
44078
982543
303511
27945
305390
1312
853827
21609
763734
1061914
221948
19004
208433
947330
266871
184528
952403
93736
757376
149671
323720
24561
790296
63842
242140
725
1499
607390
124196
45425
891307
222893
98669
390740
488900
106294
49375
373640
664108
131277
469081
288465
39812
70683
45494
728924
482809
124628
145377
134061
402581
306181
256617
11608
256665
107950
448120
1186
55965
11287
14178
599236
1593743
303672
238651
7688
64558
38052
422689
29552
122053
555876
109683
721462
137567
848411
855
2016
89312
414625
187503
142775
921
371
7890
0
55849
81
2031
13
1414
15506
23553
410
0
15714
46279
16667
320908
93212
325067
18346
966931
111862
1630357
572024
165316
1511
232568
140823
403147
338784
393705
54188
278981
353
192633
8
285966
5
1081
92779
11943
25779
464740
435
16486
14236
0
587067
3595
457258
101199
21618
551075
425027
504480
2517
941122
21526
510455
448670
32617
4421
560322
6866
515469
55612
318588
45
28089
162843
513435
50
119
4274
26247
1401996
2
1031
82289
502
527
447
2009
1825
70576
14979
31724
64691
109359
830137
230395
152159
14493
309255
1039807
10622
450386
166853
5329
294
0
1124
78698
0
4
485
11904
0
420
6579
4072
743
0
142
1
823
14078
43773
58794
390
3299
0
251027
12806
78485
80079
104433
581
23436
44609
12471
0
114
132063
14186
562
5012
17293
89929
1057
563
13419
408230
49955
13168
11941
0
431
403237
692
619034
170685
17040
17
98978
512543
43562
475
1293
268131
58218
65224
62053
86553
320644
3
2
1483
41367
0
4
51918
110815
229330
34096
28
15045
60
46118
12686
1100418
24372
840052
61857
14663
96860
294640
80337
63650
1736
994213
1605402
442
569789
1752
1891
4574
0
101948
60789
843052
47153
90999
513369
192920
94744
53443
4741
141854
12852
16558
449539
123451
526
334672
268695
15535
40642
686797
36381
109086
834050
910893
192278
1020
46378
155685
6544
3957
47710
296782
0
75025
600
62796
0
6502
308
191552
182951
644
1536
29140
73611
217118
5210
64957
106122
201
100
0
8
835
509335
567
1092
93110
15377
13843
742
0
9140
1429
13081
0
53602
1017
25519
113
17
234410
544533
0
368
390
768
1409
1470
16177
19129
1208
58344
0
15214
6182
90
69927
888328
854567
337556
186057
23202
4356
30
2085
231
535054
171
458476
3
976563
814
475101
169661
307
19422
41897
1789
46884
483824
298723
746
3416
297648
124638
32126
281342
243507
4656
12488
4398
1234
617
132
55228
1617834
7314
9
3
189375
11953
109993
14623
206727
482854
21290
842880
492027
447932
4872
0
2815
32080
1
101994
937
27189
105042
8583
106672
446170
743
5520
65861
44569
2760
4487
1945103
0
14
0
171
157334
491854
365
691
317689
1422
11
66422
45
1934
1039
11
91902
84224
169398
48156
108161
83
26569
1934
46731
450680
16
131390
511176
12945
191705
4
4210
11518
499
3520
5653
161465
482632
147308
345121
30
14779
26
425254
1484173
1108
0
8
202
13205
113961
535
10
22161
69919
1125325
31234
402158
439
853594
54490
519
1640
996
3
1
1330
5
356
106161
798
193528
47
1886
0
818
12
433355
15
12707
70286
2
1
14978
1
29744
106407
4228
244442
219601
0
5721
211
42050
2005
65491
5
380
1568
845327
11695
1397
1016
726137
630
591656
0
114013
111978
15299
2
256
470254
0
267
309617
361
460593
200017
193298
192576
119
60
113627
530
504050
2852
6666
116
242
153247
24
12204
34
563
234876
648
1225
0
514858
483267
3
9
0
909
93429
1662
761
47
3121
78771
471155
491139
0
0
887
2
0
9
507758
1732
157
27
17408
302
85
120
122385
109788
0
18
1016
745
546
102235
1
1235
563
3729
31
6575
894
14328
13640
3607
859
41090
59672
13761
0
377
444471
0
741
0
244
0
732
298250
196840
32
935
813
887
15
31237
621
73083
13273
0
17712
31
126313
1249
2128
1345
56541
0
280
865
4528
2121
28193
1
0
678413
2127
0
518110
25980
228
29095
224982
12801
222454
2
163
25960
1670
74438
125339
352423
126314
1317
377455
1065313
2017
177287
15207
105663
242
3476
41425
0
23400
6
0
46225
0
0
1644
26429
84793
492223
874
10
0
13657
1138
182
159
0
11
462467
8
276138
216875
1340
107680
12795
1170
4692
0
2626
0
213
2259
4914
22
120
18671
83146
1830
8
59866
82557
29293
3954
5694
2667
13621
535
0
1973
153
1570
12653
15442
3
338338
214778
581389
11518
106
0
58206
0
13080
891686
47
0
11974
121
31629
0
237157
1807
1213129
463
26782
25555
9281
502201
107591
362412
45538
450
0
40313
33480
13259
0
624009
351
71
170127
10
30127
70
17217
1
41016
1589
866
18
3
212
472
112044
27439
86789
526020
0
870
1
377698
5370
100690
43860
1698
462294
13276
480234
36542
81845
360458
428828
199284
1438
146558
646889
539767
72
301816
5
63165
0
4
1877
61591
693
121989
62407
2
841
1983
84519
12795
101835
835
319774
182
1
1605
1
90
2
1229
2
1446
0
67
0
28663
0
54507
112
820
429
15096
216684
2
16
5978
0
0
0
162616
5
111
848
111121
190
229200
331604
29
284
39807
4090
484835
395
28
0
25247
936222
0
11
2941
13713
6449
462793
6014
0
6558
17301
27719
12569
12672
283330
8138
104604
109462
470235
654411
350732
23188
149
136897
1324
683651
245079
310658
66333
53772
1685
7137
621
13643
2143
1168
64930
1277
378
200557
5
6916
209179
1109563
520302
24643
5
93305
2
1343
896354
900067
62773
2490
220777
1517
29852
148256
8471
402344
695661
983812
121
952694
3
6
872
283
0
326
1104412
465423
106881
3235
296788
464727
14314
106090
1471
517
247
3650
85572
984963
4
329140
112974
40144
104270
306839
298729
180966
173861
11939
11969
63601
3676
12343
12018
899193
1957
3008
103979
2829
319882
15046
259429
30013
23983
517516
13
109429
116847
3257
29
202768
30034
321833
1038
211
165
380
56014
21946
40564
533852
154
2454
6727
112533
56765
2253
353
2247
501526
13031
6615
24480
43017
999
3115
344540
2
114607
900
319068
5733
5205
105071
111821
4138
7011
19470
47900
504169
279238
1778
13563
38769
13924
259031
14390
1235
95
5
13025
49184
35569
115124
740360
117005
1007034
7449
4084
1221730
509066
36319
257963
1141499
61215
630545
805738
660984
1148188
41356
701955
54278
278786
229665
65885
105722
104901
110453
1587
189
154022
0
115
2
46498
125379
1162365
63660
418004
316285
5226
482
1092
2264
401086
5690
455045
14
101173
445564
1588
819
37
295367
958
282
79020
1
33
118
1274
198966
177319
0
12827
30461
333809
45
25951
572504
1643
125402
366
22
1674
55750
283733
80621
1647
1471
287
25800
2447
108614
89636
66232
112270
151692
3819
75503
107393
200
85
203
1298
972
10533
87
22493
0
226
44579
482110
454087
380
535153
1807
11512
222725
2302
25755
347
343520
263120
2080
4964
1047
25312
1114
109729
5698
101741
0
67446
639
112534
8
21076
37288
909
410
28298
93
4
101
220
1027
0
192042
9
444189
3
106609
161067
778
12121
499796
579933
130
0
24
13342
37
89
227618
14425
9
92328
491684
90
477
14737
210266
0
1219
2182
27454
54989
438940
843
192517
1124
1083
0
1
5281
25814
479946
296
221626
40
309279
74627
1030
0
1178
13839
13687
0
607438
33
869
1156
1292
63442
507
1941
6
4306
430
0
49
220444
25355
3138
32935
13
30165
342
0
1
998
49376
475471
847524
626165
544902
4
577
958
0
0
90
0
168
0
369
5
117
273
400
0
5
981
0
1013
4016
120043
1327
453
65265
1142
1020874
946
14782
1451
2
77137
1
998845
358
13
1139
409834
81473
3
70737
188
0
23
132
17007
0
29
15423
507410
27695
0
2112
111593
1518
13988
0
0
3873
4011
623163
225833
46401
65824
4826
371
885032
1172
854965
54847
872
39
288681
364450
88793
26025
275488
58
102167
80
1050
22653
421847
2117
3087
1059
2419
3221
21030
162
1
1069
6020
2853
29
13680
1141
98953
1602
2023
4467
472071
377888
64
1139
123
14
540
174
841
1023103
1872
0
2
1
291
3769
507569
169
980088
1035
11401
81
1020
113697
51
474567
2856
2034
189188
86107
1880
1068
416
822
2740
16508
47
20252
4
28881
10790
108300
101377
1232
48
13689
337
