170369
1063377
2386519
904594
120791
3694905
2198318
1701479
1939336
2033727
1703453
3621041
376638
1766333
2006101
632434
2799200
2703774
1096012
1011207
687586
1064836
1962356
3242243
1873423
1122066
1116165
2375718
87772
3296382
897430
89065
2190160
1601521
2675460
1344886
1085482
353341
2840407
1726973
1686739
457952
908211
2295928
1484043
3992932
1595288
847508
643127
999061
277432
84
1956644
1630849
1710105
359183
1474706
1225150
3035353
1059207
11706
1492788
527365
7970
2776449
2971060
1690749
1051772
2071376
423781
2156133
496909
1252369
1836845
1542857
1175176
640163
2126676
2427752
248219
122462
1229857
1224613
420430
89147
594150
1497173
2266839
35062
1441133
3144386
1331781
726544
1863863
526637
5321047
1352007
1281089
2820566
635335
2567040
619185
2360151
645040
4460698
803740
1949121
2131923
750787
2743724
3679130
363369
561760
2573879
1097075
81557
2183775
574355
2462770
1696529
31250
2703959
341376
719087
3194578
1520643
1392286
989357
732490
2604351
3848051
1976641
2368177
1837075
1067013
1459695
4079637
1870168
1331906
1721203
910109
1074406
2120727
928508
3980673
466383
866576
1826980
1448385
1165414
1365025
1931977
3435957
1614067
876589
585993
2894308
1001522
1754365
518093
3883305
741022
2520549
2419236
1123088
1182750
729146
2207748
2865643
1838896
1600317
1129873
250269
883637
3837146
1331255
777652
602457
1395991
1325
2841087
1703739
3641025
894598
3757853
3186153
1812551
970020
1195875
581702
3169260
44411
850856
89102
1388263
874088
3070781
1017212
1079581
722176
556751
274170
775616
1488862
84
712388
251210
231964
1598296
781568
2629518
2190011
783283
1636239
1156732
1008896
752868
2035302
4239459
3268327
613573
769026
623978
1180118
1764414
3114279
1000852
645492
2377777
3777918
592380
1600180
576346
2151340
2991584
757646
312696
1510651
636803
2460687
1230705
1729158
336985
1112988
232282
689893
2513370
242311
1275766
1250117
1299150
2179815
10478
92028
927155
30038
