23242
13142
248339
0
1847
4984
8088
248933
4258
255916
6841
443356
398
5670
3183
1
691
872
95827
187
1329
772
13935
225994
76888
1658
132423
217826
541
301304
33190
452025
1564
163
223179
21
336097
222935
345419
4357
279532
2418
30405
10927
7
19125
685095
3421
144
809
21740
1567
32148
267077
202
15
2755
160810
1793
105
600
1075
477
13
686
0
14536
12
40701
241456
397
74917
1189
1407
319576
134
0
75071
0
86
0
1
463423
1042
889
32448
42
109938
41
3609
14125
0
420
425644
76633
235529
0
0
112371
78056
218995
234810
318931
15286
29
134291
23008
302
0
0
485
222006
0
228928
31214
63
289818
9685
141071
28428
224612
7968
107252
18
951
534508
135
2606
1905
241958
322237
716
0
952
79
94487
3391
227997
709
32
9612
1
869
181
654
384601
493
30701
3358
3619
62997
782687
229843
188895
266294
659944
73259
3941
1389
280
277147
105
35350
461290
224289
87977
77206
358815
1902
30345
2115
72960
14925
66
93579
6342
275
53
2638
273
28042
126848
57190
87368
230264
873
200
458929
11119
106463
523
1128
229
0
75594
1
74
88182
330582
560
21
1870
14
21992
214
93
1680
787818
0
0
42375
32453
495
294268
3792
50612
639
30951
76961
33
2
670
124
7839
2036
10782
54
69
2195
162236
303195
255
5071
112607
773910
36538
694
124
59
131
0
76816
0
235486
2
299310
250836
1193
275474
1855
23
0
575
4719
506
148
729
13565
21025
1303
2
294
236
64
50
266657
15074
119
0
0
353809
0
0
25528
40490
1
2578
14952
379179
184
400
29
676
9815
0
20080
78826
0
11786
0
8713
685
545
865
516
0
300667
4
853
168740
63
0
794
462324
0
142324
63
24260
75194
1810
0
2
536
20
888
52999
33
130
2058
35
337
656
172559
221
2
1
479
0
154
464206
2471
2265
0
1
8
1042
330
1
1306
6
2798
27168
1817
8271
14808
87
73502
190
79
73170
292847
34418
506
0
4744
224523
1008
17668
15236
547
151120
303312
914
2067
15745
26
105
1732
49
11681
0
0
16330
492
196673
229486
75068
228661
138435
10
233914
3675
685
186450
76575
207
78895
0
0
522
30265
0
23946
107707
237
3622
0
0
79122
0
802
0
104
243153
276
74762
429694
1922
245703
475
0
73089
2
0
317015
1
3733
1
24668
9
4436
586966
416
1988
770294
240687
294220
1126
314611
70893
331
219699
28895
9837
228298
56
46251
35
324
107
0
229372
399
139
1698
15881
221505
848
68
2
14259
215
9104
425
228871
213
256743
259
91
2080
0
0
63
0
289275
62
110
44850
221
21
10106
2
24394
576
115650
20404
17110
28
444
32039
69380
302274
678
152
377
63192
100
653
74764
78332
106644
592
692
38
3219
41
21
945
0
63
33
7
82647
459251
27264
63
131
0
4096
4680
40
72572
229322
1412
8673
21629
41817
236662
26987
8725
15341
231272
82465
9459
1802
0
2056
636
0
80
369
0
0
5
2664
448
7
109
153
84
225541
1
126504
25779
3940
304
42
258114
4
115
933
227589
76230
146
11163
252
160
826
305046
22
9602
302044
2090
225653
96194
22
77286
224749
907
48162
128611
353641
962
0
225779
447
77305
251967
0
78416
0
305132
31521
78969
430
317414
261
798225
2
68
229273
703
8075
114
3261
465798
1020
1697
935
1541
7843
314863
54973
22616
0
0
813315
147
772506
687
616
100
105365
186846
55523
0
146
198322
1184
372054
241
21
812508
314744
292691
586
113
10370
816
0
371255
3606
76671
107
1
3457
4
1
273
1
2189
301049
69115
815559
561
3692
670
14270
67466
310597
227116
5
1585
326
540337
300479
0
74990
1020567
172
1
218
0
89590
55
150
359751
526
212685
196131
1166
147686
236060
212415
21113
195169
10819
1785
1338
39479
214228
29424
22234
6119
16
247
292518
17482
3704
60
11202
0
0
416
17
17528
9421
49456
221615
609
2184
0
1471
3909
50
824
370
23402
0
494
287869
1856
4152
23
245634
30
88
256
63352
2004
0
661
1898
26050
300064
124255
9989
41
47
16246
42160
16708
15
1
88381
5
3925
230214
480337
779
632
45736
225437
1574
4469
81085
544778
4674
317
73412
537445
28
86277
49
130
35
24804
30618
89800
957
83
21627
1653
1
147
260
291
462847
772
397
191
103
0
6
0
37
63
75881
161
2794
0
1
9583
351
4255
140507
802
63
332
370376
29629
5804
101300
323
9565
244213
222
539
76086
65
2
0
75352
2105
150
0
1726
0
43148
0
212
37
7
33
0
21838
0
24056
0
795
225104
0
0
0
14
412
1622
230
0
33
788056
1483
154
74770
422
0
140
499
32
16
42732
23236
300891
148702
1
31955
42113
554
480
78
90360
0
33295
75777
193038
205
3835
32
29940
0
40
16
50461
1729
7747
0
13
527
22582
528
612
7883
80519
162
73843
11064
3936
0
15
0
332
0
3
0
260
5
44
225169
285
81
75027
1
2057
4040
1788
21
14223
0
17936
2036
462658
259
259428
503
0
53
32
668
452
0
1
61
246550
830
233945
739
84730
30732
119684
2
76022
225433
240648
78006
23979
13
65
226
677
5217
621
75641
145
33399
362572
36912
1789
759422
45817
671
243
136167
102749
119392
1591
1
696049
1
1
3
373
82429
1700
173
66056
694
36
0
259122
874
459032
2
217311
188992
230
35
0
77087
300867
336
14542
91
0
0
8898
235877
0
61
56
0
31324
73929
1610
224257
250546
0
34
64
1
635
1201
1983
446
277879
17162
146
233295
0
213
115
312312
4666
233869
545354
461008
880
3
494
1630
151
633
441586
104
2585
2100
12
2329
438
2016
810
8730
96
35
94
16557
1909
7683
650
75456
14124
1092
9297
697
2166
295175
60
130
31823
4278
0
0
74773
2043
1
480
130985
3471
272929
109514
494094
147
1
7
141411
236
0
27
94547
495
180
58
581418
578016
1823
5410
356612
1072
16908
65
26347
473
245
516
12285
1
1
585
7902
0
210
103
77341
824002
23
0
807
212
2
935
64
267259
231553
35
16073
9908
3379
2
517
40163
96
0
0
423
1
0
478
2101
1
4
346
15185
177
224496
16101
442574
26
0
1056
377
50
75436
0
258
1092
24848
270711
788
46
278
709
1261
219656
38524
304
511
409
36
0
98
0
110
567
20129
21232
75618
0
29
3219
0
33
0
78375
237163
41430
11579
31
79
0
36
225725
179303
138
9047
20
225174
247230
1770
575
324735
30978
1114382
1735
466005
1521
314984
30682
440
53973
659
562
40929
144758
55
0
195
0
300891
300661
0
1688
50
3062
1449
18314
427
333
85
554
168290
217
593
3
17530
25
85
7615
50
1
471121
254
630385
73394
0
18102
752
462201
1
0
394
0
141234
26
69
493
97
0
43246
0
24156
0
0
0
433
32
75230
42896
170
23
0
1685
3
169
0
0
336
5
75126
2
31379
5
92
1
0
63543
193882
24213
233
48148
32287
120477
474182
52820
3344
220
217344
120
927
8466
95
30810
94
508
2238
116
76230
683
441168
64
1859
8788
18194
12
334
17
646
3230
4
7
24981
421
147035
94
0
7925
1
213
66
34
2
0
1
0
7
230
0
269672
220327
553
0
17
1
0
8390
36
130836
0
424389
495838
54125
9883
2
2317
18819
489
534
7651
5429
35
0
0
0
0
390
73
148
75003
229
32836
156
464881
161
31167
76117
192
17974
3173
347
17
0
214
914
1
8376
31547
83
7522
0
278
1015
191
392
5
30057
125
27104
14452
15704
112831
3951
212485
76556
395
1696
1407
6162
150322
14654
0
192857
438
376766
216265
1213
377
745
11759
91334
147515
855
15221
388
41
73842
1495
210
377
72
8
73393
478
3381
540
296685
916
39990
750
154542
830
264
3
14847
433
0
0
0
0
824
4675
195903
34
4305
7829
224882
2
327121
270138
489
0
0
15784
419
289234
15281
0
315428
324723
546
0
505
0
362788
0
14006
8583
9453
333
35
305705
760
89819
45216
2546
17694
13969
179147
29616
474560
544
203
476
15456
0
11244
101
144
9572
354
147
1767
29785
39
115
73884
13157
505
34
11711
438
798538
104
603
0
87
53
0
16
351
324
0
0
0
16378
0
71
0
2530
0
12
196126
73840
186
56
19
229744
464747
1047
75227
320972
308328
108
24
0
3660
55301
366164
524577
1141
206
730
0
40
243876
31457
28932
42
3626
353971
65
55782
7
1608
169879
806
183109
561
3658
15402
727
710339
73081
223304
0
210
74784
240119
97863
390526
14418
1
18719
1485
617
0
0
424
92
0
154
543
16377
0
351
30061
150
0
143
157
7298
23899
632
1032
125
4263
29
109326
487
3425
196058
541
12036
181
283
3374
1
2782
20590
7
0
50
7799
17
121
2193
323924
299591
2153
458725
131
112
847
2060
213936
867666
579
269324
239
268
36
247899
32083
1062
1
468
0
24482
217928
0
0
801
134
2
301820
25718
73131
0
307004
380
194259
2000
9
289101
453
242212
0
16190
1987
59
151
2141
0
924
1
619
315386
2880
196860
324653
124300
547
3
289309
0
148
1
0
0
301629
15296
536
19
0
508
0
2
134461
2494
5571
320976
35
0
0
79
73814
195735
79801
16770
365
12236
34
209801
13418
0
4444
151
216614
1325
213620
231748
362
392
196541
0
305859
2125
519
4302
42805
2846
887795
851
217230
16542
450
285141
60433
35835
259266
40482
1639
2278
2088
298121
338113
340344
224527
651
10
207
70530
17662
197684
122
378031
190558
5
13355
9974
439233
563300
242694
51702
29327
74
658
0
9635
78066
189104
503056
54
0
517
152
0
60469
692
148151
0
0
34
0
173
11190
234
271
136
208
58
196800
53
546069
90
365121
15
787
315210
75569
971
691
188
272368
3
489
139755
79117
125
150769
1693
175
80827
2
15844
70
101038
15028
35
223506
206925
462
610
1283
12
200734
84693
75
4
33
11814
292652
303512
24
225
17025
14227
215
530
0
1688
32794
9968
11205
585
319
467
6
157
0
596
799929
228977
2650
104
0
233
24781
233
302905
222065
0
1
72
353
35
0
84
115
23475
2046
72
73
529
0
0
0
15
117
1
1
2
9807
289
58506
0
476
318
7
284114
376674
5448
27
62
574
49
158
109
0
0
18339
44315
437
16373
1
5
0
135
86
0
59
21
12
0
578
55
9559
1
0
2044
5
550
24115
197
0
111
575
24
75179
114625
3719
192924
10
247109
285
142346
72789
16857
210
67
2
0
55
1
572
120
6
225368
4392
448
171
476
261151
68918
465899
211
82
3143
4817
374844
6
646
149
376560
17
0
90379
232484
0
29038
154
308908
38237
0
101
62386
192
16304
0
15431
28
274
185
226489
193
52762
2156
63
150116
1888
59837
1513
74944
89835
291045
311899
989
300980
53
225006
1
760
32
1100
528
33
44
114638
128
229704
460498
259
221418
17
61
4108
17
709
9125
90
45
312
234838
10359
102
228
0
9632
23717
0
102
28539
63
0
25349
248
0
3592
12
47
504
0
13
358738
82694
167
0
0
459149
284
226214
733
24
194943
63
63
0
3464
524
26520
2009
15679
22923
130317
320
17
688
12380
4162
12297
182448
953
26668
465
363
20083
10558
273834
416176
696
40781
209137
30877
35586
8600
1873
1314
130525
71477
1065
496389
3900
238709
23104
262119
157842
1680
61
267723
224209
74926
462608
1341
0
235698
3288
211
25782
433
30838
27179
82484
2583
565807
527
653
10462
3375
18761
234378
72669
473327
390123
75695
71509
759
45130
4533
3257
75165
16308
565
788023
42713
74584
7753
7919
512
229734
74887
720
311702
299191
277102
3807
14109
294
0
90008
99
427
419
20734
152
3
602
462735
167305
1945
53463
2170
0
0
890
8
5
118
26
374
5235
2683
20
51
0
16347
258
189955
2719
30272
13
0
146
665
0
301761
3532
230695
276051
315061
589
46666
0
1719
14336
0
225621
0
45439
46
12
99
71579
56314
745
0
23
7287
25603
410
56
32156
4719
989
372
66
235
57572
10
506
632
5309
2161
151104
308688
224953
82356
170
1455
198101
7928
41
11264
95
543564
106262
0
2138
821
228109
78546
0
906380
1158
227374
80799
871438
155
127
196152
229875
2526
14023
8431
0
17000
16310
293
295
290517
93
63513
0
19
16113
907
13803
272446
4442
78667
75314
89
614
128
1233
43
2322
9935
4675
317940
403
75834
77352
0
615
7
584
225015
16
1543
74916
641
96888
1
90255
7775
32
118
7675
23
88464
3918
0
224808
148
57
888
712276
607
425
479694
0
123716
0
75819
224030
990
202420
222605
2401
2377
203665
648170
416
314766
826
20
548
0
131
18105
9
228936
460507
2263
4
1276
16
1627
85639
2137
286
1408
103483
605186
25057
70415
894864
213349
241
12868
228
81303
808
500272
59
520
422
0
749
304562
56
76201
1417
565
29503
101
682
0
78408
229220
225725
49298
472369
1030812
316487
1575
31125
784
2482
313
949
6190
0
1020066
0
395
100
2
0
69
0
0
472
3
218921
189574
12989
226477
186
874
451654
17
64
94
7934
98
0
114
0
131175
399389
19054
3679
0
75338
465793
106347
3159
7
1060
1304
56
123437
173412
39506
29
272019
459
15771
72602
76
2048
12623
0
0
9
12117
219618
71192
638972
128
109
246
45869
87820
459224
11633
197
107
13211
575
18
16
2
2102
646
25
783538
29719
288863
706
9858
353507
71618
883
722024
298135
555002
20286
516
0
262
196
890
2584
15905
137
19101
89
75239
459786
688445
300
226887
73
134
186524
270
157
7
1725
936
54612
190859
1
0
511
20
65
196970
192378
143
76933
197264
1206
48290
511
46239
2227
539225
87
462540
207602
316365
1
155644
140
0
0
164
196771
709531
75760
272511
79519
230622
16
206955
1233
211821
594745
234
2185
34014
87
579
529
291303
166
20
23567
529
2
9838
484
303204
657
0
434
0
0
0
5
550
75278
2
370184
36
544
3536
134
875
75541
301382
753
43551
34
31805
0
508
1
547
0
32
39379
226403
252
9413
1787
245
0
25559
504
661
1
144578
195001
4
143
38
822
637
308
2663
132146
4214
4043
301261
261
2624
58476
239325
74
76453
4297
862501
109887
300178
888252
90019
21048
124
335
8
353
839
189612
31004
0
3910
2
14451
45935
2096
361
9123
57773
1203
298915
278168
19133
542743
79201
354828
796192
14626
2206
352549
15917
46338
603
475
75668
584
1510
76045
265
22841
112
711485
386
75385
74895
490749
546
21904
1429
9267
2004
9409
3971
0
1
75106
125
450163
797393
2382
528
0
475
9225
457399
77
98
141498
105640
3584
5513
261878
11058
4339
219356
17966
223643
11318
2678
702
389293
503894
147
979
75147
585949
226
7
191417
196326
77183
48951
282437
315065
0
158
370
516167
10653
24957
4
303333
4
75620
644
277
21570
519
36405
11214
26366
340021
823
1665
56483
234788
448347
20491
186306
30052
46961
226464
308820
860743
335704
1168
11086
247057
4108
11056
249
223398
10143
31365
267256
225522
16294
199161
762322
1216
308981
33482
106018
20903
226492
312900
49240
790994
51018
15532
306565
24559
37017
65586
286645
30308
8568
4465
42514
6321
8600
863
221900
1230
113
44771
173
572
450
1005
297988
1338
1456
120122
48
320523
1933
648
18099
9838
314208
26516
313860
225555
682
1123
11438
224979
300888
703
61
0
0
510253
94
1
883
26
407
172
217
54
195835
124628
225
3
92065
17210
549
104514
16563
77916
14779
427369
1597
4249
39208
470313
11978
92173
126511
416241
228
487
136
199444
212
231
155
2
41
9171
4188
521
8884
0
439974
62952
211899
220540
13272
34936
902853
382531
680
29402
7534
4810
233300
8496
32689
15752
9901
314756
23419
28390
1
17745
15746
119939
0
663
1055
84
313204
763
430
511795
145
9183
13
1215
1702
122
2676
80316
649
0
11282
768591
188508
8314
283625
908287
5410
13
301456
229
22
63
728
0
0
0
310
567
7
1
581
182
63101
0
1992
0
9
33984
43002
26538
467135
502
0
938
147
1684
146932
49
212
0
11341
15447
51
0
269415
11
30628
540
2502
121091
37
404
2143
204926
29974
340
40
79
22252
87410
37
189
76
101394
125173
197158
15774
24128
83
530
142187
203441
150471
196511
17341
91
2152
1
118
92143
30
0
87
4887
221454
52437
75596
40
63
27660
83
385908
0
552572
23120
14492
29
235324
114
122928
266
711468
91190
75976
35
615
14225
302839
707
1906
124286
314743
843
130
46855
464414
37
225364
76018
1526
2
39023
883
316770
6
168819
830
456844
14571
77994
872
75004
1432
615594
218072
4433
117263
125581
65205
1137
112812
303384
1
0
349
431956
65
157686
1987
458129
79072
62
21
240
123
11602
1984
268628
154933
0
1692
7
255
0
36
112
886
139
30102
50213
22
0
24694
0
2
0
46053
373
1
52
71625
36456
65
59891
529
33848
11221
527
1
14977
0
8533
87849
37
157
800
3644
343554
77265
321239
319113
214
9341
62526
4
590
769
50
117
398
212128
292
289
790
221324
1287
7765
4184
462899
35902
218222
418889
8
18532
221806
289803
457777
218915
154471
18030
25585
738
184
172
486
14527
14443
382
46
49
11166
527
4493
1777
293146
48
4284
228837
339
224063
83599
268
510
7804
0
76926
29691
187924
87
16351
3
293
16234
2408
210238
167
112412
0
390114
1722
215
0
20
100725
494
9576
0
27955
161
0
251020
23
2127
21179
240
776
32482
25582
139662
264
0
19891
0
111056
220
63
0
815
0
174389
3
2689
0
746
7161
73368
291020
6
12171
1484
17656
11312
1
365143
166
77535
517
23993
0
451
528
398
0
24575
229064
1006661
70706
228306
190
228917
15903
227
9733
2248
0
1
54
496
148
817
741
152329
753
63
125
1811
1
22051
0
2
2759
0
2101
5
822
80647
0
77443
300696
302499
52
222055
1485
0
150
0
0
1
17
11256
0
214
336
305396
464888
188933
0
255
0
5203
17974
42355
14
12
1
283106
517
431600
2430
255462
228592
1
413
4662
714
23549
0
229580
2074
619
301017
2048
146
68
64
0
268
59
21847
21690
91
1
0
591
0
301
178
24521
27
0
6
0
0
0
0
582
213
0
15
301516
0
3
413
29983
105
1
568
202
0
0
1
0
8
1
274
0
20
983
9704
120
13
1034
49300
521
924
229
27955
63030
57707
500
0
231
0
0
471
492
1993
384
231644
791029
1196
0
15
1955
3
6354
898
275277
34931
74765
301856
148
117152
6
0
5466
26816
0
588
466566
0
62
3861
71
1
2
57
69
1015
195
25535
433
213
33
21493
41
0
41764
79
673
1773
16436
2
1
145820
300321
0
618
111
11365
130
148934
18802
1
0
43785
0
43319
0
24
0
30815
30857
11798
0
352
35
219
0
320
0
163
0
2
23
489186
17
258
89927
101
218
0
0
31293
67
17764
1116
15163
50
624
5702
102649
3
189203
111801
100888
195
114
0
522
74
434
0
3826
11
2172
673
64
0
234189
211
787
3461
165
51
9528
29826
540
0
515
299
40
0
0
16
6
49801
226282
450
21979
66
1692
46
709
0
95236
202
0
16626
36
7428
126
142
85
47
116
101
249475
29
70237
49
53658
0
526
124548
71383
539
299
151
591
196879
98588
148
0
0
97662
48
131600
22106
3983
84
0
3909
115561
188510
11832
298259
32348
3661
125609
5762
68004
41
386245
0
149248
140
128
147
202646
77839
6
140782
1
71997
17162
174
45
370
16699
0
36
0
184
2142
1527
1
36
34
0
116
58975
0
74369
126
18417
0
5
0
86
0
0
0
7
38
3
0
225896
449
237
3965
104
986
24760
2
0
226491
126486
4811
220738
921
556
75534
681633
3910
495
0
2098
0
168
50
4514
0
596
0
31053
222
12311
33835
30461
654958
36834
71614
16933
346121
857
463608
1
1481
83553
90
461396
25630
15811
5103
2136
2793
14521
661
462578
225456
890
11
3946
257
1995
302136
794960
49187
0
0
622
0
1178
150
4181
131780
154
120
101
202
781821
75477
228572
19236
2015
74
14921
75519
680
718
75304
0
281
90131
2
35
119
232000
341
1535
14342
22
459870
837
1073
270236
302165
12384
232538
0
1126
63
278494
233133
823
227503
28
1
160447
3319
0
0
409307
75918
930
28506
349
1732
9
89056
61667
30803
537
89
3
46600
77823
140
1814
477121
225293
0
171
1
193017
475
47305
239802
153968
55
28
0
65
24253
927
481
1
0
198
0
0
38882
0
226505
227
96
0
979
5401
2905
11231
576952
90573
865
4194
2048
1
104906
755
63760
75121
75678
75221
924
177
1
2067
456638
61
13874
26633
66710
380595
14792
48394
6087
229
75329
36661
759
150065
19988
32477
16938
1268
216153
1245375
25821
865193
32340
79967
7246
217989
1414
870
119486
167
4511
301562
0
466876
26
251132
74379
5903
126112
102044
225180
78794
2
118249
63913
767424
13528
5021
0
127774
0
0
1
251
767974
232053
794
0
528
579
0
880
141
0
4
20
464
227330
22484
76516
227990
720
553081
2142
262
52362
27494
307177
3220
3500
75318
1777
319
460581
0
11352
457075
1640
183101
1000
220268
79828
157
1837
0
504
0
0
0
9326
0
0
66887
201265
3908
533
18
589
12
437053
197
34210
1015
49
95
1983
0
0
185978
183
299504
77081
77359
0
251900
305
0
5
230
176394
439
1766
57754
81
29
10154
36
213
44
77339
0
21
20
228
301386
0
27
449
436
14504
12
9557
228
231790
360
99
22091
1
327
6
0
76418
30077
203
1
280
457844
50249
28130
731
461
235884
474
0
0
33
0
3323
71
25570
21361
56
260
112
12128
0
0
2
0
0
219881
0
651
424
30687
88970
462
32
178
3753
37
976
0
224231
0
569
36
2
249711
34
71515
127
0
32781
4013
347139
14946
51
45
84498
55
1
0
1535
59605
635
1
0
528
0
29806
393
681753
50
461
2212
470526
2604
49
36
650
224017
0
279673
0
14841
109
17138
657
276
35
896
460816
8386
232036
195456
1670
86612
146
63
482
312
0
0
0
156
0
115
0
226571
90302
268
399
7
63
8309
524
53302
437002
12228
121013
631
540449
7042
77618
782487
15725
612
577
991
250130
313772
176
128
20
129733
191
2227
9244
10415
143
1140
56
948
63088
1
676
15
153
593
541
65
229866
195
76495
449639
1590
33
554
12252
0
185711
611
1970
446
482
112
5482
1821
1658
0
677012
991
2083
1068
72
461853
821
270
0
0
971
75
21043
1190
1532
223228
268
11992
1250
4
217466
81405
388
3685
4449
440987
461995
2
499
4432
16279
25479
462016
922895
