6513
22840
16608
6057
3100
22434
5914
323207
6937
65443
20388
13276
3261
54632
13862
13902
2035
2439
112624
406
11781
42883
12985
95404
38491
6202
9208
9559
25479
225525
428316
133218
42191
24959
100957
7902
144667
834934
760330
243468
18028
108736
180993
42026
41567
141557
127700
95413
3127
7918
9077
8621
1960
213655
2091
60729
6731
462493
4731
26607
4018
67974
3097
2032
5591
3160
154758
1961
6373
374733
5141
9482
12926
4344
145085
1819
70832
8162
803
4514
1338
5192
151123
90947
2811
50747
22572
120476
9018
19601
34901
173180
6428
127590
153584
12763
22216
473
10562
42240
6338
386326
3024
5664
2602
26108
8223
11154
3186
4057
46280
53755
47137
455161
46113
15472
5071
237771
5379
256445
179257
295711
466255
162131
38396
78491
160315
2410
56273
406092
753098
75084
20700
6777
7361
40046
59686
80687
229810
26521
57521
14306
7737
2818
5495
330855
12128
16130
254080
387629
7861
509328
167376
430721
78253
687775
19075
241159
11807
30304
64724
69855
7179
110681
143499
256121
303523
46959
221868
62380
147884
52272
11261
163533
24334
200222
75471
143007
30650
8921
114102
19625
40881
510266
131464
37722
93978
116594
147058
68847
80671
7330
11052
21702
205831
1609
49912
161542
683712
36795
5155
44281
23452
6343
1490
8605
4966
357745
7389
24702
77843
3692
5593
182474
8080
30624
408
1519
186277
1722
51277
6756
4760
398755
10857
96769
4850
13538
9509
41894
470780
24383
192493
24633
598367
5051
26272
778
13044
1368
5343
223827
1155
281859
2268
514383
82019
18123
12109
64226
1029
1286
3469
70745
2955
48695
1708
745
21466
5020
4208
243
336
2120
2934
3845
23904
137387
597
1865
477394
695
2686
3868
44760
1137
234240
1840
135570
3285
608
1129
675
3739
2167
3344
81246
4603
108932
7355
48165
9636
2925
1372
3153
6541
137235
6696
10743
2033
92334
3476
44894
3709
1982
980
2606
70875
8282
1423
3084
73360
1447
206
1535
848
4512
1636
3315
8543
1938
8878
46565
7600
4736
20298
800
1167
169382
45856
2514
242880
12298
1895
1005
83732
4128
14915
3490
5307
4852
4858
43215
10414
5560
34291
27667
19855
990
1920
212028
11519
7338
34297
125945
48877
19930
1286
23603
11850
32313
258662
41194
142765
16048
17
172785
8394
127296
32732
6547
1740
7730
1406
33267
93302
30945
81113
188523
6343
69260
743
168063
22929
150215
6048
137678
3795
64
638
8690
710
7491
4682
5877
11900
18302
295
50811
145
15544
643
79933
3955
297
5419
521353
2682
2364
1273
1150
1906
12179
40287
166858
50432
105313
2385
299864
1966
6950
125200
2926
519357
778144
83066
27067
8413
557096
4051
11162
10501
4983
8249
489118
5147
613
1724
24356
6192
31475
449765
8488
123247
145045
5782
55893
544
1164
46651
3959
1946
3224
3303
448007
5083
104005
3186
5690
2290
26254
46015
7426
3121
3097
7432
4202
1519
37764
5682
177327
20082
11433
23565
12200
1498
1153
15047
259353
6178
19538
307249
58473
11998
143818
87712
45941
78041
181968
220338
455253
50639
25973
28780
95369
66064
11222
37550
29987
9778
4616
678
72565
7685
316494
443
18496
330
50614
141821
4584
28939
39316
16586
327053
11679
288555
2650
109022
48835
561507
255788
560249
29269
130054
8484
13357
106732
6434
408
18614
1907
10
470
7875
838
5039
2267
14668
4907
39978
4822
83881
115346
117868
1878
26007
241725
3580
5541
8581
79430
222985
18891
216346
155159
106367
52318
245128
36727
62053
113789
6983
359381
6433
353
30519
65351
10500
6294
9323
138708
10970
212
15106
63641
107295
389156
8460
47268
3998
206723
2050
150294
3778
729911
70653
826065
216
4356
14199
4467
35249
226891
28882
244661
177495
153490
51124
19736
86
730039
5653
6016
4309
11667
499844
11440
110897
107068
139456
5270
271601
44672
246022
2326
16614
61747
41701
492459
23273
6227
282862
689733
15945
1369
60183
2631
65431
2784
78710
227549
9877
6051
12873
33719
23795
3426
37838
2092
137022
335051
184578
140559
12043
53900
10539
53584
60532
33744
102118
49096
94460
4686
67452
219403
10629
8507
938773
8039
1638
28078
5121
232144
163768
49754
660578
31972
41261
56672
48819
36143
626806
129727
105541
100119
30077
2357
72686
41283
170728
17591
187395
77405
11650
234068
260707
76266
19634
29181
28979
4452
7391
109169
6915
153424
112083
54181
413361
102214
38099
6095
16813
158344
28006
219281
28667
966
90445
22464
18358
70746
7797
28262
413573
87749
1488
9176
55974
5408
10550
10462
109034
1971
72334
1894
32776
5554
12595
3231
37084
10924
6804
37235
511373
55553
289765
168920
68899
183827
317122
12968
28377
29698
451780
323331
437203
10082
161519
1219
51350
38587
151157
12657
29378
5430
51036
201
68763
18591
14693
457
79988
7372
2393
332
9263
4634
1630
3895
29328
2842
1665
14155
16
14247
8092
136587
34239
70396
3309
1119
79098
567
1414
894
46924
3357
30437
117382
78407
54537
72147
574
213786
464904
2114
7969
143031
1776
8475
560
15104
9498
32284
572
7949
9856
39375
991
38861
2583
4981
2329
85662
4971
1488
1198
47553
82458
81969
3210
7299
27927
24965
9345
147643
74593
17830
35702
372544
8251
18692
7749
4197
3264
538
2387
18363
25952
82406
8021
69552
10431
760
498
2580
6202
24890
555
176790
3816
21172
122424
41534
11555
3842
834
150398
7223
3673
3092
25371
2786
7212
3324
2664
9364
2677
210
2910
4872
218267
8408
20162
2606
236482
2
1751
1919
14459
50041
16042
21
3117
684
4265
18197
53480
13453
97239
8409
9649
363271
132638
7155
2662
556
256784
32012
13962
416
244288
16822
15069
918
6351
21343
11030
38
17553
23908
9167
19481
202132
8994
4396
4669
262441
2989
9623
123072
11634
344217
4460
2203
844
25479
39566
181084
245975
7644
9597
2893
59883
8557
18421
474267
131170
33366
32357
5931
4056
4938
17536
4026
38803
1507
6263
1077
2569
3851
406267
32169
50047
241416
2694
930
19440
626
2744
9064
36019
8454
3133
990
4610
238665
200225
1180
87492
4333
385
2773
2086
289441
12737
276
2928
1257
345518
29025
55175
87240
34219
11427
32622
81687
11
1483
6861
15743
3580
62387
2968
4867
239797
6595
35276
6830
341420
8987
429672
45421
110915
1711
5747
45102
26429
36017
2436
135455
33965
34950
91887
4462
38988
841
92936
8422
5807
11365
38908
6386
4011
38150
3302
834
112263
1383
3370
19725
23708
3962
2699
3417
7666
1938
8751
3385
12800
7540
12800
2660
20322
110615
205848
161922
830
382966
21339
977
19956
52892
28452
11117
28211
4664
8859
2583
55
174905
421919
33152
13029
21222
5443
892
128104
36337
181499
4928
1023
6826
737
7
3382
2490
423
3224
3580
37127
799031
1810
814
4387
11092
3241
993
1263
2583
299375
36572
2306
661
15949
25884
7393
625
42085
1198
72286
1493
1447
5345
648
232535
2056
4370
3606
2679
589
27702
4734
323089
1903
1983
121
24598
23494
40078
493
1370
2092
52402
53485
534
5374
3309
410634
3163
2403
46830
26048
58914
411
550
1590
3352
567
3919
1405
1485
109
67128
1811
51792
13472
26448
1292
2502
126363
244329
25314
482856
54948
192
829
12888
59741
59745
6359
93175
6796
70889
4491
88643
2006
67625
3236
1580284
2934
275435
11455
709128
7187
108647
1893
45624
5173
17504
20132
10872
6679
17105
3020
80169
168207
930
1908
301597
56873
96275
21400
61110
2924
8253
13687
209622
2180
37005
3387
490343
4868
13403
298
19491
16386
104547
2079
770483
19069
23491
2153
9715
630
1553
4502
1525
1151
22
15928
848
3870
7487
2934
3390
6390
791
2184
71132
886
4789
5235
7648
3685
22409
13378
5660
1813
3088
6682
16070
516
642
250
31108
69712
1591
14263
3875
231
25733
227278
1187
3549
2144
4209
13438
858
6756
737
170586
236
12554
17669
1146
5557
13441
2179
35100
5337
33792
4029
217932
82054
18743
9469
59883
4200
23146
3034
6951
755
19968
2755
728
16721
3551
5224
2082
147553
3261
37
4424
2058
106884
1951
19401
1089
4109
945
1000
21621
652
59135
401689
57627
326
194
998
762
190022
329
14876
27032
762861
163033
11231
8624
4216
20094
31439
59684
1177
14035
259159
1118
2615
15988
10547
2527
2219
4110
3677
3772
5779
224443
1419
169651
13054
793
88286
3347
4902
1880
6739
618
15952
1700
176336
1025
5611
5972
15984
17429
634
736
5260
1389
4737
3884
3938
155
2201
7048
40670
42205
17939
4978
280873
19198
2671
1099
56911
9296
4897
774
113538
10576
39416
975
9975
1755
25145
118835
234898
18689
8551
335
14733
20689
4802
1990
23881
25042
1914
29
10008
169
115520
1752
159762
3146
12803
4129
16874
8515
8828
395
7154
1200
32704
469
2490
3
4555
251744
17971
26905
17125
3911
50640
20347
169901
2115
47934
5007
574
3653
401
2498
3586
2680
713295
765154
2842
19049
1086
10610
353885
382
42624
152355
8989
18180
689
394388
24309
153019
101646
30816
15354
847
153161
4697
64781
826
19252
1451
990
133
1737
30
17757
159042
184662
3966
1100
18872
6078
20524
4221
44671
3188
89054
27916
3209
800632
1590
6012
1208
24390
16659
2342
977
32826
209
459
4349
2953
598
3386
401
300
4129
1248
504
44391
2192
2390
120
8087
95677
19686
162263
13135
448651
91223
735
2714
3450
110401
12175
169332
165515
9538
2775
34150
1432
8990
1379
45237
83871
4207
1772
259716
7427
156037
22597
12340
3755
26955
11800
71244
17546
26108
12120
696370
1494
39594
89
4678
49347
45699
43007
430652
5550
23292
976
2819
1354
5
5470
42088
3024
17433
411
2805
8655
4620
94689
15647
2037
46270
16994
1948
47310
4463
383
31664
7042
116695
927
306167
34874
32408
16266
2458
589
10050
15133
54370
569
24875
86443
3296
632
4521
13
1483
9892
52421
4895
45834
31588
1020
4
29569
1374
2083
4828
271091
173349
788
3067
90831
2367
186125
30966
371462
14521
210
2462
14650
6023
554
35
15492
902
755
2880
6169
4393
1192
469430
44582
51089
1052
1591
5607
4470
63399
2701
10410
331
113984
8993
241427
2214
322
3890
1929
712134
132009
59691
772247
3916
14437
1281
5502
930
59710
10
1017
3690
159986
1364
1624
5018
4991
128
9338
92040
28816
36182
144503
616578
8250
3508
543
9954
31188
168362
167364
8001
7953
270982
34380
238030
128458
10240
13656
3920
25927
67989
7016
104261
2302
3908
1253
4753
701124
305169
28869
67138
29163
17683
803866
13393
70615
4953
15553
175216
106978
68072
18634
9791
11020
90387
14592
241812
814381
431894
48399
44070
8583
5576
5718
24716
469284
3762
181264
17002
24951
144618
27083
261150
1075163
6470
36234
3236
784
9257
10934
1753
433499
3609
736444
2930
568
2723
5071
553
1411
497
784
44
752
1103
7979
531
5118
21785
34005
19966
2473
25
34594
3367
81983
25973
526383
13212
42611
671022
76254
2893
188691
10233
180843
20250
113436
27722
170477
2184
213723
134716
13438
147784
12345
208
14983
6819
4809
26056
52278
359498
3225
440
32384
1164
1398
5060
8895
2042
4345
100024
6993
665267
15001
1278
3869
10780
48683
73354
5143
29759
2758
154
28742
36
49421
1663
2985
6424
226
70
803347
447650
1805
3810
7248
4740
5816
889
219130
4485
267
12521
70841
11063
4738
1809
24983
9656
395
1975
17333
10642
1007
3806
2728
23197
7051
634
1358
46138
4288
4450
32757
4198
2774
564
1097
474
2833
518149
4572
3016
9713
2546
2209
22461
3459
1772
19728
728
1442
2110
21180
25107
3222
1290
25381
12459
740
611
4278
2630
21385
1725
23065
133302
11304
14
6187
8818
43199
659
27986
9768
42173
1400
999
698
53313
8088
20244
4876
106346
473
3441
336
2913
1203
4024
3705
803
225
1312
68404
13406
7088
124610
395189
2078
3268
6983
163104
4939
53855
144914
7202
68064
119125
409474
24417
16260
7178
179015
2610
36522
179632
576621
4787
20548
7067
116240
138457
16686
4209
15675
65421
14352
1321
22250
27755
7738
11243
34793
49635
154504
67652
140114
10298
67665
20113
58152
113341
267798
337918
47149
32488
99891
161240
85372
30765
148379
88317
19255
3231
24268
6751
21018
8848
77172
112245
14747
35209
127964
17891
289612
31503
1834
177670
144275
6901
1811
41672
286
11390
27005
24458
57184
5276
2628
2826
8546
83062
3115
1806
7668
89
105362
524
146298
520
1940
1142
509474
67857
3243
477
5738
14701
6776
226713
422634
5461
26014
3422
18624
26688
29514
2779
23870
1814
51747
32156
6103
706
113976
9336
10904
8168
205756
3679
50073
51405
46527
20693
87544
12148
55971
16287
71730
13777
26669
100407
55785
60036
4611
36635
7386
371496
35969
1063491
148543
292423
7518
219864
478058
59131
149387
381695
41685
79772
27123
15831
2203
4049
34662
7083
15347
91383
29379
44781
280240
24741
1199487
18507
227916
68699
115635
86514
143071
6991
187563
621717
207836
348423
10014
79018
17767
98446
173371
91629
27469
356317
28463
8812
1483
393150
33729
45558
14829
9990
499143
523443
62410
117626
21283
2359
4496
178612
4666
1932
108
66697
59771
1453
11109
14067
785
4745
1342
10953
4592
17063
3592
625
398
292
666
1053
122275
1499
58907
1403
861
454
2514
7825
165640
8344
5981
26338
34762
91644
3158
216360
228739
213616
10854
558905
11631
1926
42299
145824
3183
1419
61593
43736
1301
1152
11441
17318
59316
21544
62007
15993
3462
1476
169023
53338
10864
9781
157077
18502
175
1406
5572
143034
23735
9279
79744
205575
63567
83052
55447
79441
473120
1735
3124
215
294
1549
392
6486
70554
129765
10082
212006
27555
112462
2487
24120
662080
55314
105171
93986
821362
5643
49458
75604
110674
7600
136603
387593
37589
11446
154896
14183
72408
53104
4822
58100
701
18578
1425
78389
468078
346464
261236
88467
6212
64851
1801
5992
23255
3660
36873
81292
192
106564
62106
113402
18635
1706
4374
83844
108390
109772
74306
74982
16798
1255
12091
777
173317
501
1414
106
7357
2433
34846
236336
9371
16809
64728
19758
214568
163207
26990
36259
200209
2219
5590
4408
132302
42727
3168
9041
17154
8942
465512
19811
31904
2348
125709
6903
815
1002
2338
652
18149
18591
23483
78230
167226
80964
63923
7320
5660
116835
2490
1573
9063
72963
383493
9732
31287
617265
9050
52156
3868
6758
327920
11151
192122
457
3230
71712
20
1119
206055
24659
26244
53062
6081
46234
1592
1638
7229
149365
425431
63433
79981
76151
825862
835891
95167
32089
57352
330391
80146
119333
397213
13875
567437
13316
3386
94
5867
671
6842
29429
19414
23773
4261
13032
15085
4941
14712
49173
18092
74882
2353
27257
23889
1651
892
5171
226266
100
33600
716579
23777
14671
16983
8505
223475
13810
2636
174586
3339
2203
3900
73021
109535
12604
11735
5796
48777
3473
50595
8417
8212
13508
4215
582
855
10220
6699
103
1439395
18880
3781
43746
7361
5750
53127
2587
19547
16477
7823
1500
1144
2159
57
6840
4692
10297
492210
15298
8919
8167
49414
270860
7580
84086
530788
74940
376794
12970
14367
25564
99438
110139
16429
199728
23998
16531
28433
3667
11364
3132
253771
89215
436523
12068
8961
2745
45421
4404
52070
362486
2467
133672
2904
4406
2208
5869
63514
18101
10782
50909
20678
60682
5787
159820
24899
19095
37655
45122
741280
37752
502557
342976
689397
9328
498020
1265
932
6715
52172
28763
579539
113486
190620
186760
335457
8325
380403
3263
11265
672050
18780
53094
477
5378
1175
6118
104935
80318
9562
10868
1340
1127
4634
1500
521988
23174
16984
47331
1061
2035
1109
1807
56354
19867
25300
81000
8299
56275
160150
70650
26047
5257
132228
57039
10350
23
1824
597
20320
19060
5868
7448
93311
4729
50990
35214
183068
12768
23312
1574
1356
1894
5331
6448
54294
30164
3574
42634
2444
27944
85633
53620
125509
355026
198893
15015
327558
17208
21267
252185
439128
43161
145655
78969
452116
413649
56152
1094809
196560
1540
13599
10335
6373
423
56748
1939
188732
14676
162233
28552
5244
2765
25661
59927
56942
139147
174493
30843
360442
1459
98335
41299
557092
816346
327457
17363
38243
4107
65941
5137
36297
9598
92158
9824
19246
2436
244953
29293
154481
7771
21886
76026
133597
3505
77751
252338
17323
76801
266862
121509
627
17422
15220
2685
86822
833301
52008
117683
3056
4740
5602
20482
18186
3809
7983
13311
3012
42873
8015
51855
12550
5661
2330
7655
5015
3938
17974
330470
732368
141762
26902
34045
213601
6082
61999
8741
115251
167772
46958
395793
682296
1913
16977
24388
706986
9621
118053
2875
461657
2367
71627
61824
50950
3211
18244
104283
167610
9691
68593
27331
56316
149672
342900
811919
3297
1295
183296
8375
287560
168981
942061
40265
26984
17946
117267
5273
81765
8854
103158
15830
10307
2103
14273
10367
308388
230437
40164
675153
83807
210964
15524
69287
479739
42733
366841
47051
85307
2196
30791
146677
118069
139449
128367
107352
97983
14012
67484
20937
11298
30486
115330
8668
206057
35793
45307
58291
81288
214022
46783
29326
12027
2364
345165
41789
18647
91587
24429
718379
3326
403100
33951
55200
151602
25640
95997
103855
1728
36389
10378
10382
34108
2685
15503
214228
24262
86161
47538
5634
12430
3813
5764
43591
1776
30932
191489
157815
607560
21654
47879
7654
140023
611
128153
3504
81257
368318
27046
198203
197093
9876
32642
14101
62835
7585
18181
25360
6512
7909
113195
54956
9092
2597
13354
378912
64432
137403
128580
247614
241499
208697
1088348
5826
2893
6308
3606
439352
85280
25387
93505
131264
707795
8118
4236
1759
3132
1073
90642
1599
15651
44051
56567
410005
11580
52171
48277
6995
26585
4240
43396
57354
118643
1933
369462
228583
36415
22924
524059
11639
57959
259048
594534
396010
88019
81420
22355
11198
1204
1662
5025
193
3068
9485
11428
26422
45821
2781
47338
15916
1806
556
5637
8710
9820
4482
20278
29892
1410
12
31781
3082
74870
4575
60598
20059
260
1451
8495
210855
2536
65163
22063
9450
527
20231
86788
1256
39155
8224
348917
6332
5872
98
4406
4672
2849
3751
5994
26753
2496
5
84495
1628
34828
5695
32569
10885
39262
7800
13770
21284
2803
2378
6876
4903
318
178
38270
29223
502426
66338
16680
164084
10190
127917
71203
16788
1117145
16652
402645
34285
3355
220
248364
32858
73648
12723
148590
477655
4736
3898
191352
12864
147071
73004
349642
8950
712003
2641
14296
1283
136853
53455
50687
26209
24194
1148
4532
7301
535034
8091
228606
9863
230619
4293
374422
99530
49510
8383
552249
46947
23660
4420
66225
158893
80980
4714
613299
38534
11660
19350
2634
15925
203492
7306
40818
182576
38715
826
9554
8477
133248
5482
146400
310537
2636
110419
57
42693
70583
17791
66686
21613
2920
160353
7339
81083
9536
53736
7064
15374
680
1264
205
7743
46438
40150
81531
119371
1819
4218
19285
58628
13999
8484
4951
10836
1844
7611
2530
34076
46026
21412
56101
56385
492187
309420
35378
183405
70846
3193
1433
2132
2083
4402
15511
119323
11210
4514
8109
151810
6669
146652
42148
93159
14885
194925
30858
18839
542
102772
48481
98919
110141
856215
178972
97532
10355
2085
3073
891
1420
8073
802
1573
189440
27317
15781
38751
3154
5357
2375
5511
489903
181774
372186
110516
22998
26997
58815
3240
104798
63731
44134
19029
35513
3021
90604
8622
78427
428106
54094
105191
63165
827364
42216
7879
79840
1957
186382
4472
81976
4763
2021
3151
8025
23362
2127
3238
1450
200
6401
828
4910
9
254
684
77431
814
3731
86486
3641
1031
412
1177
53811
4372
76378
5395
20280
8823
61751
107826
58458
30872
59659
20909
159077
7756
127024
216942
70901
808
12051
208
7427
74
67
46659
174929
5048
874532
10806
448644
642
465801
7502
2886
1479
4586
23749
6148
821
30484
8126
98021
37091
329437
24780
20479
4316
4602
44448
83764
8488
17371
110588
6311
360
1598
2149
246617
1203
212093
202439
356894
1157
13479
6344
8656
27309
34805
4292
6374
1468
24576
4348
17435
4169
488054
101701
16433
1254
37401
6134
58476
2424
54120
18319
1208
3910
256282
4393
533297
54798
108463
139876
25271
88379
294775
2980
92219
2908
11640
317
3695
76802
2102
6330
7548
3335
100772
29162
22096
2817
10593
2723
1840
287
5112
68
2466
939
5035
1452
2425
2304
50487
1621
23044
542
107587
1310
5341
16221
73232
1906
4187
483
147212
2426
11885
54
12237
1586
19299
2423
73024
24537
65143
1253
8722
2566
4747
3366
14350
854
148803
10433
42565
32453
11777
3621
82437
2384
6333
4043
169155
390
708
1279
41013
23
9840
201943
583355
1958
10905
4418
15089
2280
15941
19091
3240
14428
2871
422981
21579
84082
6734
3778
5855
15453
940
894
31842
4012
2300
49863
8612
2499
4782
7380
16120
1011
17195
640
10769
24861
2057
1864
46467
1911
84015
2597
23585
54267
66920
1672
51797
8192
74131
4250
59476
53582
45089
18244
27876
17874
785
3623
1215
928
4065
8393
203
1094
8485
20607
2922
3784
5363
4601
228236
5611
25073
2548
81640
0
107796
877
118406
0
23914
177389
73406
3187
1793
2718
172514
6772
2675
1724
34288
371
1785
7936
129964
5770
94664
7137
40411
1835
266
704
6715
8297
1209
17
60918
23146
160386
5193
11347
1144
488276
1234
26563
11566
10276
0
158532
1164
1417
37
16421
7427
330
3
383
2510
5114
30
104963
30507
7851
2826
2335
12290
51575
13404
9534
10496
3553
2959
8874
3304
15104
2552
3828
25276
51733
8094
23910
8542
12512
5172
39655
2472
7167
2741
998
3272
19853
215
1106
67233
4495
1531
845
39702
303864
1614
21886
346301
119730
2199
2816
30153
36874
11345
37280
273826
24600
1992
8269
99713
363420
4769
173270
1061
222
1794
2718
5493
18822
71252
20426
192
27477
1436
530
12891
1031
14933
5359
12327
80
48655
47
4947
15743
10153
1954
682
824
7749
872
91
3267
2219
1887
1039
206
199
961
401
13681
1343
5183
25988
20
443
114425
3140
146066
151348
4625
280617
37288
13563
15258
21377
61991
8535
56689
159407
132937
24718
59361
364409
127509
3613
15780
1842
2546
248437
242813
2665
135612
21585
23733
44147
62583
130165
5572
57739
52677
36877
324283
740830
1367
29276
13624
29345
469621
10719
234417
91551
44500
8867
32196
2703
4188
67274
12193
2620
2393
1124
116705
269
8177
238270
821403
167422
19177
6927
48414
5807
17386
9068
86769
3884
240
814
10354
11165
108995
102578
96964
46036
33831
27738
800823
36546
22161
76223
7241
520
1222
172554
4145
6742
224268
193661
110847
266495
24722
1100
16307
2687
2447
4686
164098
7612
262121
4812
24117
4664
369523
195726
93974
34268
6576
68219
3198
126276
1374
1760
736815
4291
1604
1000
4691
5019
2155
260081
8099
28970
2151
6209
1400
65834
98382
153
79881
7066
193426
1837
1841
2246
11334
15610
38464
27752
364143
20787
2743
9442
19441
1251
22571
2185
24774
896
32233
3246
2808
2420
20070
41296
24747
2062
15017
48142
472919
101376
35650
452166
199210
7151
200540
22108
23173
134246
509941
16242
18610
2927
41225
7996
261844
8355
35217
6221
5651
8425
2278
11245
467813
8367
26794
13801
12041
27530
83635
101683
226246
6625
166695
7469
24023
27932
1135126
16655
545002
39984
159932
6657
46252
7632
28854
63009
8147
5251
188225
2194
44706
13212
7703
148398
25224
1351
35377
106413
38586
29691
14985
117051
426717
137592
246133
245
1930
91648
55999
4311
129647
540627
61698
11116
4311
2254
40576
207
18586
22065
34841
5230
4287
19667
314528
3380
9346
59840
7241
7703
6046
199
14652
10970
594869
68957
69971
8179
80069
45800
35873
1781
61953
11050
16588
25277
269625
10811
180033
3191
167498
1271
116111
73159
15880
1630
90795
3626
9333
16976
34883
275574
7621
3419
5249
35243
15100
35324
116687
5727
3021
151105
6071
38850
3696
69582
6166
454195
180941
190073
4137
4846
1606
3768
2182
1277
46944
38470
32567
40286
89
1495
41
3324
2292
29646
297205
10012
87915
7067
61008
140259
6393
1069
12051
28996
32432
4082
178882
3847
13726
5788
16322
11513
3623
3270
1782
27388
5149
140999
5875
19719
2697
6818
7736
5584
157609
6397
417921
15287
21763
1446
2785
1530
51186
24352
1269
1081
3850
114223
42464
77966
4099
9703
4015
1913
78984
163021
53963
159029
16676
2331
11515
607
21115
167649
5728
23214
4507
22
105253
9107
33263
11055
10171
46605
13824
12564
28
39412
367519
132728
286161
116312
159975
2001
91810
18223
13476
228
1612
931
4193
704
2422
3914
13716
718
51648
16249
126865
2033
14446
69229
33302
2585
2272
15132
2096
748
342458
6549
12635
1797
24144
399015
53911
1096
10377
3303
2144
196572
26358
48117
12712
924
7124
5950
26295
22186
8881
1508
9693
46575
26597
7713
335439
173299
71881
43064
3908
553
29361
3700
74195
384258
24409
33509
52176
44956
13193
5564
566472
56957
74704
4093
38654
314714
58101
3432
55624
12633
10014
5509
189146
92347
18168
10987
34954
7015
207187
53905
1275
5238
9
46983
2214
5104
8470
16404
30137
5821
4868
143668
2171
22602
221027
3063
5095
354
14997
30512
18681
13373
279433
3637
11179
5103
51091
123555
28985
54363
7893
47552
5596
9106
2712
23059
207907
4277
6997
12655
47546
71201
36629
81528
91860
5219
17380
38764
7604
8331
157674
16507
42399
14454
44134
64330
83583
17234
12556
77321
