8647098
8717918
12538437
7506948
4243138
5488826
9317928
5968430
8307162
11894741
10852856
7557723
4337164
2833465
6690641
5970724
6434042
4216036
9174422
3274946
4254850
4656508
7469432
6535136
5877002
8692996
10662967
7941520
4548418
4047920
8432264
5268657
13774849
5867902
10217032
6608622
11474651
7621434
11477514
5936505
12896218
9691228
14617029
10108568
9207590
5033248
12269506
6047086
8604578
6268922
6736080
2480701
3176077
4405530
4944934
3895556
9443163
6291072
11267561
7005531
6031482
4541955
6675714
3935910
