54498
815116
105998
26269
617180
118231
648444
811249
45672
2272230
942878
149853
3390
180269
388875
448559
51940
930865
661202
141559
465567
317181
103844
780207
927782
1272575
30301
7505
221664
878662
814207
618384
1894460
8849
496602
421009
1341477
1862888
1728615
662241
675079
820668
1345037
558965
26092
949388
122511
600164
191034
938975
613
733319
491549
220520
310362
91372
794107
654621
925924
203814
215660
1050510
1063326
179291
121865
905
641457
871065
403401
815805
87192
181833
857534
1786
1336517
2955
23281
138263
337382
140753
26213
693894
1205253
56354
4280
67286
81242
863390
214945
288432
1211564
6952
185705
41443
469167
600279
540349
8237
250839
1154951
242494
780348
544012
916695
19842
795151
1489269
1078697
91413
158982
311986
340728
394
40017
211950
1913
627135
391
79727
375192
574693
1273023
1311887
1238
6347
484544
3972
317665
9408
1065624
1278557
668721
407254
465097
8724
55489
157252
47963
1301789
218114
1338390
37862
448387
418075
1214381
434131
1532500
1030369
685700
527592
1467135
1705056
223460
473302
799802
1361618
911754
1026437
15056
434349
1158196
1561
119716
669622
851079
203173
1685904
95483
205309
712994
709755
1156675
1737
201060
1447513
637365
68522
630541
84497
178173
47050
1016808
553171
110983
537872
117998
2445472
456191
247063
410382
823557
2959
9323
1013
269058
474789
206390
668291
793665
672803
4195
626
178699
32
179032
36019
3079
1185563
684
466005
124149
167331
991656
186384
1081
37208
3773
122896
216128
60982
219
63136
2792
58698
842659
1113434
7576
4367
49023
1122801
220974
5979
245603
1026761
788751
234212
4464
545865
748262
295007
629617
183349
658690
32822
29494
495471
1456336
524
832617
540339
857319
190270
7943
174564
5294
5186
265242
659653
479677
166304
43633
919415
779890
265870
861737
1503269
277242
170718
33
895
1069097
450
712652
208752
719802
370
710501
9066
308156
227256
7541
660270
100584
213509
32105
193826
647831
193748
1123136
700
366166
45316
1611536
2154273
118571
972919
694639
270198
330818
384364
60918
60625
1799914
507877
504
23549
3
21
191332
315499
2594
2857
40709
697511
972175
897460
214731
457191
234346
2413
178576
45735
59668
135479
516180
177522
776371
2257
155619
2229117
150328
629785
86
128788
738792
77
8601
2882
15016
7376
10698
81188
713561
64004
38182
844301
788471
467607
11804
145430
657812
356290
9090
215286
1385
62558
1112267
706439
1615983
4757
1068156
698776
790972
643829
725305
99750
370450
614245
184848
801489
1746
8193
98947
673
147708
43463
730222
93953
2032609
645957
1299314
991078
548131
335118
974283
74484
1870599
34717
184795
222424
104217
59495
9394
688695
148338
486986
1016819
27477
687206
441
2081906
594767
1124813
216624
63935
207543
795452
636212
807869
540816
720334
1441336
75462
671
523721
427003
1734120
11773
111106
302181
54079
772541
62490
1910759
1603254
332369
1191426
135493
1317329
434334
1128715
509823
1474912
50796
1384758
14
953615
477192
41577
35881
935946
627429
697138
1026612
422939
69175
1154463
2899
36041
1355114
151315
249996
166594
2511
841235
2317
220888
652236
35884
93562
474
2103
7653
99
1302466
37921
43278
64828
357
9
4687
666
69051
142809
11522
795932
155584
4866
253613
698795
8247
1114056
663255
956376
1128330
152019
532501
788
492859
457949
1611632
1138746
6052
352354
826549
241045
71890
641200
856277
9716
285601
60454
1382854
7527
858448
434876
7847
215484
594915
632326
771829
47953
51036
9713
1462106
824314
1121232
575331
86638
765486
1908268
1110545
1916984
66341
989213
619871
645551
1505822
774582
182545
590152
500282
209597
9481
645621
1379
549152
551371
1702313
359257
169
12521
842826
268
6320
927192
12536
484883
1260511
190033
329012
729346
401965
1243016
472151
1124094
808458
7150
1000916
185327
570422
1377489
4099
670187
42059
680828
88182
30370
1134475
45962
211948
488910
1074574
26287
354093
8815
624224
1130997
1994781
53580
637773
260964
62527
418521
443501
2219927
162930
1043828
423
200060
1429845
648633
74234
32337
1140678
804859
9822
538299
697884
240410
34594
1882927
211342
1300409
1344
6508
1858969
1874021
1875678
283244
1049841
8790
1768038
74516
1287373
38067
109953
1030691
270107
1542459
1521825
5235
1476774
692488
1430908
170869
786011
226
648694
3
795810
661097
933257
399214
321381
361868
67710
3646
959178
878557
34820
1217915
1514412
2194732
689619
1012
576652
294407
399662
1588566
1083175
694686
3483
94138
164942
1019986
257348
243906
1096923
164
8024
683664
267312
828121
1546038
2087125
1419037
687087
1314589
647428
1128431
1042253
1428675
619719
2592596
156054
512329
702584
1903308
838369
2282362
1199959
1794508
559703
5005
732431
870236
856183
698994
551483
906284
1591
55453
1047324
525231
276133
1373570
879738
1403945
130286
940912
450732
618289
709435
2079653
96116
555287
753546
120591
564732
630215
162
1265637
242164
850817
688539
1291
329
178082
109
314224
107586
798228
47250
659204
595430
1026387
725783
47481
465515
592480
706344
25549
47930
309419
230263
1703898
130275
843053
598369
242281
946290
183483
437992
1257098
1764783
1977289
941444
689784
502507
766059
24301
875595
454376
454442
3477
296
72017
826727
496992
355380
201134
1250857
1150895
518491
3199
192425
189821
632297
712257
1364208
4546
5966
58822
727638
692272
6381
713837
267396
1314915
871517
313569
476678
556532
98809
169644
231800
184
598869
683018
665394
289724
472344
1756
1552739
325240
419
356
857678
840
463
2567
850789
1295373
1884
181220
686386
26590
179771
502712
640108
225025
67172
714797
634745
195682
168
1599
178853
174
35157
354
3294
388
1149
884
190103
8804
202
449794
772667
2492
648128
837119
120474
11726
88218
1232
57538
466562
80934
411975
35074
754847
376
47516
133241
121655
311391
743597
807215
594
9148
183307
651550
6653
793
428997
992696
37571
452
99698
519081
352987
531638
64607
35111
505973
903046
144371
66241
67908
962446
277466
716559
129322
572823
1248492
1135151
2943
178744
167
3251
5
75857
4656
372
34977
503863
101176
39777
419461
210593
259465
7423
517761
1329004
195823
342430
863847
770834
177933
2475843
448132
870587
188009
709883
604239
264641
682278
585034
26705
256351
110623
117953
1036250
1296248
71342
902839
575212
642880
70545
17656
206471
88631
433802
355737
6055
645360
929891
948776
156955
182989
112155
2090500
1293548
712040
1715896
2147224
617710
834721
540134
381969
720329
1243379
83989
672024
37
215637
473524
697468
190730
432680
189012
1400855
373700
180731
467708
367762
190292
589290
33559
1332543
742021
8789
1004230
88556
184045
658602
1208
482340
832715
2
752
12211
39397
2406
2448
321932
26040
213051
72586
428430
212836
1018928
452641
1268747
1403888
2485
270
498789
7730
177875
1519992
863318
590
104608
628564
828
442607
693795
435769
823480
165547
1299435
183708
58407
648619
1125867
10104
7606
6415
39066
300158
482573
4255
520496
2164
7126
634508
30293
16627
195965
11203
