62310
408397
68150
7427
11121
23613
14306
1103921
54064
129998
385798
106638
1516
5948
21112
3414
4629
398377
172702
1291
14020
17482
302378
103529
591521
17345
126687
11960
36282
1094887
584461
483383
29454
108138
126095
848764
103354
879025
1162887
613574
54315
916082
510887
120401
25184
620792
304120
53089
5676
7904
53544
17628
4178
69615
2345
10729
10424
485301
3655
3284
9921
21367
138948
5866
3612
27153
201711
10797
647624
383337
418994
39651
39991
10079
249079
77262
86442
16026
37613
548692
1993
54861
203004
315544
4232
79864
6436
35017
3037
270591
304941
205150
97244
125347
364985
37652
458621
68329
21283
441349
55603
737850
459527
1005611
109704
345777
653821
99417
16579
21881
61092
427692
20
1265919
53561
11633
21874
737564
5353
673716
356669
160949
581765
114206
26922
104307
116742
400907
40133
714406
795717
59836
33939
47051
110421
313487
7077
221236
205368
44414
10250
23431
879145
38493
25109
269415
17795
15458
287009
475053
42906
359898
458890
359881
216212
742607
22871
596517
146962
134053
69939
25301
31267
58227
599514
213188
1009044
580816
401692
81388
88377
39721
118133
123751
81248
939828
91544
29177
23223
11632
30956
14020
608042
1235196
559304
196504
203147
33590
149809
59942
437608
814350
13184
22238
264541
10595
794256
1091424
904472
19272
22
32718
62960
11322
9692
12289
26215
330067
970
7977
81860
10641
2416
70738
5398
14638
1951
11785
124803
412
6436
4253
501113
716926
13219
26135
1458
20350
11681
79589
496417
460206
764188
141228
372179
235
14587
50283
9215
1320
7219
140792
3606
358542
6146
538792
19047
3970
148072
418915
6720
15
13155
50352
10506
61803
390
2598
15158
593
491666
6805
2783
4841
4475
80085
10670
601215
1919
4535
270279
6552
409827
1692
8672
301061
137863
3363
245180
7443
9760
4513
993425
415099
3464
30951
732525
1899
84549
1577
33482
147990
46
10258
61
3335
209739
6523
40223
36313
16745
467
11505
72070
49272
1039
412228
80403
11504
5476
48807
84459
4792
1029685
5818
5717
13272
11988
446641
542592
60119
5453
968328
4045
5361
4292
518
96451
210317
63683
17089
138603
7
3953
15171
327086
23688
5557
380568
646
14861
14542
69847
12847
12940
198271
10823
3260
1069
3877
200033
5550
15728
413178
412323
48221
837788
8724
19990
26201
485738
275114
256366
217211
58329
16
199581
4915
273400
105969
18206
79965
18239
24878
25760
112981
737522
387779
144010
16257
6104
88933
227532
10215
669456
594752
38465
409105
3148
81622
89551
70784
93182
77521
26479
58140
13940
208416
497714
2329
28196
5099
46861
34055
13043
32393
944175
2591
19079
7262
53
447139
30865
33807
1116752
7704
47368
135473
412955
6213
30036
1007263
9111
1181458
990216
71770
175068
1068170
956447
206240
39147
1863
15911
15434
829379
4471
14499
13968
53626
17532
39408
881430
357519
61544
95355
9463
427399
7948
29
1522
4741
5255
3195
397984
836990
34847
89353
7166
18878
4530
2569
1
12573
6708
426418
2743
3282
5712
11373
21867
315782
1009619
37474
24104
3667
2442
3857
30224
740203
6425
9131
339224
1170184
35509
126050
37570
6430
114212
632062
59705
1002089
330964
19044
10447
92627
14450
20223
62281
13824
219303
4615
3
160051
5400
489213
12206
17536
406546
395501
152892
13581
49983
32455
13723
681659
20212
300585
16145
430280
15261
800384
346250
550031
13129
82309
3751
24460
43876
6258
975384
33729
43215
8420
3213
13038
25296
13445
70
101585
11411
44708
562213
317588
372975
410425
3169
24438
191941
3146
9611
17397
224801
629117
19267
921792
60899
85114
16313
791350
1042263
8000
213268
19123
411613
8000
5
58237
37431
457191
408764
264790
175572
63639
23
182405
30532
160548
748168
18168
73673
6907
154075
6181
122267
8665
1372467
98679
1022137
1998
7801
13479
7426
6764
449863
6459
112436
209233
122463
164598
94819
739882
944152
108228
13293
23226
1752
355428
10625
753408
98701
428174
1076
404520
75586
267859
405664
104452
612858
470149
578939
42832
6733
310857
907232
196933
7834
881461
41066
417706
109945
95343
94749
10318
20811
289720
47685
41948
2284
477835
12300
234809
412533
94109
102966
6464
14487
633671
14309
559428
72338
116295
994
18917
6245
506367
210657
260854
6965
1340024
25257
3441
22624
2458
267072
813437
52054
538984
29670
61166
527546
9882
205236
1068052
398873
79492
106042
16230
5114
226213
71847
159115
39286
187368
82132
29293
207668
880212
40882
802764
6287
61904
7235
8697
394735
13995
134488
96014
30508
890091
54766
48695
14234
440600
484719
17354
952388
5848
145683
17377
29995
58487
22049
11652
70724
737576
42066
3102
5984
14739
6978
2380
19916
52341
582
158924
4245
7050
6155
621483
176
17020
41517
8050
8352
1228241
14748
544476
488510
47140
292086
455255
54669
22062
245183
845350
672335
372404
11387
37791
979
56335
26872
61652
5707
150112
8371
4861
3548
42340
59287
570251
9109
952517
30047
36016
7357
1356238
428514
474883
6030
9642
2340
171498
107085
44215
342288
212884
264492
20258
53385
119177
7146
63821
8132
11493
2874
40415
1163884
15411
203793
1005501
59801
84804
22367
160085
827456
4033
6671
75651
8472
10548
482
27331
83481
12941
499994
2563
52187
37355
4995
108444
7083
3925
3291
2410
16999
2729
60
7850
197408
57724
9
19984
9341
50272
41138
297061
85857
6735
12669
225675
110875
19020
2340
397762
77
980
467
2380
440016
102536
197328
59187
58336
5243
3299
6619
6620
14052
185
90524
6198
5534
59860
403529
59936
14798
100961
236386
32493
7137
12353
1006129
19895
12334
3511
9845
6186
56392
24731
13759
8739
231171
713467
13974
6503
563000
7941
1533
1347
2861
10506
2904
1116
2103
16684
4057
57919
61299
523625
13312
39005
4629
726727
105057
12208
40394
304023
506108
30407
24781
25553
191817
15235
7290
514420
7270
91243
416185
520704
43972
3402
1414444
20347
183129
393282
11237
6764
168965
128805
2404
90239
22150
619372
422979
5301
6208
90231
37758
819141
330396
351892
50527
28863
63814
155505
71945
397753
91267
18932
16687
33531
47113
322354
46797
15720
40764
5990
12421
176
8745
56112
374369
60082
65250
446413
128680
520
1307
2288
9304
11823
508615
19772
44
868
2476
159276
206713
868975
114043
86179
1912
539
15573
361751
5789
133
3638
5682
432325
23843
39410
64026
44364
4735
15189
12653
564
1134
26415
2255
277376
32291
132
5489
580813
9828
6921
149
622820
45779
1164592
17130
326333
17
2900
4458
13018
3872
14359
416362
33153
19404
23000
31197
42298
2457
406384
26476
9816
23217
250309
15716
4891
17994
82027
1042
164062
1865
11995
429858
414774
6120
77196
14448
43891
1750
6733
721
4
27402
78543
411529
317425
35635
215253
179075
224478
726978
4497
8423
10650
26710
17633
6271
9530
49589
10008
23300
4867
196517
401165
17368
9058
928564
24852
23385
22476
624148
646016
796827
20051
21602
917
3064
4500
13660
1415
72331
17762
52715
992855
7726
0
1689
404923
770
6820
0
422303
178136
8279
6240
932
556747
14854
3355
6993
5690
977
81643
296871
454206
775906
289
141997
5667
1766
1586
2694
2659
22067
14649
372614
7699
11466
3769
29358
181762
21977
5065
12827
3636
15416
142180
2329
3890
7648
1318730
41437
120843
34721
58267
445388
6592
5350
2165
7537
396
406080
45632
175
77272
180821
7569
580385
28
272065
53030
14501
103850
664320
28282
362913
30939
43715
58
11807
586609
61004
9873
37668
4212
61934
224
195914
170453
64827
4508
2030442
2661
284125
8310
951093
3135
498572
23175
33109
818
64703
4354
6868
97720
12958
578103
346644
510569
10351
71804
164928
96798
113832
17604
71868
16579
5169
32177
522073
4202
11910
10529
757850
11
43568
29
63968
228
53022
8022
758145
15190
3591
1856
92198
2187
448571
20984
144174
49977
3830
1949
79445
5698
3609
495695
26548
4166
36
13
80464
7
400341
412149
24119
3449
2265
2591
14298
15666
1503
22479
65443
57
3
4821
19743
91141
6678
26541
4786
17435
1026094
197717
399
30952
5115
37186
35162
312712
13654
1346
373031
650
27644
13001
310050
8287
6030
12871
48106
15688
7083
974
966384
305475
15730
53354
445855
125805
11500
411731
70372
194
3269
8505
5632
16769
19527
45115
935741
60688
2373
188
10128
861
18520
536721
8136
440146
12722
76
7257
20129
2155
145357
465780
60716
1286
89
46
111001
598621
558096
5713
17758
1004069
97352
1702
9027
1846
11306
34412
12652
2787
43901
155722
2534
132312
6392
9549
0
23950
143
3393
1574
24659
110813
21498
357945
16683
14269
318390
13947
406592
12149
76452
7584
19269
13739
185848
204
835951
6726
19490
46920
132482
10936
27266
3426
18630
13225
25482
7844
9157
7428
55662
13160
7575
30150
216382
6055
1899
567
32902
17682
6192
4220
376511
12760
43382
6699
686807
7152
15510
90377
222346
11112
490
943
3092
6727
11191
8642
59553
11874
2710
3665
5318
1349
92542
32392
273210
17860
31851
75110
19141
24075
29600
1662
7346
15522
9866
702190
40754
400602
4282
793517
9014
10825
37778
3122
106457
6759
340397
19137
22129
826890
7771
21237
494
39516
7407
85003
1086665
1560337
6170
8493
14244
12172
400619
4024
78570
802202
440
214454
97498
313273
224252
110625
301264
65959
11147
3950
224514
6563
164616
3934
49640
6866
984
31
65
421
18136
92927
189520
21189
8488
52932
7998
1212
9322
289263
3843
788929
5290
164877
1019294
379
3171
59730
51689
10296
83014
102718
14390
52
13
21758
2452
18199
4765
71
1798
22759
19
46157
22609
4080
1151
26640
8375
109058
9919
114027
831722
328734
122704
269160
27761
56417
117041
1017229
161827
240697
209890
5109
24677
1097
10820
46535
41183
18647
54701
12251
347179
26164
262758
18286
60006
6599
46606
6072
407548
31034
61705
15167
1371727
137512
41604
273
1450163
38038
16815
26269
255909
15393
34713
494
523301
6424
45
10086
14330
8923
50105
14104
111251
710044
326664
94811
108858
4650
8342
27431
467608
79571
93962
148
29274
30257
419231
1229
1340173
1753
24255
9499
31962
13708
1486
6452
95574
10028
8572
90661
9886
6638
32752
88672
3912
87289
602394
285894
99034
28978
4405
21
42971
2695
6935
6746
210263
323111
20245
2240
40428
7207
118679
37020
641415
3679
551489
4747
347402
232284
173
11513
11550
13538
7680
10939
2941
38519
5855
804602
87980
130041
735
28
40452
43940
66116
1793
42425
37575
157219
2397
265622
84777
3649
155235
22001
946096
118865
218580
1433756
405260
15753
1215
18807
21628
34786
1121
7392
2331
535373
82217
989160
12453
5833
1827
6634
14306
65293
95827
33052
596157
53036
78628
508959
11729
6934
385708
124207
15439
342430
591811
112990
451621
416216
52506
141105
75549
834843
887524
61741
298900
39662
100589
458578
814736
1022619
636598
138663
298844
300719
8223
1020628
44573
66493
64803
20392
116634
134364
271356
483171
153425
109766
222874
988444
219608
1430640
480682
99966
29580
4057
128791
13810
133798
562933
45247
307385
12450
29560
22034
38458
168835
1690427
19645
70835
1979
11
16143
31674
3909
398201
267318
1037136
12197
3372
8067
8943
2661
2638
790
12543
10683
328
2968
25922
24752
30500
138314
69370
6641
14973
254
41371
5569
34449
7315
863509
2527
44066
1684276
66243
114768
268906
7046
967798
4348
85970
11130
121818
5966
160346
62291
9286
243949
46875
1198
25525
2066
8170
6907
411589
954762
987
3022
3824
6179
3407
11890
148
4985
93554
191057
48260
943693
12303
435
4652
32004
1711698
80640
1834
13284
2094
3024
8918
3574
131240
391108
6905
97011
106
10837
1073583
824285
6904
27593
14139
7475
34410
25
170124
61957
56
12796
39998
152605
15860
10089
16066
38162
17955
6051
4954
958950
113957
3240
22017
2253
132839
83
3346
11707
12380
2886
14173
9869
23479
10055
3642
311
413925
681632
13726
46
12872
771561
17759
6237
183225
187
831421
3354
3072
410593
60229
5298
1132
6635
7041
7035
400
1386
6145
67770
6488
27765
294854
91037
990591
5752
31257
48368
146177
621
8647
1427
62959
42469
74321
5382
24103
6636
21902
9265
88481
23
3901
2134
6000
2908
17023
1622
31240
4968
69880
163331
96984
3023
274906
740895
126896
26181
15514
115380
20056
53157
457307
28
203080
416549
526643
7945
1959702
1674
282286
3823
3485
114401
609008
38293
9713
37114
128023
238065
14203
271189
22860
518646
17215
75
29037
9970
119558
20590
19827
38744
276946
59778
36195
418302
178406
145216
997495
1003088
982758
187699
93962
30822
467038
206909
432945
64801
286817
11665
56593
28592
231341
7474
16300
7426
68609
95815
7195
15333
85407
10961
621599
19345
12532
239876
179646
12359
96131
134545
12993
6186
9238
5312
28155
25710
80009
1722
282782
113
5165
46051
16207
499
6914
720
298862
3436
8051
1910
1312382
21355
26580
85653
14181
18288
12472
301209
561164
18925
32544
12649
28932
457929
52016
9824
84358
16462
417561
58859
10747
99754
407450
28698
45688
4627
172684
6480
140583
79005
406909
20992
12981
6871
61997
18993
82129
17911
48326
94864
100896
15932
14641
299636
594697
593817
554783
1760197
598277
848525
22550
78569
477562
165531
211788
389134
47194
131500
43856
10944
260871
42611
166781
997669
770987
476714
13093
9426
280944
50632
1537313
19087
196038
74872
96528
51182
166308
116807
86667
531236
60125
1016330
12483
16607
10416
156863
265663
34238
27464
244730
11180
5983
9362
1141764
7045
427921
146020
8299
488615
533358
29999
121752
8044
469504
69453
91348
10031
3050
989470
171786
131706
260
3174
12049
44279
7650
724
9807
59760
3953
66767
1836
10457
4702
184811
1570
423055
34125
133743
9827
3897
35959
721953
74967
1211554
134666
199837
244745
12432
90996
199
173015
309495
533610
528804
957838
9652
6653
2273
94165
4682
29
45736
9663
8101
565893
14120
29819
901890
104608
702554
2074
1179
9328
389390
82666
30592
14293
515930
19284
975091
201
4243
112936
18148
19882
1279077
712975
138271
80384
79854
32188
902254
5947
417453
9000
387
70666
5169
29327
310623
770923
731013
499922
107824
102608
4070
227789
709748
63710
353533
174564
1011986
10580
58387
119653
129987
87939
178944
1009632
717261
7590
131264
36242
1014501
88673
28399
16191
26
3047
2258
22710
759203
559145
792952
69471
8113
48885
26576
991341
30905
619221
26325
134829
415301
189028
101651
70194
30815
39394
53537
3566
198128
73137
176846
21700
17143
1802
138502
2026
97994
454476
125142
1013704
15102
27181
752825
558581
8085
68735
92384
39244
712804
172520
600382
932772
666484
6991
219550
15586
350312
116278
156665
83361
45432
19405
464983
129631
154292
1398
469401
10540
3101
3469
105
0
153994
2318
78554
26985
410420
1246
7243
8423
3846
178053
13488
4469
8149
76270
953247
11950
59645
492864
29040
1024499
31551
82738
784264
399978
177732
11012
9344
88094
2141
3779
163993
188546
29041
13811
23787
13297
7471
55432
12917
91806
298879
25591
50121
85134
1019152
1048937
516582
50645
332160
321599
122207
484518
716391
22167
637904
3224
479128
80467
93273
131
409156
27454
21813
26764
17764
85466
340571
16610
326233
53533
307430
74015
13376
8235
9527
197
966066
17764
285479
12339
16374
952801
9473
10093
4433
9664
114369
32767
460006
200213
489646
162063
40075
53359
79399
15882
9534
117279
91993
1586
33296
4588
128251
114948
14744
736020
9788
72640
24893
539
1911775
167
21317
171988
14742
5852
130129
495
13473
59057
802697
74485
41112
92065
16945
849
27133
28892
447909
33782
56736
192402
75139
230911
77107
446821
595943
720860
262893
119954
20497
89806
382831
110656
54037
482916
29711
32939
412
97
410276
40164
146843
41887
654385
90331
85
2451
80167
2766
118200
385626
22540
99169
15260
2229
485647
1866
42526
460223
20176
72587
233954
157156
1301692
363657
35628
15090
496843
22191
1034922
51104
610835
214423
902318
29054
729273
9368
9904
36640
186306
36287
840979
909051
672018
141479
372587
11905
944686
4870
8614
978910
40618
903888
6898
57155
3529
12750
175325
85587
8411
970920
49475
45231
8413
19252
685417
783957
1005414
427766
3824
53787
86479
38717
117512
61047
17377
88145
246
215188
60660
152219
418723
63498
80383
24307
107049
12172
6109
12829
20661
1104643
14305
156945
6540
217642
36806
19259
248435
139603
7785
74
1615
1574
249642
100813
36083
410336
59754
158289
21586
153808
18415
53542
119705
1435365
694684
28565
431305
13312
124326
284434
442053
29462
82827
6505
293400
1156627
26944
1125906
629247
4334
59526
5741
57081
183101
33135
91167
1338286
39987
795206
5686
2833
18710
890141
24048
45868
114725
568304
58418
490639
3552
145078
203525
508372
1006387
325429
7950
42707
374
20798
12099
781749
50772
36169
54751
24736
91463
574708
62313
1041684
22860
284420
38645
523666
3808
24512
386872
27913
291781
293299
503216
4806
189187
7013
7251
61996
1039499
179112
330717
3103
51889
65996
10909
23100
809299
11263
20597
905208
28577
50139
26608
67461
19969
2770
1066
220928
64000
253752
263199
836179
496136
33608
412102
234958
7471
92368
2740
464744
1260024
47564
374951
885626
25111
810304
15299
1163055
52258
96978
23977
2446614
2739
172368
178382
8637
20038
6606
125824
222736
248609
98887
155095
386106
180030
404181
1407021
533977
65766
412915
864680
196612
322948
1072513
54045
454088
67616
192113
119047
131172
7542
77799
28155
22691
62637
23707
75524
348826
166701
97312
870840
225138
189861
6805
135423
769309
562719
374937
280104
46553
43221
58432
334579
707144
130947
151343
81260
129033
97696
119873
54533
283953
32393
140033
7327
224688
10197
158890
155271
1734769
168434
83705
38886
22177
12785
260333
45551
465664
966627
151265
1050609
12282
463872
14738
428573
763987
144103
73365
222357
3964
9609
26949
8503
23133
7270
11145
212498
126598
375345
26897
10090
5022
28134
12914
146567
94535
6837
305777
229748
590446
85482
2167402
736704
90614
4344
120456
47827
117538
559493
232743
548201
440349
6666
41079
18654
50194
3227
36432
41210
129417
3027
166584
24211
30488
1210
418696
348003
354793
212371
113054
547245
974863
301389
1496566
13154
497020
204870
743453
714072
150434
28662
135619
100777
969660
4958
227193
2169
2292
14309
14075
65
7586
20360
462375
425789
25205
32794
74598
7179
3394
9187
32952
422263
46986
292343
619967
255579
45603
318301
521067
164044
23917
209742
972163
686184
1944
161187
54820
85769
6056
3714
1889
1891
1166
12204
38162
2905
12114
322710
12306
11876
403931
3127
5809
8444
5360
20139
8338
7959
14635
2389
46078
222006
28604
21180
47542
28
10684
476
500
211243
12578
151315
114406
6819
3273
13687
365808
294
30784
5024
543615
14376
26818
3551
4047
12770
193022
23279
417330
25992
165100
20
36025
2664
50354
2522
26286
30505
146831
7775
42035
297
85478
51049
3731
17841
495
1887
1541
12822
1087345
70927
357667
116515
6327
137570
106294
14777
1063267
27270
573666
14224
825
22197
601370
33874
446990
20276
916121
1725777
33739
698439
327555
4305
70353
82167
515522
8128
953971
59496
66279
710403
115591
50852
39514
33855
252937
6760
19046
141275
946128
3562
228426
132642
272080
4555
570301
412339
165997
95923
1135648
204883
50492
1422
43176
502179
421418
209
584302
8016
4448
6589
3777
7229
136077
7631
74026
96733
31855
66
15354
7478
35800
23353
77331
203349
93
23109
5359
43345
20854
270426
174214
49073
5315
244488
31013
94196
132178
3678
43840
5424
298
4527
1058
2038
154700
6970
82442
13639
5294
31653
30233
24406
174278
9670
402396
60039
60
8002
1977
15527
103115
23791
36718
2138703
661529
578064
85100
193796
55473
10481
1341
332299
5784
21660
39632
156945
1406919
91
15866
60109
377915
438642
43365
136067
430896
632395
426636
7702
389401
112386
128577
74502
89041
869093
541052
34547
16869
781
947
6551
26926
678071
80427
144631
201425
63651
6115
300495
8559
517468
305007
30371
1272144
306274
336190
109110
34279
328352
147148
4456
123942
39476
52939
153040
35328
30166
15684
103298
95614
628595
33692
455805
21789
2750621
25140
114094
81647
4215
125996
3947
25990
85556
135415
56111
12414
15231
290
7740
331
9482
3330
3026
55340
4587
13438
226
81309
13
36436
5840
411307
45103
710820
1964
200380
47550
19307
24432
394200
26302
31442
173737
441648
573782
426737
40942
365061
16879
169974
38681
20110
37375
21411
32256
31817
21998
11733
8112
175284
33723
1081903
27643
805138
13017
832101
11951
1558
4329
13897
2406
2581
10305
48118
215
120110
11649
163245
20479
15500
3427
407415
25416
13403
5662
36660
44669
5928
2732
59
285598
545319
382
112577
176103
447648
82
152665
35551
10694
10258
37259
3901
4316
38145
805277
105
15232
1046
790220
25552
933571
14646
210735
74853
56939
1873
20351
4709
12732
34
204783
8318
1007921
132736
131308
94823
37698
388978
339168
8499
3411
478
52678
3064
753
161746
6035
3080
1200
17748
152733
4568
64546
138
1005702
20340
246
2678
117031
2888
5334
2007
9012
43
87600
1893
14921
7590
1896
2053
193521
4307
1137
21933
173357
5697
6490
1293
240211
2079
13394
42671
23201
14839
2864
3245
24288
1387
148339
32246
14974
13740
308502
31563
21704
18027
420335
4497
16027
23499
36475
6709
103364
1194
360696
7812
495519
3043
11
6071
10072
10719
6531
175594
802413
2458
9037
2205
14213
103104
90312
17718
414018
47901
14601
658235
2932
27944
8948
2710
10904
403338
10229
4557
6433
0
1481
22807
4783
4443
772359
1531
2694
11553
2839
2392
6549
56444
3340
443251
25470
238788
105958
57030
23900
178219
79882
91074
37383
112467
909102
5000
23148
31672
44489
41345
32070
22012
4552
3075
15013
0
395712
1799
15562
2958
8252
29442
22443
11147
3413
3221
210965
10515
13750
8362
6839
1759
12872
4596
205658
3432
117903
89741
12947
10714
11341
4529
360587
1332
485
767
13691
3566
1148
10516
55937
11660
370182
398755
21006
376
55098
4022
59537
12432
17535
0
19586
21059
303532
54200
121835
7584
764058
88495
209482
14028
38971
72
106587
20
4339
1000759
6062
16270
4540
29
14735
2030
9377
24216
1067143
15930
4341
45383
24087
10559
295602
213406
8174
20360
12
12249
19992
2006
2221
409869
14255
11700
64055
999
3998
873
32886
4637
80070
179021
15968
4504
5728
41174
3967
33072
18551
70374
5135
1486
3693
6929
301028
52635
20885
618925
421051
709105
5298
247393
124218
71355
71131
386076
43719
19359
59386
36722
703820
3370
110992
2351
1303
3427
5093
7949
9464
26880
32880
1145
36
1398
2338
20
2620
8475
714
109463
0
6452
49610
8286
210
53132
1518
2230
6996
25
3949
11517
424
36
9032
27943
1907
49
16781
4898
3194
53919
18419
33
22302
1134
309176
16291
93251
640901
167999
377722
57982
508070
16070
15284
22357
144438
119602
449376
151404
29465
33032
702740
165691
1522
3897
126605
7019
296139
586900
12350
108588
91292
25510
15653
22961
86892
8264
46572
46733
41411
1020474
561671
10020
328688
407650
17270
569669
29247
806722
159967
162085
7500
14823
4967
919
186474
39789
4775
16756
1187
443788
10390
112476
143296
1325045
91057
4433
9855
36131
8827
30755
975004
1411493
51891
424099
91213
812296
13021
146445
169550
129006
810108
1019494
4988
1279375
10735
13010
424660
62297
16
94226
1511199
717115
21892
318714
191186
58879
419085
46580
2844
12046
7910
6614
3231
1085483
399068
254521
13108
26611
31643
272162
188106
344474
24549
96449
420851
33894
512883
1345
11310
960357
14784
190524
28965
3186
121466
20199
169966
14994
60607
763959
8058
83313
512307
49776
8362
96411
196
138813
81
1345
11866
21835
28773
30144
17863
627711
18806
9196
8813
558343
19065
244238
36364
6405
69012
10606
158084
33933
15291
11185
94459
125760
100954
81384
65748
1595757
169919
29881
501595
105541
205828
626018
46914
27809
67570
537707
6313
108084
88093
576424
164634
308633
141487
54019
2994
3516
38114
3858
163762
581115
19787
1053852
22155
28249
1451429
5889
86362
240025
907909
176038
402634
115753
72061
1180371
34917
990803
41793
250220
84880
195936
22172
37773
26423
116138
401269
908368
4964
17719
9530
6058
214879
1190138
19476
182826
402663
30828
274376
59445
536552
617072
223529
187715
7749
1145
406287
35976
13467
46268
570683
47553
29585
3125
31051
309663
403203
13927
257261
21431
80
1632
993
534833
7584
2750
37314
10621
2368
40707
1358
60133
15161
514198
77309
31327
32867
88891
47922
31768
13960
83427
24736
34601
34966
454548
3332
95687
4019
66216
748
319289
81941
4007
253
23510
6622
37819
8353
516821
186705
8853
2114
10053
14543
45750
387637
28984
3166
168015
69148
26663
27098
138728
76716
23978
1030627
112024
123304
10239
12285
300
53413
60287
1682
137543
13208
8625
8245
1462
7747
9036
4799
8028
17836
193703
11761
8815
2945
19647
240297
3754
16858
271834
868347
6834
1455
271614
44070
35829
1581
114499
29133
662
9393
80331
1890
10758
238172
33193
7891
134562
14506
143318
40257
433866
1089
753196
8956
132339
2213
6251
13195
5041
13726
2070
42682
50874
102144
31331
78379
3645
1800
4278
5955
2967
71196
19468
360358
9382
4577
15456
3194
6208
354623
2752
7901
2921
1668
75682
3572
187651
6952
2234
36583
12830
158
3759
495
688472
660241
590903
113280
22487
2186
22956
19
26941
19
33469
1951
3642
104
88
117478
35175
34
93920
21955
160295
11974
14390
22408
551747
379250
29026
144950
5330
7881
352194
2387
55304
804299
52198
497832
46753
1010922
8424
23386
37
186526
5650
426475
9149
6863
7933
9856
20112
13610
8200
4429
63940
211490
110165
103671
1042521
102239
48390
34511
6780
32071
49121
2324
507186
723758
51881
27979
900693
7377
1275251
13409
284762
429514
17119
706206
44737
531627
24375
44737
78165
19381
32089
1759
222953
22903
111745
6534
408049
16351
506733
24393
19415
9215
2222
22938
37855
16097
7855
20513
5041
43639
3306
743233
10967
13661
199295
1894
17465
2336
32798
16132
28771
3689
643204
112
29951
3473
81147
164617
641292
25301
448565
1005093
3375
3357
8563
15698
452296
10981
25651
24639
33566
9367
32939
66380
480081
10802
21148
41631
14463
21750
472704
13394
264264
7461
78430
49076
104155
41636
23504
79991
