691026
987945
1161201
625300
181014
2615633
1752517
1637599
1246711
1106232
1607983
2297653
346198
1971890
1628185
135095
1897475
2051784
1320440
1003242
875974
1082676
1226136
1737546
1389323
972041
545865
2051302
82632
2056330
1133709
300676
1575389
1124402
1764701
1409470
983062
612895
1720133
1501275
1277711
503062
1092361
2459718
788888
2599276
847502
1183319
569492
830311
428751
66688
1591984
1192036
1228476
559910
1425324
873902
2542431
1256890
141106
232162
749669
170503
1575767
2453370
1127290
1046398
1365593
420351
1276400
434468
1319752
1760113
1588123
742279
614057
1528013
2400369
402869
542793
323307
1697632
563685
378738
865452
1335407
2007459
170607
1404292
2316962
640359
530977
517537
712487
3881591
1386794
933793
1658530
311636
1964297
469592
1718441
635248
2323410
320688
1465991
1547197
735678
1994498
2497796
529833
622215
1771720
1003106
132834
968627
398238
1803253
957007
324338
2392321
840366
776185
2378953
932525
1634002
533047
537492
1745905
2621266
1497775
2075139
860369
1166414
1253735
2738048
1713657
1599707
925858
836144
790693
1598305
639726
2632915
712095
624956
1453271
1180445
1090861
1454970
1075284
2243287
1043733
803873
377047
2350888
855680
1674517
453224
2127207
817710
2344901
1633549
574802
1171253
453880
1847417
2163731
1786449
1605591
1431743
542558
1113342
3827954
1432342
928831
785385
770671
70720
2462693
1486108
2418167
1105388
2720953
2142773
1940877
959246
1084212
897456
2393253
299435
666212
211125
1361462
933157
2667808
1039744
772851
256940
577379
247609
543794
1474887
108601
304574
485036
119837
1138535
432560
1778475
1934441
702140
1563081
537460
831397
496667
1388066
2014591
2706826
574503
706330
822329
852986
1337036
2486489
1218181
520224
1916657
2565443
585983
1364403
1176096
1443263
2838505
1489577
505516
1785070
606939
1539597
1061116
1364830
650991
748414
274692
568238
1182966
340630
1104126
1038644
1635254
1453895
222928
312019
466133
168351
