12762
46370
28612
14361
23708
31992
11284
302158
50678
139744
94232
72969
4355
36967
23494
37072
21010
54429
235128
22444
13903
244233
274933
144931
216155
13390
186949
22285
58092
369014
522513
194091
147781
74111
160629
370502
190177
1078995
948854
331885
226384
325162
330547
126792
84466
299900
384501
175201
19948
12287
18112
10721
10431
357310
15722
12429
28599
437245
9139
5479
4968
50944
128668
13205
34516
56520
262784
9905
514730
433599
748920
36309
73290
7031
280368
39482
77851
9613
56588
133641
18932
24462
285345
74607
8091
137291
31959
261814
33869
183196
356123
167349
99886
121332
874579
52899
156436
39530
40901
609562
73333
592539
169040
1024264
153868
616075
323315
181074
30680
56140
72057
32877
30366
838641
67477
64952
36871
497596
47165
261849
559218
340690
501290
143883
17999
193361
157514
23275
175055
460964
658984
211788
31175
128208
70782
299691
163252
290079
231907
68046
58599
73347
154416
362772
27121
347543
57927
41903
421142
597109
101640
555586
125291
462932
245367
862806
38422
279017
117012
231490
215711
23891
97225
204297
457277
492650
868630
272255
138737
81747
142321
203260
225299
243029
77754
288816
64693
92778
85087
25165
119128
14568
1002584
608653
135103
175141
539952
84706
207938
60114
115329
80492
57400
42144
337903
22777
565517
1014392
886557
74571
15693
28472
38752
9625
156037
17373
26170
529834
10692
38526
66875
59834
23221
288123
33011
64556
3897
124375
161208
1708
49206
8582
83753
441952
30156
266720
14469
104424
23756
134932
458709
59424
405164
222798
703862
10846
20875
68071
14237
6826
28917
182563
4283
372364
4661
515016
60517
9407
160451
83625
4265
6773
29808
56798
17494
119486
27574
702
9540
4345
58598
9273
12276
26438
15359
50414
108144
156678
15636
8760
468854
1720
19293
14815
22472
564257
288696
2735
158852
17893
38146
1819
1019728
688729
17189
3785
792395
21870
49866
5902
51660
176089
6061
20193
3855
11252
260621
33339
43827
40581
48085
5164
34619
57684
30134
5680
54088
62046
70065
3557
81906
46891
6813
999777
37724
47029
21386
6952
261069
134136
58184
11741
937341
16045
9384
8854
8539
44804
349732
111331
7767
303752
45990
5263
19825
61637
13421
1116
10064
13965
9599
11087
95757
57391
42044
330461
39963
8122
5375
5914
445487
37779
129959
21960
86774
119670
649327
9321
46079
6679
604288
396446
343902
85992
121311
699
144502
9644
207865
90564
65459
52555
43335
4367
39857
111206
648409
750061
309444
63974
21562
125670
184787
24920
365456
599216
139824
16180
8823
89975
103607
34809
81232
70922
33233
58010
212540
307700
725008
8717
27747
32136
192549
61804
2639
61553
846880
6968
17664
7522
1546
161009
80081
45433
1187799
74356
104732
90588
515585
101887
77736
892913
12735
1056893
1009494
117739
182863
1144812
877346
361699
99604
14489
12546
19019
863095
31698
9736
35216
58611
13230
85838
792378
501028
174556
84536
9812
23310
12398
4466
39400
15199
19379
6740
72072
751840
46384
149054
10281
60015
34319
8830
3429
50122
55227
28684
6859
12743
6397
39240
27427
342342
1004696
16512
33183
52599
14867
9395
32032
355741
5919
18909
340089
1071512
72021
148681
119303
19596
187988
559335
145403
1289817
98141
102576
25397
78276
140160
5078
50401
20250
152236
7559
45339
191394
34747
267663
53471
54779
32211
49133
118187
19626
88782
57821
13260
465583
76722
389152
13175
129837
65058
592365
312406
377627
47914
163829
133217
84887
84920
24209
968372
25868
20715
13569
2112
125152
18624
16994
5246
107328
5230
43616
856699
323228
135423
221112
65007
81189
275387
5708
11581
52945
306562
728907
16438
853019
178195
242913
16110
302327
1027934
73184
234305
14198
312540
16485
12903
119349
37241
81553
57758
558275
123269
294090
8888
196892
196741
170413
608796
30011
155851
16607
210010
57558
185053
8019
956346
94220
1047264
1345
9414
47843
32190
30848
616262
4907
157034
166549
230292
209209
180749
592390
945290
238793
17671
54740
25833
506695
227493
319911
149180
109814
136326
182252
111765
304869
12131
296578
634452
196375
526546
49438
28380
343521
897662
236514
34504
796975
8407
50239
30490
128206
236973
21998
11763
362553
19533
47513
90181
606296
44488
290757
342376
502756
182753
30411
30978
657935
6000
274361
122719
263860
32795
80404
86122
609668
266367
413780
58614
1094517
46881
65530
86818
6696
444092
594909
84482
953575
25700
82919
76181
64920
264842
775122
111437
119411
117775
33035
7437
201297
45934
184292
73119
269673
164954
136731
205956
904143
148414
632919
14021
64102
26743
31876
66990
26714
281924
146382
72719
679199
108989
32153
7363
43370
257328
31020
1120447
66181
170782
20932
38038
60931
80026
70993
132327
485616
22226
8148
13559
79761
16517
9760
54602
109278
2510
170159
6956
13384
8607
931605
10537
59686
39909
9426
5676
602142
22483
227222
125102
102806
325921
399252
37484
66362
171786
439399
663948
919557
17889
154694
3260
103033
31271
83811
8497
188629
13831
22817
27851
53939
19519
195165
37237
917550
34002
21948
4292
1023682
66484
72112
14392
102329
7143
237983
120894
71500
406329
347935
347121
48474
59281
232512
25392
214526
16977
4275
6356
60039
561975
23121
258494
901869
49533
174156
43739
173927
787215
27300
52201
180682
15381
10391
3366
33674
78952
15543
441163
24672
150141
76816
2271
105637
23921
17971
10932
25703
16550
104266
8714
51636
56333
87617
7086
20737
135528
55363
35249
140508
88618
38576
38075
475634
88408
154984
23201
13089
5484
1225
29191
13244
111150
147101
286682
92825
136880
3140
3688
59117
18192
73570
32076
185525
37398
20843
217882
82344
37863
36373
72745
264394
42385
11256
3547
1013255
81509
5558
9923
5142
35854
204946
21623
616
85320
278896
602510
84684
53099
261308
1071
20032
1367
67385
88992
110184
21689
9917
2148
7379
33845
44667
106149
31837
40501
28070
465080
68633
9108
190733
297130
809681
56715
77483
77423
413488
45221
48334
134581
17660
65669
123977
180442
126811
191075
1021985
33637
196474
162234
61715
8513
297607
131226
5801
96292
14892
772705
61814
32580
31581
129722
102440
684693
176884
343248
71812
193205
139556
218880
86588
643388
362873
72752
59155
55593
86036
336554
14132
44481
9512
4933
19835
53639
57408
45660
493908
57172
123009
199234
95845
4062
10786
112388
60560
25499
150365
268851
3940
3581
2089
209398
228082
900741
195955
105695
1702
5516
3153
400591
25597
13597
14189
8489
374447
21674
60800
189362
43950
10834
36746
51422
7151
1005
10000
15089
284285
92185
5886
73079
261066
8656
152107
148287
574946
34534
617689
92094
179860
1330
14928
54823
63647
148039
7841
342629
28547
22121
52632
10486
44011
6413
55183
10854
14846
128600
217940
31391
10665
26376
67342
3556
183893
23769
5975
230518
142389
14803
57618
180158
24375
2150
15900
904
29412
45693
30917
16302
62577
130450
189625
346488
334093
572616
8627
12740
36874
45636
58399
18447
57081
47687
13858
22695
6313
244102
535413
35080
102538
929221
37533
26760
87911
997424
201559
7470
15581
34453
10962
7398
6226
31200
1266
44016
34428
85051
1020445
15586
10959
1414
45220
2397
1443
2517
17575
292142
8141
20014
2318
722038
12226
11594
13477
17944
2496
46858
588714
259026
422868
751
309417
15480
4145
3235
2547
2297
79633
35272
339119
18356
32000
4094
94213
130294
92675
1771
43188
24353
40243
148684
5388
58618
31094
1236812
160716
301405
144760
24291
724435
3255
8324
19620
21310
35517
4958
17887
3552
52977
79535
10680
827823
19844
191298
63211
30494
148629
343555
55432
364013
39275
17073
22015
42727
890678
48676
22509
134622
34331
80260
52415
240014
187463
264643
58388
1983877
30768
369527
33204
945924
10914
145647
20892
57675
3853
41528
16858
5482
165485
30864
494002
237300
555550
6516
96177
313905
164723
204592
23324
107110
4985
26508
51921
154204
5363
72884
25283
557858
5999
45355
1295
25663
3356
154731
8603
844715
8671
49960
1890
98673
26025
46770
68568
144584
138495
8301
6951
133334
43910
35829
231141
25354
22028
4808
13374
78446
2359
22482
25656
77600
18765
10517
10467
15111
5775
8031
12696
134067
2616
1249
11507
16910
57534
56345
30031
13931
217570
1022491
346561
13894
32294
24813
67615
74315
301652
7613
52199
149725
23342
45174
19721
535852
4690
19492
124276
24250
8620
8894
10782
554271
8876
15272
38888
76538
79412
16281
212758
93800
3250
10867
59178
4068
45666
20322
44856
878076
60926
16902
663
16661
3689
88955
681204
5062
262880
96168
2501
6799
18582
25739
189302
562902
153222
21800
5398
6696
41440
312445
850650
43980
34566
1014716
211614
6043
13623
3351
7875
74177
20496
12665
11537
303205
2653
106482
47673
53326
30503
20520
6487
11546
4010
48515
156626
35909
141997
51196
3833
62508
9782
73013
29056
21809
4574
44154
79434
137802
1340
619763
14902
26338
18610
112279
12985
15555
11397
5251
46109
19060
13400
39061
20413
89242
82856
24799
56522
486201
7267
12943
2792
73546
115222
19062
2199
67951
94124
72780
21077
537781
4068
66394
238678
350193
57106
3340
320
10644
5184
26984
36427
64261
38138
9520
3763
11581
8273
291262
39786
284017
159433
38197
129269
85499
77048
144854
21460
64914
90739
19497
508077
32688
2237
29247
164106
20581
66371
67878
22318
253016
34464
380777
22555
50831
659866
6841
19964
2950
45861
15205
63841
1263355
1145638
10742
2265
10022
23763
650901
10031
181223
681905
17937
306263
157848
478911
255906
261814
388060
62227
10331
4926
86195
61623
206473
8616
42191
59620
1676
243
6318
1476
31817
113646
139926
6732
19699
32281
11252
3536
28348
264400
24463
497914
10388
383686
1058951
5171
6254
43009
134463
110144
53389
146073
53878
10439
123223
18944
23760
54401
3716
3203
7514
2811
1713
82450
29509
13271
4236
13587
36274
139728
56931
315892
757032
460344
113243
612768
159428
18996
92651
1026087
358184
352007
230545
12417
82284
122408
22113
90063
78228
11016
18239
148737
643789
51561
257805
40776
70478
9147
34149
104013
70669
50795
49647
26807
1055230
95134
58634
13995
1249298
53318
76244
67944
470704
16727
51476
4092
213760
10777
4845
5167
30659
10000
68649
10584
116155
523539
460844
142135
120157
2157
5353
34001
41642
74795
65699
10505
44018
21930
66967
36028
1025753
14513
35304
22911
50485
19438
8027
6658
176680
41776
159982
132523
53533
9516
99194
112063
39918
106671
344807
497445
294343
70713
21353
5324
35896
5264
2198
11306
416355
453764
16941
45742
101154
41441
120093
175630
431894
41456
391725
9302
568256
383247
1530
7519
5397
5512
4587
36289
6903
58849
26468
693984
118905
122724
4170
1669
54836
16859
86042
4041
10232
23636
211365
10899
294828
104956
30886
360123
11097
981883
156142
246537
1058413
48929
61832
5939
53047
84547
40921
851
8024
7975
277615
52324
918303
8446
55251
5814
24777
109513
220146
140678
107724
849452
42374
70027
701598
27482
50793
548993
229190
19120
318923
279386
304115
558567
85389
36104
264831
108433
745016
754679
71994
415956
108325
294503
551178
746748
1011691
524611
132137
503023
426364
20815
1042094
130312
99546
97424
48844
303229
207025
310875
287069
156070
200329
183245
1023544
272469
1019957
629850
180561
148797
34223
304187
38803
158715
455687
221135
240618
60164
57243
79988
52803
252545
1397213
37839
73106
4703
1335
37859
41107
8288
398424
423932
1256993
2847
32765
29781
38594
34407
1232
23120
10407
4251
4128
13603
28681
33224
31783
116202
77486
13959
12172
786
104800
16771
121877
18209
641868
4080
36770
1373731
109214
270629
243960
12807
938044
25336
227058
7420
167272
7548
153239
87432
30182
248381
22896
25889
20702
1926
11512
14590
63380
525644
3877
9825
11790
9151
16734
17873
12159
4989
128157
210942
62677
909025
100605
1990
31131
47270
1190271
48681
20571
21014
5059
3681
37564
2854
350588
27651
56864
103111
13824
6936
1133992
739824
13564
16555
25709
19876
21081
4679
361341
20467
6711
15459
73093
83322
132310
36772
44043
105822
39928
8712
117340
826785
55087
8303
61996
2303
215757
3219
74954
3099
48723
5871
60644
22337
24218
7062
46878
4875
142143
458904
17161
9287
8733
358337
29168
35199
253175
2792
791097
6372
41818
4588
45777
12797
3472
21219
14144
27997
5017
18379
8365
39141
15285
34136
244476
102332
984789
16677
21734
32260
39897
312
23065
5971
49394
6460
157211
18179
47782
12664
54027
5308
172961
404
10900
6208
26253
15279
9165
4153
7753
6494
22488
67179
71752
53650
237840
397644
121557
84388
28179
179494
33765
37090
92548
4896
81782
75075
788775
21566
2005105
5092
284910
6110
19784
221277
604711
159106
32314
40124
99271
288621
11547
349790
35442
444889
57245
1695
141008
48725
62885
57902
26546
98678
397437
137388
171596
154447
175132
51767
952442
1036183
1130783
430816
232017
71590
242292
307581
271253
96967
326260
30765
101246
13126
175650
10220
64928
40054
59127
90442
73803
16550
72035
56838
382256
149881
6402
660414
134337
4637
173161
271640
63373
13860
38988
80630
63543
43680
56154
120410
215100
3893
5193
12521
15898
6149
117886
23501
430890
123236
41370
8066
1280048
64783
12629
58763
13472
98731
36450
305233
344117
24089
202915
10697
95911
494072
62916
15362
58126
50933
22458
66703
28214
184246
60241
14176
46423
12832
188223
7624
191106
163716
251684
33198
131375
20840
154366
37342
218828
44385
52107
90132
117845
44757
117432
470704
272549
510046
370210
1451696
421559
531841
10821
355204
435892
155766
268072
408860
63010
116289
35069
25453
188791
30561
270684
1040646
551709
87286
8752
53260
539524
45264
1252266
94516
266641
177915
112197
212723
174952
171745
105447
797816
169022
471186
20245
26841
163043
174192
382476
64392
39227
479790
85871
11823
125475
516996
139997
97084
103315
58643
558827
522635
52584
189178
5010
45507
41377
191017
18993
3495
968410
73263
74439
4655
15900
66054
16630
56442
6294
19856
31982
12801
98344
3827
7267
11548
314208
3772
110180
75806
289612
7171
16276
37362
590752
105509
807156
166074
112918
542624
161275
140411
7428
279058
369718
148365
813876
842207
5636
4018
9822
85785
25943
14140
39664
10169
3063
860970
20502
55438
737781
99521
351524
98464
6382
15867
160905
67854
84204
36574
287125
141413
983190
7940
13697
163263
96367
49015
1183851
218093
97177
55454
301094
120605
599447
50167
8244
16475
663
78475
7324
79779
422174
124729
428041
358570
83906
139744
14396
343678
918035
100528
299050
265661
1075990
6853
91021
44567
143665
87182
202232
917496
368230
7888
185126
31080
1214666
77602
21196
72740
3756
8618
5907
21786
477302
473722
366448
76337
13242
54625
89054
990272
82603
716777
164119
303623
42299
208791
138212
151206
21167
340928
53975
31029
52332
203926
142962
96716
18188
28272
280237
2305
236294
47907
106964
1031500
11897
74788
659933
278836
73091
18678
93638
47475
1073807
232621
199942
288136
346799
7270
399935
130407
637672
284882
312816
187021
9465
39967
597493
186531
374830
7282
741861
31950
36530
5700
19357
6937
242544
21432
50789
231435
477402
8321
7320
130368
4708
201484
11779
11091
40092
237856
902047
27413
88221
711486
63835
1057557
30477
72461
628798
45031
201606
12205
21351
45995
4132
5059
272931
197047
81331
18232
114424
37637
10073
34443
49230
189043
343398
77070
80236
99413
1258845
999066
167685
47242
210214
532549
122711
133635
456143
10871
653163
64149
258047
131488
168131
5337
50157
28498
47261
35541
184728
222444
381450
37303
527705
151265
58609
58158
8109
18918
32607
15780
919055
7668
480896
7761
17112
935936
53523
5638
9643
19818
185910
18480
106725
213367
625819
112115
29242
138190
195210
48700
39786
218046
135709
3663
110220
21859
216033
119559
45558
538216
52207
118346
59768
2671
1828899
6996
108903
268714
48730
7332
143156
8553
25341
51794
579544
321362
57188
154324
162820
4205
64699
58057
631784
107354
134219
158211
100018
455488
51603
131812
523189
406692
418514
156505
9271
112787
566242
117527
22561
354023
16693
81101
29910
4992
169239
17013
428270
105784
492624
316647
2072
23158
98720
7676
85190
484244
43088
90438
81849
8274
50387
20619
196969
690662
114048
167048
309941
195591
1519971
311790
39869
34549
249874
56392
1045214
147416
645527
316483
849082
14126
1031227
42183
27023
41582
170658
110956
613853
818209
491866
224685
408527
28402
575369
14133
16649
945758
118398
618850
31436
35588
17768
18010
128293
99761
30472
845511
54429
141770
19264
14214
472033
400432
1005889
36198
22942
40037
44932
38800
45818
94724
26960
155179
16755
55468
229499
250564
38070
64500
227407
74516
168459
5672
15830
5974
64129
1012351
28362
261423
17756
189492
32305
27379
661080
349871
102210
6063
5890
83289
169993
72994
54325
648819
26667
232429
15348
203369
317156
160560
111115
1209776
529323
19197
403390
39405
104790
511177
761439
164336
120280
162411
603035
590482
72621
1221073
249314
14958
75582
6336
36773
317520
59203
194529
1053484
41572
716195
5075
12431
28140
793590
20977
174248
118815
337249
81256
582919
6788
230133
232277
670378
1013041
274471
20847
68925
6360
117416
29765
934635
76726
367802
163438
46319
90799
322236
54869
848432
91717
365961
296097
718067
32622
180461
287999
29453
564398
361210
139610
10437
126263
63765
12165
156424
1139580
252684
55362
15715
50876
112045
28235
40410
735173
18460
53493
748907
40934
148822
73085
98177
21674
10021
42478
509823
89826
281249
344756
955002
652878
235854
55033
648900
3477
96584
17756
813307
1242384
121941
524690
860902
49063
716610
7214
1186139
42520
107104
107373
1808807
8710
149246
49907
61429
108987
58999
161653
605508
167802
86658
326561
675998
202437
469046
1044327
62666
96980
158787
682396
258914
283631
1117847
73470
892796
69327
467327
82996
274825
15747
139112
31164
33890
111785
39535
171117
364889
295336
68344
833459
246820
297486
120077
226843
859045
166037
412810
771515
211914
28820
50948
454365
914285
291251
194827
131991
400154
60790
206319
86612
701369
128702
278686
85806
204329
34399
146828
113024
1797593
395568
82544
54120
25945
36628
426754
115365
194633
993228
292304
1128555
48077
493188
70366
181726
100657
322919
154604
254835
33683
167233
82768
34066
48860
25765
25028
208095
310592
75615
37633
16047
26019
21638
31782
146889
86906
30323
357169
397240
567782
159418
1350725
708132
256352
15125
281013
205757
198310
637600
472425
161568
179630
14837
160122
82301
56861
9243
35907
30637
99623
11425
163268
93677
97024
26506
144160
408050
59940
293903
234871
364562
277765
373199
1503031
12554
732697
467600
676335
451645
186229
39485
302846
148254
986749
24233
272886
21395
2962
27003
44226
677
59301
21762
103861
422915
32061
57674
111653
10689
100765
32829
92115
68750
101851
7286
352923
177280
119989
541094
544632
235752
32712
416139
862795
644707
11169
181224
107504
42264
36051
19929
10680
22738
23283
90091
12336
87360
119945
41608
85187
48251
76554
2950
28947
20318
9109
16481
29661
31289
46567
1025
44921
183385
36318
20061
90647
34599
4281
1540
21103
188455
31921
150141
243223
59563
14130
31213
50397
53033
43908
15367
500032
12170
40416
7037
61069
19835
341695
25664
597398
41435
136142
2610
103919
10778
69227
42467
60215
12111
173765
11460
95701
7952
92025
13984
23447
5072
1008
866
3844
31608
792598
47459
97410
158857
7489
239470
119106
107721
1223505
41538
316222
20052
5769
66774
198394
89892
74319
33340
501981
1528478
8514
514839
521931
9017
113769
44369
421081
163606
932638
67989
63751
474605
148977
79325
77908
178654
206677
13245
27469
432477
501362
37606
303628
222669
298761
10178
930927
171843
315819
129956
1353031
584567
51194
5899
69679
180684
67847
5001
620662
68449
5284
16668
7008
9831
179873
44403
203467
153539
36516
1646
17875
68586
60516
29237
81494
196078
1537
51171
6771
46447
134756
208669
161275
105090
12644
266421
8720
65128
105207
47467
27550
8172
30243
4324
27994
17011
116601
39463
115268
13873
31488
7261
56010
26408
136982
15423
94406
68701
4336
51410
39621
40919
182844
106856
133121
919023
438030
469409
93386
378487
221363
27263
10350
10062
4011
25007
169180
119415
1072307
66681
66942
126826
15026
321347
72216
174789
26674
207154
144078
39043
10227
151663
151118
103285
188880
950692
436237
160186
21577
2335
7679
4315
45309
1227988
73498
122811
291653
39268
87208
628497
27297
233790
527635
70106
898542
373891
428834
134233
51220
314168
313835
78283
166851
140697
39329
127669
107430
42860
29018
211312
75396
420807
186923
107475
43948
2433046
24139
231560
73483
9452
148939
9967
212831
61062
210192
30470
14147
17985
29331
18988
1320
758
9314
2171
79587
14061
28677
4390
123697
18120
71341
22538
55014
89429
439785
11187
549515
34954
80892
38903
19070
22268
72059
230697
135495
417412
446868
84627
268861
36345
212022
68444
66565
29938
46427
78446
40088
37891
6264
29413
257987
39562
1157771
29745
746108
34336
749103
8411
13933
5917
126290
7060
10456
37823
46028
33612
127578
25846
416882
85169
12346
6949
60653
36267
10856
45432
21726
74991
7649
1447
7637
7396
336220
15276
229613
270528
404442
5033
125501
26561
76076
13707
56894
2298
17992
79575
739777
169669
23747
3406
927170
92600
913534
11301
279496
48172
159090
107133
62797
20974
76224
8018
390207
8827
636731
95721
242112
273492
118005
105106
593377
15257
36482
5363
47322
14720
8150
177102
7552
8881
14197
21716
293337
123874
24130
7753
881355
19751
8922
10481
157038
24591
16637
6252
20168
6928
53933
31031
90729
8589
8251
17130
73493
12147
145286
62496
239383
3271
58477
14014
261306
7840
32754
100678
62284
1436
165096
14648
29088
24437
194269
83350
38802
12761
21938
10624
20550
34018
239384
48952
75395
37915
35258
17089
113319
6662
56940
9757
151845
2370
1519
4994
39484
8336
42770
454975
711986
3986
40070
10062
13797
62864
59502
31748
280385
24700
12929
424300
9514
60778
17848
14466
46138
19832
6108
1528
41313
9574
3876
44034
6455
24008
361680
2003
34783
28394
17826
45549
33955
18102
35928
36075
90423
181328
98314
39042
64886
250649
59315
129829
50593
157896
848512
8688
98896
44014
145558
48182
28771
52489
3815
7752
38950
1128
3814
3683
16918
725
77912
35304
13151
7677
5908
15158
201577
8373
186991
60144
12518
1522
65597
28695
307609
21452
255261
184384
18457
4474
70242
4511
162980
36118
3076
3116
24754
12747
5974
63322
196048
16341
77019
31418
52074
484
38242
2630
42481
58053
127657
133
73982
46747
333197
43917
77166
29066
745941
57634
229116
13330
51671
234
112416
463
1107
1009860
107568
18805
5125
4977
10860
16324
18838
7292
1106648
66075
42540
152357
56621
26082
197020
348530
12430
16462
13122
8386
22779
2820
7766
555126
57708
27828
45779
22873
69461
7895
47661
45348
34220
315529
8416
2746
15361
17919
6940
67512
77114
113991
32796
2226
10926
76740
367466
49865
38627
510172
89359
597477
9876
327090
313203
136272
142010
416447
59670
22899
150423
50985
447847
46857
151344
2071
587
2643
4199
9031
54867
67181
88859
4247
7327
951
5846
5046
2616
62563
23490
145796
619
47233
66065
6259
125195
25722
95812
4609
11088
6585
14357
3185
5415
5630
11204
8464
1149
521
3013
8335
5487
21039
10867
7485
24475
3385
140592
17927
54052
249858
248083
399480
31252
104172
53952
33401
147444
32163
192550
210958
122522
63898
47439
371298
118849
31861
26702
226257
8154
418290
389200
24626
131644
60776
34999
27975
35303
132224
30397
154371
86747
122681
730958
770620
8837
213421
466480
18654
364005
127385
578986
158823
146805
12462
28445
9872
4623
76407
29294
62302
27768
6723
182780
13551
97600
401740
1229349
92614
29001
19645
130589
21269
88337
975982
1087259
197621
20558
111916
26339
29376
153729
169303
174014
374303
1067797
11050
799832
47985
100389
100729
11657
13265
167223
1207630
544081
34384
520710
237826
205181
346070
125873
20945
133277
134057
28048
23356
1114412
27690
237522
97480
30128
44685
318002
204193
222686
41166
154318
92783
98215
353474
2881
57145
983204
17952
138640
104719
32775
156363
40725
245306
66103
48488
543758
172669
189962
150202
150287
762
118997
6314
302760
5730
8761
26383
29232
101634
51537
132648
874563
26430
31435
74488
217358
19654
148361
29398
16803
106678
37947
256748
45605
22992
26139
77794
412440
68297
245037
216839
685393
376527
130698
416700
211183
410201
298207
140364
129142
99830
371473
99294
251310
79711
222216
313604
321373
102916
106942
19780
3466
60503
54778
194476
835401
94639
1131856
32879
102699
1117913
74749
193559
331765
702857
163938
493615
117094
223381
1264127
89397
907549
72207
782650
301616
459077
47179
196670
97683
258539
21428
313614
57554
38326
34957
14360
319928
389738
70731
469737
215508
17476
244288
153656
329947
547298
179326
245465
4262
4644
38906
40875
24611
73398
566694
58932
63976
14870
3253
94259
43721
26935
172936
37195
1375
2402
53177
491985
70575
17051
105833
15472
89305
25154
740
35617
37790
689983
58953
42548
16276
52671
114882
29418
32609
187428
109024
56953
103475
204682
13351
151475
4294
75364
968
355827
60504
43241
14695
47470
6129
12179
57431
215192
412160
183949
10391
62150
143539
50942
12792
120011
11179
371022
248355
49289
72348
122939
86703
8218
538600
323325
143754
6624
20867
1286
89724
93999
29941
271396
39058
22298
12235
1545
5493
66378
1898
12153
26476
359839
12289
20119
8845
107234
288892
7692
10670
408179
786081
108963
28826
236471
60244
35254
3415
203823
48694
5415
13298
60105
30050
124721
241930
90283
7906
105172
4555
116390
13639
81565
6469
663263
13268
90843
10530
38442
12475
21885
38329
28302
14668
16463
88138
26475
97374
2438
15334
8366
12551
152600
224546
20448
150287
3785
15097
20346
12020
153258
362052
37720
8308
101409
10070
103469
144173
186736
11353
22851
63071
52850
13763
4014
8479
570837
366802
809470
213704
40695
3584
88820
3714
48866
1961
109020
4308
12068
3541
11193
54596
43489
16055
218586
9367
246937
51373
39837
56261
268587
332053
11498
116762
8351
11637
423664
44409
221220
15259
63989
331114
74090
1036610
57397
54826
25819
292105
71356
85530
55691
5851
5737
6297
65222
167161
81950
10303
84323
314596
87309
282582
612875
201449
50729
147339
6278
58251
75580
62549
160477
492326
118989
72422
300751
40181
719805
130245
570137
28985
35633
69642
37988
538231
98834
4097
76643
37573
58131
5668
289078
49186
285861
69639
67920
27217
391953
25397
36341
18750
3084
142656
26598
21577
14820
37274
38426
72852
12807
297197
16348
29657
170908
15967
27634
1903
42737
30729
82474
21086
530451
6933
112936
14549
209726
254572
271229
76049
188803
1057273
6717
2834
37381
85328
192252
46243
36843
128793
64209
142679
41755
76671
168025
11564
35830
56062
12040
48922
228215
300729
225301
26148
150598
166804
87236
102864
59988
128882
