576
26982
1467
14
5951
3809
6064
459654
585
38930
11882
8697
4
5988
7849
1630
6
642
301164
472
23
1542
27170
27131
305763
5773
292
973
200901
294693
3841
2827
6008
1254
26082
177
215544
254006
617615
92169
550038
2170
19400
3045
128
1809
451957
2339
755
1023
45
1474
251
285582
899
1083
176939
223842
1480
176
458
88604
516
537
15
0
2302
422
45826
314028
148
1938
198205
1
311709
1
318
12
0
166
376
0
1237
1150
342
12673
102
523939
5497
117
22646
277
437
25852
228988
320164
16
0
89783
311381
2798
4993
455884
80782
149
10
3
434
1849
4673
9
960
316
229723
2293
342
391313
29999
2740
3310
2357
379319
85352
15623
500
292155
6307
126273
474621
258998
1269468
8171
196
2300
4309
704
14836
24823
89350
1207
1498
2038
41
81893
224554
464135
36
3153
5160
114974
30572
332619
3378
330961
272786
540794
842
92865
764
73
306684
456842
29944
285
10403
108929
304751
88007
9270
194601
101094
220201
434
197899
35446
663534
4704
785
1252
423
106365
105083
211550
2707
25479
459557
949
1544
198832
1327
397875
2008
787
197
206387
0
535
216058
340427
19347
33
385
24378
37
66
7
3401
796592
424
94772
4861
68
1759
289541
7
1938
1223
687
217780
520
6
1111
991
174
183990
92920
160
1240
4797
99797
227019
365
184
24209
793169
8878
11
124
4745
335
3
241549
0
1888
31
28188
339877
458673
284591
9262
13
0
439
193552
927
4061
516
19799
6647
1454
375
449
7
41
2162
270065
98
122
37
421
804859
7
8
11310
144072
8
309193
586
5835
806
41
2
9
10789
135
4
207834
0
214286
10
700
943
80
141
472
1
311061
2
905
165910
249
577
3098
0
39
133
891
181
140
16561
15
34
2
136455
2885
59200
0
1105
74
38
765
196608
311
22986
725
198360
46
369
1368
116736
1827
304280
2668
10
114
418
414
15698
798
324
1027
1554
2935
32768
452
89287
697
20
1067
22360
751208
54153
7
4761
107
12230
4188
211943
344
923
23341
241073
500
6231
149
2
254
2
580
2005
13
24237
501
635
35486
24937
10749
2176
575697
86
232269
1136
283756
982
10996
5
773579
1122
0
1133
436
97
867
87818
543
1150
90062
12
311547
0
2301
369
375
2796
122
6771
329243
5512
390561
66068
0
3232
13
2332
110400
81901
52
11
42087
145
60
241723
881
2025
770473
6735
293659
774
325567
80453
1161
0
1072
1218
134673
18
22315
983
6362
288
7
39429
577
3141
213381
4771
960
476
11
4763
841
2
1011
1
29130
199666
1960
218018
710
3924
57
0
342
0
287404
1996
103856
24
2020
86
24508
4879
5382
44
1153
599
48275
16
672
101
2645
310942
404404
199342
202453
151337
90356
6261
780
13787
418464
84690
3
14270
1364
1299
3808
443
28
0
486
2402
290260
104
6788
423
329
160
190558
139187
946
8450
25779
5767
445600
507
95581
231719
1220
132077
593584
131746
684883
1337
201100
140
4390
2643
0
99635
11303
2
373
141
2023
1058
39
1
4354
10
975
1
29684
652
3388
12022
753
192487
383
179
985
24264
411
90
218192
182384
200440
345
5026
3006
2983
315423
873
313875
555
0
586
199169
13628
52182
121089
134175
82333
2
54
152
302551
229296
201680
476945
3844
281956
1937
218350
83
342798
459296
802337
0
1095
261283
81346
12616
4290
45
295003
786
103712
12160
17262
15978
353350
46769
300770
12
1909
335888
59869
9558
25145
2019
455
214810
733
200887
1397
1183
3737
1385
497392
548
491
319081
341263
301391
507
201176
2
7840
4
151680
92693
646
176
135
0
27
3
80147
259
2035
221889
434488
112855
518
2038
627
1
29606
1166
1661
47
577
0
9292
311288
36
6724
808522
1
3
89554
811
20226
199157
1282
217287
872
1312
87994
1690
2318
447134
27022
4015
26944
192298
192
3037
9599
14726
14367
117456
90528
182
2417
418017
126682
682
1239
2904
31
18301
1154
10
214076
90953
471042
268360
22651
202677
1
93944
460506
520
2111
210962
833
322
396
497718
311
184
1132
129
822
254
506
18489
49
4
552
111218
13207
312156
96742
88570
6957
211580
20
862
332
42
146
3118
816
3483
26441
1667
91813
1619
1445
1673
461440
5242
599610
815625
478
89136
5162
5003
183
199659
40444
0
401
1130
139
3368
228
2705
26147
413000
1913
508
51
3045
866
2291
2490
950
157
21
227
0
459
18
218421
1161
216301
164
0
91206
6
565
169
176
37
13
324165
2821
203692
290724
3655
24147
29768
389
0
331849
461
29306
12
123
5181
380
22
14
534
199426
2
24816
321
1146
418
113
31
37
19
199114
1170
2122
2
2471
18252
159
4620
4652
257
0
89530
797460
1861
803
0
104
1
1
22
1536
93722
156
1591
7345
301
0
104
12295
18056
200614
276
770793
18991
86824
193531
16893
478
10
2170
10680
166
93
105
5325
211389
816
764
1
121
3128
94
101
572
218375
975
517
8
2505
0
424
0
1
5
352
18
794
1359
85881
534
43
115
18830
989
203564
25
2492
85375
5126
83
91927
266299
13302
38
143667
6358
41
509
327
1496
3724
9
2210
1562
21942
2011
25232
4620
87040
1327
306618
51371
28
5322
863
222163
78
214
134459
4708
148
1586
3359
120939
17793
17108
6684
141190
1215
324358
472407
6058
17631
6511
3772
332
1219
171
4765
11
2195
58575
219009
163
226181
386
264806
2701
190
43
108840
198
79622
7
3243
1925
0
0
151
241990
314284
7
9
156
0
82
38
1884
2
7
18093
1850
22365
1395
80026
6588
251338
85227
4436
88437
1
14
459577
50
6
286280
109
394
30025
17
4671
0
768246
85
6350
118060
655733
3
1552
54760
18389
450
986
5937
72
194010
806
1968
27750
93
2264
1323
489
6412
1057
344
10876
184816
3333
3417
295241
21010
560
11014
927
3305
106099
466
436
1167
175229
859
2139
1906
202913
0
376
534153
587
313471
28868
240408
16
0
26972
3964
84794
291
93294
476
12310
81989
69
117629
491224
452
2094
86169
4974
206998
1150
20760
25634
199402
12
18684
24335
0
1543
103
2
885
4348
17166
805863
22
3
457803
4544
830
2783
41
270630
24730
140
1309
10891
1134
16591
474
143035
1544
2
33
46
26
4718
0
304385
116
569
22
521
1365
4785
1415
244278
120
457
35597
203260
291
469094
97
904
0
660
311063
1012
937
137
780
165
251
105065
2776
13502
4
502
55
2127
0
4
1255
93
45630
206701
9
102288
1128
3749
324
1
212315
2496
67419
108340
197461
100304
139
26
976
192079
9
3359
79
1620
8
22536
681
677286
39038
1601009
1687
295295
18355
422301
62170
24799
692
4922
574
297250
133450
11
109
10591
1241
823
312132
0
42
3655
3266
443104
8425
93527
4942
1122
1139
184052
5011
202696
8
908
363
17994
12
706
771
3352
2049
1196720
1456
5
828
16968
30
1951
466
41
0
196
1
1124
35
9139
508
363
1202
20
2
167
0
485
311
64
30758
199268
5978
291
15277
2
95
915
4
9
1078
6
25
437
884
153
0
2062
290166
1346
135177
78
159496
2025
1565
4728
58935
260148
41
3278
153
51
0
18318
81075
466
919
458
10
2124
28
18668
2619
22166
1025
189407
11340
244
399
198774
90
0
109128
11428
2975
90148
1429
18331
105
199
4542
50
251
16586
37
0
366
0
202515
87
312024
651
2949
55
1
525
0
3454
6
124387
0
858320
454554
4246
113
1240
343
8782
18879
392
113
305529
88
1865
1159
5704
0
18753
4885
83
1102
52
290027
130
1305
528
1
10
18996
497
568
84411
53
15641
372
838
1
418
2396
665
1564
1511
361
531
458
1631
310
401
441
60
1878
16747
19471
672
8439
295273
1767
37979
1684
33836
1874
37
427
1743
2221
383828
2582
6087
152
242
100646
217697
1341
63217
1376
97
664
8091
1510
126312
7113
9
98
23719
96
461242
1331
327141
1367
16019
423
71365
630
13
0
187
51
0
422
281
4767
113
3848
15862
99
7454
6033
2234
2
239439
273589
93370
5
43
787
6
294312
14789
15
340130
337580
559
39
565
77
121339
31
21824
2319
95
25116
6281
311553
48809
217354
5977
932
84159
1271
43277
20
368088
245
405
0
128
1144
174
49895
2359
23716
787
729
1987
2
296402
705
6506
441
9
2309
43
1915
798616
85
731
403
107334
21528
24291
1
6072
1174
0
1
2
6701
611
105
51403
1964
0
23695
34902
382
0
32
146
25071
8405
6853
1017
797937
986
260
16413
2675
285362
160710
521396
313567
1144
423
199342
3
135
246777
50045
1331
39
197
149275
1115
356641
197027
100189
52491
1510
1418
143033
7488
11846
337
522898
5
6346
4
134
19
628693
260266
599732
100
252
490
821
447
0
361
11
18
198786
3023
210915
6
150
26839
0
426
223525
74
569
238
1214
37
914
0
420
2584
116813
398
13076
611
16126
2939
8
85886
89570
5
306748
4207
446
4485
74
4680
1376
265
88399
23794
926
223972
1
0
1470
380
2285
113430
521087
442
273842
146
104670
0
158795
297934
6388
765
6
17
6
2793
195
99
169
0
0
20499
735
7751
131
25199
659
304065
207
96
299371
370
175611
1
18188
213496
67973
4
200236
10
79
1
811
340173
203409
329
342484
24117
611
1
1586
0
2335
896
0
521
109416
4
574
965
4726
0
1540
80363
2851
5269
89862
347731
16
13
0
212
289
53222
58719
4358
1
89185
1526
657244
1202
3
49
9
117040
20574
210418
24674
0
6698
90004
639
309987
8966
235
759
151934
6299
783109
1569
1851
5608
413
216981
101184
30739
255342
2135
1508
2554
32941
41189
339172
209133
199243
7064
4
25
86030
2238
279194
714
274065
308
1204
4962
1977
86
631343
68021
11187
1941
188
649
768
154
311264
2363
364083
2399
159
26
2
0
21811
1086
132539
66
5
1966
578
2076
167
316
6472
116
1
49691
360
23
26258
2958
234211
49
1840
343573
2158
10093
5799
1377
314812
18
2218
121646
216877
240
218152
213379
1997
6182
0
211
4568
3
43
89284
297753
50210
824
38
989
526
419
7487
260
12
3
162
298676
314888
98
0
30909
1048
1992
1928
3032
557
9114
11564
534
530
579
1447
0
318
0
844
800025
29130
67
106
199687
550
183
377
204141
9
0
217930
89574
18
70
867
105311
20001
532
185
2387
23199
0
0
24407
2
3
2
0
0
95
6
6014
342
0
1144
13
2
281321
307380
2835
3386
5
563
0
9053
101962
2
751
1943
507
2
8923
0
986
0
2582
47
5
10
1021
39
977
1340
15
73434
317
0
1947
4977
2495
629
86260
4450
2045
22157
6
1
90774
132
34052
636
25154
171
126024
113
35291
0
15342
28
143
14
99
2127
189
940
2933
1317
3
133985
468
114695
4468
5768
3533
4566
200582
117
117295
432
132524
199678
313450
627
199324
773516
25652
144
1258
1064
1964
348668
103
5066
39905
105856
88208
1995
16265
417
589
166
7397
2287
5826
217520
20726
61633
506
148380
6250
19059
233086
330987
375780
6703
312637
86109
1794
103
2170
471
905
4
14551
227
136557
20
1447
116
1135
660916
3177
128
1285
199261
84
8919
5662
93
145
232751
13913
4614
0
18
101
245010
5
193
6072
10
413
102
88876
16
2642
5
1394
2
437
30
398747
290171
3
1187
99
17
4845
175807
220242
1703
150
0
116
277185
100204
0
682
72
1084
52072
178
125
276803
504
1521
510
481605
122802
88338
206
219995
522
1300
1231
10302
13979
8485
582
2563
3314
33712
12003
654
4901
4704
10305
7647
542607
447297
3219
1835
302905
219551
87186
556
359551
5875
12
1110
1756
1177
232703
1150
230
10
5
417
108313
391979
133842
1912715
419
90323
3395
263697
95063
33062
66
207251
423753
482001
686604
344
812
83
4080
206368
3642
449
796657
98336
5780
606
314
6157
88014
18360
5021
242810
29391
289387
196755
22336
460
159
770935
99387
969
0
204777
164
2
24372
2412
209
16805
199483
1027
18301
198760
22
415
419
1779
2604
226
4794
212652
2130
2
2
632
35
1568
26294
470
52
90326
1646
25137
175
111764
4680
26863
279669
126589
668
22678
4
213783
4773
8
219634
0
1241
160
30
787
200708
49114
1143
39
2
102
458
1215
1112
131347
9066
10
11392
637
63
30158
877
984
885
3144
1092
198387
300821
10
309549
3137
1524
339688
11612
293
46976
3109
7038
87201
1066
28882
202688
27124
178
80253
256689
298
1763
8173
803914
1018
2008
1650
27872
1872
23752
230617
2986
17549
405458
87181
2
497104
62
18462
43
85710
187
536
94481
3898
4683
96479
2
2728
277
2292
2910
35
229859
91342
52
314277
6086
312583
684
56
723
433
200253
22331
4948
92264
0
203
2164
78
789673
1849
2060
199777
77
780
651
2446
343
86427
583
285339
174525
69826
2060
6245
47013
51898
19
4504
121745
618
948
233
1364
220979
229042
110006
81603
439
314448
116
1850
60
0
0
884
676
117009
712271
6673
481
1929
3146
6333
296431
3428
2012
7808
545339
270469
1304
173733
337090
209246
224642
330
887
18078
458631
298816
836
2064
65
34
1525
244751
36238
469968
1186
438
104922
501
47670
1025
216388
157707
1133
57414
1381
800745
343269
25834
302106
9881
6542
451568
2694
203270
1391
797197
410
91
2
4570
8
435
199465
916
3
524
1031
143852
264351
2887
81389
2300
23577
239
110818
15258
142
7
4160
223
211
186
427756
7791
202
4558
24594
289316
12
236
223
1010
592
10
24167
102887
23398
2198
260475
10977
2012
100890
99
5621
32892
0
272
15961
376
214288
11
684309
1
1398
1209
48971
37700
304891
215
3984
298563
219
4
1731
124
0
52683
361
113
339028
16560
317731
468
1365
149547
142327
145573
521112
6489
491807
1325
388
200620
24744
745
1177
5125
16604
87989
213450
151
349
1
223482
105418
368308
24
150
134
851
0
2683
202328
636
205837
1039
1382
0
4702
6227
196
1012
87170
1028
102905
244
5381
6364
314
86151
18425
340212
2346
510292
7129
338462
291
429115
171
0
574
248
8
123042
3364
320513
215880
224323
22
140015
1086
1395
608738
266
2218
21101
441
860
596
201654
89171
3447
777
30
2
0
0
307934
7624
409
2806
3
885
100
4
2604
125
89463
151677
3112
2236
1652
171746
6233
449
241613
1149
148610
0
43
167
1031
238
5633
142
1029
137610
1145
199356
9002
4357
40
34
8761
1362
870
83
20420
79998
13
1202
1918
441851
79250
11792
246
7989
4981
3030
264891
4896
14
499005
568163
47
423800
252
800516
94183
25055
571147
771315
478
151
2392
18300
1897
2182
22
116901
13
1286
14
0
2145
212742
15
1397
30223
2389
540
574527
59642
6938
86003
249246
797970
23733
2845
297693
73
5631
137
1303
396
563
1439
444
216624
2055
173354
58511
2852
2277
202098
313902
1908
827580
11702
1287
464284
944
531
0
948
6744
46411
56867
805228
2144
198424
95
9
4917
18302
110858
213
7918
12
223
26247
261951
109320
186
212121
3487
743
1759
86
21229
168439
528046
201387
765
240
412214
315
4896
5715
92028
105797
92389
22549
337163
8
892
62
310656
12607
90083
0
308598
0
2384
5529
598
638
5395
139724
4349
630
19951
2159
7242
350399
468098
810440
2493
1929
117483
15857
5056
408285
980346
298907
2723
280380
51177
7389
464983
47030
198414
1074
2122
265477
5518
6268
217423
117936
5284
330081
101833
218135
6152
4108
781988
103306
677813
113573
471129
271073
14537
95036
104805
750220
98884
28072
1022
4200
111779
5705
884
1232
2949
11
306
6028
782
3293
90050
226209
247120
1534
118237
371
141151
27315
1488
160
325
339030
4402
121641
211
85249
219445
1390
1574
313456
991
6087
28
0
2257
1
17585
230
182
1277
88970
1082
89
82058
6530
4573
134
731
4403
215999
402677
27720
20231
13826
221745
126278
309250
152857
571562
6651
67583
429264
21178
883
1878
3357
325526
30
1891
85
198982
105
4763
18
7096
3224
85266
142238
274753
25290
23253
441920
27573
325390
1064017
667
202
484
69133
1657
5822
16494
4924
210925
339938
896
947
2
4220
298
530
167
1577
89555
5245
26515
1317
1944
489789
5811
267
63
85179
671
2630
111
309595
307975
1939
41
228628
2097
21
108870
28296
229153
46
315518
407
1228
333
1065
3
5
171
444
401
6162
70
125
18896
587
0
49
0
0
140
1929
21559
2230
117
0
2162
2
36888
131674
88423
17400
65
12936
2
1097
4258
311821
1982
428
692
2390
94027
2094
1135
5039
199211
1379
1182
7344
56690
50499
15
429106
11
1498
81708
2
24184
6
7023
54
1243
5573
5459
135225
117596
70
2
64
153
31
42
0
504
49634
1488
2546
401
3519
154
197269
17515
2054
643560
232
217675
12718
24612
4023
27459
2848
116281
498
46278
94223
13717
1
91759
1125
220862
461231
4626
839
340119
1901
4500
124980
305695
2423
1461
4779
11164
1366
151942
459323
309699
177
272246
4892
7943
0
605320
1981
64780
37412
1092616
4685
403
491
202180
482896
355
818
312253
199
10
5050
121448
40
219124
463221
4601
215755
213
429
3072
496
205523
1116
103534
434476
460
252789
1
45
1333
287
217
2577
796
6211
2
21
0
1181
199306
4
0
247
121
100
4
4096
8015
24331
0
16
5
229
2001
2406
5010
426
159
28237
0
90134
225038
54303
594024
87340
141074
27332
1903
25545
251197
2434
22795
479
370
330
24475
257
10870
279
2253
24802
5379
412807
177819
34978
15075
260848
21621
44
468
26551
301559
21785
24369
594556
9693
443853
1022
725
166
442
38
181
0
12
1254
539
71
3172
66558
299246
278
6513
4384
22866
2128
289043
30
6219
1602
0
213408
16984
6759
1857
35023
15
18941
1531
5546
404020
9858
394224
236
553026
4
1935
0
1853
218746
21
91257
2998
953
1
169
251814
28
858
3761
382
73
9455
11453
128
50
132
991
224
123
112
715
0
18
1
197276
744
119448
1533
15904
23886
87239
304302
2094
3492
2479
9
25952
28
157131
197145
290299
1111
651
3
752
531
3956
1214
37331
217539
792491
279478
29413
266
29837
4853
26
23
648
57
2014
79
4352
55
507617
22656
328947
229
29
687
935
73
250
4549
24678
2642
14
526
9
0
2131
1
307494
204390
628999
2
0
52
7
383
1946
5
17
383
217657
11
1458
5
225696
91166
2607
12
4
27
198003
432
472
616
967
610
108193
394
24869
414
18464
114711
314
16961
230037
1749
7051
1232
45
51
845
314915
606
136
95
692
218878
7
42249
0
29203
141
310
9
18
35
167
414
671
237
24766
2
199111
36
7
0
1172
0
0
0
2318
8
2
421
10668
147
401
2378
529
1
18
0
18397
6041
4927
271
1
42
57
4824
9
125
4784
29
7927
17786
63
262
977
70
29
0
7
0
0
1132
90010
50
1475
24782
774375
16
0
215
6409
89
6224
594
100764
174227
1
303725
0
5583
946
0
1998
21175
24335
1123
4490
0
1
1320
60
0
0
1
20
584
0
544
240
2915
1994
31
100768
1
504
101134
14200
22521
660414
515
509
130029
2650
80
88920
5081
64
17432
97864
17567
506
65
47
0
12780
0
2
0
905
2039
17863
42
72
18560
236
1896
199923
0
6152
0
551
0
314669
0
126674
771324
19170
85
33
83
1556
19082
83249
623
2844
1549
1687
10586
183620
72
1106
35408
12989
62316
1922
50
474
607
207
10
2111
971
5386
81419
2006
164
120950
130
6231
84124
1355
50030
23281
2
378
3
2194
85
6321
910
174
104
3208
277
61843
198992
50642
396
210658
6514
3016
11
224750
636
4
210882
1965
218894
10
490
0
86242
5141
254
23134
1849
173720
5
2313
0
153
21572
34
534
423
18
299
23712
602
0
0
1
318139
4
52346
658372
80
3509
89957
989
118477
533
4233
58535
4794
4306
944
1136
5701
10
115948
0
134679
1938
287
181
139865
291401
168
122446
18
0
49
112
272
2
31414
3051
3
2
0
64
295
32
14970
353
31
3
43
0
72
0
1242
17
1014
1
14
396
85882
656
601
0
0
99
2929
52569
1232
207
57
226
2145
0
83
1343
18814
210
2031
1368
1374
290
461769
3194
1813
1125
195840
4942
80153
94
250719
10
19671
36
524
337
85363
111245
97
5639
13729
6489
27362
607455
2
1111
27
5174
217140
620
91713
3649
5250
10691
87314
184668
22991
205493
15741
216222
51
15
4742
1162
60
111878
432747
237125
0
17
8753
881
136314
529
1838
309739
79446
0
512
199662
4739
9922
26080
325133
17871
173
99344
2155
13581
314004
19
0
1376
772185
0
38
92695
25038
28
2371
2
0
2803
24
2183
20279
221464
11
24802
27
463188
1538
2363
26223
2859
768
4570
199699
145606
7789
2966
2
428050
23713
1059
244
1468
5563
316
308492
39365
2305
100
51357
17637
211973
308387
0
90182
7
4237
83
5480
1
1325
28
16671
643
226935
2
405
0
256
10353
2217
30
0
92
90938
80041
139555
149244
1046
199692
4331
10447
25
452079
4128
192536
338
220065
771310
18434
109
199054
79
265732
33433
603
400
23073
204271
180304
825
1046
55964
22243
37
23091
179
141103
313898
297426
268
6547
441
1431
139638
19910
256310
2215
228161
200151
46897
3132
653272
8993
1457095
57111
511114
2479
2372
1258
2689
114746
268
13
330338
0
1463
84322
6652
1667
4944
114406
287443
2824
6947
198585
835
278117
784374
1957
15705
19
403
207
546
470
89428
227825
559
605
2
559
1163
0
2203
648
14367
872
6242
282
28721
106706
219123
23607
169
255708
73
0
102
164
441802
2293
2326
1126
462371
1091
1298
894
5294
7812
2551
257029
201094
4
678943
450
2833
0
528
362
380
20
23827
2
5
267
166468
1500
1575
53
10922
187686
266956
15105
7255
1522
5
4163
5768
1417
1916
4270
19011
386701
213108
217870
46
253157
375
0
227
0
317716
16727
8
150436
26
21
13592
185
32
6332
242756
42
0
49
161
315939
23
172
119
3
11
426
254
21
6669
460
216915
48046
2
409
396
2
30
10792
437
42
4919
264
988
187
36
490
3175
4851
43
0
2
24335
1262
20
8
17
259
659445
212
113582
47
0
3
1867
243
3197
142662
1301
789
57
968
449
1177
80513
1565
0
1090
171
200614
2193
225873
1586
480
24410
89324
293
172
36
713066
93430
147363
5103
88582
2987
312179
0
0
0
53
0
375
80
660
3628
3
0
279
460803
143
54
98
221
1928
232
8
4748
223498
1823
494422
14
201678
79008
5881
23197
111119
73
518
0
3
25264
392
4710
27883
62
140
0
4669
73
80
1
1247
169362
197763
571
101494
769633
4351
221677
54099
0
118
435
387958
20316
87880
104695
23
1133
201848
2017
798312
168
496
1510
1410
79052
24098
116
808
1932
2961
1123
144
23630
56469
283
6091
1311
300609
248489
1
904
37
2519
586
5
387
25199
8
4820
272
6638
23965
20
467486
50
123178
625
1765
197400
1414
479
549575
809
49
3565
1405
221
65
256933
84563
109187
54
196
36
1668
3772
535
1212
391
2597
25942
3197
326
10892
77
897
4820
9476
6607
438665
2829
192412
1067
100
4721
540
24412
10995
35
