669
8478
26758
1
4053
11410
7199
47714
16149
523429
21042
8929
0
2526
3560
6751
0
2474
210247
13
1
10650
10
192813
326702
2295
5704
36684
1645
39842
508383
1201
69320
123
177140
530912
67287
881281
673269
1211389
536965
78916
478518
854
3454
3137
404390
951
2056
4117
103
1346
0
130853
860
491
25723
159395
1496
1257
1347
353969
104
732
15
0
149
0
706850
431127
196914
0
443
504501
266807
0
9353
1
7
0
0
158
415
8
0
13133
179000
497251
0
3533
0
1036
502568
186459
534922
100691
1057311
1987
186609
152131
81640
9326
518626
588479
67
72077
252244
197244
72663
3514
1067
36190
0
767065
39792
939
38317
1860
1196
429
42718
504119
9094
505435
21
657858
0
1346
68417
7910
966652
68305
435
3518
59003
2
103
245198
4611
0
537690
171
6
586394
8600
377765
3592
24
9212
1317737
574888
483287
1873
421229
92030
371182
1015
1723337
521
11412
545565
1336
12292
65
37618
665190
659102
534876
481759
470635
18625
8647
34439
10180
300
4063
71
3512
1344
745
473492
199
799528
450
555548
0
425576
0
502630
13495
3488
990
2090
506361
628188
7
68019
1399430
756718
25676
0
51970
0
2
7
0
1316
729533
0
169
3
0
86
90346
1
68218
854
9344
63637
750
0
117
212657
6
0
537613
0
0
25205
67873
161912
656
426
14809
791359
0
504917
3517
0
0
0
551010
0
178416
70
180570
748462
230
30762
3
0
25104
1288
1691
3782
64310
14
0
391
1466
0
3
25
1
0
207963
677
0
822
0
785797
0
853
823
1377
799997
325461
730
103118
0
0
1409
773473
197098
0
1
790226
0
244
0
3593
443
5
505908
22
1
263560
417
557
26045
53
0
576
0
9351
0
23
727
1
82
69287
416
0
800002
5404
150
0
24848
9752
65
5322
0
791309
3
159
23
0
0
9265
72643
483
321558
25168
1
0
100
1462
0
734
43
1
0
13249
23476
55
190255
487451
1
953
546
719586
487114
125
87
6
32292
80776
6819
503473
936
755546
442745
515533
101215
0
0
1249
0
25
195
3924
503558
9
0
67385
186447
18992
194787
586986
271
11014
71502
67531
97777
25654
1017510
522350
25153
131
68930
375134
3
0
186566
187066
3842
9920
602501
150380
48
66365
2
10736
202247
31
12822
238638
524
9348
381
0
510923
248739
89898
813749
182
10524
64
15026
59688
70548
955471
12
13856
1256508
147713
98368
1019010
799587
81621
202300
0
69975
69591
261699
0
6
164
3598
1110
705
260878
197135
41574
119
65
35589
79
0
0
0
29
4
1
766048
3523
45
7
32832
8071
25663
0
3
941
37521
3
1
0
0
2777
53936
797051
0
95
1333
913
1453
0
1375
363
59
361915
800011
14
983970
3720
470
505849
58484
10415
1482353
516
509693
5
44
1
3
10
3
10
78
1
1162243
5288
999
0
0
133
87
281075
3491
69955
1798
993
3734
89754
7151
1296
528758
196
184500
370027
598441
371204
67689
1346
616
42929
9
774721
16
418
3507
7
6
3
1618
0
589528
0
0
799529
897
0
1640
161
414088
465402
371
32
68733
179897
1023525
4547
244685
547
47983
0
152650
800000
512550
267578
1116
486913
2081
0
554632
0
29318
6
12882
620919
658474
82
71378
531262
216609
21828
4
571060
4654
252064
68547
124771
0
763352
187078
838027
947
26
2945
25
575
609422
0
3776
1106
493103
674006
677122
513493
766298
257524
38
25395
45
284291
208706
128195
188293
11
9366
186047
1090
235394
186457
10457
78568
97585
146079
1377
3
368668
747693
529457
558
602878
26226
505428
687403
245733
529898
520
25257
601287
26717
50344
10595
191433
453
471054
933601
41076
90948
2987
408
289287
0
10304
80492
285064
72
926
42
697761
257446
9330
3692
823756
3
0
1250
1218
668594
557219
488496
340707
509
679130
10
365
2535
205304
531
489861
182320
1643
1249
648928
1348
142324
12766
60442
7776
94731
356
256749
24516
565033
412
503979
129
1
810
95
195197
340
5688
12835
31329
3483
0
608
610
3340
705470
506630
96686
358
3
56633
3513
1372
634
29539
27207
126
733
86089
0
6
468
473787
0
210047
587
80
8
800010
6
1883
0
319
0
430
20
432089
186613
755
191
8276
1
1116
120090
405579
1102580
888141
1050
387289
79488
143535
42
939
509
528708
0
6
13255
514628
0
18530
40
605300
33783
25233
956
770837
15580
68
974
3610
989
9340
3648
3570
507095
77097
1131790
414
504401
128
34479
511464
9
0
0
201
68102
25582
234893
1306908
71805
684079
69279
179279
257540
2634
195
907747
0
46
2
130
517
224
10782
23
675592
27285
0
39
940
842
0
5
927
25194
688
447
66
112383
56
680
7537
26472
353
966
0
6
342104
729482
1967
9191
1316
178
0
917
0
207
1139
4234
719664
110516
186723
0
0
5
1972
427
129
596515
0
1111
62361
4142
29338
0
7
562
92
73
67412
797832
2
1015
6
416445
284
9368
1262
0
530683
265371
9516
542
1
1361
0
90
28
0
0
7477
530676
0
186080
371
88645
423
213049
1486
68031
0
13
296
1
393
186302
22348
506
25257
3884
793460
885
2430
26603
41
151326
23
530945
549
9726
798876
20762
377847
25250
45
350
96637
68240
62
118070
0
52690
3
417
416
395
25130
10722
3518
1975
46598
186794
35078
10294
3481
273833
698297
10331
192
4
3702
108
15
505868
658
2
76883
0
0
3523
703921
3525
49427
31
132817
0
921
8744
35071
24
17821
77750
0
1
0
631953
274754
115405
508657
993
159
9890
350
178377
65
117
26
9679
73761
411
425
137399
542840
118
0
746697
16
0
247
0
71248
534825
0
8453
190509
3
9506
9329
536772
3322
175961
412
34547
1
0
52
225
9774
2025
520438
17
6005
2339
2214
425663
366
4989
64
10371
8511
69281
4078
3
4294
1103
1
207303
1782
51
7886
12579
1520
35586
10815
1069
3
1595
0
151
0
4035
0
166
494881
0
462238
9457
19123
350
25
8276
1283
1062
1
122
3518
102
37869
3575
784466
18681
1477
670
772884
1343
9
415
797080
184873
0
62197
527025
104
0
0
0
0
1249
1
67741
795533
0
0
0
0
62
397
0
22682
190031
1660
6
0
790207
3681
29
770
577
3
40
800372
35068
502704
1
324483
0
1505
9
589
1026
0
543
353082
212
3924
0
68708
2
23523
0
0
12
1251
55475
90
146582
0
768151
91295
14864
71315
1140
238500
7
7
0
21
2
1
54802
99
13
74
0
790436
6
3
3
953
67911
1315
528753
184128
244
0
5
532029
799528
4283
173
55340
0
114412
416
479510
139941
581439
69194
1743132
1077
604555
525593
765570
530
186321
1413
7047
1
42874
441
339
212603
3593
196324
115977
447275
15
4804
61440
149268
180184
381
4406
41
25156
0
864
21
53
0
25447
0
89
0
1467
0
39605
964
1303674
0
26109
0
0
45
41
12847
9467
6
12
942
68146
186611
63
58
25204
5
25920
0
0
0
1
972
3967
0
51
66
1
2
397
1252
67924
88
0
186451
416
0
0
0
25231
9371
820650
71811
5
134
16
541
189215
3900
130
3483
2693
0
14658
80878
9350
0
112
32352
205898
33
8481
0
9741
55
187
7916
425492
8597
225
7863
5256
46
154
413
0
236
95
503137
289529
414
23928
0
2
0
0
788641
159
9758
0
2
0
460
0
202837
32139
41486
7
0
0
0
6
799456
9281
3523
1329860
72919
10
25231
0
875
1
0
3
0
320129
0
0
165
5
25206
3549
3
0
0
0
3782
0
4
81494
0
3
147
23
1
1454
52
1870
425
547
0
750566
2641
3
554
43
8
8
143
0
425
14403
0
374
2614
28729
25301
0
25574
512751
393
254
30
45531
22714
17
947
6
176
24186
195518
509657
88
2003
13381
1172376
163
80
0
112
413
10032
1912
3536
2147
71
0
1559
492
505880
208162
254268
11932
9683
678060
1751
488119
9305
0
299
335
87
9333
504948
21
3
13
0
0
1853
1
98651
334
8684
23476
19183
292151
328
489
185773
67135
332
19816
766322
1279318
1898
347
174
1251
312181
4
322
767874
355
557754
186312
766149
56737
517534
1117799
185
0
0
100679
172
40923
0
105
0
0
0
0
0
1092
517
1238
6
0
1
18
402
9819
3810
0
32
589
255180
798587
0
30
3947
3733
31794
416
187354
26498
503626
9354
7
0
61
0
0
18
2
0
69160
70179
10
0
2
67508
190305
0
9361
196717
792864
371081
9342
26329
1646
11233
796033
595770
422098
2655
1
1683
9328
1047
74867
40150
3638
0
9881
1528292
0
525
128
185107
543239
491195
2962
1276
91955
18141
4045
561493
53
57418
502514
1556117
1243
1752
21589
950150
15
920
0
51
26723
1
0
319
0
67785
494
186188
10351
766391
376756
189005
0
3
0
23
290235
5
0
413153
0
20
1
451231
0
12
851
1635
185797
0
319
455487
0
10413
417670
427
75
25434
3614
0
573628
137412
196232
32340
77905
139
2
245
15
758
1843
332543
72853
22888
0
74113
0
115840
27666
61362
2634
81186
186457
222445
24580
0
340
31
0
1355
540
831
11374
123
215272
185469
41857
542
1246
66587
476753
239424
2
8
333
45
19480
478
68034
13
10937
2641
753874
486127
170063
1283488
504491
753168
1
600
93789
21963
0
29
68043
80144
1397
773029
143328
0
23
1231
1264
78863
67751
70224
1370080
0
180
13296
0
153
3042
15177
3
691637
91426
234715
88572
23
362
75657
67818
210017
746781
77766
561239
254131
9758
10836
196500
759798
17353
996
177398
578730
263
770038
3296
169884
71817
878
515708
1389796
163131
275938
225484
184464
154196
852684
734299
752096
1293515
10754
1517
78
38431
42394
2961
329776
1439
116574
1160
22
1547
515829
61131
762999
69617
13847
1539
0
69266
142
1046
395780
15276
1255222
14
3
416
0
0
5
0
482
0
73
2
3
89
323
3917
168962
0
0
0
1702
0
6006
51730
693042
0
2210
758892
62534
197070
195361
240
998820
4119
44251
1243
68057
925
63891
87
503585
498
0
0
66
8
978
169
35088
681214
1043
24
1728
278
21124
11206
719414
1312
4920
119
20763
758923
17
4498
9537
0
694469
1
0
408
457
192
417
0
255083
612
10
3
0
47
1304201
260505
460
2
3524
934
1
0
624792
113876
0
423
520168
3939
88
3512
285
32377
28785
7
6814
110585
67904
1216
556940
413
187810
0
0
0
26135
25235
424
25666
25158
9
503585
1013
46075
456251
851
0
915
508998
10
8
602903
0
197098
0
0
0
21142
58
0
0
0
0
0
1222
1664
1455
205
239939
684656
3
797051
0
2
22
169
0
0
268227
1623
95
68178
1
191
69065
74142
1025
175389
1
1298
13
13
1441
0
416
2
0
3523
28
68072
66
156561
67
0
4126
8158
712859
10
793
1664
0
36
7
368161
108
1094857
5
145172
1
15
598743
194992
623
482046
134
211095
849016
6
184359
1279
41531
137
7
27708
340
991
2053
95
504892
44283
22405
8
7627
3
2104
782261
1072198
1416721
650882
108553
66844
222858
96717
196248
505147
144748
1258
574048
0
4
0
2367
181
38
1171
282
278
25172
140
363
10347
1727
922115
3
2098
94333
41566
10
291
216
0
25293
14817
0
9336
172
3472
3
0
4178
0
0
451
9470
9291
191
26
2201637
500221
0
64
5322
17
358
5310
1640
7
67877
3503
89
4018
185110
2
350
0
543384
170685
542
186738
1829
27120
490851
60
206163
31
7510
278038
9064
129
304
5114
537359
9723
61306
35353
6489
15074
46874
12892
1890
10367
188769
490924
577664
1410148
12116
387942
3401
129370
182495
351061
3
433616
560327
9
414
183342
3526
502839
1060888
587415
511490
68342
32821
192
548865
3
539827
426
900
546897
193939
215466
193958
13020
9575
1048158
491169
10291
0
450
386488
3426
1070004
34338
26618
729501
172
2873
741
25268
516
3833
156
503664
727478
576768
56459
70284
1461
29
185766
596609
1
808
774710
22
87
1405
25311
54
702
1712
5272
0
3507
23
71274
97
155
195
10539
150
6
3562
187512
0
1026
168
9331
71391
13819
255759
189976
612522
197539
187497
368
354135
59006
187607
748452
803238
1544
5
765
87
22
0
91
3
2
798093
916
1435
761457
51611
894
4304
0
509051
52
283858
999
233
967
607
774729
0
159
898
415959
3766
1214509
11
26246
558104
48546
5758
218785
378
1476
2919
13
1643
53
25245
139103
187405
68280
254817
495522
176091
5
3573
632525
93161
148877
510827
799438
1089
4290
44
183963
181223
61656
105796
505524
185825
404
144
1307006
58016
958
61522
0
0
8
319
26397
129162
72701
526435
0
1219
15254
784760
3321
4442
1009394
520958
6
239647
364848
701582
451
78621
2199
1351
80
121334
26062
345782
0
951
718683
2039
596522
6009
91
797115
417690
17
144407
6
530676
89232
69562
7
205580
259017
156839
506641
377906
405
9846
421
14804
217080
4308
0
1457
77030
743508
118363
117080
1197
868045
10573
6341
371
736
0
71446
182
0
9444
530559
504
160
19349
4137
210320
2967
1155
4079
503524
28885
0
42085
97583
485655
981809
565856
1249
77072
62
211886
1477
3551
386
0
1445
251593
67798
23609
1292
68996
72512
0
55869
118
67918
184516
530684
46817
115439
877422
788081
191132
43132
196935
214860
183905
3
82
1467
839364
26174
13012
255551
25303
0
1397
36
374
186451
34602
68168
188374
2746
24429
214499
8481
435374
48
264
444
24128
796529
12
9220
0
14375
756518
0
0
168
3545
3774
82103
54
1869
737455
159
14410
49076
428128
19431
1069
512469
184025
83
11313
1429
191943
667728
0
513355
3
68450
53744
694
1032894
1593
68795
371503
3936
0
41451
0
1092
7
3784
255118
25411
212185
9340
20
70409
3512
474083
3402
64675
1216
93812
780582
660288
2857
549834
313294
445059
15
104
186555
447587
292220
5
255258
817
68179
44
171
195960
1
291352
416
178618
9565
0
978
19265
477815
231938
99
1420
484614
68306
1
186454
1085
8288
13271
3088
99959
72022
70779
215561
176441
440
25356
97491
5373
1258631
34
146731
60269
739444
915
544140
418
0
3
169904
592
697423
260151
1002869
72833
567998
0
681782
2590
745158
781496
14087
507798
473
533
45
1396
734754
520814
179
106484
69380
438
50544
25198
457920
509921
800000
21368
0
1240
686065
22
270360
271
69386
176030
417
3551
68059
534586
1583
1
78559
886
33926
0
1397
7
0
771857
2715
600176
141471
966
1
26693
925517
61511
263
8
0
9330
2648
149
1136
71852
347
358798
1874
5629
9827
1108
37445
686025
1216894
6726
932676
182
71472
581701
805200
15400
4425
17368
1791755
26454
504423
1357581
782844
806
1268
2372
98
10180
609
71562
300546
374
13547
544
68
3
766617
192
975
918
7114
140698
225308
15
131224
495714
220815
795669
102600
1863
74996
0
89
0
510677
189045
80151
8862
187072
1
9
89883
953098
481
415
244047
337613
7449
9447
9939
951
512775
15
1299
362
906
3657
16
575913
918518
153320
3
0
1394
67920
178
24590
196002
14278
83035
732297
14758
23498
3197
68186
10591
1125
0
444827
72654
186638
784779
945699
740030
77810
186434
106855
478352
484571
1273
114979
444062
3086
565346
738214
0
197731
669
767414
1886
645514
25545
1261353
0
271811
4868
1037
7958
16
812
237323
1448
171745
5324
1027282
536727
727715
1795020
184134
72444
11813
748279
141077
772541
786411
62428
85799
527
264008
10763
505672
924
174266
1674
106858
25870
1139
72628
368962
571503
2131
725675
3359
453190
7989
225338
2254322
91171
488586
161094
509017
28441
31454
172299
386495
497602
180313
81048
123203
25105
554175
16586
359668
2674
232858
1862
26666
21242
113
157016
997699
317820
190177
188181
67419
417
771294
2962
573578
106856
35756
996991
9
764708
1375
505290
44139
197889
140395
722976
1626
1835
17
0
415
26624
252
1
38802
544
20759
0
0
41668
264
5
187384
583
254075
9397
313366
4775
1305041
211282
184
0
256014
68750
204209
175907
259731
2714
130655
0
218201
1
72053
9
236
435
0
0
1502
415
511880
0
144
786407
11798
9
491256
66650
514647
351601
1388214
2214
196380
104818
584151
4414
565604
12632
48602
474002
870817
185906
38192
0
0
358
9
0
9263
990385
77800
261844
1
1429
55975
91
413
1252
505794
3648
420223
89
43167
351695
46579
197040
134258
581759
331942
663083
411234
17830
25668
216771
70033
555015
0
1703
49
0
1357
1135
110
349
3563
133
72600
12767
12
0
0
410
18
8569
9
414
26245
0
1494
11
541259
646
7
0
0
0
1
0
423
207503
38461
0
490
834
787
0
489
20490
254531
3
90
3
2
3
788504
1466
10043
323
120457
0
170832
0
171125
4
912
1642
4
500
314
0
187365
0
0
338
0
0
20
556
98095
157861
3528
3
0
9400
0
15
1211646
1
294394
11918
0
1252
190455
51128
482
405
692540
1306510
984
9746
197230
3439
70
1
10440
113
757085
4861
1170
178
247972
61395
1152
195240
118806
56
790
264661
591368
3
47911
199313
528763
0
747478
2482
553957
4572
1372109
241424
144971
751
4402
11744
1479
0
555169
3518
1127
879
78670
0
68050
186459
172834
69449
1
917
23
57
241
917
405
135404
1
93
1
510
554035
0
104433
529007
130
799
4
1
0
139
0
0
0
13024
0
0
11639
4
995078
0
0
0
422
0
0
3216
9438
518682
0
44
1
170
689
274
42715
790572
811936
190168
1377
498118
9027
24804
12595
1
0
29
1877
491
1257204
44
1503
6380
1054
8396
78342
3631
28956
43625
494997
6
1648
180110
177724
5408
171330
904230
1027679
5666
3155
508
1209
7
12
901363
0
9340
0
520
1034
169357
2825
590935
4089
9057
765764
1268
4316
658538
502219
59012
71991
9327
126534
505085
6059
510525
12864
1506
9290
37831
1821
473606
8548
516565
3474
1685289
25149
13
0
25147
73079
185772
511412
25688
9418
3514
6
2913
9
6
1
0
528
0
94617
0
358
0
70
1
549
0
62
68034
6
0
290452
0
9751
25164
581
23439
487725
712365
32782
584439
1275487
4
186
67233
189245
77254
496491
186452
892
46
312
494
1904
68035
26379
12260
1431112
69049
257228
221
260385
26
0
1390
1687
25663
1
0
134
1314
360842
940782
751846
39
3
1291
133
3439
25566
598
374187
43698
2
0
89
0
463891
130
503
201478
594997
0
137596
529866
3080
3745
39678
0
0
1729
197135
9379
26
924
166558
495314
620363
68956
652916
25237
360030
1866
101727
868
0
1
665790
4
32421
1381
139456
263446
504460
98
49141
475
5105
12
31006
25252
1280
212994
897
0
0
974
598921
87340
1433
513675
639119
26811
189
4
67763
25146
271
2187
1370
40
183
555975
862
416
414
63
415
0
10708
208
299207
5
423
751
569
1
106
530701
119
644
7501
0
354
298
3970
26943
4
25250
464
25189
69
22
26117
46881
1068
208
57
6
12468
25607
6
0
25171
0
3477
0
340378
0
504479
209165
706915
1
448
641
2649
8
1092
895
52619
1
0
454238
335
10550
184
0
658
174
0
0
414
0
912
978
3
25765
503658
958
0
4378
203
369
48
1321
24
1
172
956
529723
1422
381
616255
187851
529865
3705
188207
306296
1
583
22
25365
89
186451
0
0
0
0
0
0
0
0
0
0
20911
1
3483
0
153
55
7771
8024
544
0
7
0
2
269911
7
38068
596505
392
0
0
0
4
0
16
557
1177
0
43
5647
69848
654
23
1920
5142
132
5274
120
26015
72
9798
0
1
200
185821
51950
20405
1062
254298
683307
1885
172
91
0
409
1
0
797139
6658
4
3
0
12
67400
0
2100
925059
274
5490
9295
1
29
2061
787160
9341
2191
0
1
3283
0
414437
9638
416
385418
419274
3
963
18
43639
74807
88
10988
12
8
0
1338
441
68062
28
170196
530680
4
0
0
1257182
137
10
180101
946
12048
69340
979
38656
69147
742100
901558
163
2956
1111
518291
6
0
865281
1
491
0
0
1
51888
500803
256
369
28
8
978
3
345
12
1
187020
0
0
1440
1
7447
0
0
16
531014
18
416
0
0
2
0
0
0
342
185738
0
0
371
3543
0
0
0
88512
64
827
36
165530
624
156346
214118
2
534
4701
280310
165945
1511
68031
1640
68
6
0
0
6
9324
4103
0
9453
0
4819
3508
8
0
26777
204037
20
482000
24277
918
611024
572536
0
186162
71789
396
96834
208497
9453
3529
457
1270
3100
7525
1019
22
25255
5059
3512
378
4348
0
3523
365575
1007170
1860
46
915
50974
504519
195
774716
802722
34895
30
26906
35
70
144180
3834
185285
503723
1306159
8
150149
1238
504527
438135
932
14
507173
1396139
9371
26739
9898
191870
190866
529
4290
26
6
9371
2344
327
1276967
62
191171
67950
20206
119
186747
191201
194621
26717
211736
389
686
659943
0
0
756841
3544
4780
3651
247
180899
10
97671
178
1201
25737
9340
7027
67848
1530
0
246630
45
187897
4
125
89
11
1552
25371
1914
60724
739
186454
10
1307
5
116926
0
1561
7
700
3969
90
765
416
3
700262
65
68006
11436
371355
52179
3542
427939
600179
9445
594
18651
68
14
36761
14001
10422
185737
2126
10587
25
4
575105
2
2071
340
8
186460
774688
2264
773811
14656
380
1070483
516
11568
1050168
923536
18761
14557
2496
106554
988174
1958
1081218
68699
630179
405440
196266
26628
30461
66746
38051
0
361245
7
967
0
181
96717
507508
241
324079
129274
1839
0
9505
505372
919687
10362
545362
0
0
505429
423
1258
377754
746963
2421
119836
0
3
3516
422
8700
1136
68035
0
7
988
255189
1
3
247982
2928
845
0
0
3704
0
770539
0
1128
6
1
4666
186454
13
35611
2671
28788
154871
541
1128
68052
32
197
0
156416
2
138
0
491054
0
21
7
194381
791
8626
1410
1320
9047
32564
3459
405
365
700093
63904
4
160154
6
453
3039
23057
148897
63692
423
2580
72
94425
0
0
35473
984
508492
372
0
1
907
0
25250
0
640997
286
25637
0
178
802370
0
0
9348
106275
108521
1
25962
503529
6189
890
611638
514874
4
285
0
414
9352
569
530788
299
0
25
522
0
1
3477
187703
357
65
0
3
0
6
0
247
0
1
189350
0
25184
0
0
3479
6121
7750
65482
0
4
156
12150
671
689
9310
25
173
403
6618
12
130273
14872
11288
1857
386258
154017
129
1237
3
0
1002126
4776
1676337
519910
692421
0
551985
977
0
0
16
18
0
0
0
64
427
496
293653
1690
9330
17
11
23
498
71251
0
0
6197
3150
29863
504544
514856
31
0
1397
943710
800000
416
6
0
258775
0
48
3547
9
0
3
222
9431
0
0
1
3719
0
9825
195767
595784
4
54
2
0
3605
19
34657
171557
10578
1989
34436
411
757537
5
1331671
0
119765
421
1
255479
172199
0
879
0
1037
1
107
490419
194043
1274
449
1744
8711
494
163
503920
897
34958
1948
218
1129
590425
414
520986
21
9857
0
0
210345
17
144
37
18
5872
1053
1225
7251
2243
18
0
292420
9364
143
1255
505213
1218069
440
11
58
28
69052
30
554
1406
62738
68446
4
1324
339
478285
89804
10779
4200
112
59
23169
33771
0
64249
121092
31691
953
10335
0
