38826
45770
54016
36966
15009
51870
40721
313319
134427
114620
156235
55501
15798
48360
43959
28514
7761
29517
244347
34375
15568
147835
251938
172964
260777
43207
183856
37490
74541
412510
518835
199745
151124
151713
189172
315766
236673
957558
827021
432359
231377
406751
433684
149815
55470
276865
249841
131831
19560
84121
24858
28902
11064
216404
33728
23215
95677
450705
15972
19995
10805
84573
80361
63505
20683
57183
163062
19867
607851
425686
555326
50645
89739
48217
277814
94005
69173
36002
33034
153857
24773
57879
218884
53280
25967
148573
54536
235888
34930
176329
291817
155563
135615
189568
562766
50955
135630
63874
61530
439029
97289
460099
336075
1047876
131021
656557
382743
155724
88549
37729
69904
85126
30652
650224
79507
119800
67947
589537
26144
260163
466051
353846
475959
126145
50422
220340
183044
28005
229748
383878
725323
196790
93235
136693
112392
234370
115858
220220
229887
76521
104287
35622
181501
309184
75216
373137
87109
61060
288475
609333
69330
648663
199805
404459
156265
925447
74776
390785
92208
189591
231021
59207
167267
220724
333872
476384
1031607
294237
246153
149868
212618
182334
185294
208039
119822
234264
55834
96808
101826
35345
190930
35162
967376
602551
192292
137757
265152
59137
149049
63582
100464
105843
64164
93297
372789
31795
501247
1063175
878056
141228
13611
78149
91457
22549
49306
32350
30257
555664
23062
54038
37452
47456
26737
163173
73165
50957
5685
38797
164188
5528
78744
12891
199622
401585
35825
216788
32750
126823
36402
141498
435366
111787
331574
287088
759056
33982
54600
33210
38036
20884
44811
243898
19202
347444
9590
491643
97607
21250
101639
99474
16146
6838
23658
94504
43871
137026
5677
4336
15869
14272
77565
35657
37391
43494
30425
71134
38564
153003
17342
23300
564814
10274
35290
25192
71455
626922
261118
12326
167531
24960
28928
3245
911397
556345
17794
33585
850978
17837
137807
8903
71685
179622
16290
23591
53481
39095
271390
32648
67716
35025
38941
37153
39560
53557
35206
20149
102895
39670
15253
18507
54861
38091
22525
1002212
22796
21458
64599
22724
224817
109539
86697
20653
940214
30930
22177
23814
23187
79294
264462
106018
19952
251425
47049
10647
22403
50076
55165
9977
49826
23598
69146
22036
113779
32874
28463
194455
68386
31796
24071
10161
411444
88596
129802
43546
86520
80422
491711
49896
35195
39215
546412
492028
257697
141565
104148
5307
140296
34747
178492
143703
86932
40733
111337
18860
56130
173769
456800
552628
225594
20413
130569
107873
206461
62635
316469
520898
215691
43217
23320
82815
156716
54324
85581
65028
56995
54412
160200
326359
575924
11453
28312
17759
124460
81567
6753
74827
734942
16047
30553
17293
3581
325099
134580
47822
1170483
52307
163021
117299
487159
47923
99789
1100156
28612
883959
1049633
130016
182912
1091885
897219
277973
90781
50738
27980
72680
677939
41860
17769
54237
42011
37638
71545
687603
403673
153912
128454
27128
65092
20743
12736
50888
18649
22686
15259
31370
619691
32855
134378
22246
47565
24715
12310
10593
91187
63010
50623
12327
29412
14873
40364
18879
404565
1010448
45122
48443
59875
36821
12972
53877
332096
40360
69870
345388
1120889
104391
156752
133253
44709
179833
507178
153568
1315815
168175
64104
50591
66321
88406
23085
91465
48673
93747
9431
10868
214411
72350
284300
47738
48972
59945
80039
124273
34706
69109
126577
35604
444423
103023
316782
26721
160731
89260
516876
399219
401209
56642
241488
46264
72155
90813
24298
899054
72586
28558
15891
13405
149328
36224
51751
18728
166380
20566
78914
830202
353819
97948
161127
101305
103276
230088
17501
30206
99253
219967
641867
42704
837092
284507
151562
22828
334591
1072843
114372
316003
62184
359882
31311
19935
59284
43262
146639
51424
437911
167897
213168
11349
209871
166203
172627
513866
39153
219578
27073
249186
29511
143774
22799
991336
156156
1018357
7216
35694
58220
24188
39534
524514
30344
229253
177576
279588
207795
140452
412793
950387
261724
31265
80269
41926
604972
127385
439370
265032
175496
84051
192364
106394
257491
33661
240622
625611
249433
552691
78371
45146
375225
920576
277786
39307
758491
23613
98190
92698
133398
285041
43865
22069
333605
44500
62350
42523
595380
45709
266839
320975
466806
280942
28976
41823
509356
28253
208312
208191
245654
68943
52610
82364
823071
284811
231970
35920
1098098
64156
16729
111232
20936
480163
750705
107162
902704
35483
127436
142641
61353
261781
853388
163465
166168
194909
49210
20532
254100
106552
280926
120816
369025
182050
92180
211588
781212
128298
623032
25458
141085
32976
29138
115843
38817
171907
206414
94507
601414
97963
77238
16057
130130
189161
33652
942793
59195
210720
37681
51285
94109
68164
94102
157696
468863
70846
24228
28046
85613
35362
19048
59959
187716
4179
180042
11472
45513
19098
928742
21492
84902
25651
17091
9315
588902
53316
257825
168350
114866
297025
289977
48183
56823
158348
393001
647196
751300
39096
177024
13555
120262
42126
95710
26420
135671
15872
15973
18756
53788
49842
149873
46137
893074
50384
41057
31332
1075778
100564
97569
18471
50382
9167
243537
129615
92513
333027
197291
361781
104292
82056
105917
44946
186576
47654
29849
15025
47217
507874
73720
309743
841782
124862
177787
66759
340286
690689
25021
88509
246121
29834
28193
7899
65340
72781
45333
286403
81652
133754
127611
16189
106522
68155
65546
15973
48241
43095
48498
19676
23961
68050
108047
11897
40649
62411
66675
34511
99884
46437
67052
93721
512035
82848
57596
19068
28911
14359
16412
14954
18136
147072
103589
359819
103682
178984
8403
10384
17365
57521
55028
20831
232504
55564
28725
111279
75970
58238
40635
107472
298452
79546
24737
10982
1018465
39214
21067
11768
14059
21785
90763
36445
7602
44799
299813
449385
58980
66561
202786
2857
13409
11213
28929
79712
59627
17400
7513
5402
16878
45849
51631
214610
49551
66227
33502
404372
85731
29670
83505
328914
611601
101062
46667
52571
495977
44472
109198
201233
27613
110608
78564
261534
143858
119709
1003101
30080
230491
155484
26976
21740
308867
132077
25425
94878
20969
621656
93652
24405
37566
132746
94237
487101
220466
264395
69776
163002
125414
190119
139978
690725
297737
173204
39209
79648
104692
232101
39777
42093
34546
33421
24519
41063
58324
60496
409229
113473
115763
179952
93125
16037
24890
69135
87259
26037
144368
168204
16570
4907
39895
290112
302503
798702
143933
121446
16676
11291
16178
365224
24995
5699
19802
14610
285016
48685
87781
188807
57017
25040
45202
81555
6473
6585
20703
28135
250726
78834
21981
38731
262222
28371
81793
61421
496627
51899
684169
75637
189262
3713
16962
14849
96263
96344
21781
286602
59300
26689
56489
26509
93000
16208
87798
24496
33581
51809
192962
39136
10337
57263
34763
3971
177348
8508
32536
189537
107881
29402
95259
44113
48302
15822
26125
4097
12123
40609
47941
35835
76774
200336
193567
317541
170253
443022
62758
62713
57627
68032
84182
24375
46818
103369
38114
48866
8316
262858
551817
39875
108706
863998
53310
33460
117043
985550
180367
43601
39165
75576
14564
11901
10093
33280
4704
93603
43743
84555
1008583
20292
31313
9880
57642
6606
4767
23084
38079
322521
21399
23125
19666
751425
39987
54982
30845
23195
3963
31157
633645
233171
594241
4590
241439
12103
7907
9102
7130
7706
65352
24282
376064
15979
47158
29261
50522
108542
69881
4275
53533
14046
27012
140976
12302
25262
61301
1080677
126132
212389
109912
36605
586182
7318
16475
9068
36826
34051
21387
28466
9903
87011
124447
14654
877375
23693
155961
52475
66356
133075
259466
104751
363295
93766
12079
12858
84893
889437
59036
41315
138885
29524
89449
15999
283318
188857
194533
37497
2014246
25371
485494
27424
952920
23780
182638
23481
128057
42981
110691
43509
23861
169789
77263
418593
190736
598210
9481
124843
297883
186201
237550
43361
155167
18411
25905
32579
145140
14563
47856
22903
542894
12885
61988
5796
70637
11537
126758
19826
896457
23466
27938
6752
101474
44581
51692
58102
121629
66327
14001
35418
113696
19557
54652
244523
77599
46744
14659
9404
34708
9360
22195
57087
61129
25869
18812
24638
29874
15444
20937
24132
110669
8716
6799
21662
30078
51125
72690
39493
33492
70019
1019315
303725
25626
44008
25914
55768
80805
257753
20345
59770
142903
41217
57117
39596
427776
17013
13261
56988
43192
13896
30482
10945
458725
22331
39946
31896
97471
59143
51057
160415
113102
15917
16434
35184
10603
45018
66484
71281
861791
86119
11337
5838
30312
14324
104806
717368
23626
224036
157360
4808
13385
38755
14919
160049
417335
106319
27450
10401
18381
69915
238927
826638
29234
31498
1014184
261867
22839
29023
16287
26298
65979
24631
27371
17634
258111
30264
67784
32241
95981
15368
46819
13504
17912
12482
12928
221377
34602
126342
106396
7591
43067
16357
145929
9686
73375
13190
76683
145552
124770
6676
640657
37774
57314
45061
92507
37301
24703
53491
57618
74588
34579
42306
68561
20057
79461
29429
19422
56697
425882
17888
16071
9530
62730
35874
46658
6449
77559
37467
112046
22292
467360
18346
84673
265437
291911
46986
10646
5841
23982
30658
48381
34323
96508
47555
20145
8006
24409
11996
258620
51868
319020
53856
66109
172196
60529
75932
95166
30447
81717
71230
26481
337875
45029
8607
27794
150175
33621
74069
66607
7105
129809
48388
359557
26450
48098
527378
51980
23355
9030
56378
10090
37206
1202963
1150152
46827
3448
22868
53663
563570
16265
159862
648298
20357
409762
156389
552175
276433
175168
298835
57346
39844
21759
168062
36431
192293
2210
93832
65036
6038
1488
8742
13759
34874
195467
144048
8728
17018
66238
33022
24975
35423
336326
38513
425656
18929
367518
1062565
13359
33133
66608
152571
97530
47215
143052
104720
20198
55736
47697
20594
109419
9751
13694
11618
19027
17359
40135
64606
5899
13157
19954
48241
187448
75819
251189
658776
525433
163956
401477
114675
33240
141081
1036666
304045
347092
143349
26393
39864
31906
51581
66118
111950
104067
91295
47182
611063
27997
222308
71371
65460
52856
74591
98817
147790
105435
37279
23586
1100835
56284
106143
12717
1190701
60942
148854
94761
573048
24729
112368
8898
120353
13832
4963
54784
35386
11087
49664
13615
127221
361086
602296
181344
171262
10734
9277
41495
93932
60277
85385
10262
98491
24539
70358
6365
938844
31426
87227
21351
79065
17815
24758
10307
199833
34194
113906
161719
71817
24531
129026
147212
28893
73809
374050
283210
189597
56642
34716
5866
51606
12333
5498
16704
417349
331498
32494
19595
147900
25381
145567
109429
349906
14964
284988
11890
444862
266564
11309
53164
14133
10876
8436
39957
15558
74666
23080
608579
85119
151314
15997
5685
66947
27481
98712
6430
38457
19954
163401
26011
218248
45359
10111
272644
18864
1003867
244610
278102
1105358
93358
87014
24937
100404
96483
57002
9120
8045
15142
281813
24415
947290
30777
41876
16701
22932
73567
166230
143717
157020
903897
51737
143630
545115
56969
96980
409835
257301
41964
376392
260325
207021
448447
102562
38181
307128
120227
650275
883422
77088
581743
131538
238053
466870
658768
994587
568135
134450
255559
335653
58513
1088827
131260
120494
99659
48399
241779
190192
240757
248722
265636
196031
226786
973447
303675
1094582
707204
169302
100018
44476
253309
32526
136507
546795
120362
236032
69976
37444
95464
58324
221763
1302679
121965
106547
8369
1752
90878
42230
6351
422995
318639
1054628
51727
43347
34713
65010
25203
7820
24481
21926
7321
5477
48838
36623
51722
37423
89296
70812
26579
21229
2332
173345
20588
132161
23424
676104
19952
63042
1303485
84602
253309
218490
29866
781169
23347
193359
30658
134633
6972
183092
110371
63291
275244
17538
28603
63302
26707
20903
39049
129163
507989
11460
15413
66296
14095
20970
27336
27655
27546
228269
154190
87317
896116
49956
9309
40753
47111
1155374
40949
33617
27251
15729
10329
40386
5973
291997
68487
31521
130486
35067
8577
1145158
603006
14913
16152
39191
28668
37167
18701
325405
30514
5955
28924
157012
109237
61239
38599
75189
91017
51015
20395
88629
717068
47051
8085
42326
12807
235232
4262
32833
8289
91345
16204
103310
73063
58024
7510
48946
16070
64693
597144
50488
13670
14719
436067
52111
46134
296564
21574
755521
15362
86545
21126
53871
9022
9434
28681
24467
24900
5906
18248
28382
47619
27270
24196
281576
171428
985223
8953
51412
76703
66848
5353
58728
11904
69847
15792
103143
14581
82760
18832
89437
14693
166047
616
12908
6859
10529
23284
18955
17963
22367
4547
51810
72119
82935
24701
253866
416819
84594
55359
66750
249176
54099
92677
146825
19786
103385
92740
664010
29627
1938468
23106
323604
36561
34456
266867
645988
174706
42162
53041
171496
216330
20813
329328
65983
356232
43814
4576
81994
69935
99963
39084
54779
98191
438467
132215
169579
130359
134846
50316
933585
1092129
1082626
446003
224431
114930
298915
331687
203341
102314
228997
35115
119357
17206
175865
30992
76821
63795
94059
69031
81140
61399
80422
22326
326510
67574
25698
574244
179926
16469
129734
156706
30105
21938
50346
69886
108394
64486
60196
31308
155494
45214
6115
42142
79399
18663
74138
17680
276757
36582
54779
48563
1147519
86212
26032
58589
79425
65262
63007
252390
400267
35114
122799
33092
128027
425311
84794
10421
110220
24813
59360
44219
72547
189433
90300
39509
79704
38134
230278
15126
214522
75143
137929
35455
156484
19206
126566
47964
186487
71193
77633
104047
177910
54456
96935
348477
296973
554241
372865
1417321
438496
494922
46895
213985
496831
175644
198862
391877
118945
71202
69819
34397
160184
44903
249861
1046322
582500
126916
19300
62903
487473
79485
1279171
74195
248694
216033
157363
262356
242476
157380
210590
821001
194331
439941
52497
57316
107522
134895
464746
114238
120884
532150
91172
22157
32747
517196
88751
91406
141702
55673
586080
498975
70708
170069
8877
110092
59386
236675
56760
7601
900727
106808
126564
21947
31386
33570
25177
22524
15107
29862
59596
28723
98202
13328
24520
17349
174261
9226
107033
72955
325299
16170
30127
45475
407053
105998
789922
175598
102566
578733
102071
180428
16645
283959
315315
261674
749413
904733
22338
18355
23216
126908
41745
25619
61684
15159
5777
832828
33986
67546
864782
106596
301292
53813
10300
15971
151862
72594
156231
51052
228534
66911
904445
51765
31913
208782
150255
90936
1180082
187408
140590
99501
241190
67722
581721
7995
33441
28047
12809
100282
19319
89830
510361
156375
490701
337622
121938
156639
23723
277365
852209
102726
290948
362744
1056460
14926
81788
89918
287236
126496
295178
774805
496328
28823
240629
79375
1067787
121241
45169
89410
8817
30235
10895
27126
493298
367566
390750
152374
32467
51635
112871
1008896
34730
636971
161300
268699
59755
247934
244508
202633
58521
202134
88672
68393
80478
172727
116210
169919
22088
13645
379306
11519
283116
77051
138400
1018197
26173
33344
473817
196994
40502
34424
106512
71180
894512
310114
309896
386003
323414
10957
275303
94624
495113
176912
355091
129610
18897
59372
531070
130667
264595
44110
715280
22048
34850
13689
3209
16765
216082
32700
83804
183622
372701
23022
38122
81753
12173
202647
23112
14182
24227
245181
633806
49464
124074
696827
88002
1035235
89454
105328
511109
64633
235274
8317
39497
29484
10108
11274
267256
122801
58252
27607
118663
54834
20779
52171
48672
142797
305717
137842
53290
108934
1145063
1020583
195612
84046
182880
551294
183573
103469
418162
29102
696625
37959
172982
115632
155247
11773
84180
53183
75159
54305
157228
140162
321773
103210
351773
84488
58705
82022
17784
42168
45421
8733
871949
16823
291893
15057
27278
954835
28569
27161
19046
30649
219577
39190
125257
264068
652989
93537
49094
90934
243732
48720
51515
315645
111908
15424
136118
38211
166758
206302
61047
364457
47997
81921
68077
7505
1809465
26057
57389
284198
39953
31386
151245
16878
24357
67829
600049
273118
78844
149882
88963
22112
36437
73802
762759
88981
153574
129296
106974
409398
94276
226395
609533
450003
507816
105533
49486
112494
737122
131700
72373
306391
42502
96985
35990
21727
155825
34284
312756
156663
389528
175017
7140
35179
105800
12818
116342
368614
41710
125716
80613
30161
42172
20957
191466
601659
41040
159823
363613
272946
1283190
258542
84509
69227
283108
78546
1064072
123405
631714
260631
936512
43575
872048
56845
33186
83319
161249
159433
718638
728836
473456
195885
468101
40669
593266
47192
48172
953182
72848
690382
35609
57771
48336
31103
177705
178409
42828
747426
35170
115296
60116
21928
608949
479859
1022841
39597
34867
65880
84595
73282
64272
85505
47355
133761
24178
71960
243988
190786
63267
65954
225332
64493
102369
24486
15054
26299
98857
957715
54214
277331
40555
160508
86277
43430
590650
165990
65807
12873
13717
39371
190578
96522
96093
530611
53183
215730
39785
141871
95742
119062
138730
1110065
483406
70367
351232
53088
128561
463545
762403
200620
160143
127134
736703
584130
128153
1196111
379622
16877
67960
29241
104166
174666
79200
159426
901441
45131
616070
33784
30518
39136
812442
67256
175580
131593
315835
94806
510352
22450
353275
289137
653280
1026127
335267
38187
102113
15652
101144
48979
823777
164524
239717
127635
45312
83241
284957
84902
991353
102907
325092
173289
632507
25797
194742
238921
60375
383248
311954
185203
8726
83625
44985
26605
177080
1108134
302485
71276
59676
148012
111991
45056
50274
602565
27870
31885
838186
51449
224237
117863
80929
36233
20909
19813
486938
79597
295754
498658
1014195
755354
171355
116462
473196
22263
166384
55063
687192
1223987
162369
465984
857513
46735
625642
47370
1120495
72471
164973
68618
1946479
29705
125116
94480
43145
69678
52258
184059
433610
150278
127774
158081
655360
224173
542587
1057683
147793
94841
245738
760515
320214
398572
1162647
106433
675034
85275
359813
104414
312612
29635
145985
76167
36480
178398
30523
122255
488420
293434
119537
827856
244964
304194
66603
211910
899514
256598
515772
496552
194069
43187
126228
402730
690819
316397
209313
159862
442219
94600
247213
134572
610344
81947
300662
44303
177502
63424
168762
202325
1540210
422875
151930
73076
39968
52869
485205
122909
257955
827981
259662
1176381
46051
644120
52383
128756
156838
349270
166197
302693
17610
88728
68873
24135
77149
11769
57409
171870
234863
89121
70483
66378
19880
34085
61153
158909
118427
49309
449840
272338
787939
176815
1453409
408290
245894
18335
293007
125610
253418
514499
436383
244102
241643
33504
100458
50799
100206
16643
80809
22703
87740
21763
135687
85358
128522
46261
80578
531179
122437
216958
154051
261729
289784
447708
1485384
21484
637124
275764
769874
337089
191978
76447
236639
136768
964835
57973
350506
28479
23683
30664
52795
2290
70855
107427
117218
532428
42718
48439
119841
19710
30753
30017
104280
63375
127450
44215
372512
261586
125153
471924
522453
217284
61631
390782
828348
557311
44634
192397
142081
120377
16232
45046
37677
6764
21623
53343
44830
52905
42769
79570
85011
73352
83413
17433
21145
25276
34805
20838
34647
49686
53453
16652
37129
136104
111246
66627
107484
54824
6904
5209
14117
170526
40283
161283
185912
35432
47723
44262
65861
32526
42867
43417
453191
29312
107043
11930
36819
33979
364371
29883
575435
70364
139092
5728
101827
17627
140069
28417
59033
25643
171385
17730
26692
12745
114648
38818
28164
11396
2329
2683
8145
49705
866667
97676
127739
171410
35412
190466
104023
81598
1277473
95635
406219
29216
10775
99416
278097
39920
94903
96264
706956
1415488
27753
347807
373634
20333
177931
32198
345293
87414
951297
75185
77143
442204
141789
53197
84721
184964
190407
45655
54392
300971
516100
30073
239108
210666
316798
29150
750960
131010
269890
176182
1282900
325293
109700
15825
133713
166830
95127
15059
675647
29703
19997
31614
26164
21740
172515
63610
153246
153010
39134
3556
37418
29612
112283
28645
126272
241246
3719
63048
13991
78834
86472
207353
154527
114331
16718
272602
19339
50750
83637
23951
28257
9986
24796
13522
13000
22053
127770
18181
157837
34506
23688
12732
86455
53180
131489
20652
99269
63232
44295
20000
49120
50484
212926
84072
120562
941045
523804
404679
126468
330500
134268
42735
56564
33077
18472
24716
117298
116412
1095716
59029
89636
128146
35821
216136
109837
109981
48934
214825
194261
41404
28875
179693
157625
152102
192859
897077
534108
120580
46782
6718
18391
31488
42236
1180570
101356
151152
192445
83495
53738
404352
20836
405360
497598
54487
729526
400286
335450
178749
60682
247943
167710
50435
195111
134890
69301
118638
128544
47136
110409
125672
65482
477742
118003
109244
39150
2313981
45502
94766
49867
42694
143225
58933
184256
101900
245840
51011
28024
29967
16178
59256
6001
3867
33063
36823
72894
12617
24216
12162
141972
7439
69523
18578
99746
37268
387201
5162
400292
57432
85681
51802
80238
63527
87808
285338
132851
342815
446019
97507
237117
96049
235790
242444
102179
73593
44603
43304
26612
53023
11977
51254
307179
114654
1197133
44828
600513
59078
638326
22607
16284
14708
52085
8266
12915
24338
120379
25230
189229
40589
493469
66509
40330
18369
41063
75075
64575
54953
58159
94132
14769
13667
28560
29943
272797
14412
260768
290120
524228
3305
98653
35521
95980
31666
54828
11519
37268
69710
614194
95098
73005
6552
896699
110300
792726
19014
304493
109211
179786
28109
84456
69126
31890
13266
388847
25355
607455
111257
291373
240642
115455
86564
497458
84835
75435
11773
101820
36114
9574
187653
12171
28726
26317
31071
281744
119621
64807
16703
825402
89655
25158
10397
90346
18285
25045
5908
38400
27307
47785
22515
60889
35250
16516
9272
67242
21411
52933
71993
268845
8918
33705
10235
285533
8855
15880
83450
126552
19071
59771
7120
46179
29327
122609
72535
73226
21160
40077
33883
29989
38343
214556
29093
107385
34542
56164
32393
109233
10666
60425
24621
207544
23290
7548
50976
65654
10111
42575
291159
751712
12104
65108
19976
41436
39474
37739
42920
125167
50141
18525
473856
57135
97000
16631
24749
71665
52772
23361
7344
50601
16238
13564
64922
14607
21590
425714
3796
34705
49908
40329
16515
33794
23511
30546
50962
123302
177400
140403
26340
115070
258165
96497
186145
105394
196796
819046
9320
137592
55770
142407
66349
74697
59202
22228
14682
69635
1524
20175
3848
16840
4959
23123
29363
41562
14285
19872
13157
196549
20898
90293
34870
26970
9182
98963
28381
262243
25266
194053
230165
27644
11857
52876
12225
129385
31082
4263
5632
43858
48612
22450
65061
84167
13811
69008
53884
84261
6148
50877
6766
45797
44611
41306
3628
73998
52915
290708
62388
89226
43361
700793
97768
219454
47366
89837
2116
195299
8298
9459
1011320
88170
77053
13123
5219
11191
9284
33490
20253
1135786
38320
30558
88235
50990
61890
200322
370260
40224
35501
7086
18729
26858
11487
32820
526021
72557
43941
109781
23667
44060
10606
71912
25030
59730
225136
23637
5992
20324
31836
7585
30954
58377
121358
47083
8233
50991
28383
455056
62293
119429
437023
84433
414002
26608
261440
203806
136933
181917
472685
83130
44423
86730
65961
386136
22803
208440
4586
4616
3633
12442
6893
26596
93514
34909
8055
19228
2278
6805
14481
7610
27425
17656
118482
2697
66013
61338
21820
67942
34313
23947
8015
15694
12066
28025
25442
13087
11100
16593
6920
2712
1811
5104
18127
16642
29429
34304
10170
20484
6015
155384
37450
104769
230687
319387
428955
60960
214013
26084
53203
125727
63872
197506
148117
154580
110340
113393
333561
132009
15265
67050
81503
31870
307926
320978
32672
149348
59752
62875
37313
53704
171002
71106
139228
112261
129289
700424
707015
10637
217005
525986
36957
392727
126038
535971
143854
142599
24231
57714
29478
6250
102181
37840
24099
30431
24387
166385
32985
91772
340470
1278414
125902
25883
27801
66507
26593
81116
954666
1092706
201096
55065
163354
105526
39559
230946
154893
234011
506055
1046786
28465
771736
50197
50019
116474
44344
30820
221274
1266366
357513
51024
389805
267089
205289
344416
168770
25606
60229
98602
15648
39538
1177467
35037
244648
59281
37612
69259
262292
239268
214349
78233
104007
71721
107885
242659
13095
15822
966440
36713
112487
62510
47476
215342
39700
317043
45482
61028
518757
94297
167894
184107
127407
5057
133533
27659
206787
6510
12258
40009
57172
56886
85248
65881
732903
67446
13377
89443
280299
36225
123761
43917
52126
127130
65235
137321
51990
52470
55362
72115
298427
130821
149782
119568
716204
311083
85472
407744
265672
237862
296908
104674
94584
162445
390768
51753
251840
71373
203130
258174
294325
60659
109521
104456
9206
61434
29888
177552
691034
80054
1053351
57395
60844
1183280
87134
141946
392247
770830
221767
402601
201357
205309
1302506
77951
1011134
90243
553076
311964
308012
80098
186760
135096
195623
57500
367976
22367
67974
29030
34261
380667
536509
48922
462016
187709
66061
166456
113398
223016
653501
128988
216968
8561
24114
41968
43705
25473
135990
515016
150393
76899
20587
21645
61556
62023
36207
147258
72377
13990
4819
42216
416788
52720
54289
120213
36780
17708
36475
2227
53309
65567
636601
59938
69714
44502
45668
177019
31605
55283
134587
41020
88745
120467
207251
22187
187443
10668
130331
6405
283411
46227
24676
4417
85739
14355
15698
32603
255307
296902
92275
13856
76044
95670
91798
27010
182899
45404
366554
176181
29403
81297
87774
71413
30327
506815
268354
151129
12608
30441
10565
66009
97274
13400
159001
34144
29310
24754
8368
19370
59545
8359
21230
48325
402462
53049
79544
16289
78303
301530
18208
29485
328729
768743
111679
14762
241788
70102
64142
11904
180700
116140
32578
24143
62632
27313
38602
269380
126782
19043
88846
12146
98476
15989
107798
15969
516946
41953
99776
11400
51954
19913
30174
46729
6957
53311
29092
137075
55864
93845
6229
9181
23295
14307
56835
207167
21243
110787
20191
12177
43480
9859
61332
311610
33903
15654
69488
7001
121988
82645
194741
17379
27228
84447
82713
23917
5964
57708
551335
290053
788281
173754
82312
6535
110223
12050
17092
10120
27706
34488
15674
15165
13763
52968
83568
17582
106458
58619
142510
43471
53158
74806
239486
273751
34689
104678
11198
9701
401821
33073
186440
43031
70318
336629
101271
1021429
44186
38544
45116
295950
48733
68140
33697
11648
12088
34978
83628
114070
77941
29364
101133
272997
85771
167568
475176
257480
72872
179764
48382
36035
75582
60606
296376
476407
165325
97608
198589
85878
794454
68393
645717
43236
52958
85582
49801
413674
68031
10920
136646
63851
36232
34499
254524
87882
212503
111761
122612
25391
247801
36984
37594
22838
11645
135349
39626
69405
32157
73084
53049
138902
24524
222330
68325
65420
188566
9805
13670
6240
45791
35109
84766
78592
453111
9058
33265
19713
80185
167668
207851
104952
116765
1068687
28860
11013
46455
90916
191616
74951
121865
106064
55371
90571
55484
132208
112595
29061
56387
81316
23952
34845
237081
84248
171300
66550
161039
162290
83738
64449
71800
79398
