10336115
13250414
15257377
10547309
7538489
8424041
15405025
8558049
13218108
15526326
14707498
11928461
8422507
6356578
10422664
9348416
8436357
7752081
11177857
6777936
6911347
4966618
9201068
10974154
8845936
10235863
18614734
10159109
7770492
6549627
13726602
6662412
16459313
10449596
17104927
13686925
14104786
11112224
16471774
11147844
18930781
17713390
19914542
13589889
13311970
6221782
16611667
5809087
14220174
8542770
10921152
3584227
5633284
7599090
6834284
4080578
16793192
9435586
17015501
6350352
7831528
5049759
8902802
7913296
