13062
28290
87405
4744
3847
372885
3161
15674
13599
93461
4175
17704
2988
11256
22597
4052
6146
3804
12735
5997
35159
46299
875104
11261
2495
3146
12139
5520
3003
26660
51842
17104
9814
1709
353715
378
33974
172499
9007
33153
84007
2526
121163
5822
29504
28779
100202
11784
2999
2823
373
13
482373
24785
4561
55818
21373
583
5168
107618
4612
84
558
235
24083
13688
3347
32
20649
56652
2350
2350
1807
178
10762
1972
1165
2574
3955
10258
428
1247
7217
43099
4677
83296
26046
1001249
24809
19566
577151
308361
10172
4867
10886
830247
4208
10
864972
229
8973
8711
805956
29109
3665
2448
15061
14850
27
9433
555
1821
368
190
1878
2761
119758
12843
740388
102560
420
4497
45964
17105
42675
14481
8775
64832
2290
805966
16760
1385
30085
282902
4685
36524
90329
297687
2211
5303
675
335
15394
888
25966
232
9366
33592
83900
17277
281668
6672
106703
7838
63926
161
58668
3016
287297
14310
1237
2985
140886
10411
14146
21301
40290
75606
30456
67641
8092
43166
4575
5987
1102385
13292
2247
31055
15542
4292
278845
805774
288153
11205
49062
66410
5604
1548
5747
4748
212708
9477
27767
3613
13014
0
13944
20428
296228
1083
245
892
199
1699
23
234
1479
10
143
3823
49635
482036
8173
171245
10664
42085
2896
819346
3618
67426
6809
482087
13998
34190
12413
27093
54307
541
1317
40046
3707
23110
399738
243695
28936
142485
1704
41295
10987
117179
0
14438
3057
4076
0
721
9454
2310
716
8782
1474
1883
2394
482
8963
3003
34848
435302
493227
13277
1246
291562
104358
9125
10266
26109
5536
2261
6838
9469
807785
434
2117
882800
47747
27605
112772
54203
224602
4439
14986
856
18077
698479
911
8770
1526
5260
28641
1113
144327
5769
687
978
9309
6
22740
2323
10531
774083
10558
1062
10577
1575
5957
46731
9491
31114
1942
559135
30351
55564
289980
73184
24351
29054
625
2023
11193
742
14001
2753
82760
640
4384
2975
71276
21359
14510
37254
505504
4101
355
2035
48509
71736
4629
1352
2849
2814
42808
7945
18595
82350
48547
18960
6666
3902
307742
48200
7580
650306
2616
280
2522
23496
6579
223248
363956
5337
608423
7236
16991
18307
10525
3832
55499
276469
4298
95414
32125
1106
60731
1151
64410
2162
16835
6952
553826
16576
804583
6648
10000
22671
11000
3811
36631
2440
60
28028
104881
3026
106567
779803
962
140270
7242
875
221
175
7319
400
8411
32952
1083
2385
38691
5133
801371
1779
8948
2188
12989
311
27650
67
26384
6201
11583
814
25295
43971
2185
2498
47876
6253
5364
8462
300451
2646
60376
12897
39237
24949
1088
673
781781
20672
8897
31642
7134
670014
4830
3930
15350
282548
4933
1731
9
844
960
0
32007
1414
1135
175
5467
756
225
26520
2237
4
611
2422
91086
44399
15603
41443
83752
1853
34417
3264
250748
387292
110622
31985
572597
557
65594
92486
21
205
1847
657
29920
717907
54830
1221
53165
1976
2755
2225
25240
2835
19854
337
3694
8138
34965
575
11193
3913
33700
8570
26879
10153
6673
1077
8243
56783
1277
2458
6971
11527
16677
6366
32780
797858
11794
79502
14259
76327
9502
16288
3659
6777
94341
3961
2012
14031
193859
7478
2469
2492
349147
5151
849
5233
5907
1707
360
480
335983
19663
113842
53529
19295
718501
60274
5395
8772
313685
16247
1997
115918
4607
4654
6063
356816
92809
8095
32717
433192
9680
102733
739
8444
677
23448
70223
117666
699219
12621
3878
13961
1627
36904
32904
81945
7483
3551
6336
98528
23457
326484
6568
35217
7011
11093
29048
227051
136776
105623
3564
22324
21681
1161
1860
1083
16458
12737
70877
198933
15589
7035
1157
12619
5255
189617
60585
66780
79429
778345
623
36838
200
75685
2254
24882
33301
3060
856
2295
6384
381412
5277
17314
759
10035
794
785391
2944
2620
341989
262233
14487
18546
11843
8146
9965
4786
2050
782285
15466
8749
2476
16760
4910
154145
5885
12826
25573
10531
3473
15607
872
13257
219
2567
2266
1739
25958
26138
21946
3304
2357
49300
1296
7330
2998
381160
81568
42925
9871
59408
4135
46340
929
17797
579434
7732
13725
8503
6046
8044
15474
21738
48374
8661
9392
11025
916
42833
6398
18206
454447
361066
179832
1781431
10609
13982
8438
3329
25787
1387
945
26944
487711
26349
951
24055
22
6580
6582
93619
574
226
1100
5542
112
8925
2594
14954
260231
2134
764483
159412
9467
803
106102
274621
12829
1580
4790
192302
5098
11880
387272
40755
38256
10124
80075
56079
5944
3709
1943
22381
3558
401
373
1066
1522
470
39686
2941
716
12133
21026
526286
869
23794
549562
484336
7296
2189
5257
61866
39035
305783
161069
76547
7147
378
3736
3357
1067
2964
698
20272
3148
4647
760
3167
7
85710
24304
87438
11
769
1838
100714
3283
15312
810
10599
290308
871
9132
31711
1569
13174
3342
58037
5078
2260
735
217
5654
31833
8179
317318
6388
9086
1828
15224
4720
595
29178
5070
282
720
337
2684
6576
2948
1244
7824
379
24
10
856
193
1433
746
691
295
1362
17971
251
3204
129878
305003
16403
1763
481
488765
748253
342032
14510
31711
52748
17626
136582
10984
48157
45542
10061
424
2192
1931
39990
337063
28628
149204
9046
1350
3357
221
129964
8239
307476
428901
48243
1802
22277
27202
55646
1187
44158
1414
4672
6083
17984
1307
423569
20235
4817
81948
1619
400
1639
13451
353071
4446
29400
26789
7573
11458
450476
4362
28077
443879
660729
23492
42550
45276
448
7107
1047
1050
1118
11240
19462
17095
11637
3082
31197
631683
222583
10654
10611
6110
12118
2886
101585
2858
17815
30647
21490
334660
17427
116285
21511
281017
132809
298540
51151
28127
21939
8700
64556
58993
116219
522645
2052
9583
3004
236
9237
39968
55281
85931
11613
14685
18464
4383
957
4565
833075
5177
327
85
180214
328
381
17243
351
9168
7923
324
23005
33078
38
767
2378
17663
255
933
61546
1336
1546
1665
2735
3624
513
2022
44211
3056
1002
60920
6509
3611
791
678
24862
1001
57956
2513
1
26714
82093
990
55727
64202
328547
2037
2080
27793
550
1585
232337
151
113
1643
2204
3541
333
11173
17174
1259
10774
2077
2630
1606
94856
25842
27472
29889
4949
426773
9958
26592
344540
13685
193198
37129
561
539517
2850
5
29
6281
172
586
2355
1050427
9613
20160
828591
33780
18359
2378
1064
729317
702
6808
253
297451
12248
10068
13479
92866
70192
58645
3205
92584
10524
15903
4403
280351
3380
1242
408
24830
345
1504
10539
66465
1465
32033
55542
12578
757238
970
709
3585
202
13
37438
192
1756
489
49807
321880
700148
20
15661
8214
77576
683
5623
77
27747
227
513
72334
6531
58848
1619
2293
49741
3955
1283
178017
43068
494
4897
9370
16906
799
36383
11
66245
9
32674
31872
247
242
26033
646
38556
43217
64693
23505
675351
16305
763
544
2995
152
706
2852
8149
533658
1092
364
7610
7162
2285
6851
6107
2041
30775
37501
11786
88601
15199
2141
1291
2650
279228
3752
108703
330951
7444
75946
5635
6568
51571
113636
33436
367784
10344
1916
9990
2303
104619
24583
64511
1066
8682
780147
414
245
17093
5507
22050
6634
1123
45153
2385
55061
17227
100114
6301
11527
6244
461508
785376
18499
4027
17346
2177
65
1035
14845
3412
59731
60967
2932
2978
585
3614
538933
63367
2526
398385
45
3821
741
100315
3310
300
18667
428
1327
8688
9331
34124
3710
983
0
1297
2685
29877
1090065
108968
64709
3230
396105
6397
1235
30521
2046
19044
33235
1259
20346
458892
1134
19784
750
32040
794746
6573
80118
32565
463715
45534
504586
5702
17537
9726
25598
180299
2238
11623
374
63156
567
484
58837
17844
22935
1327
100
229634
2574
974
4736
48950
12235
3303
13626
31
14024
221
17501
6841
25794
72784
7131
147
88741
13570
190
15187
1781
10875
3588
23688
1406
305
5029
66795
289
49687
2014
2475
13108
6859
1989
28557
7196
120170
2180
238735
12900
156023
500
3380
23013
118113
446549
5506
7621
47107
13169
57081
174
590
134
343686
12397
37
679
131755
226
42758
13469
36007
59497
217
1726
49928
3729
2074
1069
14879
352
1516
572
20532
4405
2757
12676
55663
1916
45844
314
1675
524
4663
43631
3002
42176
1901
101587
1573
22119
6189
23421
57345
4331
16967
709742
49778
3607
493
27803
734080
1628
24025
27174
7402
6855
262678
3473
37765
152057
49595
7257
6993
2582
318168
56698
1498
828
49175
8170
9028
3520
6542
10621
940228
151817
588584
25776
5470
36
47059
1751
351
1548
2150
212
3934
710
1530
1866
7849
32185
30652
145
760560
1810
2854
3680
345
167733
51639
8963
470562
248
215377
675
1803
29616
3042
3304
103643
6714
579884
147202
9311
22862
5516
1393
57232
235363
125696
31031
128167
98935
588205
6615
47523
1020
7862
603
149743
4287
5670
3177
119549
186
9143
30311
1034
279103
8235
1360
6206
3325
30967
2950
306483
7476
5894
83384
360658
4888
6907
2956
4500
22940
5504
35409
1000
2695
9590
63282
3664
1682
784
1013
417
67083
10096
39206
4920
178
334752
7930
20158
10953
17455
2535
59021
3515
28666
804
11136
36186
503531
31215
19251
8694
23936
2609
35278
976739
74974
743288
1740
5692
658771
2882
413767
6113
5387
454260
22889
11300
114539
30678
2977
18035
20409
1959
6962
13581
5770
8297
802387
58552
22336
68568
164
180649
1638
5668
1967
7019
2093
12148
25855
64711
952
63889
556
3791
5154
105509
9965
111927
53433
4907
22660
76520
160355
11867
4226
16479
776703
7014
4022
14393
25056
441372
92977
41187
5056
21307
8670
76929
15647
1
1293
3546
28871
5008
2151
38878
1990
16050
10377
38216
1901
887
18037
1515489
44766
1045
1379
2605
1515
371
78045
1411
15355
44890
57847
493
36711
225
6822
2550
5784
707
554
12990
159709
3609
685
40816
50538
8495
313012
3529
48445
4861
846920
23
558768
1127
2444
1193
223
358
272398
2758
8087
234826
19826
12622
1730
8790
21425
9492
479521
313
358
3197
191
26660
8413
26136
1323
599
1828
138
3045
301
64188
15804
16012
207018
8401
59531
3005
29229
16194
20368
700236
107948
5111
381825
5942
522794
27320
621
8788
107
30097
10024
28917
23622
10497
426
452
1028
2549
283
2903
2156
261129
23764
370324
14151
6359
230706
1018
1453
121299
33312
93553
131267
11896
19146
22948
28906
38637
461441
4638
18025
7155
20948
44797
91939
943873
5920
31229
52944
3155
20404
10970
9295
11291
42097
13936
49741
9439
323
426
24396
25768
4445
1453
116106
25748
1398
885
496
756770
151913
791769
13848
8890
13027
59
9499
3422
3068
557
76893
18075
7921
3936
8506
106658
4898
739488
7036
2548
6221
1427
677892
40236
1740
9636
472
4694
669452
907
138993
5237
329
3852
19087
2200
305019
7612
295018
8727
4410
9
770
1480
3309
126
7050
9634
7298
16975
862
1798
4309
4595
839
34322
8030
399771
27350
11
391211
14385
430
754909
674604
2677
296796
16775
5708
177
6302
1102
1708
21218
4843
11
83562
0
8397
6108
16401
435274
3896
5742
298
53744
1541
978
6292
31951
1195
502716
3672
32983
35511
307
5101
7
3634
859
14810
4577
8863
2475
444
908
14710
1759
9177
31933
5744
136281
52
9083
151
36783
616
29750
3
30179
1180
571
542799
350149
19016
40082
491
550
32
16990
71656
1171
982
748
2096
11
41
1849
34408
2073
571
23607
296035
7517
243047
2832
242
3951
368323
86633
651
108307
479
9118
3939
11231
6766
801302
31821
434938
22
163655
2656
7934
505
262
957
404833
3522
9868
1941
65419
11572
88324
5455
69753
560
2058
15255
309421
13660
580
4
76427
2583
2754
9
2399
1663
1455
231
953600
58368
34396
225821
49372
18827
647435
7038
119357
4706
56592
41297
1775
1191
520
1
260382
1271
67741
823
2218
26067
4439
10164
4739
472720
36054
31542
17189
37186
6334
1700
16700
765
28744
2257
1122
7095
286630
4080
23852
2917
2360
27440
553
24311
2697
578
89945
5776
9136
3034
7218
799827
176995
3284
19887
24041
7038
426258
2323
107256
598638
42828
12033
61943
2643
400
3629
24120
472
1079
52
7966
698330
4203
9980
301585
2206
4128
4628
756604
7912
353960
6516
5957
10819
967
3616
2773
73965
4630
228432
102027
109541
39150
7190
2446
19149
11887
2576
73561
6033
5590
25236
229
36773
88887
4249
10927
27004
15076
3631
47784
7463
2335
11116
32179
9704
21478
3072
64088
11733
30809
2369
8024
109123
1010
31946
17650
773
10017
12577
13960
26593
800594
603
18402
3919
906
955
219328
14440
106453
802265
23632
12082
529
18257
103473
88165
265054
11175
55142
2721
739608
17842
282379
16328
32695
374
303483
501
236
42832
103980
435847
94764
3196
48092
1322
49074
16311
8672
8668
14588
467425
302569
29709
15962
42943
1836
16011
8494
60475
2376
623330
18163
79182
617406
96762
3768
3205
26175
31413
4946
2810
65886
1953
2081
1262
355375
9347
11345
76
113510
443238
8473
12904
108554
1369
7754
5694
1303
6550
11966
5176
27109
2408
303865
901
773045
5643
3333
122
8172
16750
2387
72016
107315
27660
8539
1069
774364
6445
15747
833
1292
27822
2563
1875
75513
78812
15161
167855
72817
7120
298817
40175
67259
14478
92307
470441
18134
889796
20237
74727
17354
302430
5902
48438
1413
7258
15736
126089
783197
7667
11164
331317
10310
337738
24898
773249
12933
13610
6575
2898
2891
12889
5703
41716
62399
11034
37859
7679
43280
441386
16801
15003
1273
81393
1373
5326
97
105606
121411
339571
52546
19978
768
2430
16631
48377
92771
124472
4893
9569
7839
32577
63499
21546
22091
76541
6765
352591
18502
702
4208
6680
858
1068
16154
376896
7142
42
3689
753
1877
4691
63245
64100
27550
609
9835
1880
346650
2371
666359
17762
4688
17944
49444
21378
46279
56640
14531
33400
97232
5250
12046
27037
679345
657
50
24164
2008
959
2288
39838
17
7487
54199
188096
333065
691
1955
9344
7950
30068
18498
9345
43177
5065
776414
779039
609078
302330
148022
35707
4728
19995
2117
4440
3202
335
45989
10929
2267
4500
2704
1788
6381
11594
31860
4845
65891
1060
522129
7613
6842
3061
3523
405587
67661
12354
7834
27482
8335
25116
78033
5754
34168
6062
55189
9392
2391
39
72908
2092
6832
29720
1482
2438
7270
49217
253033
786203
6935
27636
51536
30228
30529
12684
24934
26496
88321
1601
26928
28198
2370
13225
365060
29215
54077
515
352844
1150
21151
4815
477
3054
1514
1857
85685
10787
531765
1659
23742
17606
154342
3263
1633
2637
253952
2512
340
3413
10912
11702
8800
303112
5175
77479
10939
167360
799953
7867
11375
18084
5184
11467
300914
4476
6343
7742
270
1034
1801
277
60498
17069
7721
15387
181646
269025
11180
26699
25671
857709
183017
22175
55756
8364
6156
157911
19136
481421
15477
84083
5279
20693
50100
774531
3284
8416
58187
6593
3994
314
192
3762
941
2527
39285
7061
278
223
1705
8214
58118
21329
278344
818
5153
4052
1347
22306
420
54266
27149
4052
22412
294103
16136
17908
8277
1375
26370
3656
1478
60566
3140
43789
2102
270
338
8650
19557
742
1661
13772
2672
16633
388993
1386213
19940
22061
8208
4401
15988
2897
495447
49
6167
555
8211
4
280
11773
1852
2144
507
1370
2898
2767
6747
187
778949
23937
3256
4386
1084
18511
3509
13748
12
924766
936
139849
1319
248414
3007
33652
27477
1683
282176
1725
12770
5404
2286
15455
178
62666
18265
2639
299844
98800
4059
666
9100
2931
18318
26055
2878
8135
30831
44130
6825
18771
39898
6365
243529
20885
44142
761411
25050
660
476509
1728
20648
43704
16800
66188
3581
6124
2167
13011
54214
124006
15626
298897
13019
865
103546
40495
4125
2918
272134
6479
555
319045
49143
120504
333760
775698
5013
9357
3306
1475
184814
51264
37210
9118
26711
5380
22
286738
2197
120720
5260
665222
10698
62394
3158
3617
51
565806
3037
18913
10947
46566
514
1053
0
984
502743
42100
46437
25312
6453
4546
684
2850
1865
5827
1629
35659
267
3679
20382
552
186220
1903
30295
139818
2961
3426
4327
19828
279975
4073
26002
6841
731
58090
3723
8835
3186
18776
5646
61579
10516
30348
535
1824
13506
5372
646592
1278
219
3260
165
2767
522
13113
497272
25564
282215
513
368285
100801
10504
5610
284443
48692
18519
76578
11372
126497
110337
87372
340422
30309
42948
15614
1313
660900
2544
32011
493161
86614
1089
5415
1997
7094
227302
5195
4559
21514
13188
633907
915
134395
393560
11781
270830
25375
620957
69496
11907
14061
27155
91810
46766
16529
14061
20456
166575
26902
23878
27154
1922
14203
1206
106104
6891
11400
81060
40730
17684
17583
1931
790503
2806
65171
37249
1139
31131
9840
34428
564773
228
9
2342
6449
11695
18305
14354
17764
19
3338
946
134973
6758
11334
8129
1223
10938
16178
13122
4697
12392
151871
12352
3972
95171
77595
487091
332739
889162
27709
106046
617760
124194
9778
200308
439466
8958
837898
611078
56367
5890
12581
5366
809019
533
6208
8976
9102
11795
14023
477
2104
70093
38621
488958
9882
30248
38857
5327
257
9699
2704
1596
60093
24043
34812
893
30549
15424
8233
3544
42456
466465
70232
3154
513177
203236
108776
26434
2476
970
1940
2634
664
0
3031
23814
24070
658
2317
355
1890
3696
36401
21492
3708
7076
4677
11148
9030
331314
96990
10696
2506
124313
1301
13966
133
44220
325
282
893
20
1551
22
1750
1993
134
7096
386
792
908
450
473823
107239
310099
10382
130320
143
33117
1192
9663
804390
1297
4858
2042
259422
19324
3195
1302
499
46471
35
8918
28696
776993
5286
705
16368
155848
3399
6703
6918
20105
67488
2172
686
6903
2044
26844
8950
43818
66488
228822
7008
69514
137759
85980
791240
672147
9881
16958
648
20357
27
113525
179
195
1560
1559
259503
11860
5780
3002
5294
559530
5088
110532
1510
109457
334666
885247
2592
36083
357670
740082
25590
66764
1123
120733
415
38402
1084
2116
4653
12612
623315
12877
43046
6806
180624
5682
6274
287
55127
677875
613
203982
5349
4718
4617
444707
33584
579
23382
3932
4194
91812
30846
732377
20832
452
56034
636040
12127
5261
48925
8545
11
848
3162
671058
1223
775
15239
1434
680
626
2984
166195
3317
1526
19757
793040
1868
298
31908
65
10077
1384
1748
4812
33257
717
168
27898
10663
199
10738
12992
100
10868
314107
5640
8854
9502
2063
535915
746
11321
314415
11216
388
412
16019
18247
884
14716
718612
45322
45874
15641
10862
1222273
51365
3527
487664
110242
7594
3560
4420
8233
95
536
33917
3319
2814
32843
15342
8944
58777
21108
18935
3910
8249
22263
294548
6828
3954
8788
136538
323
35005
4871
78121
4671
85360
312
9045
193
435
3178
56187
1046
1358
2020
5126
19913
25306
37615
847
1618
3073
192
3950
1015
876
14426
31709
17725
6324
3377
22792
11497
8845
57521
1238
15075
365426
1906
796986
3007
187179
40624
6278
1821
0
527
37374
460519
355530
14306
7768
52135
14047
15
217
3530
12
448070
89903
9463
808340
851835
25611
14197
5611
102355
214
98015
2963
7725
26942
290949
340
96022
2518
516435
16979
2688
999
2081
6879
1719
52208
21679
27367
117821
928
123235
5402
911
27047
97032
529
1765
6052
87
133
10153
43633
11962
15488
341
37749
4717
288538
568
25887
11263
0
69
1101
8585
86497
150
25413
202
8349
1588
34788
2483
73
6820
2329
9553
5104
4493
1736
617
18505
493835
18978
13465
33909
4988
19294
1762
4424
7989
1181
28922
158
11330
36
1141
1386
60105
607
18
208
6820
5723
967
9272
13132
11527
22090
6894
220
6466
779
340433
27111
414877
10660
1161
11956
11327
5272
3003
501536
1824
8635
1289
1512
116007
1725
12584
29077
31038
3707
461
32055
2092
745446
5407
893
2
685
5
53184
19529
4350
1585
2435
0
2263
1360
281
2174
3281
215
680
157
2364
333
22
2334
13
114845
15
950
1651
6347
3611
4772
6
12522
4261
461716
3761
8656
2
15306
276
3887
1222
11949
2818
18525
2223
120547
1416
22048
0
10432
25530
14395
2
5994
97
11077
1326
1986
12285
27462
1911
2491
10673
1402
64719
2301
83165
473445
828
733
206
106270
909
35554
8362
275365
146
10361
1224
691
22317
149513
32605
238
697
1719
967
16176
11722
32498
36541
14011
8
1420
235
3281
110188
9458
50674
21150
319542
3568
2027
781217
71
633
799
17121
1513
15510
460
593329
340587
2931
7605
745
748623
732
7377
10416
13454
590209
195845
9380
130281
9307
742
205092
1876
557
1268
12648
10620
188
20381
199
110105
1843
53911
2635
1574
10
94670
4260
46023
15009
29909
56330
3646
12984
22435
72840
32589
722147
255612
69637
16127
5514
2084
93365
1072
56
1624
8726
16607
67
81
92
144791
14337
7719
677
1206
5
36505
1672
21169
6564
20652
4250
7064
4903
2216
335654
24990
22052
4908
19599
71258
329194
17541
120604
598
5123
12477
1560
681
70689
12
172148
4990
4825
1578
2871
2011
514
7543
998
37164
160
121340
494
7865
7295
10545
359101
132343
1256
299035
880
494150
219
5939
332
166714
29389
232834
495817
1478
20549
672
2680
540724
2420
194353
16511
90623
41180
98532
8355
12787
362
138269
947
783872
5090
9230
593
688820
15960
38466
779937
3313
35394
8
7252
14808
5092
421367
14813
6720
188
17
203
91135
39721
30393
55687
2282
26
11878
2609
53633
19852
538106
303966
514
963
1
315134
1429
923
2679
1001
2895
5698
15476
69195
49088
308998
48731
2545
263306
678
480
154
19846
1773
5238
1583
2215
5863
11080
12504
64179
226
351853
7574
1657
1442
15692
6614
583663
3960
72274
19991
6673
1228
9319
21929
43190
14351
29056
105401
1902
2416
4
9861
1000
299171
15597
243583
305685
19072
5486
18399
768675
31447
442460
774153
30618
3878
14545
442303
5216
898
29034
662726
16313
218
368352
3820
32211
144457
30163
671167
17007
2557
22530
52545
10518
3026
3214
60124
7
1447
358
10977
120918
3343
288
2745
16056
375
504
347864
399
15621
19788
5796
289
1009
3638
14408
27780
614601
317595
20864
53556
6574
13715
11410
34652
1704
67630
15591
8558
10720
832451
2338
34189
51820
398348
353102
4666
595724
40310
55389
2020
191221
665721
15718
2306
1850
5057
192778
53276
5928
42308
79053
5595
5559
662
5630
2879
829
9638
64965
763
55028
40989
2013
14600
776135
26120
13694
302
3011
320
2546
11741
204814
25857
1140
2722
3189
688
29417
15658
6979
4778
262752
36307
2374
305792
4758
24391
457309
50337
100643
10020
33302
58952
48510
4495
10798
22211
6279
6156
173022
112470
39978
18732
66801
25338
30821
9775
2537
301714
2864
41326
20617
47038
40969
490733
3510
11732
554974
708229
28981
50820
87889
4882
4873
6635
795034
3401
94869
21264
1947
5490
7255
106697
37554
16121
749039
69458
14516
17577
3762
520943
12020
465
48546
7124
16110
257900
6646
3100
707
24852
4244
336723
11629
1257
23
1238
985
1053
8131
2476
1770
36101
31605
1314
69129
2991
25729
19522
1457625
14544
7951
6569
72557
111928
341
25191
9378
12734
32170
295
3830
5680
19746
8690
89345
1300
741
5369
27255
1486
1842
28249
10671
646
7184
1968
42045
983
201228
777451
112444
2857
1434
16889
834
12687
2668
77193
409
1470
21707
427
3257
2371
22429
11379
954841
1666
2893
673
221
2254
228
4723
4775
612140
4034
242
234983
108459
5522
46628
18114
13154
2914
225
28611
2642
1923
30626
350
26566
5883
2327
5023
11897
3818
7623
13495
4323
2644
14790
730449
556
178
675
1772
1076
102049
214
5460
471305
15797
25664
124073
48229
7222
9386
10090
12294
11
481
1598
39877
943
32534
550
23154
0
355
63058
0
0
1826
0
0
0
52361
11790
1362
71385
259162
64379
723
2
8114
0
3881
5288
717
25908
1123
172
1195
8567
95
1837
398
9754
544139
16149
653394
71154
266
66
6527
2950
170
382
16025
12814
373126
295699
799
8982
1608
2738
5076
10544
2481
4314
2851
1818
4440
660
2529
499
794149
31279
553
7763
19136
21297
7198
4575
3136
361698
660
7025
10803
5373
61343
2978
746369
2666
994
3701
45094
388
10584
21
49989
1567
21681
24
5435
8836
104628
606
19542
1301
657
4020
3400
529174
86817
751027
39905
4836
90100
17878
49804
214619
338984
1011
2344
87932
492634
10408
110676
16195
101325
2172
40114
20095
90294
12954
1362
1444
8953
225
4106
2538
1326
22425
6356
13506
2073
259036
106
612
7770
3808
1920
300
9423
51
48328
61811
91
22242
994
45
8819
1885
7092
3154
42
3337
2298
60161
1232
16709
1970
26715
103
325
19218
10927
18952
31292
52322
1167
8668
89218
783
22163
21320
211
8478
23568
186
1689
21993
2828
18042
4179
8379
1980
14073
1964
