838351
1245156
1400797
776062
266173
3138310
2266152
2004738
1390702
1402021
2079071
2789770
536543
2561766
1783071
143399
2365609
2534559
1555182
1353603
1033006
1329056
1489811
2043272
1626860
1273608
651957
2523728
147852
2559623
1319022
506368
1906848
1365100
1999903
1907458
1132097
971699
2112742
1689430
1550945
710733
1374647
2933225
953978
3232148
707657
1661467
548673
1052200
434056
100817
2005003
1451559
1570754
653991
1717723
1302645
3214486
1624587
227336
313408
982533
233165
1931300
3067299
1429656
1349345
1682810
529664
1434230
582601
1684177
2275983
1898051
997992
611678
1860512
3055692
532289
696879
307968
2133310
723618
558117
1260249
1774380
2567543
291969
1780583
2900688
703904
681524
523376
975593
4659949
1879659
970154
2100036
489567
2455712
631695
2137158
800964
2913090
408047
1918043
2095908
939297
2396480
3013223
619636
793082
2157341
1290703
217180
1137210
346093
2275287
1289390
409071
2945332
1001057
907001
2917315
1095889
2035734
645240
750011
2069267
3226657
1725275
2573244
904734
1453534
1530206
3391963
1958779
1926631
1046323
848327
957842
2293548
907471
3221296
912989
941902
1686709
1582291
1407327
1901108
1293557
2890582
1211855
1062302
370128
2834689
1142032
1955433
541760
2465756
1018560
2791275
2112075
837695
1433139
524122
2273165
2683204
2195728
2159054
2012342
862194
1487523
4787298
1974709
1166896
1125675
920177
134579
3060752
1796816
3241758
1413727
3147023
2411908
2390913
1202741
1399218
1175430
3139879
332907
746219
309896
1621161
1200608
3307971
1339032
935637
425483
721603
282518
674231
1745947
149195
324932
748694
181294
1504865
502304
2241146
2310684
700043
2183919
540429
948670
641424
1786513
2750888
3392119
805956
833615
1023918
997150
1549907
3113459
1444134
511289
2354309
3169032
776575
1728249
1261495
1764297
3615958
2087502
613509
2422520
658943
1807021
1381511
1691378
793252
952172
373766
791389
1517312
310909
1361227
1386349
2129417
1779361
278107
418410
512042
201194
