7637688
8251151
13542570
8075652
5988449
6033552
8745345
5320900
7945863
13872153
9880274
7752115
4692451
2510189
7306055
6112856
7488196
4961903
10530894
4100434
5936657
4234932
8760575
7992667
6604813
10286278
11635716
9381708
3826379
3602984
9755129
6901963
13680164
6951383
9212665
6823367
11365971
10734215
13056181
8444048
11604171
13285158
17099086
10636285
8032533
6736812
13080157
7072126
8745798
5961442
6211104
1646283
3836942
5165872
7393986
2362741
10559484
6259034
14076363
7205458
6032418
5947228
8072720
3401860
