3981617
7961334
8591117
5501373
8642813
7683302
6245553
4480804
6777627
6439505
7213007
7781696
2407853
6005144
7289569
2009147
7026902
7026453
6167320
5840807
4396147
6384139
7402990
7559005
5447040
6409128
7760742
7861202
4804385
5104223
5498433
7177097
9152703
5943480
8711441
4999265
6115143
7244909
5204597
7071969
9561586
5303788
11588195
9873210
5709377
9088302
10064496
5932521
5115887
6140711
4771336
1388864
6929592
4479574
8662353
3531480
7054567
7530316
9824211
5307476
4639103
3422673
6899758
2003210
