56857
218422
151808
54047
119349
214643
94061
498371
276031
1924908
328053
561603
125864
375275
528514
164317
101185
311869
186828
37649
137636
443931
171499
557666
56382
381173
95704
131947
623085
508306
1036353
260020
1741772
116855
380776
46567
837967
1056043
1301481
415474
156078
1113894
395763
442081
149594
565800
291867
308363
449713
1517105
164715
550351
58860
353585
465738
403384
252308
651711
1055779
54135
554665
710202
333889
198341
33641
10883
87677
621871
42495
268980
10739
101439
348433
24210
179739
56752
19483
118415
1214
29736
12654
55715
309973
18379
56130
91679
104357
522203
368948
103467
749612
76049
116858
162738
604271
127045
369357
4173
16914
64868
348289
512383
13874
278271
497522
368591
1190959
653563
533746
105420
846179
335485
64145
469698
257880
43536
4395
289801
123468
347524
470285
406887
1202948
175522
77452
118751
226643
431126
386306
301396
1667711
695758
34689
35102
35943
378532
497785
180118
650039
771664
367177
152206
439220
24327
599727
844096
2042061
36056
621357
485454
842254
553045
490834
394874
575072
1228204
191435
377675
64789
228295
843975
91689
440254
404324
1254001
529869
1031338
312554
899181
307255
590339
728293
96721
115254
613414
298033
217973
300595
415866
160815
110919
131035
120711
442347
802438
245155
1195115
178280
82246
174193
121497
41335
23119
186694
415798
88619
238610
551433
834840
280022
57234
142171
26317
99205
51704
135158
76970
567655
125708
23150
139216
32992
314636
322292
78433
12229
18860
32424
524397
213079
11926
69053
248792
356552
472469
316919
51691
65654
309646
489172
578219
48468
342683
203940
934183
214378
59439
24489
888353
36295
45810
349930
155241
249324
28137
668059
140517
62853
367099
580422
605900
106335
300935
184606
115901
193320
25827
181002
20892
109028
34270
541635
355616
114436
75933
600308
34536
134873
18788
10943
1068501
28558
333729
37384
75021
97719
156397
32894
647370
39542
42549
260080
229653
380435
2699
3994
179078
209456
740418
214911
238012
197406
2019342
1432196
194606
46993
286143
536311
274475
224377
387412
37303
1072232
36472
18189
17187
16976
19077
130082
15931
35881
65853
15156
464502
54866
84559
53203
162958
165013
248548
15373
60438
20251
20697
113278
37696
543533
84
153260
1148603
223901
166442
15361
55169
468782
61207
49337
36124
58821
7438
10315
143813
530003
167743
177588
58594
564430
6205
76577
3887
568624
96726
135410
27164
244624
215910
291782
16208
1844233
29958
511189
733220
455929
151654
62061
1014
292094
32913
175039
998308
53239
14856
4913
11520
61550
131528
1001524
134545
662830
76018
92041
583874
179096
166354
788227
109371
692228
28952
52828
17919
141212
81906
19576
659322
175368
44513
168534
17654
244470
53149
639842
142978
855014
23330
7794
18847
549955
36096
98087
221687
856601
1165811
18033
148656
167683
40219
970961
36071
503814
545590
90362
248175
12728
1186248
1112475
509939
209990
692058
1509825
145093
737355
459296
1185461
19862
1264626
29474
4191
23792
74413
147821
751277
1006909
266019
661408
824375
64544
349052
27025
12375
866686
61656
214326
2480
25947
1465984
80675
521975
48406
80340
16927
90447
39
23949
4127
471968
24776
24669
110219
32143
5840
236071
39945
47351
163202
105608
183172
15992
62662
546918
270368
159147
840231
323248
772446
355493
82092
104222
128321
384485
202440
1333962
374824
155305
120685
259778
373289
421201
15522
54708
86690
9963
292330
789685
18454
381413
44732
289565
150300
306105
419349
103373
316118
213449
289119
1423254
928501
446647
199603
191172
404610
1785327
620317
1704368
89084
1243091
350291
365721
1549390
301778
42525
100046
22707
34579
36513
83483
26489
295515
518071
991608
337281
199906
81918
300912
136161
164753
156759
378849
463524
427391
435
668936
321184
1228449
1234878
816208
239733
459001
108447
936746
23749
168245
336723
119728
228483
21278
296566
261906
161948
514682
293078
367579
800376
163324
7918
172812
193183
172760
475360
686793
461442
344726
552610
304717
262326
612566
2389152
707761
1235929
18985
62852
49807
395580
38070
156251
882460
506997
33242
408257
75715
46256
50567
1747652
86699
71713
46558
30749
576913
744468
1052272
237542
605991
61848
842612
61887
322562
52231
121177
327287
144206
1845244
1427251
121164
1428028
873548
903798
88401
331172
52747
613104
11560
243626
300114
227878
29813
37143
115142
374496
6872
211215
173963
373470
770395
892966
2574883
328809
36300
383184
90926
416253
536932
2158611
91822
231068
261046
485030
411921
386334
143736
1443595
30125
76558
56511
41754
745800
862462
348457
876795
840124
1021460
600155
92655
464624
2202540
116813
1632277
241779
412378
92641
1456972
606272
1399739
352880
1103018
353992
534618
183153
702192
689927
975961
540753
692147
168208
117210
72493
104769
244956
668979
598700
547616
493186
286703
142792
865533
433441
1859799
386654
149433
867424
45686
477003
124207
293218
1057918
656475
1234413
200060
12044
38941
241539
167399
64571
57120
222350
106738
94187
11443
389317
47345
55082
148493
148625
114379
32299
47686
558393
246951
1799480
358670
722182
269632
402965
852977
748436
64562
754415
397066
1011150
206717
810853
105350
660694
191150
909841
197873
204945
217681
85805
11324
197564
186937
181579
98619
176800
1202882
72611
69052
182154
268766
187262
243147
1500218
106187
44558
355224
26505
1413395
158819
466820
53135
530649
1310379
545315
56197
57817
17618
35545
251683
10994
69922
264205
406085
387868
63434
675
1394202
973320
10433
172293
746944
249290
406892
10471
1107950
284985
241811
16335
533260
79515
126021
250795
1040693
219962
100378
96366
124017
55944
79017
45736
23829
35285
111548
61719
25535
56923
125102
21774
220513
69383
33223
21373
988625
155395
118478
499942
51143
23142
43475
19589
66762
32917
278125
133998
215820
76934
17828
12122
109436
144091
17120
450415
443112
69163
52139
212276
97213
16413
28920
272888
448349
235981
6158
12322
153861
54597
75199
26357
31475
144519
199429
24015
159731
19774
927166
109635
734195
205562
481653
22701
125168
24028
13350
17151
27094
7516
11710
5370
71346
119719
404600
99336
403684
539907
34572
401223
250922
374199
1320059
65065
954472
215823
51731
92130
1598823
170150
234668
46640
544638
622096
92726
312077
812438
53274
173977
334464
609770
439228
896190
5663
527306
65055
518078
315858
133966
623790
146426
45077
89117
38321
602603
595841
638171
202471
250836
52382
440296
75802
789559
1400385
1309344
338673
245525
97436
266346
282073
887233
81066
810815
101954
224371
317690
167271
51962
931054
220440
371326
439392
337605
100816
324899
91149
143572
402437
582825
800255
29246
81197
7307
528600
189317
28278
297766
63395
30068
82280
95332
459744
31018
57949
320154
35689
543610
38778
282654
141305
157369
58968
1202877
143112
5151
30475
98426
187324
128592
415436
355610
163063
490923
70544
166556
78339
564019
21789
594719
100173
865876
512040
157748
254282
548751
83371
168383
113779
321525
37675
435042
53810
133514
82881
220745
330749
235264
175828
366894
184756
