1197977
2651890
5215729
1272398
2715682
2426560
4258035
3745692
3394944
4664747
4369103
3169000
4027418
1385623
2704831
1809768
1145085
3654202
1113498
1817459
2005829
1245307
2685595
2579604
2756574
2880523
6707181
2536062
1214460
2217381
4588372
1317897
3137097
2862741
4366483
2427052
3718525
4150939
4665149
2907826
3944666
4466869
3985263
2601534
2468458
2266212
3593416
2803726
2107638
3630313
1214408
1394214
1159266
2261834
1356877
1199173
2820965
2970051
3379124
1363859
2565063
955037
2364985
1211721
892318
1903740
3492030
1547627
2257069
1610291
2577601
1695938
2673504
4495659
2588872
2031201
973683
531074
2297468
1426413
1597319
2117576
2928723
874177
1587258
1056401
1553928
1359764
1238091
3637948
3610994
915920
2965959
685604
4308235
1955014
3703808
1831950
1742997
1765918
2634318
1220290
3652106
1844721
4275645
6221634
4777510
3956628
3713454
647347
3985692
1577244
2879942
2488012
1862973
806530
2543538
1818404
741183
1461708
4663666
1753133
5909119
1557327
1724269
2119658
2061880
1569590
5391689
3757463
4673396
3612662
1797340
1539744
4661610
2669950
3867838
2958467
5201187
4022868
2829888
2930967
4512235
2155862
3930081
1252328
5268884
2028365
2659719
2618928
3151108
3302567
3487746
2030746
5789473
5632928
3324254
3280787
2314288
2472913
6719459
3562881
4236955
4555841
3135241
3474530
6914457
4856719
6957187
3500672
5253841
4549116
4594020
1950317
5407316
2098503
6324069
1401789
4506456
708622
923902
1381042
1790052
1938045
5333732
3259251
4730064
1579436
1595626
735942
3229598
2392549
2875775
4843562
2234988
3510169
969882
2952250
3397709
1245495
1876817
3335199
2865010
1927051
523923
1132408
1029194
1718443
1172320
1128592
2493146
515438
1275043
653347
2026193
2688905
1577067
819563
3142222
857570
539489
388917
2695463
1736398
3907696
2418962
5728715
3703394
3007316
2903390
1738581
1802461
3928230
4216138
6271232
2971938
2200182
1176889
1942800
1478719
2168082
1058623
2441862
1501712
690308
1193978
2512607
770942
2958280
1485753
3397572
2313118
1297023
1364282
2507041
1523755
