383703
235760
486089
47757
46841
795216
42609
387784
413968
606438
487053
420979
17678
320995
302439
14759
544034
336959
34534
72376
78792
1281034
920600
1748623
1093792
1108750
60201
19293
10937
1641627
399841
717241
1148411
97290
279340
56180
91187
1075839
284231
206788
516299
337352
393135
1761989
515584
3377169
264554
206878
15266
921675
14251
8163
380877
513683
1669433
616302
178835
543728
1094921
489358
18884
39202
120755
11559
1074327
148942
536101
1097701
1933989
1940747
907468
41076
508357
140030
1080543
33226
310826
594821
280516
73584
164353
609829
856030
616296
34856
378662
352223
1033342
125529
1137698
707077
230698
244405
571369
867261
1417140
310396
557172
1352124
13980
68541
115512
1030141
112346
115792
270413
100708
701387
160154
1229216
831842
925743
29355
89268
150668
6417
283527
511650
1226315
841068
17024
1248910
771499
62369
73408
32759
306285
728705
209952
1340592
638769
600349
432432
131221
32009
666404
1264102
193870
459788
308323
496007
244192
1382448
106871
258485
233352
91393
677394
275545
121078
1326997
191297
735351
1053531
374892
29341
538954
1022001
333739
279885
1037587
176529
537033
174061
37845
99286
253555
338800
390288
1185032
411778
420896
768281
297660
2585560
79723
1028059
59091
679366
11826
795773
1551168
1736162
765877
526818
264270
446853
10585
125729
424140
705522
327255
533696
15709
11260
25221
491659
114551
931251
327417
99023
131555
142985
66244
51021
19326
11861
17356
11384
383627
954325
1244822
316880
475572
27471
533194
25899
1551993
165143
527424
141647
469901
48988
136861
908072
1168049
168206
81882
72606
1127594
60550
331331
501083
1784881
809288
908285
21787
401710
201696
1070164
74157
22724
52840
5567
254669
22323
55467
70047
111493
227229
1126318
143964
61983
131753
48946
16044
531612
456408
826174
303111
45885
1183955
1016138
1178438
71914
310449
733264
798377
26982
166537
1136233
4282
154120
2521032
347119
70083
1059153
294467
936313
371183
281364
108638
663723
1167678
4358
378149
13477
172489
1066460
44207
1244817
280597
977309
107950
546446
1018467
125958
149677
398861
1281522
26099
214609
304940
493678
250954
424586
37991
62311
1091385
544481
60956
33524
1053053
752251
2178614
76409
99889
158099
167552
177985
145553
188305
252193
190310
75053
10579
744718
140938
963522
956732
641714
328550
113848
103690
1098892
69599
245474
52778
115101
246623
148857
232059
113778
767901
360946
904810
975586
1049175
244846
119273
47545
2345035
405865
20156
13516
383067
950158
1017172
714656
38836
1360745
140196
1345870
1081627
522293
958444
284136
45836
281267
315310
239341
115459
140508
351807
221420
120026
32339
322807
745240
112459
2952426
1147785
1818142
462865
293581
72378
1822555
394699
30249
364652
465613
635554
412715
1019966
438458
287223
124418
247559
331013
146494
1957586
9533
376890
180215
28270
955100
161644
218617
1694425
8375
706719
71714
891638
28803
104407
139608
925893
150133
1081731
1356646
32548
387171
69519
207178
1273429
841767
723537
281768
752777
362042
2009360
290626
808350
165019
784222
58348
3005419
76893
224805
71093
1157416
835343
247673
997736
72391
997985
9775
132776
29479
340348
378811
428865
2008770
55813
59781
181782
472650
211496
178867
1083536
10186
55295
48751
63346
353937
198128
440068
206815
492942
18139
74363
359855
807176
308227
215466
1123296
462550
27531
322368
263542
40968
107381
214997
35098
2048676
957225
746129
4674
657825
290341
891036
196934
35629
907550
150687
54270
400483
1947138
325356
702599
102531
46027
1179478
36209
1044274
270799
153298
1503423
259376
422522
305487
291996
92965
237423
395579
292885
141400
1409643
36488
1074731
1034730
649303
1305786
2072194
896924
1359135
587836
149358
621394
73729
765088
999163
123516
158771
172027
396433
561429
76921
139949
1010946
61410
633057
1484599
35396
423854
1105679
374302
1585123
156700
220199
1269250
514290
1142168
113175
843147
536627
271650
622066
608354
392140
313353
425069
380525
22480
1109624
14301
497435
118552
893260
259335
665428
888928
23487
173116
1270043
31176
329041
2890194
312999
40629
125529
344547
202168
361236
350459
136199
223519
179466
204215
82818
1320917
361989
300581
241078
1299614
112145
128605
512252
940546
767604
323900
652299
1579761
456358
350080
21277
200012
1694183
1685611
130365
746201
442252
1124912
22744
65250
147674
508594
234175
352405
925383
59807
159823
147473
150188
444195
1856677
1236746
26590
27197
58053
996652
33730
59495
1386149
478032
861186
342423
160406
193270
64211
158177
1171421
1199668
956876
249599
123435
739198
348421
640600
781946
1520425
1279232
200110
1135406
766139
991914
53892
339636
255377
11014
226995
704548
391305
1251149
178216
290263
424721
145779
814831
9753
1593533
313867
1350589
1032510
1438065
634782
506328
870703
395430
1389528
1626353
249738
383978
973903
196423
419045
714893
1632196
508217
654216
621847
49684
299137
117219
617569
634344
2235653
1616007
2188834
372596
1229081
175895
911062
140770
36078
1075874
126904
1199926
1632358
124130
28507
74065
197484
699910
729477
583943
48722
42408
23546
14917
1208622
1034588
1083610
827023
73895
1035964
665255
234203
180320
259210
1540927
2524275
152169
207138
820094
478240
1934112
800295
1094703
681460
484174
688506
203021
1440190
671976
327200
1735387
696820
86468
692675
308765
391981
1027215
304704
90143
62283
172164
982320
392630
176525
37503
1381565
1359418
521252
175675
31988
356496
91954
144703
342714
221513
15311
760236
653705
190522
129269
62096
92953
505779
1076484
17483
1338084
283935
22017
1542126
1893408
616339
118640
988814
66902
174017
590421
297661
31056
332679
953680
199971
208142
203412
217327
151145
15633
327397
310725
37639
525335
92490
438116
140791
129063
775487
156610
966148
652120
71971
491241
6104
95979
7291
6616
15983
280943
46767
29083
206248
37308
65954
239820
14473
32201
76743
38567
569458
195069
816137
7081
960764
368810
367343
25699
814997
1419067
14604
498669
147113
949020
1360864
100425
68553
83572
622600
414215
348725
142518
1889492
189555
12450
27213
673136
79111
113724
124021
100744
975876
187465
789214
46989
10197
381709
208833
672552
867485
1531349
52066
1325548
709694
1092885
1035636
1974686
97878
425605
46705
321273
29412
748788
26731
11261
82282
290228
804578
46123
112618
174647
23189
653613
43039
358059
79348
1420504
1045354
1748894
234613
554106
566162
1171516
167477
217863
20696
321615
117523
231483
256067
1304689
452066
166511
1101732
1423039
571785
1135966
612055
396270
9205
518920
270810
1319351
55690
757317
27304
174136
114233
1169580
929699
84010
1216104
320835
817190
1170872
894189
1721521
1292584
123204
590890
1131336
455436
105897
981746
140916
14212
56220
262268
1929044
188951
596985
103187
553644
99758
57555
125772
1674322
56770
125285
309969
1222428
7516
39291
1529303
595654
245601
36499
52436
153712
448685
6071
256148
464866
66774
14683
111001
269555
279336
305498
1035859
24099
188791
21138
13908
1702070
30611
67430
165192
62339
15923
22125
1054477
100796
129708
420381
970092
189667
383267
562991
36185
1655166
501881
1100365
435216
693043
398054
166676
137595
224901
23421
146741
506704
144045
60910
115137
85447
122126
457711
56457
272736
69689
64877
