3849335
7204451
7186779
4674927
7404416
6206402
5911049
3929525
5739941
5624156
6157780
6259624
2313990
4829810
6920177
1614160
6727198
5387846
6313796
5365370
3568903
6310678
6489053
6085586
5048995
5822410
7194180
6718367
3543628
4558295
4652021
6246425
7758302
5335396
7239583
4366659
6494573
6359406
4621114
5693710
7966432
4706387
9012860
9040586
4228550
8796751
8536105
5616593
3794586
5575606
3093476
1273366
6407998
3601663
7810687
3324992
5968056
7142057
8419831
5282615
3695895
2999102
6713116
1318770
