70816
841903
64160
4718
7059
1285
28687
1347099
16149
1574684
36768
203962
2916
31656
213971
1763
1
180847
51515
231
236069
33617
233563
32260
101712
346988
234
0
269038
1118529
601769
223498
1528715
12144
309573
632544
110264
1158294
790998
121629
47598
1090044
3857
91552
9
596442
373
86947
35693
328406
630538
644344
4177
31684
32157
322123
632601
226819
1249442
559
45318
35019
133
32471
1676
0
238
911099
348
178579
0
98727
3013
11579
49661
245152
0
231
1668
1
20184
46
390356
46
2303
2222
885
107744
330924
315
32951
37
629326
4
65376
827
95007
212
85977
15459
239372
348399
894
101215
21017
236824
983353
867708
270707
0
296212
687
5
268946
1848
1147
486
220306
13250
899525
110277
37268
275084
322842
94
11779
222583
44278
248549
257976
1547498
268593
722
2
267
13233
111222
41
259811
353224
853354
518
24387
827
341310
45997
1311332
63413
276351
282746
294546
648893
287742
478770
201716
324860
665382
89970
34813
542
331405
245994
7171
52619
1014272
673347
403772
342072
949685
7593
50376
50328
4193
230
261432
90142
236944
32282
323344
90
36409
29382
12028
559490
982428
258505
1140129
87583
2255
85094
11
320
1284
0
47211
630886
322
92542
271161
1766
4815
1604
631612
10
176423
33
175807
645702
4571
6
1245
0
906522
33134
232351
642
517
0
264430
89548
2
704
1595
322101
12224
679197
882
19
10920
696268
214661
9907
728593
31849
724766
233469
1781
2032
466152
0
943
43566
44153
6313
74
33877
1692
3
1273
722
879670
231
228834
1776
7325
34540
173
9890
1063
2979
797
299122
322075
2160
56
313782
11634
236772
629337
0
1016172
1
237614
85393
1875
438
176517
493
32525
455
9634
3960
236995
27598
1
11609
98444
12536
462303
1553
263241
115
1294932
343485
13126
666763
49468
268207
33075
609
354268
1032
1070834
0
2
0
1138
0
0
234
232568
50
2
74016
61484
208649
980
738
1
581
450
232217
6
19993
238496
822
263542
1
238485
957653
1655
152305
0
49
271619
0
480
2643
2596
494
231
17653
30329
23491
819
2391
34013
287
36220
243071
82270
46689
249
0
330909
883
2055
4452
1280694
89
237836
46021
32354
12609
17284
0
13866
1217
33733
998100
13134
630467
233
0
248612
59
707629
635
81730
49
1828
663242
31408
17003
793697
47573
173453
102
84
521
32
3642
1097
323256
245974
86911
92
165
15320
442
239759
15
272507
229980
0
6777
333710
12293
80
12168
282532
1012978
544
11615
87335
423
283614
2
32821
325918
318938
197
232564
641752
964070
32846
36683
877712
1152215
4475
197076
320858
611302
13302
490945
886
29565
0
0
32
1189888
314333
8913
71468
276613
5
7232
1037
2750
282685
31549
31479
0
1
1268948
539
30832
1777
8792
13087
631658
1067
633191
0
62501
80
344
11516
205759
389
13791
91
73801
514
259866
57
0
32815
325237
633186
63542
193117
84349
1151060
6661
1596
30999
2166
7011
5601
311733
146023
102627
119632
118683
559224
235639
473
1857
64
27135
236001
750898
6
238129
0
31409
2
15841
847420
2364
48535
82095
469699
1376349
242269
227938
6
96594
253242
2384028
254895
1154784
5371
679418
322215
250621
111219
675400
13693
246226
1231
0
157
85559
0
85702
340536
869423
2265
1307
4240
79
43098
333156
532
90710
26611
332143
25
238360
1837
511501
1077100
52136
7276
233627
1548
1387349
39
643694
38027
6370
181789
1218
675183
89546
1118
58930
662
237868
262062
48755
77
232
233757
10806
355259
531789
85315
675
32508
10883
12532
456943
1304917
268763
1026685
2
232779
62912
2398
38
232769
285045
43687
1052
51567
4337
246326
22
1280349
23244
18998
11638
5923
643801
666046
853184
2450
238927
1
500587
228
25705
239
5917
127989
1702
776360
506369
29680
1274887
283029
314893
507
40009
634308
43438
91
73966
89558
86669
1608
2
153304
236235
5694
11989
230820
578424
275381
1046265
1079878
889491
0
322347
31934
251208
248600
1062060
373
7082
89989
46095
282932
356728
105
1249061
1716
155
12592
18
666265
808386
2808
399783
516424
314091
107417
122957
482066
1866552
2416
1023169
48482
37603
1289
912873
34651
725555
51478
158847
48047
56615
229653
74975
668779
287882
633305
87880
233251
271
993
466003
110193
199887
45325
281268
9790
12115
1662
717390
359864
1280636
335527
94250
286298
11580
663789
1102
2754
210916
281446
604740
33464
504
233633
98
0
262
4330
93084
28
25270
1621
6754
0
1598
931
477409
233191
37
19
814919
231
1470666
234045
1044636
795
269039
284901
63391
629
354003
395237
689070
12099
234512
32003
111255
7876
46427
684
12130
232352
85065
83
3405
9
31876
1
243882
1246241
567
9875
33610
322389
828596
64202
391893
1809
231
235228
2331
613809
85056
51620
32012
237720
327320
36271
630786
97
0
0
11902
0
46
79981
12729
662857
463
598
1002255
537868
1665
109
47676
2
677
2
61769
222760
26599
1154
253620
632
31062
2003
969276
256974
4783
39265
13545
694
0
569
2
174859
427
465551
472
1130
1508
633188
173227
6
1352
0
881535
5706
1365
36737
30289
629343
85809
58
4244
11586
29419
44533
32689
4848
1138
2
11327
1
232172
267657
673970
229169
2637
822
1978
30398
442
4602
238645
13773
2125
0
30
91
71724
1740
1568
259
704
40
477
422
377863
784538
893920
19193
324342
0
30
4
0
36
5
0
30578
528
168
2197
591400
1981
117220
427714
1
333472
4007
622061
553678
950
1036455
15551
47166
85217
977331
0
87755
701
83317
1182677
12134
676400
474849
2
45632
10691
225480
4788
285045
1788
695138
10
1743
33222
30938
241656
10255
0
210
1810
502059
996012
499886
635
237059
4203
182290
11767
302223
894532
738601
55672
31697
345051
4547
11607
863036
381
233657
8
31538
4214
235162
149299
464756
547
23322
218420
612
1805
797756
5480
2531
235494
233493
45816
0
473
1
44416
41621
6
14569
12687
15
232863
441
242902
630480
97281
17073
1146
267453
696
4819
1516
1073
200
1074178
1585
3
0
421
4029
62307
5678
226838
11553
728
0
231
1
911991
4668
267632
4249
761243
268516
12221
238889
234510
167
12033
237505
633867
4898
321090
4472
35574
237
33909
34402
239012
105528
60828
478175
