1175290
1770932
3940531
1191537
1203548
1769568
854807
3088081
1961318
4144519
2276942
2482317
2071851
1141755
2253127
1650853
790748
729532
366631
99784
1303242
618709
1007859
1271616
715105
1307394
3651630
1712918
1075315
692442
1923514
1063729
3036539
527438
1715941
1081929
3235098
2470919
3222633
911324
1906851
3002376
2738979
1699882
931317
1446265
3709761
693147
704351
1369869
126817
1125854
178828
922215
421848
851969
1082813
1178233
1676124
1484031
1095390
865849
1750243
394621
275905
1628741
1424761
1188632
329973
1232916
1114799
306509
1599832
3400659
1360756
1652516
64343
193204
685001
712483
368881
1161863
2210897
672105
515930
364514
477366
612242
447359
2395974
1536873
635671
1553538
131034
1298955
772306
1714305
395304
674279
226322
1477592
909459
2986039
416205
2238047
1892849
2112468
2993152
3048767
101517
2755077
1098696
1506123
1761709
718491
148648
819265
180310
235900
989095
2534701
489774
2268065
1133513
630719
1044160
1299422
1207180
4492156
1436337
3994362
3452416
404491
216040
2573882
787170
1452527
1422475
3431785
1937776
1016380
473006
1851176
568960
2528253
994511
4856892
454154
1657217
636941
2121071
660937
1686028
1954717
2589028
3880873
1447814
1256404
758905
888808
5422058
993816
3990950
1092743
2591105
437670
2953646
2526637
4212738
1949250
2040218
1631548
2141275
1382340
2559084
1360846
3580502
971161
3453144
177214
742468
621331
551826
1489113
3484941
2276631
3468310
1366105
1576274
209402
1687030
1046152
2157657
2106632
1524982
1294167
65862
996677
2860445
590966
1369445
892207
2307125
726057
187767
568762
646467
1184684
836952
112705
595795
435199
950264
356024
1413409
223013
182362
143062
1471367
789103
62379
150680
2476018
1462058
3236731
2079400
1891111
1528459
1548069
1270655
987610
510795
3174544
1688753
2962419
1141401
2083284
484351
1598836
1368777
1307250
420688
1019224
1142184
244574
1227634
1378487
840074
1656119
382301
1588397
1565379
594224
1587807
458633
981279
