722425
1240773
3176257
1292630
891983
1291329
560620
2534414
2458507
3694988
2394136
1519806
2406550
1109575
2163538
1838768
861740
585412
586742
112155
684610
543985
1264179
1082998
531558
1122592
2709017
1552726
801509
765618
2195458
704042
2970092
459708
2015790
1070419
3376823
2490208
2850843
860704
2074997
3157572
2668450
1337051
1000028
1153836
2732022
390000
592079
1708709
354478
1071454
261046
842912
745203
664764
1023609
1383768
1412398
1101442
910686
914864
1696740
706785
420069
992734
1380258
1298795
498192
937672
779437
299697
1304434
3856911
1432383
1610980
162786
264655
626115
587865
156981
597504
1830811
562119
136458
794825
776796
737491
450217
2113012
2081308
504041
1352117
237850
1832600
996905
1537688
268119
783347
361821
1628130
592679
2174902
421221
2218553
1792579
2340844
3019319
2565198
160974
2533415
1271979
1207016
1574571
649881
189642
714729
378659
466755
1004162
2044252
876290
2298759
964667
640372
937554
819106
1014048
3141024
1272635
4339236
3207998
544210
257539
2008133
715657
1154531
1127201
3637283
1812625
919257
756261
1699465
582627
2260428
1182644
5056442
548989
1458699
600383
2014270
1288410
1734503
1346854
2675453
3728473
1250718
1303765
599407
732809
4852228
923237
3260400
1303149
2257767
801381
3290767
2292153
3992537
2718564
2868948
1846000
2264742
687139
2385125
1742060
3525493
943210
2976174
404351
530569
750051
316427
1037086
3351402
1982450
2474231
1535073
1496690
559855
1582339
868610
2187886
1777323
1188765
1775679
222272
1100338
2562054
938418
1635330
911873
1794395
355542
246543
385927
443748
1242778
810673
159583
784430
421817
875883
521129
1099531
322313
251200
251882
1912452
758296
218154
251104
1582124
970435
2633196
1889128
1697053
1259893
1802822
1492485
1199779
316736
2084745
989363
3566622
903029
2047125
640127
1719784
1113805
1623338
593389
750871
673426
674093
857427
1656348
324877
1073299
590804
1374516
1951684
593061
1105150
888783
959691
