793418
1038675
1314470
698705
877278
3323734
1882011
1673285
1247392
1481725
2494285
3176819
791535
2653021
1656648
149988
2201549
3769301
1358499
1131877
1597071
1592317
1892180
2295220
1592382
1149400
792054
2502800
163295
2262396
1323535
424609
1879506
1108286
1852100
1787284
1149074
1572966
1643362
1878766
1431009
591961
1581837
3439666
1278071
3349066
926383
1731281
560371
1217760
491273
106642
2213221
1195368
1752245
603670
1901114
1264351
2757092
1370657
304144
315851
1048385
223164
1726001
2751458
1437143
1119946
2281275
2003224
1665692
565553
1779497
2129956
1624000
864243
528579
1497947
3155603
500096
690811
653022
1914652
967299
565866
1139003
2682125
2297530
670666
2203813
2937463
1580589
863621
592243
931210
4697308
2156319
856634
1816474
483571
2078578
1245442
2006050
903629
2730119
446367
2106457
2494752
1430110
2671741
2586018
1023692
971564
1852114
1377040
182658
1008278
556362
1965871
1026340
381441
2739022
1387956
758127
2589405
1065125
2247748
809652
692593
1750927
4070575
2137168
2151172
776147
1327642
1581237
2890639
1976679
2023535
1460793
897553
1254384
1838019
1081849
2973946
884824
885712
1512252
1399235
1770847
2332430
1602676
2322639
1058570
1307795
457825
2635122
932276
2099553
691561
2436782
1119635
3289784
2114246
715248
1616995
602165
2095217
3071081
2507691
2588701
2167437
1400926
1242394
5416437
1854884
2135189
1469949
1470760
203729
3083382
1463934
3398007
1360254
3628700
2039562
2891540
1067364
1160974
1551576
2863532
507403
635450
1425501
1602607
1301342
3159180
1305427
1167960
359561
711584
670818
928420
1797631
162512
366113
646710
164689
1174247
1217750
2241855
2075525
671077
2191481
495949
923349
734748
1832375
2758169
3182967
726220
779931
918025
930905
2193793
2755551
1401247
702066
2317240
2684780
899383
1486865
1738330
1488128
4084012
1833163
1197005
2051599
724491
1474865
1316036
1457436
773317
848108
409829
1080948
1400974
374620
1157596
1364345
2139627
2257427
390471
336697
762101
325266
