26871
23022
185562
5912
3552
247769
6478
48926
172616
209194
11999
34479
5345
12597
24453
2057
6703
7418
15861
16028
50697
73425
707914
61439
7591
6640
28055
14577
3595
37855
156111
61359
179092
3712
222343
3357
34210
379995
27512
93971
159699
5868
212742
17149
71757
182909
169036
36376
6052
6312
3610
675
421794
26807
14289
60230
24195
5884
7441
251089
2523
574
1511
2595
46830
2052
502076
2389
52623
421186
4239
6583
7642
619
18911
4401
1438
8335
10586
22737
7936
4641
57736
51290
16669
205902
72345
962310
71371
149233
554366
307898
48563
19018
268873
1421172
3267
490
1046187
2611
13742
12349
1008043
97222
8255
16138
66782
16035
830
16994
4711
2062
979
3055
2369
11469
224897
21665
1093497
193910
7934
24560
166518
61749
84693
11577
23192
178836
8110
1011582
211224
3029
16932
123812
34084
30795
167045
72797
26263
4619
1840
3790
13262
862
27300
2417
33820
36882
133002
51510
710785
36419
235509
23296
149311
1957
96427
37484
259628
40494
18136
3634
448872
27309
31513
1159
87383
126501
54171
118319
50441
70538
507452
9939
1572041
20288
4797
54984
268846
24567
554554
1027206
1575134
39397
62021
123011
75115
5870
13604
13849
235339
47253
39496
20876
35239
4725
13084
18147
846754
5192
2818
2087
1879
1744
446
3350
1023
790
19352
10034
164937
406286
9089
324644
21011
136315
3681
1289827
32111
249423
19886
334054
37433
23790
23723
51772
103255
11569
3583
193791
31032
108761
171060
507040
96702
324036
4134
135575
43924
274030
567
9704
10394
920
3557
2915
61634
3381
1297
71098
6414
1865
2033
4666
8204
10812
42334
364749
494222
37582
48277
59732
145386
19689
12561
10258
499507
13465
41170
24333
1012483
559
7799
1651385
98197
28051
709965
415680
918363
18754
8880
5613
12705
847188
1904
15715
6834
15260
82931
5983
373774
86933
1431
2057
28560
1277
61220
7153
20975
988052
3455
2580
22884
11748
4996
101505
8958
40675
7534
664155
25485
62186
229014
87926
20521
55781
2453
3236
46947
1599
16130
4472
138835
6842
1350
8562
392499
179803
160838
82263
501173
4585
852
13016
437203
88756
32069
9098
5611
7589
96186
27193
45668
187182
402987
49498
8893
21275
108317
82094
13638
784506
18408
771
14126
51550
107945
922456
186799
26532
661939
13264
27624
37655
178137
21695
143582
71555
28213
194418
28542
39349
140084
303259
129220
6167
27985
185225
612330
9657
1017322
234855
22537
182404
110028
1139
87960
4721
674
99034
246528
4343
264946
957506
3640
229047
7226
3204
1079
4994
35026
2745
20434
58326
5998
32214
82608
7658
1005688
4159
10357
5356
11634
5758
97031
6520
81544
10182
32029
1162
35952
114569
6734
7102
125211
10345
18120
9956
105005
6979
332944
30787
128233
84636
2107
1720
1046613
35925
28167
43793
26415
758006
7385
14128
33644
842173
11440
13406
430
2223
16973
680
98562
970
4900
655
25257
1734
1970
37624
4728
2353
8880
446
185438
71321
22427
77542
283266
2693
64351
4039
588595
364334
152727
29310
557259
22130
102495
179303
2083
2487
9172
4053
66881
888810
98567
3098
152997
43954
307490
12192
15695
5028
71053
10030
9516
18155
33087
34994
2240
5855
31876
4870
62198
30289
14617
16400
57043
130361
155212
11949
38418
35181
37771
18094
55958
1051253
16409
133685
29117
174264
7795
352453
8672
20365
421575
55199
7643
14772
443663
3211
4137
4250
190448
11802
777
56918
20470
5063
2797
664
658412
11438
243681
123378
49092
863842
141948
12043
18383
136419
67937
7014
270837
28648
9634
17831
154145
277005
17925
77407
443858
21599
277029
1685
13450
4433
237010
73348
226626
740025
8856
2224
31176
1864
77499
86991
157183
16877
8515
9719
265294
73439
87623
11159
62424
7112
32981
32204
315344
235831
166347
6561
277308
18539
5563
6518
10946
91550
52404
365633
444841
412613
71426
3416
36936
19026
394865
128056
94005
111177
953310
2257
70194
3201
167021
43289
31708
118348
6055
1459
3800
13599
283590
26929
98569
3482
14769
3070
1002187
38842
5088
131167
270513
70543
273279
17588
39628
27040
7551
15430
950210
17596
10825
1384
74610
16984
466486
148970
88094
33279
28643
3206
38778
2051
8720
1049
41256
410
2177
15076
15481
52696
20321
14316
141076
6207
17783
4717
327321
130138
45060
16821
248549
27922
98193
5882
222281
656486
190140
27812
59439
14086
33611
37069
51703
158424
331877
62224
484456
8875
72864
6650
14908
323980
229545
563186
2184117
32888
60961
3637
19746
43686
3396
15860
18212
924952
84773
5647
47718
263
80945
59854
304483
6708
1613
2569
24480
961
1921
20779
31560
523038
7225
913332
427594
49864
8626
166790
1018163
561916
51389
32445
468703
9675
25787
216833
58127
175084
16426
159371
113604
12853
22065
14620
337148
25005
1989
1063
4558
5664
2848
91833
7261
1800
19251
30663
533020
2308
65878
531883
381408
11666
60120
14737
219478
67422
147644
316111
149360
9419
2822
41085
5520
23030
43546
11087
1876
4308
3498
3249
5712
1929
183620
61001
153497
1843
6373
6448
109094
9621
10982
2485
32722
848179
16771
6817
71805
1255
18824
7187
75598
47347
3629
34246
2479
112120
71153
14402
118451
48058
7967
11266
38373
12977
757
53308
9182
852
2092
3693
5333
4459
2586
6500
10737
1280
330
980
1660
1367
20595
862
2051
19693
2695
366044
1945
11908
433013
470918
20178
1772
546
412726
920503
160955
27026
113150
123215
12879
278973
20172
49679
169879
10995
4238
7937
13578
91873
158543
68991
309001
16975
833
4908
1399
298366
20118
434528
641271
222283
13918
37075
28450
158605
5102
172659
2634
22892
3380
30766
1023
300089
32622
5061
92529
2667
3712
13649
33688
158635
5307
21536
24327
40233
26919
703334
4567
46710
303021
702873
309434
155570
69015
10695
16012
1878
2128
5133
203561
17705
23875
20972
4357
141055
622091
281456
19534
22874
6155
26475
26958
206537
4501
54893
51985
39096
120730
40898
183300
59655
588216
260749
568830
411473
70694
66871
45314
105631
138029
228805
460019
2962
12096
17163
1214
28883
92739
163911
141150
32739
44714
19134
3466
37523
7796
1026864
8791
1858
2173
160080
649
1497
15233
358
15645
16757
2333
28664
86515
300
15612
3446
2618
1035
3176
102435
163048
2572
3887
2527
6082
2831
44915
25939
9827
1622
59023
4158
10981
3733
1882
48510
3343
114526
7733
911
137350
270992
4042
373835
153127
228225
2741
2690
57535
592
1862
70194
4006
1200
3260
19076
6450
2707
71248
24484
4353
4824
2702
11113
3009
193617
73826
193018
28230
11320
355924
14069
38751
214081
134816
348982
98112
3355
486086
8723
575
2618
103442
2039
1507
7752
1067151
19890
25556
965355
82592
65404
1592
3009
1054399
1872
10629
2272
125632
18294
4383
20931
128000
136395
86228
114354
122912
46840
522056
8486
577707
8644
4495
53988
21789
2442
1233
8637
154257
3198
28337
101018
36764
940970
3942
642
4014
1028
753
129524
414
3517
1753
40372
1567022
852274
2002
56086
22694
158881
11452
4476
3742
28990
2065
1741
318681
113912
435253
15946
16134
393678
8676
10089
855982
59015
2099
13536
302892
24076
10240
136397
657
236653
527
51392
82270
3358
2473
89463
4961
47701
279695
213419
114170
779986
41356
1006
2327
3619
1042
4428
5602
12673
462435
4774
2136
6441
9778
9226
14344
23442
170523
60847
93147
174777
398772
16899
4585
4564
18522
504947
7436
310235
130467
10977
191926
106685
14720
122671
308038
46429
555892
10392
7391
211765
3766
167934
42702
181907
2678
14431
968995
2926
7874
6464
16652
87783
9929
875
53372
9991
109020
42576
263524
11743
21322
48451
356334
996461
18391
3012
23364
8886
862
3621
33219
4204
119654
173425
6583
18768
2890
1529
535917
108315
4586
265123
3416
4031
5360
191042
8982
3151
42993
9579
33943
24194
8404
56753
6443
3702
504
2225
5599
27023
1077773
264548
180245
4530
229663
11466
13048
20459
6924
13713
33335
3843
21042
742514
234028
69390
1845
38201
807651
4197
120083
45866
938051
383405
445212
18483
50816
4798
33781
160313
7681
22338
2092
102835
2148
1378
56239
35861
68157
28791
2633
70196
17351
6317
3577
104717
5579
36105
14876
2783
104422
2282
21956
13029
73739
127428
11164
424
156601
44668
602
58664
4448
49536
1577
2246
8304
5523
5870
245528
3771
353250
8236
2232
20605
10572
158096
203277
6113
277168
6447
497100
197838
300979
4289
41126
46914
296021
308217
15354
35886
157355
19496
78241
537
8884
720
164220
12970
1006
2634
415236
3995
395957
19318
37780
57521
3272
11023
137193
88781
6831
18126
59206
3637
7782
5192
40763
6108
7037
21160
76380
5908
102645
2128
10802
3106
11594
95199
9683
50383
9630
123861
16705
31127
23746
52249
100544
10269
39856
770593
449015
5411
4297
26635
852919
10087
45220
13264
16214
20604
854603
9232
87695
841315
63760
8067
14177
3940
163136
111322
3468
5666
82904
73538
23669
5826
20596
24543
1245827
295813
662450
60873
29107
9805
550816
3504
1255
3206
2347
3047
11366
3544
13038
5456
29455
77160
53541
16224
984940
4010
4339
1205
7253
859696
142162
113584
388329
1934
319689
1429
2131
42717
10471
9549
209628
10725
548304
371157
7874
93258
23647
12090
144142
746467
185607
122244
202524
193703
690653
10282
187080
55171
184090
130878
853017
22202
76007
27222
312614
2872
18676
21380
8800
73218
9215
1868
12263
91025
156831
5595
226151
12783
7861
174780
224580
7196
71004
7913
4239
121025
13926
46396
3692
5736
32327
140343
10924
4077
13412
282130
2371
124005
21930
74851
9370
2415
192766
11193
16602
22280
21739
8750
160800
6833
201202
2039
74048
73361
477996
102036
31386
39102
39819
1931
85144
1405466
114511
878374
3944
19316
1049848
7534
294185
51180
20619
1211030
55997
94795
235223
160503
11242
62670
137380
3627
16513
44618
2281
30934
1012274
273473
273905
352873
3388
358329
5861
6888
11101
9191
3229
3315
92001
129702
7880
137561
2262
7093
7210
246047
18694
322320
98188
7605
37626
97140
413595
8375
4361
23795
953663
10811
7115
45402
68308
313609
213555
52229
10950
24820
11131
112021
34052
890
9511
4235
72997
16253
54398
37571
10275
34715
23205
20028
74326
4352
55913
1797376
193466
1792
5901
4335
2977
1059
197782
2585
30003
79473
104847
2565
58297
855
8386
2694
5127
3447
4047
45171
860290
19287
79902
78034
62170
23874
323003
7572
101808
8470
1125378
353
562155
2080
3417
3211
2515
638
322131
2614
13492
421182
44710
25407
4033
23295
19487
11142
791817
1015
44702
2506
6714
29095
33287
81106
3951
5183
118253
5029
11900
721
90688
46215
237419
569516
13249
128387
2311
26612
56588
70869
727948
218068
8978
514462
21768
694317
75375
1803
8513
998
81006
8423
131491
63591
41219
3032
3907
9019
3534
2921
207089
9386
540266
89067
401606
19921
16464
737888
2316
9724
253130
73197
174636
213061
15508
125241
42086
23648
142897
364360
19599
51232
15319
78408
53165
176280
1584125
19043
229759
137901
52098
34537
100888
11197
19700
593663
118503
143631
28344
53723
2392
83950
87719
5618
172520
339227
56624
135768
2411
467
960327
890935
983708
36737
6355
29236
1172
33975
91297
2866
2267
200168
47471
14538
9361
7455
217711
6780
928797
22157
4018
13927
6864
760801
148858
10242
7842
5977
11628
698488
3566
284807
10747
7965
6786
45356
4192
908742
12818
101484
20488
2269
5309
1789
60247
6246
1617
15028
11574
6461
18090
2074
5680
149636
14733
21792
29412
46498
374886
55197
482
301048
50975
825
924934
821163
4840
224239
46685
13374
1996
9894
4027
1687
87278
5404
843
185433
8877
2243
49123
8988
387792
19267
19160
33801
84771
1649
21305
5301
130303
4722
912117
34734
22430
33934
4536
4020
1537
3475
19000
52118
5335
49416
5875
1201
2785
41346
5223
13599
38235
6389
254006
3241
27531
1227
121645
38026
24066
439
53897
1704
1035
536427
214090
12709
64491
2077
4402
804
51477
260485
2038
7992
2107
6594
7952
3158
9246
62303
4887
856
14602
352942
10022
566928
17116
3356
12099
323256
157867
3204
155924
981
21029
2345
21516
45818
988273
56775
331769
1436
259850
3375
32018
1519
757
10117
321333
16971
18556
3900
73146
23502
173919
14743
87662
2667
9642
9466
105142
89563
6815
633
160502
1240
3797
1149
11986
3314
15862
182
1130065
121473
60229
493937
171788
21238
670416
42022
168213
4482
354649
80123
6064
1838
2963
866
159860
41016
265722
246346
4262
64367
58113
7895
9111
379341
377328
86833
70766
109715
22571
5447
6684
5647
43645
3671
3661
20622
600135
19202
76951
7718
6521
62667
1416
48670
3327
8815
126344
222800
12214
25557
12439
1127514
384522
20162
28743
10873
28168
345104
37744
220121
559799
107732
4688
83917
4803
7642
6018
40547
551
6872
4891
1831
1103341
7168
6294
63180
4732
3919
15058
953556
3213
153197
51960
30792
15930
3242
7438
7519
123989
19407
866577
174240
210333
102090
35455
6165
72801
37634
5316
204240
31424
50503
44188
1553
54141
321933
34064
30270
79902
52915
8109
57258
35453
6646
19170
76983
30866
57667
6623
88829
28770
169790
7372
14093
252986
2518
42744
49565
7095
22213
14897
30076
78288
1235351
3623
38250
7716
3437
10129
434223
63423
220042
1027864
29796
14497
2515
26613
372520
216052
212973
34943
94880
12779
1279674
271854
1443262
83586
91424
1386
850934
950
3375
169604
196951
641541
132088
13244
270574
5246
177885
14851
64186
67669
14252
408103
82495
23043
31363
35305
5730
9557
14056
238495
8914
746413
18163
143940
737295
128410
22732
3168
39762
102656
974
11773
130342
4076
3675
3835
195369
53536
61847
2577
254568
293454
12057
62447
255112
6732
11133
49715
24814
11959
20475
12016
42804
10774
99611
1431
961432
5221
14932
17230
15086
8891
3749
125634
322145
23105
14355
4532
971835
346461
8636
1105
3950
59702
4848
12284
149729
162053
97461
431180
79426
42948
619529
99794
187196
20199
295086
460567
25272
1088570
16258
174684
43557
65687
23888
301744
5225
72602
25027
234294
961977
25372
18685
236279
47695
212485
42470
950891
49792
83745
9418
18027
4519
82159
14178
137792
294626
50423
155191
169521
47033
393317
45224
39524
38890
165640
1097
16832
5122
175588
334739
158052
95579
307491
3340
25605
24060
158763
284831
277717
46364
20121
3804
87121
83053
38556
47641
133777
116442
214745
53890
6243
5032
10825
1731
3252
368016
725648
8879
1335
7365
2065
1750
7954
89222
119465
75210
2962
18939
12080
154150
5491
780470
66618
168866
24687
44190
44088
48352
146382
10921
103665
127816
8865
17924
43363
724927
3136
3554
57510
16820
163077
2555
19770
3358
18511
116910
769196
230402
2714
3823
18257
4730
233455
45973
92352
53951
56833
954418
963724
878431
123243
242971
156644
21080
18401
5547
23428
4423
1777
66195
26233
6241
108525
8163
2668
12152
20777
72042
7712
192691
2461
445058
4843
35682
12473
19637
202642
201204
24851
20153
59227
15902
16797
116931
20889
106507
14391
91357
16114
4019
5658
137263
33871
25400
23400
940
13572
5335
112603
333746
970262
25364
34801
76778
78938
54457
5166
34166
76192
154520
4594
8536
148031
5794
26063
893446
83569
195939
1146
159789
15893
15428
98420
3459
7599
6538
6708
96030
28363
502102
34872
10110
24198
832210
64653
5564
16030
510334
118712
3312
11697
89502
14864
188965
477540
20155
86703
35065
291903
1042557
295681
117570
48653
9131
196824
221074
40312
5894
13830
2799
3981
7672
1674
115137
75930
29305
19268
409340
863630
33506
73284
73584
1119442
361943
20468
121179
13412
13172
262168
27231
414437
59272
119208
20124
57384
98827
947304
6299
6287
104658
2887
11878
5515
2360
12592
2282
3127
83480
17501
33554
10369
117429
31514
121287
76301
343078
7752
47669
12716
200184
40508
2482
96271
42087
21150
82947
641104
145395
33327
23992
4006
59323
2717
1859
130536
5066
85560
4976
837
1894
19617
48145
7549
57469
7820
21954
18773
299027
1646939
54743
82738
21398
56195
74774
2526
920715
1785
1946
1927
15245
2280
44466
21661
2327
22041
4611
4547
1837
4641
4883
1896
1004912
26162
12030
36976
2876
30661
12481
43066
7994
969293
8120
306697
3831
438310
17894
53886
91002
8097
584122
4600
16546
222199
119934
97391
706
91560
25307
6761
61392
175568
17004
1971
17156
3263
61856
13009
6455
13809
58125
44263
9661
44089
258980
32925
527548
30385
82965
1117515
94857
1477
721309
7476
83755
61820
19986
255493
19856
7561
6412
16512
120859
325049
38007
98309
35692
18114
160580
102131
46218
73566
636743
40121
4113
119123
358329
217700
318908
1002957
34575
289108
7645
20510
457459
393904
169846
39397
52088
39722
693
800950
4987
203630
12141
723208
25548
84027
3166
36829
1964
820310
7336
34158
48570
85521
5358
2765
603
2286
399763
82846
103926
53888
16285
23462
465
1689
3778
11541
8473
95389
2261
82251
19702
2871
386696
79592
10490
275616
9884
51961
10108
44395
888288
23097
32842
44029
76212
106629
15087
25092
162038
72738
20299
115552
47098
68967
3895
4634
68372
14908
772263
8286
391
10305
1859
5091
2319
34332
570519
307232
534636
11509
154313
159254
45179
12900
789033
92895
53732
274224
15618
342433
230616
172903
298664
314117
432056
85885
23072
711535
41476
70294
391826
168112
3949
20464
6208
16357
748126
20412
162711
66146
70177
762822
5492
341340
217190
195608
532918
135198
668222
119658
34590
63240
95547
186670
112402
131831
65373
121872
285197
524870
51482
151477
4667
116716
1267
161597
19385
36616
239832
568884
38178
46723
8240
927350
13483
373806
56718
6035
578507
39580
63982
521328
10527
1820
2184
55192
499755
76214
43525
25486
9686
27779
1630
191150
18780
41289
12541
4787
14807
68588
20871
25787
37477
219294
35205
14560
176062
147379
512455
1401802
632816
166870
218722
585413
228734
150247
417274
432480
125515
1507969
595353
64640
4474
111386
15214
997577
36338
26259
9848
83353
16634
27815
8809
6856
357302
129934
459988
31121
38771
55170
7708
2840
15870
6790
5293
832778
444249
73531
2387
21383
38473
110226
11329
40538
897341
189152
13528
439719
868993
241152
13657
32312
8909
56072
5096
1333
1297
7205
48088
83520
2625
1179
1065
4692
2689
81727
181486
3018
345940
8250
210072
62444
227613
314728
178055
23804
353125
10346
24724
2533
79856
1932
2625
7111
10519
130193
1017
20234
6080
3844
25439
959
1479
2308
886
399171
151081
594934
9384
719669
4949
230345
1962
14762
1031117
8018
9245
6194
505897
50926
16768
3230
1644
89297
2764
13934
47353
911174
7918
1458
21459
438578
41274
31595
14594
65833
119969
149826
4308
11205
15973
55412
20970
123431
114902
626391
38276
62156
537840
781481
1001451
705780
15975
92221
3632
23141
708
234953
6199
2085
3252
2950
592266
31965
21186
9299
5235
631575
36669
259828
6463
710346
920317
657577
11153
40689
156430
848015
65204
320964
6620
280739
5876
96430
192142
5898
9598
15775
584406
14601
61811
11804
403647
8725
10509
140074
111796
769807
2357
424019
5389
24546
20488
434035
156846
8023
160905
5972
23682
470473
143914
1051215
258958
6644
82941
602072
99358
2809
61494
14654
843
2008
2769
704744
2073
30361
25012
71648
2222
8884
7540
343800
6123
3297
16639
989035
3223
4912
104756
830
35806
1083
11963
50443
70780
578
1308
54455
39641
1684
14876
26473
65878
17577
924389
17555
7818
11803
3805
556217
5021
33029
133233
34291
5397
2564
25879
58270
9770
233053
797284
73308
173062
133400
20751
1215815
78184
29185
429360
269631
7800
25305
110881
26997
1864
5847
39726
5617
12724
42296
32504
18134
206411
9523
60424
9004
13197
13182
152095
14376
3711
12062
212977
3458
113682
15416
102721
6283
158086
665
11155
2493
2374
505774
324407
6810
3454
49354
90262
276825
441030
77338
8516
6067
5126
1351
8346
39297
6912
25808
46708
15668
9529
18733
51809
30118
33405
189213
23008
22298
294841
1917
998432
5204
177898
38938
4407
1667
328
745
112986
917448
193767
52059
23408
146766
25369
3708
2830
10024
8845
355139
188243
11370
1043080
1657409
70394
8401
17044
247924
1921
153462
6719
6777
10400
225733
6701
154169
221262
474765
53298
10185
5602
13150
14533
1808
44046
75278
45948
225986
4425
249727
15927
2237
94556
165900
2444
1776
9254
433
1344
15855
100477
38667
81059
1050
63847
16763
843558
1177
84620
51830
150
1827
4818
5879
190488
584
58656
2038
21775
933
14897
17531
1442
48316
3246
16383
10268
4176
5862
1611
8151
508562
42710
18638
29027
87632
75539
71137
13087
14217
3500
22978
235
25004
51421
284824
65659
90117
1543
3786
2168
65645
5282
2657
267611
16198
34125
116840
26025
1173
26547
2565
230294
105036
307634
180087
33880
173270
5152
50637
43754
915414
21242
9472
3191
1677
332922
3010
69044
82414
78373
3755
1404
63044
11515
487256
25648
40524
2346
1466
566
108849
21447
6616
882
3618
758
11545
6781
1135
815
5639
1400
18456
588
8788
1914
1482
6774
9241
261389
1019
2484
130669
7560
21625
44409
495
11060
3693
297568
12215
30779
466
18903
3259
40884
20879
21624
11023
35364
2139
222762
7153
47813
918
11759
44117
2113
542
7557
777
12837
2049
4869
2138
56330
1935
4151
70038
2639
108334
3789
173397
392472
1781
2782
673
150362
1951
44326
27416
553952
19495
8160
2916
864
67094
742031
75542
3528
50408
4441
2391
354806
99353
58087
49127
101218
1398
3471
962
9587
429967
12843
98688
30489
510388
13955
6594
973205
1718
2405
1414
25033
3209
31028
5324
615131
189637
6784
24477
722
917494
1367
11958
1803
292918
544129
427454
7506
117422
25011
6556
30766
2956
4415
3562
24851
49991
1274
63440
1125
265050
19390
100704
6060
10020
2244
278594
3401
109853
60148
50277
77900
8112
19986
41340
108573
31387
830463
844751
97039
19242
67662
5435
200507
9138
332
3455
8837
18990
2943
2185
5283
375587
68623
26167
4705
8787
595
99267
4564
28429
2137
78667
29080
25016
15951
7285
128680
16068
65817
19180
48863
309303
141590
30115
349339
2788
9953
159442
4616
4522
143730
635
426275
18679
4425
4899
8043
2233
2887
25729
2262
82800
1164
279097
2450
4522
26913
14662
320421
283489
1409
427079
7198
792810
1023
6149
3093
623277
28366
417118
524869
35155
28953
13992
5577
742075
7739
411575
32423
249706
39397
307634
12645
534766
5447
416534
3642
970521
10756
62209
2825
750780
19933
146191
961143
9045
63564
1688
10490
17777
78041
314413
48463
3830
3781
2963
586
159292
55911
86387
36518
2849
606
26499
1488
94684
62895
516653
73208
1430
7435
479
87072
1807
3461
4021
3030
3908
7836
28352
91997
60218
164937
92776
10678
609583
2285
1671
2765
48659
1867
16088
3358
4627
15260
38490
33790
71283
1707
168113
11626
3386
3597
29412
4555
594746
3520
121274
110291
36021
4604
19094
20641
44330
28715
74835
245678
5237
6020
1376
35470
2903
298340
34088
1093617
845861
40775
32282
15553
467344
20680
309818
1006198
43018
9509
100345
292780
8076
6581
39538
697237
5436
1440
474165
4424
66609
315805
99557
714915
42627
11701
50928
73303
16237
31988
10551
305782
1545
5145
5812
22025
279526
15149
1553
808
20223
2104
2389
155279
10010
26077
68378
17522
12311
165530
210969
16078
258236
934669
107970
27779
83270
117528
22690
13989
67272
4222
115065
23185
42165
8014
1067978
5407
83922
150972
830039
168071
24505
562050
28116
99134
12566
248384
674139
30137
18048
7214
39023
412176
85643
6130
62970
107031
1923
2334
3714
13462
10393
203148
20801
306606
989
109558
80882
27594
29904
997395
155958
16017
1097
25631
2352
8066
21811
506285
20716
3186
37135
8281
995
12178
15124
13844
48959
173004
58885
6109
80169
54732
58433
497570
205609
358249
8428
483174
64392
128914
19275
10894
39272
24038
14140
461747
211860
131504
94744
129141
44602
61012
11704
6427
572879
13664
168480
225268
433696
146790
400112
12232
32410
565674
901559
100465
132271
693812
103461
10071
59404
1138310
64404
104990
55821
3318
14111
4677
213127
110403
43697
781500
203695
16850
30021
85228
459916
21220
2272
169233
5335
8631
928971
34610
6000
1992
46942
3554
230443
22679
3235
1268
1034
2629
1418
28031
6514
7578
78554
26430
5552
127215
56757
108023
26404
1711534
6882
23504
23306
153456
254884
9878
87455
160095
9837
89636
1152
10111
33415
48588
74610
165102
1605
7511
10648
60757
1885
10319
93976
38962
2314
11724
3659
93433
3652
385540
932306
262759
14235
4202
23351
2010
21687
3702
108440
634
2297
240356
3326
8763
3627
38032
43870
1113465
822
25872
1541
9364
49552
3074
10530
9892
820175
14990
2863
471490
248738
7406
109158
24186
36571
8169
1243
30265
5847
974
53449
1119
15171
18335
2226
18524
38266
13364
64291
41953
5652
7980
94906
515852
37152
610
10061
2043
1572
212650
1074
22705
315538
49756
71752
211711
52396
5658
23177
70252
4291
531
4809
1188
44526
5006
51770
1372
70853
1276
1506
107237
843
1126
237525
621
1166
235
127648
18117
4019
102698
840837
108994
1560
1090
18954
1414
10644
3396
695
91107
2977
3270
2927
12396
529
2179
4182
44467
589772
31031
1074448
41321
4771
321
11556
9528
12981
2771
24362
26381
180561
56368
4437
26166
1886
3422
5872
33233
12348
6644
4907
5440
5880
12082
10470
821
995277
41742
644
20142
32563
43411
29168
10761
2440
168857
4670
9521
175109
83129
113015
41194
906240
8927
1749
11497
62397
295
30462
635
217402
28513
70140
375
27666
18129
379681
100436
21569
6927
5149
4377
84579
416539
336040
920592
45513
12384
192866
32040
173076
892647
228512
2477
9208
121405
434733
44350
372575
33281
224987
12495
97320
46376
210519
20027
3219
14284
38072
8769
54243
64854
3822
4698
14783
29207
50858
121428
11248
971
31347
1474
3413
784
47164
4287
121008
88558
2527
85105
2085
853
51324
4103
35887
12203
1465
9041
8037
76875
5929
19286
13365
93044
531
2914
115326
5792
48648
31876
173413
2849
161245
206952
3123
8809
47004
1632
43359
49954
2360
4750
28427
4551
104372
12556
12214
6531
50125
7800
