787440
1062386
1356973
1007502
276790
3076447
2257996
1901590
1295041
1134059
2216364
2686783
713312
2623028
1983182
85556
2162706
2458411
1495223
1223657
1101680
1333913
1515267
1774734
1714670
1195326
738482
2612223
104896
2605522
1146232
312469
1782421
1459109
1939343
1921955
1219905
990854
1841399
1555463
1420463
604183
1342407
2990285
1071603
3085948
796040
1799123
857314
1117932
564884
91779
1904965
1610779
1538822
1128452
1475358
1437945
3474725
1529218
170628
181317
723312
223362
1863009
3047254
1223972
1273019
1629239
570241
1614651
511142
1565144
2272960
1795385
910454
692733
1966285
2917117
487390
542574
324861
2164435
854506
470105
1279392
1689814
2722991
179374
1728122
2945932
776747
471391
369454
979711
4888998
2047587
1104649
1763524
429340
2319472
647935
1797998
690252
2798859
232316
1955134
1898997
1003470
2371601
3142394
524870
539152
1857449
1387869
212865
1209048
387390
2152438
1312203
551915
3121625
921218
1086816
2959116
1116971
2067881
375126
696764
2067336
3209636
1971388
2375772
805359
1534759
1550087
3367722
1805632
1690703
1154370
1084623
1232874
2130548
607187
3309782
1077553
740947
1615261
1546023
1440328
1774614
1300716
2842513
1134425
697042
320890
2631807
1075677
2121562
459197
2585247
1101403
2817055
2120904
829875
1297993
375668
2248895
3087151
2054076
2162452
2009756
887164
1293301
4782533
1850513
1319948
938267
1000677
282980
3079710
1826488
2856811
1401067
3004670
2440411
2653872
1288958
1442774
1083136
3209942
414493
873555
351184
1553727
1178747
3072396
1293795
866093
216714
882760
416262
662169
2003736
150003
380575
903638
127324
1402806
493179
2157726
2382153
788484
2127694
679254
920917
620531
1421105
2530845
3353577
800874
1020733
1447719
863954
1535604
2607671
1511047
597098
2396252
3144051
989441
1806697
1358842
1874022
3877788
1932874
599623
2469582
683272
1990811
1251927
1553055
1024830
974524
258707
703137
1410394
300193
1234686
1352600
2006894
1858764
237999
306140
466297
167939
