60324
13991
14556
38787
6764
27999
1987
171081
14303
64412
13295
17111
5948
80417
39041
7031
918
865
102759
127
27334
46184
18520
218741
47209
2978
17023
33769
127964
120196
444193
33917
70124
76582
235366
19044
241243
696723
642084
149338
1344
29276
145247
20559
95983
176590
65875
38236
6791
10464
1243
1097
3098
323004
7678
15948
29766
488749
26456
2862
41261
9115
22375
717
185
18654
72937
8501
63969
368935
4390
8945
16493
13113
147130
121
109
5057
10
52712
1
23272
73844
5095
4711
99644
9065
59400
9661
64841
55656
60004
12990
210183
270053
30958
7575
0
7442
52153
16641
226101
2996
4891
11353
15948
6107
7109
4362
5583
28757
33889
7222
379298
107798
95149
1130
432341
18096
145593
207147
471569
232592
152813
16104
40872
42200
212
127286
265285
584898
105289
28668
40631
40110
65589
22847
232719
84347
56230
104086
74
10425
284
8153
635036
47919
98210
77333
321353
1709
551103
161536
384214
21938
911705
74344
129817
11652
35784
202692
35395
442
29296
125438
243185
346054
128214
31025
141084
23091
134549
20709
144087
116339
59759
18571
99685
45295
43463
193300
3040
60423
403112
173610
31029
36924
19877
20632
21736
251243
13540
5105
84458
453424
39
111007
366080
662594
47019
5476
88134
17439
21162
3006
9013
5560
523726
18928
125812
94
19519
84024
165311
78519
9831
760
7773
291901
266
34
18612
3317
150896
5564
196091
20781
89369
44667
49240
494451
2427
234604
26517
594817
11201
72858
127
92606
61
28491
325060
18
154434
536
398489
11243
23817
95638
69804
2871
0
945
203794
2384
128152
508
329
24879
1229
23
3
11284
35463
493
3355
2317
71925
3108
5371
631821
17
90017
1035
5148
85629
195443
803
150752
21187
3232
1
234
4587
10737
2187
115101
47
156323
3207
114560
5656
3746
17
122
29063
137700
10977
24392
547
28736
52
21241
30
5
44
50437
95
47
1780
20785
3298
267
35
12770
5753
53103
3762
18
82494
3406
11291
95
10740
3873
64392
8886
19671
91574
4908
7918
185244
8
16823
6433
103
5401
6787
28966
10809
44961
7189
56537
20606
11589
75714
13728
4837
6608
924
154820
1650
30804
110092
10504
146401
56198
2472
101875
9770
31444
460012
38044
168684
23393
8665
51769
16490
66598
158
90295
15747
44
6215
37699
175601
59831
106591
331682
46262
22846
86
158370
3209
260881
6473
102588
24965
187
73
16062
0
18912
62967
11298
9202
4766
7
50634
2943
13705
210
121010
2670
34
22130
363022
20548
42216
676
2513
4402
3703
81583
173704
4449
35918
5127
533927
9059
4983
138217
14894
151883
787045
102696
23315
6125
511133
5433
7354
157
12365
7509
262348
13270
658
71
42522
392
37171
271554
120
91001
235646
46543
38589
3842
28
10584
8617
51
80625
0
271962
27373
123409
6821
26707
8531
99752
9746
5740
82427
5497
56
4088
72
16396
904
371658
83621
3652
28606
107322
1403
6320
5019
165617
485
38601
359112
95086
59513
294261
95295
27335
125607
166635
140057
518430
13283
136068
37334
26204
18219
23864
13
11868
48
20498
1
39253
2197
162214
8522
23934
119
131925
123352
22141
51975
74618
19755
96264
21313
270133
11905
19961
5953
321601
275162
425073
93382
229100
59558
111041
129516
114
3633
28416
0
0
99
40713
17727
14035
43230
22262
14761
9997
27983
102523
35037
26519
395
12645
253293
51564
18592
83139
102471
177132
21404
370751
111774
273461
93519
135190
18918
163313
160514
8992
346583
115407
14
40280
72233
13564
2422
79936
113726
8022
228
159
2705
116102
214180
25331
175599
3240
445351
1346
189598
62
797011
79120
905688
336
79658
19305
6803
4597
76604
62
320122
48483
159256
85477
56799
380
735094
3093
23314
59
37045
533763
9912
267001
147595
51087
28124
128043
68799
187147
12140
26020
3081
64977
505231
30933
60701
324342
748004
35161
115
279791
77
72402
9213
70951
105232
57516
190
27596
28911
98255
93
79353
17311
65231
253422
607456
322629
4877
19371
17749
12747
60478
35653
173485
73983
12124
26731
196316
130096
53607
23799
891749
13833
0
10713
31135
243691
171579
53239
662621
17145
42149
112547
50604
72455
409533
91980
110975
110329
135629
520
81524
43869
179413
46979
141099
102595
16470
120862
539947
9713
195
23719
93679
4589
1186
6196
52
166169
50912
86419
320780
175384
22273
4405
17227
49116
22450
76963
99315
3905
3279
21355
115046
112312
30588
39895
159074
50980
10452
23246
127428
21805
7264
13628
193275
14120
88339
3364
5333
24781
8760
2024
62851
2876
72557
26138
377110
74129
191505
138647
36432
50530
179005
13635
19123
15403
180995
189917
648295
64946
76072
47
55082
28994
40262
4036
10274
5014
16212
249
37287
5376
13186
4471
247032
11829
484
564
6064
12163
6269
15485
3679
285
2176
63405
117
21804
62007
405338
34384
117266
14462
3
125037
6837
119
72
116243
34
28062
149475
248356
176667
35972
222
458259
270643
7696
8779
148505
20760
24425
436
16349
49757
3100
29
25939
141560
160740
2588
34163
2380
13526
7499
13002
149
82641
76
181189
18666
115215
8977
30958
17884
84028
12248
22017
25443
25902
9803
542591
21484
28254
13439
5024
26231
23
160
40335
95700
71705
722
160256
4
21
2718
427
16859
129097
1014
219267
328
19825
149597
38478
806
7426
573
151537
80289
41
49
9711
4548
22909
18310
19353
50
11588
0
21105
610
341769
94328
17066
4
55351
2
10204
20
2981
61205
11426
20
21086
233
2349
23683
19988
10376
98217
22371
7114
128918
32023
293
598
176
202797
104824
88598
250
350244
14860
180
115
302
24095
5526
0
35733
90213
76698
16866
316826
41925
24
5819
322511
8795
2899
111083
15910
380976
5614
120
16925
2046
140744
208694
78663
9971
9680
420
62605
9942
27554
490630
75083
54039
108172
10702
17379
3742
81852
15898
23217
24
16140
79
4731
1370
379500
4964
149279
36965
6942
4
595
53
340
6696
12020
28417
8570
185
7982
344739
151245
3
8489
56
461
20878
5410
185407
91947
166
527
13796
185813
15468
33587
180470
82754
75
7329
10829
24
21699
2089
1
88916
141605
54
38491
349387
24161
101978
57
237061
5393
335022
12796
163375
19
9126
11694
21913
32257
358
112435
16722
102466
95162
93582
35743
809
10515
4036
5033
87710
36721
22602
6022
98924
4322
17
99308
1010
26452
45438
41884
28991
867
453
327
313
1888
206
18818
6996
13264
443
18285
72345
81084
250813
400
204474
16467
28997
129909
17370
35937
20010
191
24795
11101
318
3879
142963
569371
33825
17013
10235
4215
4974
62420
105895
49892
4178
6098
79047
82542
3053
5363
3949
1
2264
62290
35820
792295
52943
2951
7
95118
3981
909
28199
1809
420571
68
1794
493
10407
14623
19695
199
364
5
24
797
85409
10881
11688
182217
2613
388
185
3957
454
42550
1435
546944
1089
15823
129
75223
7609
40833
0
56
2877
86078
55022
2619
37198
9136
127802
1198
569
11119
37357
83291
864
3404
98
17861
26
978
217
7843
1396
104415
13
97223
10360
7797
1012
5595
207898
66633
12307
444981
149432
3365
46
13936
27178
11365
9
226312
214
112802
3789
41358
294
200338
3467
1630467
1105
323751
30864
732558
8475
138733
3908
64186
1085
30836
10178
54429
15963
95229
1004
107465
143404
18
4467
222496
119985
198077
36018
37614
5001
2672
28046
215903
9149
116811
4786
181234
102
24924
14
15960
214
75643
13328
964101
313
14691
471
4615
30
73
24
5
9
136
7302
12
157
44735
46792
30
16
5
0
0
13578
16353
55
9469
458
31136
31791
2182
2595
2481
20917
79489
11
2988
5045
16648
0
2849
24491
22
45
14395
287743
593
45
12328
676
23171
362
20803
64
28011
14
14704
14160
4741
51379
90638
13300
84040
24
19094
34
82832
10510
32440
96598
25890
20347
32738
5930
4962
187
13522
4909
54
50397
148
30000
5637
10922
89585
155
30
10616
47622
932
10631
104
14
382
0
70650
88
67826
119163
80003
101
0
142
19596
86086
10762
4875
13172
792779
213134
131
48
3221
11182
33698
85660
18766
35
181142
4649
49
7178
167
0
9504
26289
2353
5034
16488
287525
5134
26053
14110
6814
21583
96
4766
152
14062
178
8217
217
47693
40
4338
25928
33350
19654
52
78
11571
80
13327
1109
33805
250
2694
5758
22398
51142
10396
2917
311917
367
10993
683
72237
21662
395
19149
27467
6245
72410
1514
42456
189
26885
35521
333484
17725
644
540
5605
11138
27787
3346
9143
28888
402
29
25982
331
57197
13445
199859
554
3273
788
4740
33645
187
5
30659
3229
110221
4
21212
8494
2299
55236
14585
11486
34331
86
66175
80772
168536
698
201874
2770
115
896
144
3753
241
461
747728
806684
1013
2542
120
8972
293639
117
21335
96142
8875
47843
47
526353
24005
235044
85323
49282
33587
12140
175906
576
97905
1140
133364
19
562
8548
74
0
25236
352156
49770
4848
247
16617
14417
53
25618
48650
8057
26562
73
114
800587
10
81588
18319
17932
9279
15689
4083
29350
15
3144
28
450
96
5
5857
269
6154
65
125
118540
2005
4187
891
4920
166840
14925
127345
51922
441918
83342
7689
19793
17648
126659
7803
319236
262892
46560
3621
106748
2416
9260
718
6346
10589
2
1373
345827
16342
59268
79310
20201
12518
34495
9168
14616
108633
23651
60549
801273
326
47652
104
19957
14657
41672
84954
481074
4315
116765
451
29224
930
14
2545
123743
21980
54765
4051
3983
4023
17581
137246
15907
6100
3084
18977
10485
15997
67
54
56670
11044
15540
2708
139762
138465
24200
15388
581
10783
2135
2287
22816
10672
6587
106405
8738
85
7
0
10364
59074
47478
1834
64118
36994
340
1744
87765
7041
782
703
221321
177635
451
0
87770
9601
199996
71640
303196
416
34
83
5270
2513
173
1
1956
28
8
912
3567
18399
33
329909
68472
32488
470
20042
3453
380
61790
13
29002
30
58205
431
183139
105
165
14727
4943
743066
139292
65438
821320
1791
4825
6127
2878
20
82909
0
106
41204
170729
64
6012
4967
70
21
13464
9025
57130
23111
81205
726045
5797
4831
72
9981
9744
182690
361895
23756
27053
95419
98864
266263
20287
3
16310
2214
56665
62465
14079
127385
8065
28
159
22503
710300
111192
2684
114087
54679
3353
807189
28810
67779
6452
34533
265846
100391
102988
29357
22214
90040
138291
19025
299295
760524
446784
99268
28144
13011
32976
15338
83363
470232
87416
191961
50868
12823
32764
29370
89690
989037
39564
64698
2033
16
13719
11022
747
490187
13458
532134
30937
4202
8169
5741
1961
618
515
4827
49
8485
191
81811
119
13943
11320
48881
33615
19
1
18607
381
79988
15734
326237
32636
28954
653348
60970
369
135500
6221
191261
4402
261192
9058
230976
81
398119
311318
7027
152292
82
634
62450
32576
1
39823
11143
226231
1578
2837
10972
1417
3923
17404
25236
154
3375
48596
6446
685543
9015
8660
28228
1877
52828
137
23
6502
479
28776
5376
46825
3796
77
14
8967
5971
2070
812345
267158
1028
5300
78052
6478
86212
18082
366272
47316
20
21595
8292
83245
15213
39282
51195
19822
642
35
9402
15664
31
16005
15554
83840
45
5179
9
13749
185
60
29333
5571
292
3
82277
13795
2057
533630
25101
5771
15963
759
5094
207
4479
5
108862
1131
34
12
18294
36
49
98
42
16277
40
202
6458
4418
12272
419
17828
346817
0
56
6094
84090
6207
6023
12942
93
29173
209
71
4274
157701
55172
37919
26991
99748
32
17089
6236
126
5968
4405
23
4603
634
15
22508
33874
48340
104096
239448
1076
1701
90889
173002
30425
30166
38382
10602
111897
44035
450317
13566
93580
4047
207828
665
45181
216381
441734
13469
13691
21886
136904
267838
3233
30288
38885
14868
155
15282
25726
23600
65255
10081
127017
116888
158918
115477
139943
24022
105700
15704
27008
18156
303055
538653
94449
29531
101368
30882
256677
17401
91654
38194
34052
82828
78602
9321
35816
7178
74417
134836
8348
108348
99728
13606
108265
115420
950
207098
35685
16112
57
7528
341
241
19346
195
5892
1483
55
4694
187
5702
125
283
26388
6
47359
228
76347
4
734
193
520230
19140
1313
0
13438
5314
30430
60809
233208
185
12045
8
42275
85442
50712
2
119017
2318
97074
57309
4553
6533
150675
1434
11215
5700
177930
2390
52509
24540
19308
20253
1300
3054
123370
86412
155238
49176
51952
58402
65101
22133
1230
42357
159
380896
94046
939437
44540
253084
10641
264187
509200
46537
77259
430703
64476
57956
4449
21087
11499
2964
19957
37959
6869
9387
4095
18252
379834
26392
975925
34264
88254
95483
151269
69699
184605
33273
223442
800236
155306
288125
31357
15627
116216
1024
464436
232214
40694
534011
142630
5746
638
154631
115333
67009
49051
89320
454320
423529
49326
331216
26134
26
3400
210744
84015
782
3204
99965
132147
37
24782
46312
46
20868
6215
2020
0
53905
513
6165
34521
915
8511
96
37924
14111
19409
3632
41
226
30180
4111
302505
16070
88726
4720
23749
126031
42850
229391
185252
145401
4443
459080
25559
599
13014
231919
260
57
31295
2670
133
23654
3142
20474
97491
35041
69705
23356
36
422
80925
17329
5636
14472
54433
40174
137
93
43912
83551
12383
18660
131028
101853
6728
225320
66359
6503
318467
542
61017
4588
163
74
2761
20325
148450
7960
4935
221760
134242
70754
5085
44634
771275
18367
186976
177741
859110
9033
30282
22032
300053
12475
144073
441626
96508
1270
76087
22132
40572
147807
43578
139769
2498
15989
129
146299
166456
174566
58376
74088
4933
31806
5078
5538
20425
3065
52755
146478
61
152734
85752
139931
19772
20531
4669
11935
109688
164944
39295
59886
28521
8657
111722
45
226694
397
603
190
1008
4615
51093
65300
58466
23947
88366
5424
147722
224506
3882
26936
393442
260
4907
17903
170394
48848
849
20001
14907
12988
421582
567
4151
1860
150822
2103
15428
836
82
44
17871
77805
89750
145909
116154
8274
5594
2967
7916
144832
1562
989
10213
11499
205357
11959
31371
716027
7962
58436
78097
6096
301307
59660
313779
48
3198
583
11754
3693
444491
7578
26898
86433
5860
6855
2632
8286
10939
197354
279637
22026
89993
115738
959610
898310
125366
68530
38845
316235
109559
123581
249977
22788
811044
14825
23
362
41321
0
309
37130
79760
2980
4629
3312
18656
11714
18638
177623
21951
88122
205
52646
10256
7574
66
7177
70640
133
15
756501
9570
1982
7175
26348
280450
42340
160
47889
1415
625
974
61484
117865
22114
25509
13274
48341
11656
50114
25147
42864
16650
518
157
20170
22325
2049
220
1389581
2694
11365
70385
3055
32134
93318
54
1628
3817
9291
160
178
4574
28
6145
56932
928
517550
19227
9608
8569
228
361361
8011
16472
566735
63964
462213
102567
25898
55732
125998
28469
27514
150091
25111
4308
30473
59625
27881
10602
210503
87370
223509
2582
66
486
68830
37
46749
240672
12544
128710
8604
41639
6786
9133
83746
15025
11729
70455
3230
75320
11783
123191
34235
29648
81457
116643
758878
125527
515253
140664
805910
11233
571357
6784
4358
60598
55731
18626
363309
100006
289357
405542
525674
32751
220930
1583
21697
684954
8380
32884
791
9026
7568
5736
292858
41541
82890
8188
77
5182
38
12777
540623
971
32177
18583
42
4420
4801
529
19514
5076
23599
82087
2
22237
166190
99404
46696
27654
162857
16163
5174
68
327
10376
65827
10946
8783
6083
16107
16720
46312
198655
207585
394
7904
0
151
4340
1008
1592
62754
39864
4481
99301
1595
27043
5816
144455
18234
189814
112413
54910
307654
21680
26984
295067
502135
59066
392914
39829
800083
228543
145145
1108697
240033
471
5771
7017
5939
4897
19470
4244
311370
13447
13162
4607
8811
391
62340
38607
41177
83276
152528
35209
318408
2063
134415
8262
782780
843825
308097
18944
44367
45640
81536
10451
42659
35689
26701
29506
5238
11996
71536
46235
258214
93666
8510
233898
153848
958
145446
123241
37184
23498
135273
88101
20
19446
16834
2911
139265
848540
126499
139439
15
5850
13581
37628
65944
1500
4830
14654
197
42176
463
32625
22535
12011
2202
36921
3577
5132
17759
359415
713221
89789
29588
94565
171340
155
47177
43824
138669
191435
138608
282758
704768
2671
16509
18321
697326
16426
74484
12787
421237
463
33602
137713
6793
301
46232
32532
112653
2054
113888
39539
82694
281007
284849
829045
1362
424
108177
25913
224159
203089
1097133
24528
32070
8268
168543
29775
51456
8275
267942
38399
18139
2691
26618
8558
361019
197377
66611
689671
36040
354829
13471
63111
680284
37307
401217
43659
113267
2502
36852
109675
159739
41104
135017
108909
183594
16785
45754
14824
78001
39590
129967
86504
62496
75582
124637
74627
89080
399814
133899
21082
6500
9660
381132
59443
79917
6895
17782
733926
12115
298449
20657
190364
327547
27255
104195
117321
84064
27297
12221
0
12397
5458
163
62938
9019
266
72228
33213
18507
522
2059
122264
32
44057
148880
171675
618077
21546
42920
5480
283409
1052
281322
12412
163382
297287
20911
285448
406484
581
38756
68364
80434
9440
20355
13095
4620
531
139177
2724
4963
337
26538
401041
57312
24987
78113
62824
130730
421611
1038245
25471
4572
7118
1688
153848
56152
123096
19431
173052
717032
19540
2660
477
139
11970
3504
11750
13250
17450
54563
265181
10705
11552
90182
46379
101590
9226
60130
163063
153244
251
469718
317673
47098
5820
542794
41986
50959
306242
505790
211299
12897
104763
75834
15714
10424
83236
15958
86992
4529
14091
23959
20725
78775
4509
115809
20056
7
43
23610
44
13336
10993
63639
7329
429
0
50044
5480
139713
14331
34489
39759
24
13977
6098
57050
4910
67890
19255
11238
190
324
13377
2492
17094
75954
195021
61854
25172
3359
11431
26572
159
4920
28572
40587
581
20
69987
63
89584
1949
21279
9776
122494
22669
2768
11451
20139
1605
52471
20
111
0
26300
43283
262681
151362
26656
108942
409
147923
91526
13266
1168760
25756
284920
57053
20959
11458
149400
42978
48189
29388
219831
129615
10735
28517
56139
9445
344308
3014
158147
4939
764074
3500
16161
159
175237
48725
17225
138064
19683
166
12263
4585
327712
39
202511
22122
122463
6045
327846
40562
148062
5783
760632
52952
67030
207
181377
189898
31475
1237
783455
74087
4629
2825
6824
5538
224835
17335
62286
204751
1438
5012
73892
22026
76522
7401
172325
394072
25
198463
187
132159
24692
2697
51331
23912
2256
157296
8486
4902
13307
10385
10549
3
295
935
114
2361
23116
5289
112792
117755
17
2412
37119
5717
26833
5325
95
5198
4236
9902
7816
36388
130917
16062
153135
16588
413919
189274
85002
117486
67515
620
932
317
2708
1991
3171
20445
13441
2959
6011
82014
16597
46558
115541
27833
9509
37035
25172
71804
66
239597
74608
145220
251330
697066
137767
106219
2718
5179
449
19764
3498
11151
162
18
52145
33238
79186
51944
1275
5487
410
806
328069
441507
206861
19108
37403
40013
61683
57
393458
42212
87909
36203
27388
8435
25058
27292
17673
361826
29798
263813
65951
866689
7800
3212
13445
5464
292427
47
104423
2493
33
20661
9496
2842
1787
35
160
45
20
551
33943
41
32
11042
116687
121
5078
3286
50489
17
11833
22
14772
8958
35071
9587
12382
29196
84498
106973
208978
90071
77635
35759
144108
9031
170721
141999
45944
254
6340
228
11290
451
2232
85
378339
20918
907617
57635
254465
170
275238
58374
8604
552
9946
99897
7538
658
111985
10052
150751
36262
440099
31496
11975
19686
66362
104141
12427
16931
32020
238785
74
17998
369
52
247981
4403
240850
363529
462239
91
92121
4094
7255
508
42759
2584
229
50
25630
1042
48010
162
510812
17690
77249
47208
43249
98775
184236
34
50076
18166
0
29266
310325
8164
194576
72000
267069
106351
2512
367
227849
2398
27052
37
11068
3
7704
105936
23
531
1805
8671
27148
66382
19471
5157
15975
191
223
119
112886
0
5267
81881
17073
259
21505
15441
178469
4439
170878
4
99394
2911
9157
1931
112726
8
7935
11348
158877
1786
56847
1
30887
3
14729
11
43561
12045
152306
8911
146
15212
563
116
14103
4406
21748
7134
29461
108768
12937
9714
29406
6985
367
20793
8055
4877
1
4046
5775
0
137315
328772
414919
27922
17642
16
17435
649
68408
23744
41234
334
16110
406299
33630
111082
4437
723
20663
81201
138
9
10193
31872
122
10779
15971
4
2349
125
169
590
14352
28749
13527
41627
8419
14
87643
5315
159185
8650
28758
24388
79245
364
82295
14098
171644
8889
109138
47223
6260
18375
42145
446
34
24
1
13489
16547
2578
2
13555
6060
12400
426
5641
198
69
69100
4781
35476
4867
22419
82134
47184
335
147367
0
19144
218756
83362
154
160
0
37099
309
278
437
19647
98
377
8425
129005
12705
5900
26938
39853
1083
600
24
5035
2628
2441
10550
25639
7978
243374
929
21303
40
341599
17217
19216
5176
117883
0
373172
54
5820
0
28121
22
3270
6
164
22
1709
5149
181157
104818
607
1385
601
113660
63155
13131
21903
17235
12063
12216
13711
12029
19226
28497
4
12983
52673
10286
7567
3451
7772
9591
29499
0
1944
9
39
207
2685
112
216
88231
706
26
4092
35
474588
444
27090
312247
21761
5
4054
153138
48963
7430
64971
375024
31381
1659
106157
23322
181728
5667
102996
0
429
21459
9515
12
28954
20051
2297
374
107301
93
3789
11381
46
183
23005
25
5
3736
5976
58426
20851
47273
86
88
20
20
23
1220
17562
20971
78449
9
93
12
686
54
2300
9
28447
21762
17
0
90599
2
9770
110927
336
200224
57884
11
17351
166305
82694
8162
121203
128274
49407
73334
147364
117920
19209
7043
1127
2
6182
118320
154235
19
40978
12274
123588
53858
1066
98144
514
94136
81255
154926
326532
757006
13196
6323
7319
113509
329802
20145
174554
26971
126998
15292
36379
21266
646
183114
45395
230
732
35145
10963
9150
70183
232687
742963
245659
12578
192
52128
9421
47281
44746
42463
7107
1880
174
27819
5933
173327
40872
220450
56041
52384
23705
234592
7365
10412
81318
12659
65
28965
215925
0
8
84050
318799
88764
66863
800
13534
98620
206
3997
857
432017
3886
313852
2897
20698
17240
169049
335349
79882
53831
41600
34630
557
260054
258
14
761224
21728
1444
1109
9328
27638
20572
317644
43206
8788
10160
1969
225
16516
170790
1
97394
6516
166956
65
11636
10602
16698
5550
53824
13934
522964
10526
161
13139
11145
457
73173
5192
17088
193
25967
4408
21209
15409
12250
216027
5102
5034
12
113290
170641
97175
22169
407965
241843
10028
217625
62674
18239
46657
323390
60104
63856
4931
130672
1362
158837
7601
79155
2931
12573
272
2573
6484
392714
12797
24089
13150
14612
15145
19473
19136
333822
4105
234594
56892
52221
47207
1161953
48533
727528
71474
140502
27954
45102
61902
39762
133093
156
11754
257633
4372
4428
2
3350
41516
80394
6245
123081
268704
81925
100407
5350
25149
526778
45222
189954
4
12399
17031
13209
31312
96933
560307
279424
13751
97932
4843
74092
24
75352
36369
30108
242
57
12580
190584
9065
33298
56810
8862
670
1713
20
5617
7132
650090
48930
21692
16244
19291
116185
19526
8752
74107
7417
111105
84302
149352
10172
184831
5106
131735
6264
65116
2590
13368
2340
20252
4818
19369
13743
32648
167325
10017
79
9302
130230
3031
7382
125292
2281
4915
97472
117
136290
12007
22882
6190
381303
159523
291735
4
373
41
4692
50
3829
23462
69540
111070
15161
240
185
3964
4119
9173
106984
374761
12048
37103
32
7277
149665
3186
231
2571
25
26361
202
55264
217
11112
5005
6064
4451
20135
5210
8087
83878
4659
151759
33344
18143
13604
2484
413
8218
8095
1
261289
492
90208
4485
13271
2882
10466
2314
2976
87
5664
160955
34915
26379
13469
0
90
265
10904
128637
83321
10080
420
509
15555
663
9855
188847
18921
2585
9290
4
266646
1141
86418
21329
11
33464
5555
1970
87
28
227804
27521
420299
125892
12878
8745
21629
104885
22
16
24
1270
91205
0
23968
2261
4840
32150
113775
17997
18865
223
16441
7301
122904
84496
25555
27836
9570
436
345447
3143
671
2404
66092
164116
43841
5
25190
58
6083
313349
26829
22690
15907
64
13112
5058
98860
14682
31292
6748
142
37295
108868
10
73025
215582
28907
145096
10849
0
29550
19
152444
276306
41049
144071
512
8058
24164
1875
557854
19582
112667
20147
43026
200093
52520
476
58589
6790
58179
124
97779
22167
50855
12162
60272
17819
202635
13042
35
13068
14
26371
3285
3131
16438
1302
114539
25200
11129
74546
5649
5015
190569
33
433
589
110351
95191
34835
2100
161333
488
28
93424
116918
31822
114764
151605
426
9641
3465
77
366
24466
44259
19079
7324
2988
36356
49559
25355
47600
53753
5206
11714
107117
3976
100314
47964
104173
207993
4358
56072
69785
32861
35838
30799
20932
