10530360
10764461
15433478
8989798
5069557
7035148
11348820
7443515
10110178
14575959
13025528
9269282
4841285
3321502
8143872
6868707
8182538
5455256
11085454
3823659
5418265
5277724
9323245
8011178
6646443
11062745
12928841
9640089
5417953
4668234
10276056
6754355
16987978
7175593
12201447
7857677
14135102
9436062
14221142
6824879
15476923
11853817
17317847
12302864
11012868
6130430
15077637
7407589
10077494
7585260
8279335
2549130
4006534
5320931
5454995
4899006
12087983
7213832
13747982
8508501
7255808
5611610
8115400
4571738
