4082475
7742243
8459591
4810136
8065017
7392266
5866574
4227580
6476274
6043684
6994376
7046114
2258354
5423957
7376669
1789817
7158858
6145735
6412848
5715593
4138392
6497586
7353727
6882365
5322440
6358408
7769566
7579186
4015558
4635279
5244495
6582378
8457152
5882093
8138340
5045345
6426945
6933804
5400364
6282901
8903270
5310776
10258360
9683279
4940037
9281605
9466323
5916106
4645431
5809698
3591310
1294522
6833001
4108852
8434644
3171175
6872744
7363253
9200432
5349510
4250058
3262796
6745946
1816003
