2983557
5885588
5800597
3710788
6027590
4604657
4548838
3205695
5409533
4584004
5064052
4858165
1576984
4484312
5914597
1177685
5874437
3182155
5540421
4564016
2770771
5367562
4332694
5378225
4189303
4538629
5480199
5273239
3074195
3821516
4206015
5196610
5964961
5124536
6330961
3630970
5370602
4610416
4282174
4732210
6311611
3811239
7195392
7089054
2336826
7277058
7203852
4653718
2795429
4235778
2287074
1266789
5052983
3333501
6431700
3029302
5180225
6114460
6722956
4298825
3638119
2317479
5051398
960049
