7079
9719
61437
35189
845
188972
569
380
274
68385
5139
9232
9306
9096
477504
2
9677
147
456
425
178042
12727
774388
1579
2297
1491
29437
185
17
1726
1559
8
1649
92
2887
10
770
110688
231
411
2053
5188
265381
1644
3035
473520
1079
27
9253
647
0
0
294161
179158
1982
2823
503887
27
1438
1550
0
11
164
897
9968
0
409
0
11
76310
0
1
0
0
459
1
0
8
104
355
158
0
10
200652
889
205783
70203
654609
6587
1512
782560
830
1464
1252
10878
814238
0
0
1280137
10
0
1365
798775
70
1736
0
112
51976
0
9243
52
60
9016
6
19
165
1933
14
680074
4905
3
1
1827
0
1457
91
0
4486
1527
795610
220
7
0
1542
0
1279
2616
1109
1
1
0
0
22
0
193
0
0
783
3270
1018
512075
2
12232
460
2612
2
1857
2
8645
136
208
0
16356
0
3703
0
193171
2642
9504
250977
5310
6451
283
8994
832448
103
1
3078
704
0
498512
798965
859069
9169
193216
572
1194
134
9
0
86
0
22
9209
0
0
43
60
329326
0
0
0
0
13
0
7
0
0
117
92
3746
299750
4820
251754
27073
60
48
1027362
155
5024
370
466536
874
192110
0
513954
14
499
20
217
221
6450
699971
15256
72569
5464
0
3459
4
1558
0
0
3
1
3
9471
76
0
165
114
0
0
0
483735
0
9390
497381
785300
268247
28746
38
77553
978631
165
50
0
5367
365
24
25
792429
0
0
991644
3585
228
134756
73495
186231
8
3759
322
3
796758
0
95
37
7
2
0
1129
5925
9
9072
157
16
90
1170
124639
799435
166
1
1672
0
19
773
0
180
13
281135
9256
505688
547315
3528
1417
62
0
9326
440
61
1226
152
201883
158
0
192253
39523
23949
3
4032
783783
1800
32
502529
86775
198490
46322
468
1450
1521
10435
11103
1892
188846
21376
70107
1427
7
196878
63970
61847
520115
460
0
1485
5057
49
176358
475211
0
781929
0
1431
170
806
19
840
10
1
2752
3772
12
1774
8
3089
0
769
1235
786294
0
803926
611
541
10463
800
4
1697
11
123
0
1595
0
36310
799778
0
484107
510193
10
0
1
1
1
0
102
0
1441
994
31
800851
3
305
0
0
2
69
0
57
193
1750
0
0
4972
883
8
9129
4
174
110
467
0
27718
28083
313
566
1
1
799463
585
1812
10439
231
795898
0
79
3983
310286
60
604
22
0
9007
0
9502
5
1
2
0
0
19
1335
181
0
0
0
1889
448
38
230
1975
6
103
0
17650
658786
748
76
291634
0
510078
1446
1
0
3
245
833
797693
6651
1
1610
25
1827
0
25580
0
87
0
88
1457
0
0
0
92
76
0
7
3
0
91
11
4368
1
114
37
1532
1006
1087
306
795576
514
6086
2
2021
1434
889
7
0
10129
501684
134
38
73310
0
0
936
475270
1530
0
855
0
0
0
0
513632
4
6375
253
15
727937
1811
1
26
1131
525
2
28008
165
93
0
571
102433
0
3
194520
23989
512801
1149
134
0
5387
204
5229
798415
0
20
1
867
190147
279
1800
3608
11
19
5622
0
19
52
500
9420
604
500
406862
757975
69928
0
30789
1718
185
41
1038
16
418
263270
250793
13083
19
0
1
9000
200251
1846
927
9872
799778
9
343
116
2688
0
442
1664
0
16
12
7
499604
151
1063
910
142
2
799779
1
14
2244
8184
409
1254
485
2
182
1487
0
794046
1099
26
0
85
5
5974
10348
2073
27
204
0
21
0
0
0
3715
0
44
420
0
3212
1
506
192909
1273
837
0
660911
1289
11406
3
27287
9282
182446
29
60776
72256
13643
6275
124162
5074
36
1488
64898
191427
11370
154
324
0
2167
0
0
790579
218425
4562
1413916
185909
9042
102
111
463351
948
27
1368
504086
2
7
3066
0
155
9907
2075
2
0
917
0
6
5
5
868
498517
9468
784790
12871
1
1964
479149
375151
476931
369
3
17797
10466
994
194773
37
1773
471
2308
102
84
11
80
3686
1509
348
0
0
134
1
4028
19
164
138
415
719121
0
180
783827
808070
1214
826
24346
70225
1854
175381
11532
27592
0
0
9654
9179
9296
0
0
0
722
0
0
19
0
511387
1708
278
3
0
59
760
12
0
1
175
323833
11
0
487
0
134
0
46
0
0
0
0
486
95
10
189555
3522
15
0
816
24070
0
15
24057
0
0
0
7
0
16
0
97
0
0
0
0
0
123
1
0
0
19
764
0
89
514366
425914
752
498
0
300689
799064
25354
1273
19
2458
3505
246360
65389
23161
3776
27048
0
0
470
33
188
335
203075
226
0
0
48
13830
419
469403
539557
9202
2
71
2
6363
0
3634
0
463
0
423
0
2540
0
0
464194
503633
0
9658
847
217509
149
346
504836
1129
90
592594
0
513070
778092
798734
2996
76265
403
0
1746
0
0
507
14683
1
76
3352
20
20
793086
371162
22
156
15422
199
216
1441
0
6199
0
119
509997
207
196032
15
8106
14101
505888
5999
70058
1656
930
191191
5230
1299
290417
148
517
1113
0
3865
602
575
1000
148
7
1530
1
169
45
797978
1469
0
0
16
0
0
1
0
0
1653
0
3
484
0
0
0
1
0
42
259188
0
8979
9320
0
179
8
7
1
64
0
176380
0
9
11
0
495331
165
62757
3
0
455
2604
0
4968
4529
622298
494999
31
592
1
5
25725
0
450
484605
1
325
928
121
28509
2036
483
9408
580
0
96850
15850
12538
460708
138
766606
31125
1343
2427
40546
267365
1432
0
466150
27854
0
0
21728
0
1
22
848687
15562
12646
1274282
70
24403
53
165
682949
0
0
0
11
51
44
23
5725
1807
1692
90
1347
5075
189
1
505687
192349
0
0
104
0
0
5603
72401
5
869
1305
89
790809
11
0
9
0
0
2246
496507
0
21
332
327951
798224
0
0
151
3385
174
19
11
239
0
882
40720
2
89399
46690
5394
22464
186748
452
180292
787
2
3756
10
754
51
2295
127
39587
0
103
1136
3
0
70
0
432
2832
880
62
796247
3991
0
0
0
0
0
91
1341
796794
1
0
1
23983
88
0
97
6
1968
535
576
511977
71819
0
0
0
9588
0
846
516
0
8561
6302
888
90
5665
9847
1171437
0
95
18737
9018
189241
9
1671
22
154
799778
114
1101
0
104
18
204
0
3632
1166
61338
9296
61047
2704
63343
76
782009
797987
841
0
0
159
0
919
19
1323
7260
2985
987
1940
0
148
721992
753599
2715
186928
4
35
19
884
1
178
403
2
0
124
0
180
0
0
0
0
19
502
824439
1319
87437
470
192505
17
201
9038
0
464
309
503616
504741
598642
5
80555
1
3307
1169852
15707
1277
1419
512857
4993
291005
148
11
8
1185
16
0
1260
0
259227
8992
0
176936
495160
441
448
0
25722
799
20745
897
77580
72
42387
148
0
1871
0
28034
45
5745
1242
200990
19
69809
0
0
498776
905
0
19
0
188820
2
3770
38361
0
83
20
0
154
23946
91
1151
9024
5908
1
771241
19600
1708
1100
205
3233
11433
780132
0
1467
1953
489
185486
0
31
0
25320
582
0
502978
83310
5
3664
548
0
177147
449
21425
119213
774
1200
126
490218
334
86
132
644
1423
1457
515
182382
964
1239
395
11130
10021
524
4171
1019
6639
5
118650
462
7027
5407
3717
250479
1439
61111
858919
21958
50
47
85
291956
701
71743
120
1871
4954
271129
1585
3805
155914
112
23474
192479
1037
255571
2855
4
5
66768
19
62992
61614
1673
314
1295346
768586
31621
4231
52
1
22084
367
84
0
0
7
2
1
1572
41
26988
5097
182
3
297092
533
0
0
0
168436
3959
348
737447
0
354705
646
0
65550
1
0
208243
0
782964
7459
2
4939
1
10
3360
261083
6154
5789
1296
1522
817777
0
4524
22
149
15
154665
19
1
11672
2320
182
19
7
0
221
24126
47
359
119
6
192121
551387
1449
9041
1302
193119
0
29
66252
18
474
1490
924
0
0
0
1776
6
46
0
491
0
68072
1577
243
19
0
182
0
752
62941
21
55
118857
1
12
0
10055
14729
768836
1
419
300
24
0
120
802635
13517
1305545
0
160
786968
0
29044
0
191562
225861
4363
1510
3289
8273
357
423
2019
6
0
70079
5
2
797179
188443
10944
22065
0
4355
17
7
42
121
42
0
0
888
3
1839
1
0
0
1595
9088
2023
5409
66
1597
973660
64740
0
701
817
799779
15
1511
866
72020
661956
1885
479898
359
3606
26958
510798
18
0
841
1
5059
9706
185
49
3
157
1
0
1287
1
1948
1093429
55
1
6
1436
533
70
7920
0
371
5496
91
0
102
0
0
0
0
0
52
66138
162180
4623
215
958
980
3110
558509
0
56867
114
799143
0
1246810
863
1
0
4
1
455274
414
1494
362945
57
1
665
0
0
1089
528843
0
3
0
0
65441
0
167
19
0
1
0
0
0
2013
120
92
559162
196
2292
0
2012
1867
517
783969
1093
1
449176
1284
696153
10
2
75
0
1
21
1670
9698
719
0
161
1
1
403
9409
9
6988
46121
1969
12326
71
255155
2
449
795812
7617
132945
996
185
4194
2357
90
27596
77250
0
19
200
24
6
1324
1181118
33476
1555
763
11
1658
28003
144
9691
4299
646
302
148
11
7
566
1310
143
7
6785
2775
70
1
0
797426
150626
801646
2
9
669
10
20
108
0
76
2101
11139
11227
0
11
9225
1565
799080
184
0
4
67
795722
21
15
3
9
82
798214
1
1567
3782
11
5
196
0
367111
6
471204
24127
60
0
1
8
1572
44
11
162
1
468
1382
0
440
0
1
7
800
239362
882
0
688865
0
0
794322
798217
3
557230
1450
22
0
2
1
0
10145
3
0
1304
0
0
0
171
193618
0
75
0
598
0
30
10
67576
439
518637
397
147
67872
19
165
0
16
9
146
1
1220
1482
0
0
103
0
9
922
2
2600
2
45
8
19
1
434
0
519
382
0
720078
2027
0
206
0
18
0
605
1948
6
2
5
42
0
86
0
15
13
4
0
509
0
17548
2
0
199
691252
29822
1207
751
0
1573
0
0
3
799863
232
221740
0
69920
0
64998
1
0
0
463229
921
504626
1
3657
134
1442
15
447857
0
9322
12
67543
207
1
0
505060
18
17
0
241
55
7
0
668022
2175
63216
60364
11312
1489
785315
1
72093
70
7033
4947
0
1
0
0
8081
321
21010
24
169
35
493883
14711
564
765403
24831
90
3
1
1
2
0
409
25584
3
0
300
507747
5
87
0
3
98
0
1228
2
2
3741
161
106
1
1451
795669
6970
2
13
0
1052
231024
9016
11141
790631
494704
0
180
148
0
91
601
1
9474
3
0
786993
177
15
19
0
0
2
797420
2
25411
3
0
0
0
191563
21
1324
0
219200
4541
1409
46
16
1437
480
2892
27
4420
1488
2
28146
0
793
2289
201
103
458430
27329
24
521
8766
48
116
1701
222
51
1941
2533
1470
437963
635
943
1544
1070
336
11
3
0
0
70059
1479
794145
0
512
5
1
5
6535
0
6009
795720
1440
782
1
14
402728
13203
8627
9880
192939
1517
602227
711
393671
1273
64
0
334794
15
7
3989
533
550650
1386
9039
6682
978
3497
1
9526
24
492228
1274121
77771
352
29
3241
466
485
37
6818
9094
919006
1664
953
796064
3496
9475
192038
216201
356
501751
2358
1174
1075
1452
0
474817
161
21
2
3611
776579
1482
236
1595
1
510412
0
2
863
2
1
717
1
481
0
799403
0
0
2
9005
1335
18
672
2002
82
156
251
804834
1644
1604
0
67
4
3
176
6346
3450
8
1492
476622
855
512357
503853
1818
27735
105802
218512
504367
803229
0
12167
0
52
0
90900
167
1308
0
11005
799778
520
11
34161
0
1085
64
795361
9
1976
0
18
44
363
807
29081
221
70119
2494
11755
1729
192604
468717
144
3
1883
1
6
0
480997
2168
1373
88
2157
348
183
0
527959
72649
28036
9937
689
0
509727
757
619
88
180
486
193058
831
23892
0
97
0
0
761
943436
951
1138
10
0
0
209
6567
72
5036
53
2
9664
25446
1
798036
0
5053
126
43
355
14
5087
6
1202
191446
1633
81
1674
796823
0
1
889
0
0
20
0
0
7
62983
11912
625235
4
849
10796
209
4815
13794
17
176909
22410
797500
320472
658329
11
1827
54
0
62
3590
58
1
0
692
76
11
2
1421
0
34
878
1120
41
4486
0
797989
1
5
309
62736
3905
7660
1414
42
189231
265
33
62075
318
601
1
5868
77
9394
0
707
1
0
554
19
0
466
55722
400802
798316
666
820
259168
495185
2661
205
29053
4973
69688
0
5
17
112
0
787969
9658
1595
0
25388
0
1608
465
36
1441
43
39
46362
3298
766916
1008
1192
1963
157026
4583
18
328
49825
880
43
87
193
0
4954
552566
65646
209830
3
4302
820194
35
15252
1565
441
134
554437
19
19
0
42
10
0
3
56464
4899
414
9148
4643
249744
554
1957
70161
995523
2079
0
1990
1
6
1005260
1537
735656
1936
855
10536
209
10
798342
1505
1
91
0
0
0
0
847
2
14861
30
0
117
0
1
649
2305
609
448622
0
0
0
424
11345
0
182973
983
99193
12
363965
1588
9924
134
0
2831
0
112
210
14
5533
1
0
0
0
62709
2
99
1025
1
801
497650
1593398
19
1110
0
615
93
2
523720
1
903
0
9
3
1
529
0
632
3
0
2
0
0
1
799779
0
65219
1
0
34
3
113
5
660165
375
76755
0
8095
169
9705
5
0
507749
0
392
163
0
1060
15
180
880
11
19
1746
0
0
392
10
47
5
128
212
113
2349
956
33
5
0
6461
2
10664
793852
1265
0
553813
9990
21
503622
722
69920
9045
384297
1169
8
1779
511293
2
492
76
3
901
69692
3
1729
16537
151
0
9716
92307
11506
33122
795304
364
2099
1084
25
2915
1765
2094
9678
12
2
17
437097
9
6739
0
797836
141
191886
1472
906
0
697548
1267
2108
46926
1
63
45
0
41
796755
810
189503
199
0
1
0
0
19
138
0
1
0
80
154
7
7618
86
0
2921
2
134
42
5345
256160
2
0
495494
23
91
0
507
1
297
0
193145
70739
12765
219
1
62625
802
796887
0
0
398
2
1
1
38
728589
9423
506780
0
597
2182
8
46
6334
11577
1066
582385
193085
2752
68598
10393
96836
1587
3069
9504
799
798692
2187
26000
781758
186864
19
24
545
199
254123
915
1
69759
61730
782063
4
72350
1496
307
792739
79065
756317
44214
5135
2555
16413
266509
22955
78336
296
34
1734
4940
18836
1491
500
8
0
773
207
18
6378
68938
1616
2701
377
781989
43
6787
191367
73
38614
1435
81
268821
200
6
0
0
201
114
8
19
0
0
5
2491
19
637
1
0
25
6
200
3
6
5836
424
0
1272
2275
794720
357008
1089427
14257
779
793809
4625
32277
4997
6988
381
620274
790803
185325
561
1434
48
795675
6
10370
3
42
178
1583
1
2
34311
310
290039
451718
11025
656
191412
187
9686
4
941
59437
35711
5083
17
1279
90
626
1435
2
498094
688
96
268520
205235
1256
9
57
1
137
177
7
4
0
3057
565
0
0
1
0
0
24144
1289
184064
9437
1
1871
13
605060
3133
188
2
16579
3
4
0
2794
0
0
54
0
920
0
0
1
1
0
0
5
4
5
295098
767
498428
5603
146110
0
3153
1
950
800416
0
498626
0
498453
2
45
0
9467
92
6
479843
15290
290603
169
9
5621
7151
82
25
1
534
4509
2070
0
2
4
6
0
478540
710
355153
115
693
21422
2050
800883
798247
474482
10952
0
19
0
12533
13
0
0
1419
18470
3
82
7
9049
795586
1469
2652
11
8115
351516
1066256
771
721
217995
798266
1127
13517
39
2345
14
506
1
0
0
78
795706
1569
816
6
4563
1
0
31080
156
795520
5
5067
8
12
136
6843
23
181
282
0
5
39218
6348
575496
4060
4
951
792719
55
0
771
184698
0
0
0
798779
0
1
1505
5
1
0
134
1634
4
1429
1
798102
94
12
4023
0
9
0
8948
5
2025
0
0
199
164
0
42
137
0
125
355957
5519
1
1286
22
716577
0
97
471060
1
0
0
24128
164
17
1827
815888
1949
1079
31
40182
1547340
16741
1155
290555
1560
22
1438
92
450348
0
2
34700
1339
887
119
1634
2907
65679
8986
172615
1319
10308
9719
165117
574
0
9616
10003
26
1544
8
2305
464
30299
0
2310
3
0
373
57035
1
44
24285
97
116
19866
3870
1181
0
9146
9019
0
276
17
0
1278
8
11
169
947
90
0
4574
57
450
238234
70
798082
417
5
1
1
0
0
0
32179
492124
655712
237
235
320
1
3
5
91
0
293516
482376
5029
792659
996854
877
2311
102
583
9
2484
3
0
9
552923
0
10375
10
789250
41
1488
10
58
4
1
19
26
845
1315
0
167
176
0
0
1889
0
0
34
1
0
193
5152
8872
1060
1
3673
85
317024
11
566
0
0
0
0
0
1304
0
394
1
87
0
10
0
0
0
0
134
4
171
0
0
0
218524
44
161
0
0
1277
0
0
183740
0
93
0
9388
13
36
0
598
0
1
0
466514
144
1097
638
1084
5
108
21
0
0
0
601913
164
3420
71118
185574
181
19
424
3526
512224
7
9421
932
0
8174
6
10145
37
1321
49
0
3872
415
312509
24071
17
9018
0
0
2958
15
0
11
0
0
0
24057
0
0
16
0
9
0
54
0
0
32
40
11066
0
883
14
23
0
847
0
543
16
780981
121
9912
0
222
0
0
142
0
1
293
0
2558
0
96
0
0
0
0
0
0
5
9
175
6
1
495593
5
0
921
0
6405
109
2754
288560
1
20
1
748
0
1719
45
496700
0
5603
0
8
5
142113
56
19
5
0
0
759
193
162
3256
58
0
1
1
88
513797
59
10
2575
420498
0
0
799778
0
0
1
751
0
2220
2230
1471238
1928
0
96
0
799110
0
0
0
8
792047
7100
76
456
44
0
24887
1289
0
0
0
9486
0
1
0
15450
1122
105
1
3498
0
2068
0
65154
480249
629
179659
14417
62222
11637
97585
122
286320
276657
26814
12
1369
3308
670979
0
0
0
27009
5622
81
0
0
7095
98
5221
1
82
0
15
470
0
9019
38
20
0
488
26
182
5
1
839
24
13451
13304
191590
2584
3
0
329
1954
0
751
0
16669
0
0
2
2
47
4
5
1280
0
7
13898
0
0
67394
412
619467
508998
1
462440
57
535649
0
119
0
357876
2016
2144
699851
85
1590
2
9386
43600
21
748175
40
5110
32
15583
167
208
12
8139
0
799778
2
267
836
802058
3
30
799778
12
472535
0
901
608
342
231691
0
0
1
15
0
55
580
68005
1721
0
0
96
0
765
5
722942
233
0
0
0
33
0
0
0
0
8
0
459519
3810
457529
4807
504958
1
18307
64
921
0
9773
493876
10622
1
6
4
77
843
3652
0
217525
0
148
9035
134
15
792038
0
1346
3911
447
12
28012
477849
8770
24
439606
2163
11
90
0
0
760
225654
379
375406
340935
3894
220
67
848480
3353
793647
800943
526050
3096
181
776610
1172
11
721
797754
1335
0
219652
1
283
1343
577626
798171
18
421
18
1130
17
0
37
12981
30
735
1316
495923
2094
635
15
0
764
0
0
25500
8
148
691
171
0
0
4688
9730
1667
662798
38
49
720
2
347
1178
65969
1510
62298
458
20
541
855118
0
34019
135
769359
25281
1682
750420
2163
42519
502
365537
782831
1722
2
10
6
4568
70563
151
2526
878
70
0
15146
0
6
16
264
36703
81
102
4903
183
0
796737
408
9
1
657
0
0
113
10117
426
953
0
8
0
0
102
45
89
7929
1009
191881
509250
0
183
40206
11245
2725
0
45
191405
4555
23912
15082
9
1
73
6880
1141
325
493885
92
1391
12609
14901
0
505906
4
343
8287
3815
33304
768049
232
69108
766980
552606
31589
32779
19375
1748
55
1718
769872
1334
191261
0
5
18
0
6247
77
0
797276
716
565
15031
1
289819
645
125
60902
0
315
211161
161
0
1
23992
185432
609302
9862
0
0
1
3
0
2847
496871
0
88
428
1
4849
15
479
91
1597582
6
81
2
999
1561
0
88
148
1505
17
6
0
8
5
1545
1408
0
4
77
23
169
0
592
0
0
45
0
1382
0
2625
796792
2075
1
3
1486
1
88
1
5092
0
0
156
0
1
11
317
3796
795538
0
2
90
5
16
0
1542
0
798172
1480
0
1467
1881
31
4975
98
2
0
0
9
4
0
921
0
0
0
0
466817
1098
0
16
5
9413
1435
441
248921
9016
11
0
0
0
10992
0
171
789601
221
347
2551
0
0
494849
919
22
0
0
0
121
0
143
0
755
0
0
259175
0
0
1
0
0
1
13547
125
28
105310
281981
671681
0
1
5407
0
9006
503
0
12836
8
2
0
1286
0
3
5
21
702996
10948
789532
10
0
0
176
63
0
16
0
96
646412
19
0
134
0
0
0
1
9
0
0
0
11
0
134
0
799555
526963
227
0
166
49
1
496224
180
26196
0
2
454
1
63943
54
815931
1468
0
0
1951
0
0
0
410
671
425
0
12
191914
27399
0
39390
6
0
209
435
762685
34571
768349
1544
161
4538
15023
63219
214656
620521
1
495916
4464
291075
83
1561
16
1429
4
592
23
1878
16
13
2
1439
2
95
1428
15
0
140
458639
76
26677
11
22
1954
899
22
1
459
1
4478
698950
9
12691
1
0
2819
1
0
1210
0
0
132
505197
944
785
206
1538
3
7
26249
268
12613
35
65858
1443
14
1849
1
4
9664
5
4
192418
1
0
477868
0
8067
1310
20
10297
27301
2
