1020
49078
42473
9266
3779
12633
7045
869196
105392
48644
184621
461649
513
155503
9038
704
11
1793
166609
1372
8217
85759
473722
6213
276675
4002
90029
257
76040
590280
538490
345347
29933
502203
5561
91110
32340
1356814
893988
181762
105850
352006
415145
8112
100269
13032
716128
7901
460
4175
110
9343
1990
186963
24973
2148
2274
406873
1514
287
1550
8581
777
614
79
652
1767
2471
108513
292532
571901
11774
923
487
170481
5148
492717
43150
1030
81
126317
8362
167440
8845
66004
8594
4122
284410
999
480406
479462
381533
652071
4541
140391
4301
2448
1477
2363
772718
204674
665977
189771
976005
651426
698366
221037
7179
2972
742
40962
1934
161384
773897
35883
247267
17324
94126
2373
490017
782811
13117
645856
562646
606
480338
455053
89699
31414
496534
295747
190851
7850
33338
480887
508088
179274
3287
313410
8848
4788
2754
2695
90626
6437
69703
4269
1539
484938
408515
3015
499746
156993
442384
131447
736930
3482
263535
2381
481362
20663
111317
178784
8284
640593
101947
437523
198564
242644
96827
278589
7158
488771
486905
1765
278178
592718
3368
235950
1356
77657
1261
629525
570408
552090
283
337074
46756
134784
1158
4492
7433
968
1508
43426
0
699430
838111
758350
2428
59
2810
280
49
799
8392
3733
576462
7
1600
478293
525
167970
23873
323
1477
2242
26142
35625
680
392
1694
3313
671225
329
88491
47
164367
676
37732
412005
1720
5948
18621
782106
586
125368
1162
175
52
4027
114943
96
446273
671
475667
5886
180
13105
194096
2
60
166470
2859
2061
30023
103
209
606
335
1448
579
1981
502
11
8991
2908
487
5925
2228
132874
45
6157
5182
2042
141429
211276
1019
79207
663
1802
532
798115
574355
23
685
717576
2699
3241
349
1751
7276
39
474
12
1275
169108
16
1717
4043
4001
1
1638
1119
86090
4274
177594
489741
564
1546
83027
483278
378
800413
486
1000
281
164
91191
251
4511
16
866875
126048
8
536
984
8322
175499
11819
2767
208933
8561
58
86288
7755
1896
32
705
65772
1554
1227
543
16933
892
21156
4031
695
3083
852
417669
1229
5459
1357
178755
39605
750730
2613
532
99
986214
40766
3775
245780
5339
1
377198
1423
477263
662155
881
479923
269100
150
1828
6621
696944
298892
73744
1431
3851
3556
2202
1589
19040
268086
3839
69
25
65521
3872
929
385100
2487
690
2668
430246
162298
587019
1
504
41
412
204469
192
8694
762871
144
13817
1388
277
184670
14708
12292
1203718
220090
235
382708
590914
188454
40134
485160
618
1538816
778224
6066
44134
786104
775766
969114
16218
1733
287
2293
749615
1137
10549
3284
176
1944
88669
800221
484046
17603
3590
1017
821
1942
620
332335
1684
4811
945
1460
772176
1762
11901
28854
12851
32353
1761
1
248487
176373
15690
936
87733
1093
695
4567
27925
876814
2730
2030
1491
9
2499
122
490339
261
88431
258990
976386
751
94899
8401
1685
2084
966168
4075
838899
203342
1684
7430
491207
65059
120
662
1930
478305
39
548
481121
4255
527951
184
2584
1855
82140
170223
9204
121914
16794
1934
634931
26206
486416
4724
175993
382951
503715
491964
407628
3557
37418
1325
164117
19678
0
796264
7149
900
355
49
22365
11298
758
527
483926
926
200322
792288
550120
1735
181436
171698
264987
337841
144
986
6414
4426
357739
133
768452
162939
11157
421
141846
888827
5874
150010
1655
376884
1425
0
1125
2655
5629
367
828805
23620
5310
85964
43875
2706
71241
758385
641
40129
110
13540
3820
54942
73
761494
5133
819959
3
408
5819
728
700
525953
825
6128
384864
15861
6440
2936
663591
754990
90259
1300
3337
10466
499310
528
485515
7467
234602
92050
158290
999
450948
212
60463
601598
210032
429169
86622
1
232292
739674
732051
70
710630
1657
2254
86576
3037
176978
1354
1448
42393
2154
2467
85932
514603
4917
302193
342987
190858
43752
611
25760
391313
93
5645
45487
133972
173710
2654
562
500769
161053
494556
2585
806862
134224
3716
44498
6
71507
391740
2857
725977
1152
3429
250211
8242
17409
1111821
163898
173861
87948
96333
405
3604
2539
138466
155620
63088
26107
3151
380654
686766
2438
998370
1441
104984
5277
7461
162935
2352
490043
17347
6035
469286
101686
1511
65
104082
260720
107330
1239738
4041
221270
1154
935
32530
4392
237906
122084
667549
3074
148
261
2398
5333
567
2116
76917
168
123758
1481
685
105
650713
4940
1530
4095
293
6
569286
1050
645054
165366
1792
489448
442591
11306
6628
109337
580152
338275
204416
1551
4376
1183
18952
45968
143196
209
230
3
727
6
903
87216
17317
175968
708909
5106
544
6351
772000
16843
682
2940
1705
1043
26619
478008
971
781700
650021
15913
24834
13682
480513
0
87380
46
176
40
1665
875667
10398
142758
719786
115534
41459
1776
10619
752295
5316
151
3502
1122
147
68534
1611
480803
1216
660995
177802
265978
38496
2
1502
1409
7599
100
1029
276
4
2
737
85086
47224
3
9783
938
2101
5150
309226
486854
2666
1148
97645
484631
191481
7533
1745
126
340
431
0
87292
483278
34981
46880
121183
0
676
2024
317
1156
167130
38605
1523
1636
21328
4757
2518
1112
478302
455742
12254
746
61
797717
87530
2672
87
7844
15
36836
2006
1440
1425
78507
663454
1425
43441
665275
560
146
62
2070
1000
246
340
164
1992
346
6256
1952
5467
2398
653
7364
664048
491424
3545
3363
482336
503806
697
86623
1421
128211
1848
281146
3088
1498
76826
825
8709
165731
13938
800304
10317
94834
484754
271
7302
209976
33653
493
248763
4778
161724
28240
336
1566
13159
1578
188591
303639
482129
73639
4243
35198
14622
2971
632620
317047
3828
90300
1590
251193
480569
3956
125118
2415
0
5254
1622
1051
29685
441108
131741
20469
859669
648464
867
1044
1208
4778
722
30373
2612
59
2174
50
128261
154151
707511
574418
1711
10
1460
832
448441
59
36
1909
89068
402216
7361
5171
59563
4856
606
8839
1020
8
91
109
93
44992
13545
734
48
112195
0
189
174854
539136
141737
685234
20244
85119
54
156
917
165828
4901
3099
158380
849
4295
1158
187
32412
533
4116
6242
6505
562
454666
28330
25463
4534
432632
54
163120
1880
3204
10507
84465
4926
16728
27175
368
1456
2180
306
278
865
4308
17
134637
273038
381826
100364
493306
669686
23
2538
4640
6028
289
147
1732
33744
963
4212
2797
4739
500248
1695
182752
732137
2038
19109
174872
694791
163864
346
6029
1276
146
659
13
58
2161
625
180
35374
796630
125375
202
0
173890
324
215
0
9751
99283
499
1368
4554
706996
285
807
1204
892
12
482349
141966
91378
373560
432
209456
86019
1339
72
946
427
4086
1527
264497
1153
723
1274
7203
114
11946
112
1717
3957
111
102673
239
104781
4353
1187482
4871
489263
1718
10810
589129
188
521
4
1405
178206
86557
25290
220
1065
14616
2
732536
49
478468
436
74192
38673
642025
1251
449517
10217
760
463
1697
793910
325934
1019
25544
111
1284
155
11149
44421
38318
1675
1560827
354
47895
2734
755553
10159
88548
12338
30793
905
27281
949
192
3317
976
267419
48376
651381
919
2957
183421
2288
6713
1881
4774
221
14
2836
77782
86
2214
366
788515
3635
1944
0
2286
116
21280
1302
340784
865
8170
472
783
193
803
91018
171544
1107
411
3934
41747
302
67735
837046
10967
7339
144
259
485034
980
129
86244
3036
995
964
2547
43
86657
424
279
82588
587
3
3
900
482754
706
86882
1654
0
811251
127834
449
39260
763
6258
5077
486118
1621
982
382157
172232
30933
308
481247
383
81
259
8044
91
1162
581
601780
500
1046
2272
8462
710
1159
4144
3289
1199
0
10
462
1154
364
26238
704259
162244
172
221
126491
0
391
703623
231
91576
275720
566
4319
6242
3344
119734
867715
17217
171308
40
518
7836
175651
792217
472
315
794084
16005
55
599
39
1337
1545
2480
3458
21
206660
50
107
17
75184
392
2816
1132
21
177
247
90838
515
379678
292
8019
370
566
4141
92
2439
228
2206
113230
387457
375
297622
1464
2082
1398
66626
2463
1078
45
165
10037
5798
1591
328
783
2775
3669
3102
1105
28249
10
533
527
11211
40180
1148
1483
159475
1124
20596
184
14598
1077
3452
8285
32072
538
328
714
693
2
7170
4217
1230
1284
587
36
1130
363
289903
2102
141561
41868
34138
12283
6618
13882
5152
777
741
3184
1311
661936
86109
1392
481
343161
263
149
2638
106
77288
1173
534708
9353
16580
709126
30
35468
66
25715
289
479297
757131
807242
263
625
78
429
582049
85905
490055
644720
6
6735
32912
127708
4856
29694
16488
680
411
526
73148
173335
91747
14
12915
2650
717
1
93
97
866
9788
375677
331
274
413
575
1060
7147
7370
464
1133687
709
655979
808776
1261
53
621
5527
3732
480482
3512
71
1714
2841
9546
1200
289406
0
25
11
9993
539
1587
2225
209
395
3585
86124
3269
739
666839
694122
129594
4889
218657
175870
1829
3186
806555
75509
218294
33836
82572
11367
0
834
33077
33452
1725
2241
8948
49900
0
10022
3116
2457
1481
684
15017
84666
2857
16234
4276
798205
7578
2824
228
1100462
817
4358
21862
248391
764
1712
225
85
1795
0
9
2466
44
11353
1707
17532
699343
295090
4089
5063
232
1282
151
2343
177561
383005
263
2336
1050
179460
0
887618
2042
739
771
720
223
1784
529
50399
1
83689
177951
176095
1336
146232
12598
2106
8013
99469
569123
27275
55570
1006
1
215
293
1023
1497
65642
486484
9137
2
1201
25020
251147
2628
184365
7208
219417
0
668148
31837
97
1392
408
564
641
32218
2228
9511
823
669453
948
91993
893
11
25397
432
13925
2
1501
23
236
497
437203
481068
1930
2671
11751
754828
611651
93531
810109
1766
3522
5
12518
2846
12155
1
251
793
399896
482261
786344
15426
87961
2253
2944
129105
40569
42627
26636
622147
66
3851
955221
86080
93075
975194
22804
290
485314
663576
187750
262605
177073
88418
50690
41839
757154
386631
42758
102881
41259
259
489024
568956
787666
465326
964
517863
465413
3294
774509
78045
2562
6249
3912
32050
51519
15409
204004
31385
6042
6013
783006
40961
916971
607170
2597
16828
1769
487705
1780
478954
434425
3050
120550
1640
7980
174741
23889
574207
1377212
4962
16060
1457
7
2046
2474
246
159869
24094
1430747
4866
2788
2166
742
869
2006
603
1413
9693
941
394
437
2509
834
50
211
222
583
46
92462
1330
5859
260
762132
881
1844
1376177
32191
4666
936173
315
205421
161
24156
1325
38269
67
35875
2147
2060
459395
420
932
455
76
912
922
682
415783
1011
1718
1922
1205
219
6858
296
3394
7628
163169
206931
766858
1308
139
1039
48501
1371691
477972
223
0
686
582
597
914
4602
1853
17
680423
301
10295
814389
761401
2958
2128
178
393
400
1159
32879
1
48
450
15330
32075
1996
826
1137
32584
2414
28303
5080
710322
479174
2522
29785
54
6531
279
15
0
176233
395
70835
1961
3814
715
177578
381
16165
596211
3134
248
1118
185236
9573
8772
133662
41
754246
2239
175842
0
124794
475
55
173074
673
84
352
124
227
4468
57
25438
87250
1805
795176
8
92298
2145
77132
519
1047
10
927
1070
90252
0
3569
494
1773
330
1361
46
1083
191
290
2135
3045
361
1233
14
2080
66276
565586
139
64987
664469
261
4459
1617
4103
1559
1321
232070
1
2098
187600
735115
7518
1942842
270
111398
1261
807
37612
1123645
120368
1013
89738
29706
490182
74
9185
29571
193355
1413
250
2531
176036
2370
1751
2258
1349
920156
8472
116992
10250
1509
556
796216
798990
716677
79480
43992
78529
135508
267302
258641
25457
228973
5443
31430
1174
487208
3195
307
83652
17331
484942
8694
1763
485056
7005
241121
2664
81314
122192
3165
1373
30142
502102
808
37786
523
390
2001
130396
478306
15
1784
1046
84
4032
767
1405
53
1089
491919
623
6029
1204
1199940
2016
963
477643
89544
2214
65399
490616
522092
2998
177161
588
2355
991516
14113
703
1483
1621
1409
373
1770
3367
2276
14111
80622
1503
4457
14595
6214
166927
3962
2469
213471
1874
32590
5191
122485
10962
34153
395392
52932
156026
3744
547065
260077
569122
432911
1612363
180928
341271
8166
58277
402696
9724
1592
294662
3317
527983
256
2688
488034
3635
7807
972706
915317
41390
840
591
690758
201567
987372
8990
320639
5308
7246
31950
8759
560450
3959
288203
205875
746369
69496
4069
9437
137259
38594
15885
1003
99764
1043
1522
1097
673600
164559
9189
87
470
561191
471995
32959
32738
881
3686
237
38421
129
919
795913
2295
9776
420
819
371
87376
2041
322
413
1848
786
11851
5
112
9367
12554
2176
200014
47292
27574
46
9532
12888
864466
3657
275311
14055
385197
403315
364
3519
186
241046
487260
170886
586630
1263896
1418
1796
142
4369
172388
861
34992
0
1036
790906
842
2109
407394
94238
482786
1134
450
3288
2539
173306
6198
377624
662902
1111
795593
279
704
175019
263694
6584
889288
205016
237956
1182
277765
2665
825990
1559
1445
5192
642
868
85
3236
570064
155929
55663
317708
490757
4014
328
6060
838420
38928
8152
8030
797289
290
691
78807
104344
2186
30880
1030294
351404
7957
18116
87926
805721
28396
3907
2704
16
239
862
242
728824
532260
326988
20435
356
87000
190961
786450
3692
1192723
11400
566800
176340
147100
4082
3380
2264
264658
265
1577
85538
48851
234709
7758
106385
154
152045
1499
38319
3079
490465
797920
30
13429
665197
664832
924
6029
4414
5653
988156
42294
184892
22654
577077
84460
2422
1375
665053
101079
99225
335368
1359
33451
589149
479306
3370
13015
295773
3776
90324
849
1
26
43867
212
1789
85394
158665
296
2357
3721
1504
70752
2836
1910
1932
293946
1162497
4414
36823
474877
46752
870928
1655
404
698295
174275
101387
1376
14
482882
92
746
187065
2300
12602
88943
21925
591
1331
26469
27548
95660
443015
2150
246559
1723
804271
770958
129324
26980
2488
188634
6551
1746
667042
1389
154438
8148
178179
41760
485458
320
100
87066
1155
360
2092
43118
493485
178389
511718
247
153051
8727
140
1518
278
1120
793216
2198
486520
121
6353
762915
444
430
93
1630
4670
842
4687
493389
293696
2282
15645
4399
6051
32228
2469
10594
2637
882
8606
731
43998
25368
1560
747909
1476
39479
13757
506
1546515
13
97154
31153
518
1073
91050
200
608
690
662798
3881
5012
4035
30364
9926
1053
86315
504482
98854
29048
1221
29598
45143
3997
1979
698353
702220
266723
495
1098
2209
214236
179556
1066
234665
1421
41485
992
5295
88678
182
6087
1134
429901
1349
1
941
1123
202
1275
436942
13058
437245
2883
407
480036
2325
58837
573735
3903
14719
139332
136926
1064941
106971
73229
4135
226758
4772
764951
525
424013
605623
641909
322
857210
2482
1476
437
940
92246
676820
602489
286048
45110
496213
356
417200
2861
2862
804079
49279
709046
1127
29058
2631
2510
21367
16460
18383
709904
29164
1929
800
4330
599696
186693
800577
10707
173139
597
86295
1910
75922
86960
1223
2274
785
66490
176128
1613
1166
3197
256572
140865
508548
672
2496
1037
1044
784818
2514
41889
17085
480417
8379
1863
123186
531899
11726
11
3902
94
5315
565740
133
689376
3286
3395
14655
3764
125458
42268
511158
1288486
332288
12760
340977
12057
47380
506906
601469
85594
4923
6152
114753
675211
1790
1080680
42323
629
390
471
2232
12947
53830
179185
779783
524
742626
518
101
1863
406590
1074
205642
3065
119308
822
569266
1167
196593
493849
533908
796153
368086
25237
27823
408
169226
173724
1676749
2961
90558
1619
107064
478906
675489
3486
635483
2924
167937
1725
178810
3321
85816
159741
3952
701096
532250
348029
1412
456
89866
574
9153
848578
5826
1602
885
86927
42070
132604
2093
754892
6075
192
405482
8829
6825
17071
39344
4387
219
507
8326
28925
100265
47932
870190
391056
41027
2330
5362
237
2012
2268
584834
837052
85281
611214
642638
714
569453
1148
768837
5606
23079
997
1583488
69
162903
65795
1117
940
310
7580
572716
5666
904
39785
558803
22310
479497
805458
4006
37572
169636
313312
115367
233452
803516
192024
795149
123977
88809
4358
381562
1306
4193
86532
1401
6704
376
7204
497164
4469
4138
632717
6784
167399
478
68069
244926
60741
231169
355579
372020
5096
29596
22335
355631
213655
76436
66683
76078
8071
34089
41221
58068
3470
33608
54
361005
26377
3529
6092
1478299
18432
5505
81185
2664
2085
43173
40620
211275
927101
556157
846809
6581
517412
1406
87890
109587
32779
1620
133381
5399
15231
2668
35
2217
565
1460
365624
511847
160417
4231
925
14
983
3360
3579
2530
1505
264096
969232
450094
22104
1075925
673724
14694
578
6540
180450
14099
574359
201132
9256
132617
4408
110187
17757
26401
2838
7690
87212
652956
764
2345
134
104531
393
847
66646
89883
53284
11007
818324
590997
218886
1097528
2428
572721
192926
760013
857956
15190
78026
490669
487276
879609
6178
12168
170957
451
7126
4449
1502
30
9008
27125
484488
18156
133314
8185
165
1770
1031
2688
87649
196697
1757
78435
233883
20596
94563
427228
81336
14887
504728
772502
807574
3842
129296
33862
2624
2166
5755
684
2
9857
841
165
10718
2502
1784
402
3163
176463
148
149
5333
8326
4065
2344
439
2710
5
596
480335
23135
1614
73328
902
9662
170
740
363346
23467
121696
489733
882
1404
3350
157940
264
6190
78
265322
2
2488
2946
604
1069
161793
1766
489027
24
5367
338
1234
2511
4348
24
2477
536
6455
1192
2135
0
2924
764
259
66
118
0
963
541
728519
2264
1403
218387
83090
489113
480364
2939
1337556
1480
286209
10106
1473
1583
165900
25464
10502
90120
280505
1466856
1017
665061
507697
131
34038
482852
443072
3220
763707
41038
19005
565536
130476
30731
7247
5077
83906
462
30166
180461
579617
79
480246
505377
461206
1386
446334
7984
188645
3089
426400
11367
1970
95
4320
11622
561139
0
452743
2401
17780
2313
5190
71
100857
1824
45928
48147
61074
110
1419
519
133320
6701
5739
62125
8
1955
4
3211
170920
478942
64854
172411
992
544407
1515
483859
651824
1731
1005
7371
103
823
708
48
46
410
4239
863
243
135
814
149051
103491
1767
1002
16104
189
615
175432
1160
3389
549
9036
706335
224675
240803
24411
237669
5663
83810
1643
2919
1177
36227
15605
7781
778853
360
2872
4561
2414
234237
19730
579749
41011
445631
272397
523
1336
12353
102299
111412
8126
805103
499759
5311
5044
994
168
826
3098
690304
5132
8010
168477
1911
222
691296
2633
389544
572642
2462
1137683
6752
780002
480997
1657
485307
179530
264
40246
4483
70292
6919
26873
8362
2973
482477
489272
568939
49592
2815
946
2277916
1941
479623
477628
5317
36501
297
86265
3875
9047
1107
3308
4985
42
167762
87
194
857
1021
45792
2
2449
28
1655
88
4701
353
177698
41398
658964
18
496300
619
12303
7826
1137
3548
9307
138966
20292
225158
505648
2676
958114
259001
59223
3192
1472
55117
1673
1238
960
1301
10112
132482
19282
9978
802314
2840
748138
2606
760993
890
5236
2056
13992
1311
921
237
2828
93
122646
911
154013
1970
1494
1944
3335
83502
616
175388
1237
20533
139
51
2856
68227
189180
1110
63349
30196
295507
1122
566964
167
724
78
20968
0
417
4786
752147
634
4448
1022
1087436
4697
923643
417
44457
117195
24964
154
123887
988
2
14784
503907
486
1184278
2000
70522
36926
270250
165394
497971
623
177826
7442
2515
481
297
126503
28620
1457
6
40340
124580
3385
852
223
711156
1672
909
2164
478225
46
1370
1505
1787
3940
481260
353
29905
73
1
773
82705
917
95862
66
53479
0
268
835
457332
29
7924
1867
3783
14
2348
1035
1845
6991
1057
476
177303
2396
1334
1202
3987
948
306844
2003
70267
1626
3668
2112
487608
0
792
2597
662984
1057
52
510
1496
4
1504
92442
785921
305
6312
1121
30410
454897
459967
105827
126920
903
2131
597545
736
5123
3542
235
176701
394
484
9
385
96
1670
3250
908
1
184402
461
1373
192
120
353
50
9779
7477
86451
1639
485769
483978
2127
105947
47724
3401
30619
3197
3410
799075
2
3788
72627
120249
2935
3638
436
98
345
185057
3
86929
549
0
3
86528
44545
3748
612
1261
55
361535
3017
1038
0
23610
0
394
171034
136695
170885
489276
38766
137
1384
619
0
381881
613
153
1125
2374
747
95
1349
23175
480
156973
3853
9526
160
1751
10
4539
1195
1695
0
4570
1182
485478
59236
483096
216
717128
87204
15721
705
12193
0
9845
216
1765
796482
2833
540
2944
8
558
78
6
1421
862378
83276
2243
279
4276
86081
106851
133286
6742
71
87
688
259
1326
13
489427
83
8417
5208
1255
311
160
13841
25052
967
5141
2238
226
681
1192
155
2379
1377
89025
1044
1
2888
2
91980
2870
6719
751696
178583
661404
1028
1218
465097
4990
15379
44493
2776
70
50386
1699
668606
2145
2997
307
982
559
110
138
2878
2106
308
907
156
103
0
0
206
2102
441
2586
3
403
3366
133
1303
1984
259
213
128
1383
217
72
14
7533
702
0
55
15
895
1044
364
1675
1239
199
2177
75
543357
5299
145070
6262
129655
1014143
2021
4487
185
1753
87852
1842
3031
228095
217081
3996
1968
658293
84013
6317
87075
1110
112
484263
672921
398
546128
478946
9606
190
943
5157
3029
4503
96381
88196
808779
435423
451
477676
613390
3756
214843
9349
586680
210624
1499
523
8420
1009
919
2395
1412
88788
556
9816
181732
719
2267
242705
1277762
6056
6578
606
26862
1120
278414
796587
978642
182999
86402
2689
9559
1052
6071
80906
32104
277399
800554
6
1249701
2229
8439
2107
486
0
6739
838280
664835
2875
498989
92949
177006
1025575
133170
1959
1375
2423
1695
1989
832104
5
575346
176212
29375
71228
437621
120151
4567
2550
485423
1417
1196
509704
168
120
763425
357
4361
2193
1195
49778
86671
132916
38649
533
663177
88362
9134
31845
302963
484
1898
751
276967
535
233
2106
4257
7846
1945
2615
164534
857
1298
174987
61777
29664
20313
30726
1989
175322
1065
2118
1965
28645
1221
482829
4327
481204
177756
13183
1248889
502407
1320
405482
39141
181189
7434
10306
115999
7910
767897
5870
488881
478388
30890
2251
532898
22
3570
299
981
880
1400
3899
379398
2309
901154
12329
1184
932869
296
16652
44110
297041
167392
492486
2691
4065
1102527
186561
350800
44748
371157
36062
9954
3793
79694
4673
569000
1439
138167
1186
1173
674
297
264752
294827
175911
205200
81473
112032
479327
1700
99159
217064
214535
495334
163
5791
118
124458
657
4989
447906
1741
30171
278
3932
2090
175866
10482
480374
19420
14
1107
890
266557
3593
1073
3504
2300
1901
609
75
28883
83976
539410
6876
8178
9886
506711
2223
129887
2381
39378
7530
21963
7203
858426
18536
29764
473
2982
3
878297
484945
7846
0
1859
63047
6
117
8973
240680
2706
122
982
1281
167829
329
220562
170
99771
28036
144
2998
263
28755
4166
563843
29396
35976
532
5210
848
40534
88
0
502097
1304
6959
493
5
6
766
90
12744
775
273952
1262
656
1
171496
152301
53
2110
480173
707159
94667
15016
519499
94000
174561
1084
129149
745
1
325
480394
1
86095
458050
3631
577
405
182
3009
1550
484589
63
605905
2396
479414
0
173654
162
1664
763
138
4948
50
4000
1480
2965
2
86640
8009
3301
2
19276
561
383260
1018
386
7824
277
93
525431
13822
8328
3233
574
56875
2273
6314
15
23
6891
1900
925
16
3
767119
178265
524314
10944
1043
0
2849
6
60
9
235
1034
6735
4
88
478494
723
580
254625
393
87822
132
61941
3046
91378
610159
183
718
3411
2424
502908
477
2167
6233
4041
511544
8419
801351
415
4681
501
269831
291
19706
629
17
566
3
175390
2094
2190
3
29181
177955
481238
481502
663452
40967
1869
2691
1145
982
20483
129914
93203
582290
18251
4512
483910
348
243663
174747
135776
966
1293
178591
229
265309
2276
149
6580
24502
1507
491
172791
65008
6526
621
169932
1561
559921
5159
11262
4703
5
120403
1085
2657
83078
1905
1414
3151
1019
160759
1263
1716
4775
167
3435
262
51028
3068
2419
632
267722
8
125
7453
167599
1804
489166
3881
2749
795735
863
12
1703
2414
154603
10037
3685
174545
5440
27056
6829
3327
564368
33854
3388
3789
1440
3650
247825
3877
476375
1631
123006
30016
565656
16886
34305
565782
