108029
163171
218822
149898
174658
512420
650168
468828
755944
1685428
543849
455253
115961
242443
361034
277738
159244
1623330
327076
90966
177170
423347
430176
880933
529431
1609446
1194384
154750
572960
592901
810717
304218
878517
357226
596427
517516
474775
1155908
1120606
431314
501098
1694847
415666
421431
105005
1277017
224420
357461
561995
1829601
147633
647792
30292
256478
107939
442610
311846
459523
1010429
92020
511904
584635
130672
235515
25049
81148
248473
449619
842453
355580
1381608
800292
424531
63333
273768
92027
111490
47536
827955
97546
983980
270877
404180
72613
50019
188328
314327
530009
142230
281758
1865681
186741
222333
551017
811686
316588
1019439
393937
301978
618349
451130
821947
250427
1103661
543350
1713926
2041377
843496
631880
203703
995136
200187
24903
506725
115358
65356
66668
1247409
113698
374717
1151353
492599
1850173
175664
117242
254448
183064
177731
549423
398237
1014130
228831
807651
189745
66648
1137804
406133
388913
1521776
1141904
789080
93209
629605
401700
567326
346046
1712589
150249
705967
632484
1314150
639029
759278
501305
1553052
1005815
614448
639507
356200
669649
748092
713761
454990
756771
949465
659146
1628763
506621
893071
524161
759590
1148061
948881
118114
953910
384691
883171
174702
375712
91296
296458
173176
822852
330035
508796
203717
1471172
325648
93567
219607
667262
1060914
188696
507491
692254
209795
230395
1054202
1404781
314075
74802
317465
140340
113207
58279
310679
164339
871983
41904
64144
785502
19187
409978
348349
175032
850089
36739
65676
486655
148617
231493
66778
290601
352139
633391
621873
342023
439093
1123013
439339
427208
236690
512356
317394
1202523
449045
42904
74068
338761
155077
216058
444112
806147
325094
46246
463120
242293
31675
270124
443817
858311
58270
570679
61950
184797
93034
35631
293692
76231
51926
68861
775307
453041
130045
134792
514719
826605
963317
51554
81214
869303
55265
256184
752090
182814
695100
773379
29704
517073
265117
226985
156198
959440
684065
40526
74075
962584
240587
558266
849354
374209
568414
1679602
1362185
361485
438885
987983
674316
538408
100176
311127
94697
1046302
240988
177153
146052
282955
32557
70145
60059
60921
57306
90651
1306574
422173
88774
336842
44868
164839
75120
83821
247173
803646
21722
778801
383138
349060
88751
907987
1116987
195190
396980
227936
70941
357136
134682
59922
101910
864559
87023
101424
196606
374888
386154
53130
626023
439638
2185
309473
180578
869841
429070
118450
197590
425886
111151
515943
235551
1937399
14823
1066882
1358516
610013
463432
362336
206851
160522
97151
399462
1135181
363902
349640
263680
33647
77378
452635
1489412
728737
1596510
162647
159895
741098
311115
538586
802506
1229344
616274
137434
58509
627150
879742
102551
83582
1262724
135199
228476
117789
307196
380418
272302
614616
231140
811534
464977
191207
100922
772435
88555
80801
287197
1166472
1421898
187598
175297
983094
59701
876914
399271
726336
1122925
527625
2271620
1239856
1386821
1070488
538065
813790
1585492
1771351
296324
1046122
416777
1013363
51950
1292222
188830
14465
208786
159625
407729
699425
1299459
756964
434444
321754
78582
761710
48618
36008
994008
61071
920904
81533
585116
1292556
86500
317373
295817
328424
525207
31744
352671
104251
67725
427848
534534
853020
282344
49327
79761
488776
970181
76480
310378
154872
282308
151986
253816
750872
530281
152368
828421
1930885
722941
416082
737040
239138
408704
889117
1659694
1786606
836188
245209
83001
303127
256504
806989
267254
93794
33800
46978
361944
1091745
103648
473239
459886
104132
421762
160903
409208
314462
537748
180257
777384
2014149
741395
604876
200591
1584678
416381
1246182
500765
1223941
60579
1156276
397636
189612
1083608
357587
794630
117899
72879
107384
262171
699811
310135
1172111
783120
1499553
143009
60389
986249
1076724
97900
619428
966291
1059970
366538
553957
250014
1657398
501146
1085939
896637
1229886
1268608
989780
50760
1001418
886339
814766
873986
153625
663513
318172
1357187
342555
212596
1483844
401197
914172
361013
855117
34517
304723
417619
257869
705622
1332756
481397
205397
256090
265004
233946
470671
2028984
929006
1037570
245507
111381
491396
271644
63261
984328
840409
335087
791818
558084
353593
600289
274803
1537139
352477
448663
1042875
87780
1079945
802463
1335371
1019843
351013
300031
989423
76065
299218
228922
650929
2048208
477131
1891421
1036411
340069
1817014
896900
1292089
86250
953993
115314
1718613
293049
545943
387241
323212
44267
1042187
297278
802683
340266
735521
133301
1247256
777425
576913
2356632
427416
456597
917626
755955
809037
839474
1912348
106158
1367471
254634
1409532
819356
610754
120374
1300961
227017
519058
1170781
88754
1663171
1962766
384339
2042207
1321557
1178389
1923565
57053
755544
1759398
888358
1759431
1268569
569605
337103
1466440
984965
2023618
759806
1162696
788065
1081569
561055
1629687
729323
2151475
583773
1252647
91942
315863
409124
82538
576944
2243758
469470
1798866
403080
111394
291728
876034
512127
1704554
1584340
475562
1077916
251979
318426
150800
205564
536841
965082
1710398
291664
170135
86672
110558
58188
85240
81166
408876
106455
305202
203286
663897
79571
839662
325609
113232
67590
268626
112177
844507
136030
1324378
281991
1929028
512510
361561
1043108
323069
507762
1318117
781639
2039373
164024
547025
206430
505555
74878
252091
115254
336710
146849
138248
9402
260678
393047
288425
60967
1116068
1339004
154712
189958
1002019
423061
317397
576657
1136799
57232
1357584
420521
797730
1271248
219832
486107
438446
482213
1866957
116734
457024
50551
31832
212664
228516
226175
675595
372104
832112
449343
404258
83795
1491760
1051053
39466
148834
825744
91767
138613
31060
633002
466890
69248
525580
681464
912676
107023
483242
1143967
630642
120806
203282
242645
557296
44938
161394
62086
64384
493416
108255
222477
229244
153189
62888
130665
71322
92370
121275
1030469
183026
92589
394852
56330
104822
60025
593220
34107
196399
549632
637144
907889
170125
54159
18854
234097
120500
47634
245475
510503
297448
170581
117930
79729
278574
384218
270342
848314
192559
684797
8140
1221575
204349
317883
57242
632216
50211
170144
22432
471416
61569
866655
305747
883192
338955
521804
40981
219289
18115
297587
320109
36047
26216
53480
17701
89454
474347
676572
537781
691779
253856
124416
270903
231127
575182
1121050
406669
828940
109409
49981
106914
1737403
218311
1715128
476079
920015
1455872
237339
1576063
743335
122529
987497
264181
646691
280738
807605
403683
441758
624586
210585
424166
310466
350076
470571
210125
313828
528439
1582466
557227
737506
709304
212456
184600
1386830
1044390
1694607
1541788
2005973
483095
306065
411953
1293908
263257
801715
117772
591396
53845
55984
464349
283090
49204
600378
268466
285354
184317
325809
212066
501088
139864
163106
766153
401977
286839
135591
375131
185158
500451
347140
614270
189404
196995
73131
305081
39492
430761
95419
204711
219161
20296
342402
16065
370733
220418
105311
22840
1641952
302841
28100
203638
277579
184126
360564
384267
369804
1005848
280906
60081
308922
374990
872948
74973
697672
830907
733244
490488
194354
696182
344052
372396
114725
343582
311466
118976
476221
166242
1091327
60987
400196
303191
289867
408150
355372
321711
