97781
654081
404486
20438
699646
1025959
382887
651815
966017
2256149
88963
263041
7493
119351
283238
3093
556088
2409204
678989
57723
683
521083
557462
981502
378852
1740779
1406498
164634
847368
1134936
611605
89969
1792225
696456
335994
120406
213731
2046882
1009825
565973
1268070
1534752
458008
196080
471074
1258476
260548
4513
587404
2064761
1025
306254
1207
116808
172232
1244999
130616
399770
1397218
14175
383470
372851
77319
108687
17419
69485
901791
953828
660840
673646
1889059
1406725
533285
10755
351236
555155
50189
135351
1013819
69648
976209
5073
8693
13023
6663
309241
188541
342787
506447
379076
1700290
44813
523006
1139729
1205248
1559913
1127542
372081
188098
953127
244855
1017222
92614
1212606
24373
2254363
2839085
1484822
535864
328487
1794586
611040
13473
857343
86620
1511
106085
1387595
122723
1015632
1576786
51463
1736624
80807
4738
83098
77329
11973
570564
522011
1913580
184438
1035194
176896
508530
1072550
590204
317674
998109
1333392
459802
196259
77036
252831
666800
336069
2144462
85291
557275
1008268
1829888
790087
1381040
318111
1242573
771400
660815
572520
313634
1036111
463031
966912
807043
1430115
943586
351608
1685939
264630
1658232
450874
520811
782706
750082
4066
369224
219632
1489865
551325
1043314
5042
67016
339978
1319878
14733
938104
47132
1027004
153091
2435
293627
538409
1465049
3051
869835
207415
482803
800561
1170924
840853
108012
4662
100917
472956
495148
1369
209442
163560
304060
1173
38460
798471
47293
113955
124047
17708
1017588
108202
71607
978888
133447
201
170050
840251
488627
383932
433364
253332
15839
1364590
473946
767345
47367
471123
627832
1467298
600390
974
68684
138937
76976
116183
192271
1525450
194828
16332
357688
75325
571
192641
325857
296510
4637
123981
444824
10493
110979
35923
91286
80671
31622
56451
630719
615513
235163
136958
299189
1045619
1488369
7356
223573
1126152
4905
833859
998654
121254
490225
788493
79560
608753
848464
173974
134263
1514947
1231004
73247
558401
1404496
7195
344572
971661
606635
391491
2340453
1029655
450257
427718
1332809
495954
509000
81491
1037192
275631
495189
43566
3005
197135
6336
121
67061
22705
123831
3434
57202
1318452
672648
74167
552156
53583
41894
5920
5901
43470
918496
56559
1347570
123217
729956
218410
920771
1003932
17526
16826
5294
18203
47900
158
31502
124937
884791
47576
50285
169239
416172
231140
73208
996716
654623
98267
38240
63567
751053
688021
535119
614012
14581
215285
575178
189666
2635628
15446
766026
1267741
1735653
341009
183697
67606
128515
14212
592555
1510904
14074
329181
495863
292010
157096
304040
2211978
439030
1934685
83044
1311847
895036
671685
614584
1291340
2279839
556506
524161
16091
841464
1616758
26183
43110
1193913
46592
134695
385865
225094
867614
145935
271746
73395
523333
879943
2419
262201
1121391
187343
419623
165996
1710567
1041526
565849
45789
1192635
14636
844922
509513
231373
520765
262156
2626785
2253263
2156923
1554347
511760
1637127
2051038
2054636
80063
1021272
1302544
1042646
138634
1334208
11992
228267
3787
287290
34941
1169842
1907779
1133272
165742
644561
57190
344233
89206
101918
1106074
3040
1440987
46977
611805
1767368
3879
247301
2728
99188
556903
477117
316538
2610
6287
207542
712370
1052265
535254
219105
6309
740978
1677989
60783
113783
99930
290737
117555
223200
952165
400648
581812
244623
2298246
976855
690926
390060
94928
9128
410263
2460742
1933709
600573
529355
565554
217607
937042
660698
180855
3435
1110024
253779
492039
734189
1041
586276
717765
138606
822244
23175
407706
493913
117149
213453
1558995
2549614
356405
1269005
93520
1968823
10554
1808341
1048902
1763108
125309
995587
543410
214635
868012
376343
898685
125997
66228
6426
76606
491063
674521
2088231
568277
2434550
565352
36409
937900
1130807
77673
538122
1111125
912848
250636
570421
252122
1527998
772747
586023
908193
1400353
951904
1068593
43224
1175005
1252917
972193
566412
22144
372684
308050
1116406
764677
249994
794972
926586
1065409
82406
650811
24579
205175
573286
98673
1282562
1089977
346581
405924
331478
157731
183757
634598
2378059
793553
1129777
127906
15840
457026
570029
17047
1333997
943415
3768
1024643
286988
1048703
943618
797621
2013398
612804
194157
981029
2232
1262831
682697
2477693
1427588
591887
257254
872003
367871
384205
65863
790151
2821177
275169
1643340
969523
94172
2210395
423491
1612726
60713
806110
483176
1823337
731916
280211
211481
203510
133994
1209446
1125262
649256
28208
1453298
18187
1234065
381004
972628
1852773
334401
28391
1685769
966999
320218
1360151
1549537
136744
1091435
342659
1146349
948683
807262
83834
1311772
115173
813352
1605628
341677
1208602
2721746
883968
2461830
1344487
1566893
1906238
1096459
639540
2701931
1397253
1500508
1256165
1098626
779660
1604481
1019507
1555577
885772
888185
977656
815463
681707
2143996
555395
1509521
989178
836970
9184
58112
40996
78889
758518
3282476
540737
1192584
473837
380177
503174
618190
583900
1484505
1922352
604411
890099
704883
1433163
84353
4818
182791
1324183
1375516
624224
80143
12411
11828
966
117354
267622
264199
80745
148130
113628
472940
25616
1194219
628944
314090
272652
322138
93728
374921
74102
2029290
486921
2665291
573882
167501
1496046
346306
620933
728078
780874
2049579
209890
349935
138960
382376
105271
393691
311
511862
123325
23685
80489
780114
1527
38203
74975
964712
1402634
6720
993983
1622467
63459
830637
458967
542583
6384
1681025
314015
726364
1788348
34974
235377
562259
119226
1949858
649658
320174
68667
177610
326072
526224
655746
207930
172454
975239
1924789
1319
127747
1249974
1311658
3167
1694
301437
2717
516967
14983
385803
227186
110306
859146
730227
818288
485815
310659
1047397
115135
513981
166948
236187
999608
922
96082
1044515
891
510530
17922
232442
1779
104023
10908
32564
115939
445054
986
496042
2650
118696
144398
61443
5674
30402
1198747
280848
235463
227839
857958
1261182
150913
23467
48008
604927
14824
352
957608
123034
7320
7454
104045
172197
26016
2668
29710
1146402
58706
904917
43753
1453679
564353
516090
87311
624431
200904
60038
1101
226962
527035
528718
957544
908236
995220
842262
65228
247061
87513
435293
1789
1330
1515
83515
233029
5997
163664
112271
561697
530430
961733
16767
475272
64252
408838
1587034
161594
1306107
63384
82156
202227
1848060
118504
1860738
254698
1255974
1937107
1164
1677051
779148
108329
1074456
586973
961134
91422
926234
430134
329101
743811
236384
324426
119139
543590
172049
523452
71982
460060
435523
142510
833753
325536
15741
213167
1873944
1771663
2092592
2658736
1266612
387769
157056
172150
1961453
9091
861962
549547
298030
79484
378196
377905
726016
57988
368301
137356
421528
187256
2564
33309
981331
549133
251246
614361
137823
175216
134434
67111
419
193319
713377
1092662
13522
242219
584303
225491
87426
633823
6366
727756
385281
28749
609341
66582
6706
247025
66511
1344
1999700
546600
90
545
793
2001
125873
1088976
93652
999218
492664
71135
17170
550655
129233
7906
961854
891408
910985
769199
378562
447871
9808
22452
22646
103723
854799
1819
1026050
295
1491656
13560
591184
279517
5075
36815
249408
15312
