253450
215744
253792
21018
21484
849729
58913
31245
71026
402807
375168
136158
12826
405065
98931
3892
35791
47220
26173
49098
46880
990631
765970
834629
848000
890875
104674
29261
125
1232511
38102
310528
806323
161269
115160
11883
114445
613398
234928
185269
251128
164656
333982
901490
108862
1662409
102050
167689
10737
321008
28813
0
398690
575042
745248
200877
119831
97961
890239
158249
7433
7587
70358
3699
805271
234310
40158
848318
832213
336155
660176
27535
291124
27241
814684
52497
139080
495675
274565
69805
135399
62461
604716
102421
26661
275923
115801
799882
89028
440470
643576
246785
117090
57449
433657
830986
60782
242587
977207
616
140615
59846
820790
81116
89341
183113
140912
117597
315921
906032
492871
387598
72
201019
16042
0
282282
177827
889703
680972
10870
768741
35281
67013
79426
17703
45541
223044
112453
976503
90503
120858
272361
207376
34663
467436
914813
110933
297075
236078
291312
199740
1062235
72992
250109
343791
81175
478457
224451
18023
377363
66707
544867
862128
112706
35402
231608
796517
244657
56607
795582
70088
398722
26618
19540
116471
59189
337251
217898
658593
51631
281798
85248
356040
2019630
48603
498796
88124
131095
25386
475156
1012032
551545
358530
278250
151594
87852
66
100946
465891
690326
50865
316464
16705
5764
3017
252844
122296
298920
85437
88613
18758
251157
30759
54655
13005
16439
4344
31066
14145
427403
1111968
193547
484321
23915
439392
32887
761353
92299
143282
33847
209432
26033
118880
458940
855779
77532
15000
91176
694340
36072
287107
340214
1241513
238926
860347
7960
280141
31774
943654
95875
2
58266
0
76876
32288
22571
63414
159077
223599
376599
131954
38336
9140
32654
16811
268699
466533
457560
373114
11361
861864
825527
844895
129066
212226
179362
502682
34413
157087
881246
0
82576
940649
205456
42856
103165
55653
235792
3678
74647
142942
120716
933102
8356
379436
14621
33579
274207
27613
830703
193215
860271
19987
202770
821904
64441
212622
216554
1081094
49137
253747
68477
484938
215767
118601
68056
61954
837417
464948
43998
17923
407680
846993
1176827
77692
103726
136484
173519
46797
137209
14011
200799
178926
66708
18530
132171
22243
414815
702352
566127
140696
123010
85664
257799
53410
136394
83514
136578
175732
114295
168543
141192
681070
45890
763853
269551
322211
175166
182900
37004
1724571
52079
64
48091
75598
659321
310234
516066
25738
876360
41540
471999
897097
171545
231739
257273
50565
95258
182722
164817
157080
94882
15488
157429
181802
28413
165118
530926
92663
1911481
645712
888021
170310
54957
35865
1022250
353144
2687
250478
204028
257421
189462
795706
441015
159197
125294
78507
88188
16321
1454487
18956
240865
140919
29874
157965
182274
222646
1303197
72
305952
78313
426923
11560
66985
34823
486796
82963
936511
760067
57825
131904
40413
31336
563836
224393
557075
96281
366655
195523
922571
53519
290653
196828
235103
65929
1721364
113310
82089
50825
1120609
460931
35956
811645
121596
434348
15578
41681
71977
29590
303692
227578
1408112
53007
69354
69166
367566
44046
25311
506981
22365
94964
78573
71948
123791
56262
524540
245010
158690
4121
34458
34147
444916
237334
213288
960719
501479
9392
311283
118229
32850
217853
91162
17660
1305868
676786
331141
7297
164986
43256
455937
197714
10665
469631
152929
58794
166070
1179111
294622
526329
153940
93301
668229
50354
824897
52531
174942
618416
107214
189159
169030
25182
23223
128245
145635
125325
74222
893203
40125
634462
828618
423760
806950
549849
288964
745946
108571
79843
528870
89400
715318
798593
79744
138334
319343
303756
206332
52173
103489
796213
8502
345785
761530
13806
182333
777278
166147
1374358
135123
39054
1071473
290626
826853
52282
350816
519242
97374
316495
300278
153915
115892
183578
265323
26560
336226
10749
245868
101094
624201
152784
449346
764986
13319
26973
616038
25544
172030
2103324
254402
40156
169661
18476
313486
395874
380267
99075
194513
108373
48385
35279
1142856
273772
210016
28635
756274
90300
22838
519780
165850
363695
40952
289172
1135819
91061
89397
79404
242922
660492
1316885
73087
528902
211263
823006
16707
65930
7061
294403
18273
121096
287105
58622
31998
117584
67209
230209
1206051
532184
36515
16401
11482
795669
17585
34306
959333
260695
482159
35607
279636
174101
64452
104235
569675
960771
440063
263319
53711
272174
223322
458113
542275
805561
400068
40801
320375
697686
580217
85006
366941
242182
16341
68782
318679
214557
445650
34364
50753
157888
67337
568733
14764
1002783
410427
628897
518874
282795
625923
575877
231820
41198
1058602
1030237
163487
208684
433276
76867
428919
123066
1044677
126246
467032
133309
26351
258177
41464
242560
678690
1125644
1051455
1829357
63165
805342
33800
516536
158752
9558
170937
119821
623984
737849
3100
47537
196026
83761
54962
267065
201486
87302
5322
34934
46
1007436
162017
841305
453510
81066
798272
265072
323522
8888
185241
622446
1600673
16502
271534
448844
507527
593392
859528
980237
257247
505855
391238
26174
790280
409986
54111
1087976
530705
49911
699901
42845
164703
799721
92989
59824
140074
60052
365495
406130
168896
24901
865582
1068313
412036
47918
90560
119844
14840
200578
150220
130572
1494
52858
35394
152565
74623
66265
112695
291145
869585
29739
629968
182647
6179
1282153
792775
238770
93872
678564
36474
108746
297941
153887
16442
203641
350140
200223
81300
68658
7874
40078
15832
447992
54167
48155
17578
46841
33659
146334
104132
309498
9566
494380
181108
48166
505195
17
141888
27232
0
18066
91593
4295
68851
259420
13601
166605
263445
29670
24413
35243
20966
452848
197374
529140
6063
210611
34511
168790
13459
244091
1080709
318
557526
157380
747999
840893
64564
50005
66471
327793
154951
369718
142123
989512
275627
1848
23438
245644
55689
219566
130237
101448
404470
40074
401793
32718
21321
234943
213071
301241
431796
1014965
19246
713162
244239
244175
806558
1563417
115828
309346
11444
233973
74499
558275
28077
17680
60145
286078
435377
36137
50469
140006
23201
568399
33065
152002
60293
543872
321577
1593979
330839
647748
183472
938737
88744
207465
77101
134187
100971
143507
14714
786022
168744
221395
868409
763058
581668
787120
346110
249832
230
150830
95167
784654
18527
426424
52351
167840
141023
593156
231288
58184
572424
170168
570935
246617
865824
1022699
864611
225969
242751
1011457
365471
15935
237779
111070
10113
14785
302183
1548133
160655
173614
49901
128348
82591
64929
73766
1164799
29437
85714
100735
887742
0
28989
943665
314452
7639
18699
29399
26769
496157
4863
69863
573271
33983
23795
199250
97106
1243
167119
496260
4580
58941
12608
8186
1070279
27329
77689
175685
24620
20925
3432
823077
173844
103806
152388
713784
105570
199957
221235
19727
1220022
257504
312147
577170
207264
166202
12674
23055
158490
15852
30866
241138
23569
16803
95550
33780
100351
106654
17112
23754
15713
23355
