879105
2178356
4228196
935799
2195256
1972040
3466225
3116428
2618386
3560675
3760347
2506225
3155413
1033728
2131487
1335471
827106
2987541
885156
1469155
1600175
1059459
2229645
2029101
2325695
2465364
5445550
2095310
1004613
1639865
3527798
1160938
2345719
2165535
3564620
1873806
2899694
3369023
3597377
2274565
3354324
3713505
3204098
2087193
2138370
1734756
3076164
2176557
1783366
2744502
790788
1228035
960883
1749710
1150704
1001575
2189045
2395333
2556762
992884
1983158
763922
1828659
977265
813834
1448118
2766216
1161602
1847337
1213018
2186767
1211551
1907139
3463410
2190299
1703350
743703
443093
1737055
1140688
1273032
1669094
2351793
655472
1108984
849080
1348249
1193985
1111335
3051266
2847604
735030
2414264
572472
3547020
1434512
2915790
1483247
1366360
1483014
2124298
1036126
3083777
1466567
3570607
5149015
3750705
3292042
3138968
472226
3341515
1184203
2345764
2126952
1566471
503147
1953979
1388248
475753
1266721
3756976
1337607
4610639
1304986
1423630
1744405
1652811
1243637
4220060
2963147
3763724
2693020
1321694
1329993
3881412
1962146
3258457
2424858
4171512
3394724
2235055
2464775
3576130
1758930
3071138
981739
4135881
1566760
2184910
2144222
2601814
2552839
2689796
1668955
4876883
4597807
2750555
2520969
1824836
2021076
5345086
2918430
3535441
3682873
2359829
2740746
5790151
3962623
5503167
2863712
4327730
3645064
3741011
1586409
4341591
1499375
5316801
1218738
3574954
583693
700022
1179921
1329590
1495045
4435663
2671286
3802207
1134779
1198475
548390
2495949
1748703
2324914
4174131
1702098
2876839
811626
2413810
2810193
1056773
1381844
2703591
2258275
1536678
418406
923137
697404
1328996
1026114
829981
1903728
378330
1063547
457878
1576020
2202514
1132060
538520
2606813
722402
378948
357923
2130452
1455051
3058131
1935101
4804277
3009950
2384516
2349635
1386146
1427960
3077859
3146343
5077701
2165910
1707307
918350
1307127
1135499
1646387
1012223
1965501
1057817
528948
992252
2048306
566860
2440614
1156121
2520285
1648360
1086318
1085523
1794146
1122996
