5478
7489
14069
8310
356
11498
4895
32002
102009
36684
52375
21465
1706
10598
1052
8266
5810
8412
2159
4315
4498
352719
66149
40524
136395
17705
103882
4924
2807
138336
90199
419447
20787
89322
33897
600173
58363
244515
21096
93824
473806
193879
90362
47639
14854
71474
547759
42220
2239
7440
2730
10686
8456
4982
6678
702
23793
676
1596
153
422
31
16138
10985
138
10695
50791
2155
774832
34372
685665
61
14633
3467
43057
104526
6521
732
22268
27363
1905
32540
38709
6649
3354
18189
5687
367183
1769
53370
68813
8986
22547
45554
648720
5686
40923
112406
292
621801
14875
398316
145598
982395
79730
731858
249936
135046
19579
36909
42951
11639
343
116005
4917
19670
201
132334
11803
74224
575140
56958
64134
6397
22058
346894
19438
73057
9496
32932
126248
26652
17838
97941
93758
200206
176793
38524
53047
23751
17242
20428
46344
1018850
136640
36385
43025
2853
56261
201569
29627
226382
17587
33124
63726
24951
2843
52780
26129
155222
477917
10338
28175
37786
575971
224782
246164
84157
66852
5106
48516
21377
548733
233695
24184
48239
3375
19243
19165
28754
14173
2561
979974
53389
14734
13053
1003269
1670
12202
27467
5192
143726
12886
26411
23604
316
218603
878543
30380
22741
5465
19662
68981
4730
180072
4309
345557
601626
0
2052
3788
9556
2066
2887
14
22845
8
496841
8165
22
41943
331
140385
90604
7959
103106
12685
24799
2866
37216
175
41375
120331
135490
605421
211
2284
62627
2203
3884
74623
502
36
5921
0
2490
1952
2
23350
8966
1886
218
172
11430
11672
85899
15
207
397
476
36445
13126
9127
11783
74560
6826
42383
9627
5815
2159
235835
17
654
5712
22520
774014
2147
140
42324
2068
15476
571
885997
688081
2558
3658
344231
34209
14116
1527
23652
76775
2792
2987
4
11
27751
8
56667
18300
17611
21
10681
99624
13906
312
21791
13
879
7554
49733
9
20810
969078
3115
13490
70073
2505
576716
31573
68797
362
899674
23
2232
3
6099
50773
100737
74156
1546
37619
7
52
5692
8721
16570
197
7362
9410
6144
4172
21012
9480
7748
526246
10569
89
3997
717
361640
13660
12731
3115
52833
2054
725463
2615
23605
4386
183627
104721
60745
31102
30757
12
8580
6331
6100
32493
121417
2641
39117
86
2084
71546
616106
670800
23995
4544
8708
80047
27131
11687
61211
662379
13061
6599
10182
65506
90692
97263
10678
60389
68542
48763
137399
173577
644647
4
14315
3162
321310
5943
4930
28264
421155
3186
13119
11034
4110
145043
55414
229
952047
901
102000
40665
73462
22395
36060
449912
13744
646136
851511
12201
78193
1018635
207555
548793
48575
17967
24529
8194
53495
12429
18127
36138
7077
36383
51179
62900
601196
17864
13627
2449
379
9006
34
333
623
6576
3295
16103
51384
52423
2593
4151
105
16835
179
4232
79563
20721
1805
69
41
22
35
1719
44648
885901
38140
37837
198
29
4852
2329
103844
15864
11124
3194
926017
13477
8463
43660
7834
112685
227035
9120
349035
33718
323
58
14317
27
6666
69579
5294
12130
1902
281488
52425
58130
11678
17609
9657
36296
75114
22769
22899
27167
17330
655
41889
24121
16163
5537
42967
6440
31605
43835
127786
2954
15043
501965
8702
8322
74715
885732
7744
16179
10906
2375
8906
84109
71140
11593
51919
32
68022
775113
137448
4019
521984
238
31216
13139
3414
3004
43261
46228
245547
6825
733042
88566
23765
4363
34464
1037226
31619
2656
14707
2404
8370
8340
7487
19601
50570
10076
672151
39467
549203
1
133778
544816
1929
416448
97
254736
26993
16397
2780
19626
4630
58331
51170
820065
174
6942
2316
195
12525
211733
3295
93162
14420
14304
47595
174956
638487
34413
164089
235
31976
2843
213829
513315
63496
45094
8790
514196
37401
15001
21657
18252
118258
733776
73354
59680
13107
91
2355
15839
114871
5703
751178
229
11148
11073
10066
38005
25935
6587
177980
5467
9423
120707
308691
22496
92202
15524
567430
61687
6416
482
673397
13565
74781
96443
79720
10946
74111
7714
302934
74313
540370
1038
828787
62384
8474
63628
6
266026
276097
60
12082
10939
8801
42795
2166
80082
213299
15239
155642
50443
41513
798
24285
907
74464
23537
111089
18319
15755
683
667917
20887
756121
3670
38703
66776
4154
6611
13976
237019
25064
13727
81458
5192
11125
11066
78568
33428
2159
831093
24984
126453
1747
5619
637
13472
24289
50794
200830
3762
735
1931
35261
29477
10752
15462
6273
49
143
2944
170
2307
915759
8692
30050
37598
6458
4012
52451
647
30701
30254
29999
49958
132
3420
1711
18665
445933
268739
1248341
1537
64
3070
4085
5481
5726
95
85237
2514
521
10574
4335
26077
21893
12259
904397
4030
67185
63240
988962
36375
27686
7990
7217
10998
143703
19957
68249
134211
184256
84821
2689
3564
525112
20815
124699
5506
41
94
7616
247930
7701
19417
854395
9699
68015
21265
9699
67205
160
87
23939
6325
33
32
10060
8806
4054
553394
15596
62196
99157
47
8563
75049
2046
2802
9271
21014
168505
1921
4722
10250
1738
40
8704
2740
367910
5705
173
53
5541
194
587736
13709
492456
2
9247
1913
1912
2453
5
34194
53522
165536
24838
51101
1993
1433
1845
10082
9
2
83513
25853
269
13764
6887
60518
1919
7231
4441
43962
6538
2900
999813
32530
2018
8
2389
27
539424
11846
134
3428
67744
598486
20170
15897
18354
0
32
2
12147
50983
7366
1939
117
106
5166
8124
3889
146540
6704
27353
10303
178616
19476
13612
348566
108466
535425
2949
92
58502
156402
30467
365171
87324
28521
24058
23934
108580
96581
340528
958401
6182
100065
9124
24553
2387
107114
43898
1305
3134
9285
564957
14859
170
14484
147248
10676
676617
104600
30762
17298
42586
16355
125727
72537
261543
450160
26110
3340
1859
29342
245532
5076
147
5563
0
18
1922
19367
68745
600
55803
7171
70350
38151
6209
6098
3962
71917
73667
14407
528175
44
6
129
586
22305
1264424
38666
109818
968
6344
2568
15204
123
0
9170
9
193
3413
4700
49
252
13
3715
30
210
2200
8473
2
155312
8728
63
7298
120057
4835
392483
495126
581548
19602
92470
6685
182244
18
586
1942
3720
8078
2684
527168
22
445
41765
28244
7819
1881
3708
11585
10656
358673
23683
49677
1275
1824
41129
143
2703
310
6983
77925
493798
3292
33618
506297
7034
292
1399
130
9
5012
22106
10650
8607
23077
6895
76980
536987
396569
4129
9109
984
15640
8142
7930
34869
105726
39950
22783
984
133026
7617
8140
28935
775102
29201
35499
17697
933667
40523
1640
154
19312
66083
109
1929
33
2162
90097
8366
22403
716828
4
65862
2370
7728
166
293
0
7962
134483
455
7565
201
350251
19924
2076
21917
22829
135
9017
797660
646871
212708
23
598
3056
4208
132
2882
166
33
3555
54699
11937
48000
5878
6126
10072
3155
31
15455
1001
49
6219
8093
1808
11246
362093
22313
547519
31935
14071
658530
28
6582
3328
14559
19025
1660
7658
270
25232
4344
2437
342106
7998
70818
46888
36267
28004
8025
26529
21371
1718
9636
4179
29647
777745
30929
24998
62260
14934
2412
2888
169727
127903
344550
16012
862576
1357
249706
616
36789
390
45173
20372
30624
20
10428
318
5795
96379
44778
633855
8796
198004
3893
85967
585
45720
75665
2692
64084
7400
14083
15644
6842
16
17694
1147
182661
35010
18217
15
6620
220
14113
6303
683813
4054
3765
148
105272
199
25555
41472
26500
532382
7098
9387
62354
11
78
58933
23972
2095
999
3
40
7
1885
14468
52618
4115
30
5391
1389
10878
2012
17383
53005
0
1
2461
3079
88341
2051
964
37515
350811
953970
137122
4222
30158
4832
17476
21121
242538
6777
5132
4988
9356
1002
56
651320
412
41
2424
1591
5612
906
11
581579
2313
4322
7976
4728
15873
13118
81010
65812
134
893
4614
5808
2655
79239
43615
788401
33159
1572
44
1731
6
24666
324822
7341
592249
18406
62
9203
5407
3108
184
41799
3394
9204
4054
1996
48874
7003
775257
75614
47286
62679
127941
2783
2881
177
10623
10649
2121
38027
2594
10689
3146
13870
7281
27835
19
48008
6620
2130
2327
1783
80086
4755
2227
10950
23
6625
37
75648
3301
40681
1738
24418
23373
90
4135
264067
4108
13127
13456
15760
4462
2588
8859
11188
16125
11592
10528
16058
3551
5265
4116
7922
19483
21659
66
64895
2387
16917
2126
9256
1127
5991
12263
13668
76
637316
5306
20017
21200
21026
2884
2923
123
49
23
69733
7678
76037
4245
3353
1891
6313
7897
387854
21116
23762
159222
25785
42086
8391
26968
498985
20116
11409
10978
2843
596082
15835
1820
5857
56309
2
1824
13738
19
36367
4835
58337
159
3327
733111
4023
166
35
2575
2236
3042
607356
573147
9093
15
4360
4445
28558
2969
35132
161436
175
188959
16497
21362
82426
66886
29722
4914
2898
7443
40434
2
16458
210
35017
28142
129
12
9
17
373
2770
5063
13143
5
2232
268
11733
659
110906
74767
182182
2221
177250
909252
11236
212
136332
84337
2685
2310
83380
12728
10076
497672
57337
5452
53433
2
4
2789
99
4
6747
7134
3458
37225
11012
841
47156
8059
355392
694310
237055
38630
645811
50240
7818
24571
1012418
43676
31311
66899
2426
13024
139526
19161
9758
10695
7435
5962
496202
652655
3292
41061
28799
5478
11914
35519
20794
21773
65282
17735
2240
678254
10598
2444
28162
1118296
27203
8315
17583
11811
1223
14029
3163
9319
179
6252
1578
3764
3872
30729
13814
25554
614643
283851
39029
104535
8149
52
3016
96085
36
9275
7088
8151
6038
50279
14
750743
8209
74367
13
10038
2942
32
10
86438
1739
95987
29122
22526
3374
29774
132544
3307
24520
581187
567709
36634
14518
7363
9
14970
44
1699
7524
143430
427823
10421
7441
15030
11183
7194
313895
10616
2418
648246
5511
620736
563566
10598
7316
2272
1
571
9702
9945
15709
7318
414921
2517
2074
3064
4
5188
20308
18582
12
5796
12589
9159
4304
1795
6029
1232
628929
16660
35912
97772
33886
559526
30623
52048
24
28548
22388
229
3
12
2225
26108
1767
949414
2231
902
2217
1267
986
57608
62080
97194
46210
27493
91794
708854
3175
25922
79935
27787
12057
125260
22421
79355
306839
70944
6195
175779
40693
756504
344018
18238
227309
39787
564172
657162
793390
79273
132685
65342
501216
566883
15778
857747
24794
1211
71199
12231
70047
59528
40855
65346
85173
84849
18572
958437
75013
109684
132685
89539
10458
14317
541016
295
14487
54038
50874
41660
7960
633
2197
9787
33528
53060
54275
72551
108
81
7271
6088
6182
3184
626987
59375
3221
20691
12379
6323
18759
271
66361
8274
12878
1117
4102
5050
33247
10653
14827
18
22
21856
72
22908
28122
38312
5784
180929
39
8268
238995
4161
592289
8669
750
907432
19884
22314
5417
54175
5443
486
4320
8545
1050
1007
2279
3486
50
2719
294
34828
25335
31
8856
11635
410
45
324
335
1190
109802
2801
131
56244
140238
35
17793
4056
539752
8932
14091
401
979
3532
3794
54
190824
27052
7467
25550
12127
13016
959750
33380
67
14491
49909
24200
10755
2817
35202
9137
66308
2153
46123
75716
19293
47990
16402
11115
56551
6480
11776
700671
1949
3600
3890
6
117060
15
2865
238
86444
168
5967
10251
12034
2
20745
3955
491038
172
9326
0
21110
232506
21606
20517
173242
2882
832890
8036
11486
17354
28440
0
18
6438
2286
1755
24
646
14708
18829
2787
191
58004
2923
864276
17286
6240
11089
27944
111
12057
1
4399
17911
59030
8430
857
157
12507
256
3392
2
604
30
3027
6408
41286
4729
8812
6073
19804
3365
44514
22670
69988
29987
34401
9374
26611
42801
25724
9451
16779
3030
21348
57024
429534
3532
1822546
4025
24864
3292
8821
85310
177135
32583
2431
20208
4787
28653
4266
180822
9995
635757
16222
7872
17956
29231
106454
33303
28988
10936
170914
13075
20134
92233
15064
5464
947250
1002130
529694
6311
26133
42489
43819
138368
20647
45392
54450
8524
21389
5
27667
3
2648
279
26818
5894
9302
70
470
2949
28450
135581
12136
651273
2445
2542
64798
534571
20312
34
2780
10025
85716
7341
7483
492747
42550
5816
2847
6468
10800
1746
16041
3596
537139
394555
13506
5004
1061783
8380
13285
5657
1328
128442
15294
13289
37741
18165
52464
17192
100922
165960
18715
9145
36588
12324
2935
451
46207
141440
15393
27723
93731
14001
44831
7250
77600
3233
483903
17976
31162
1015
27994
46431
55933
38169
18455
29192
49713
6218
12964
419983
242034
464194
136275
167258
547986
116460
10909
9979
8593
18665
19066
11683
5533
23115
25154
15496
54394
20536
102772
903975
472594
44841
4868
12614
580154
16239
131994
5478
11401
478118
24756
88664
81394
133701
35649
131217
15905
265355
33008
40346
444600
136673
57429
12672
10357
605313
3346
81
495872
157187
17378
11277
10108
6217
4945
289
329
98248
617
59768
72666
108682
2099
1566
889848
20774
26578
164
17199
456
9666
2187
4684
5801
63676
8830
85824
2635
12685
14337
519850
3548
55271
15626
108787
40
84026
56859
634441
89905
694930
98984
155525
330617
332248
39033
6385
11805
64776
46375
802477
142733
224
8348
71
13585
627
1957
4186
65925
56
790505
36960
24947
356669
107007
138246
26
26
142
15620
598
62847
75
36177
506010
954154
4163
11265
6414
343816
31833
956644
12810
8190
15080
537209
63220
124121
421
29812
5333
203
32861
13142
31614
568712
35099
244976
5633
23353
9802
14620
177450
176519
42003
138393
219798
844692
16530
3657
1076
48173
57460
93792
650149
187274
2637
32110
82123
963713
1625
17508
2189
265
4
5471
4063
111081
4532
119592
66
30
39814
31312
985043
11769
298386
59208
146255
27166
2083
52618
5865
7195
551158
82618
28317
55
5955
27592
3434
7328
3946
134341
77
107086
72808
54819
1008068
13
21071
597034
18799
18316
10708
38840
38523
965685
104064
91468
122336
113795
23
573805
27028
655823
48802
173023
37141
376
19267
122239
29238
605086
223
722856
13340
9138
3501
9
2194
136795
1977
26806
186084
532285
17841
861
340641
4827
4376
7629
1866
406
97822
931257
18220
39579
100227
20391
941727
78232
90076
514693
74321
108818
7890
36984
1295
2045
6701
10875
22381
1044
8874
16899
255
10462
21599
6381
36791
9805
27103
7153
13302
1159265
66917
62828
24504
30706
125531
60300
156
150824
4172
667608
3803
594312
62115
20041
1013
24068
2291
3225
91538
366070
52474
272584
10557
569548
79
2331
1066
15837
10395
4274
1652
906604
9695
43346
2903
7467
37749
6735
3347
7503
46663
77978
9
93761
35674
272062
7756
24529
10346
22566
71003
11978
99508
18516
2865
29269
12838
203119
87434
19168
612752
4204
37422
8222
183
528900
5595
14063
89621
64619
6802
2303
30
9968
1417
292946
165729
25213
101704
535761
927
5290
17311
293937
31711
58991
57490
10384
590061
35500
67370
101530
251652
9551
8158
1641
23418
309642
51
14064
6078
13970
32670
717
16548
513583
16845
485064
36828
9645
566014
2140
7459
6690
5011
16174
3302
23920
4282
26644
2185
18274
31
52429
725065
13340
79836
182055
105761
2011587
24731
16850
11609
86357
5560
107983
187
25745
647
74912
7868
604942
17588
67703
7369
18438
36561
175468
772970
318324
56971
1003
2181
62899
135
1002
51598
80242
295953
922
30394
7190
12573
12654
31358
8615
750403
6836
30082
2746
2951
1012
233012
1006615
86
8149
32476
12722
14304
27
27387
909
553
5291
24704
63676
42045
31663
77386
83839
13895
8831
13
7984
31648
26919
935098
13700
167454
130
17764
7421
4260
640206
540513
79080
6
10646
114238
70739
17441
19690
270164
32827
75876
30981
8162
481368
44627
47640
809622
145017
8262
39078
22078
58161
570110
510185
119915
17799
555646
655153
151354
14364
95976
161169
2139
31824
244
66231
531050
14364
145108
848056
15307
706770
389
58
38095
358501
11746
61302
74761
10702
61680
93090
4983
29663
154139
197255
859684
54033
1114
8978
91
8381
11468
385312
40176
622929
28538
17592
3934
41073
27025
360202
39809
109654
28554
744057
5068
193349
7104
11144
607701
3036
75738
3280
1354
9112
6470
40872
858427
126653
4195
11610
105268
38804
2334
8478
746161
12679
2
341087
20728
67585
52742
19866
3495
4246
2208
350329
47259
111548
118455
276327
290211
41868
7779
664677
7
3701
7613
736327
935538
22655
37229
27276
24272
761549
321
96790
16406
9578
12674
1228004
4580
7909
34663
99970
11512
10041
17442
570458
65714
3362
14775
565412
52319
538203
799716
68354
69744
128529
344605
89906
77390
915153
6001
781385
43388
93613
83453
77294
12347
6088
39618
3138
62028
5359
84765
102263
92787
26517
9140
29678
10222
65015
32275
1031278
137299
42864
722485
46651
14304
15103
56574
1106779
55344
169023
44649
255084
17342
82491
11499
776293
25842
96299
2790
3342
1061
12859
56608
1898623
34461
58838
14656
3544
128
109166
9293
177869
1280640
541847
175852
24437
101332
22766
25861
16968
151965
23752
69438
441
1650
84914
3578
9660
2932
10301
3252
539483
1118
8312
23
66
54
13998
12817
50315
474
159623
231692
70068
94036
1144952
859845
36659
68
19249
53177
73581
46317
274200
31473
1116
5219
30662
2913
12263
84
36014
5900
32723
3369
24657
45
78951
4390
24875
124177
10997
47050
41805
199859
20047
53985
421609
1425
770696
615502
758577
21675
84238
71065
541171
6308
64083
19292
213995
4188
647
16760
10384
13
71265
3222
9714
28711
492
317
10106
21205
227
15170
16766
21525
17119
2490
17785
14203
19715
736201
11765
146590
10046
25511
168943
77852
48
214
34840
45143
2
21109
1308
23
227
1265
37
14369
27121
79265
35216
4769
36816
3610
3573
26514
5862
2283
9185
3351
84451
2
33
27884
1138
12561
7603
3945
15059
41
1030
40
0
144
538912
101
4977
156
2970
84
4945
85
6881
6585
30994
97
9234
4746
231375
11070
680200
6667
22047
3
5488
10
37596
945
152
20772
47913
308
2433
64
78420
25710
1928
126
55
0
496
4006
224463
5701
49909
2163
2193
254372
4545
558
43878
55585
74115
326
8334
93534
32454
6598
23249
37753
264985
1037229
555
603744
302607
10680
13431
17
25864
14079
36740
58325
3736
188657
5143
77
17007
4851
62190
9228
7796
633676
60964
4126
6793
487424
13058
10503
265274
28798
99798
36915
1487949
826753
30337
29
22665
46254
1817
31
68478
20657
18
7591
254
8266
35081
9992
40390
36518
190
2209
447
13222
13378
2194
9326
9918
65
2417
2
1927
4088
65338
18797
84555
18
996
5773
3067
20889
5923
9603
22
8245
160
16
13899
13943
52
19179
19
36
42
3529
26922
70567
296
4849
29872
32
2297
14269
3104
143611
19683
9358
866132
122749
8818
10047
37757
70087
9713
11411
42
62
55389
56324
15590
1008514
970
43982
5322
10185
290570
38809
93330
10567
10570
107909
7278
4691
36561
9017
77786
12269
216505
172050
33725
3634
324
15576
526
39225
1469857
135994
18828
41857
6984
5653
585279
45
228477
616189
52289
133867
53126
25452
18068
10788
209334
206918
2053
135563
55146
29976
2210
15989
32550
6706
511355
6044
5292
348
8723
4247
1112083
19851
519545
1976
22848
332
25972
102371
47564
139227
64677
9915
1772
10299
440
50
23
2312
225
25540
3204
16640
14094
55093
238
20627
173
19749
46276
181891
1735
690773
17899
91357
2135
13379
8287
16388
13841
14379
683777
148777
24800
8382
5205
27161
22246
5269
52401
17122
5778
1324
19979
13254
12586
83480
8790
889330
2688
47969
38440
33022
442
42
3331
23
203
21
98
27213
3185
19718
6519
75118
325
799
266
3924
46995
4050
12080
24953
138
4796
13
179
2778
15145
633
4892
48497
24088
5428
19034
17830
73736
13713
4597
125
17480
20093
759223
505472
1234
4016
645974
1274
835433
8192
169666
32319
40569
7764
88600
3712
12156
12310
48937
3090
247117
2440
21261
27267
115361
13870
62867
4565
200
11
61666
2049
16
2985
37
6482
2408
236
161568
6943
77752
9484
801038
26818
4046
8
166404
22
2852
1586
21666
1931
6238
5538
7405
20
4285
3065
668
6206
494405
18113
104467
1899
7
482
1404
78
2467
19539
44818
18
12206
23
2197
5269
25745
40694
363434
72228
4247
4762
742
78224
44733
253
16099
1934
1499
3026
4620
11991
7478
17
61422
5457
125
9
517
3274
10482
1005249
91395
13
5029
33758
7774
864
26420
2572
963222
6440
77
96
6124
90
10069
21
17741
9412
118
1943
3433
1878
9691
20551
53
87014
193826
485
8315
40309
16
6555
2231
12871
21270
5536
4842
62570
27344
19677
28668
165605
9917
92146
31302
85545
826995
4
22791
16012
31259
18382
23013
2884
3821
9256
15457
4
157
1315
17359
9
2717
24743
5553
20
2289
7296
27
239
45
0
10
0
17331
10
553
6430
537632
82682
2293
38
25825
8003
1794
64
114
59
4484
3994
2853
10998
595
1922
1002
9745
14754
98
59824
3647
17592
2782
498790
0
1751
3222
48146
3933
4417
2679
10884
12405
37705
10238
43945
2
2858
6562
0
897359
1126
14
38035
0
3762
85
3201
19223
1005374
3843
2317
447551
16524
37655
48705
241993
5262
1264
864
140
20113
76
38
687488
4964
5044
1983
47
6362
735
27176
3952
3786
533031
9157
110
4989
17868
5487
3921
48421
6846
11872
41
4840
31
80518
62642
24566
274862
75997
604232
12712
88581
517999
64068
57032
109606
29335
15215
39967
27593
65422
3367
231
6
309
2
1
28
522
6741
16408
270
25
38
2
60
209
8087
6526
78767
1948
27189
55256
12462
42455
18649
1929
5627
126
2540
7963
3022
54
5386
4994
3740
2313
11
3854
1728
1943
17864
5685
13
8156
14
34
11201
4320
80624
153120
41445
332
141515
5277
27819
18054
13294
201749
15916
17050
10354
7545
27621
2392
1
10883
529065
3389
59905
318701
69924
12316
20022
28966
67033
9418
82431
8058
32462
21536
330561
104771
5397
2091
60002
305660
11224
80190
150067
297250
95508
6094
733
12712
23
273
27000
1129
2050
53212
3193
131784
21725
80985
327850
198045
13864
4606
36787
10613
624
12826
896011
1295935
542852
14345
69853
31292
16683
64554
3362
53773
209475
952487
5407
107104
5772
5597
15832
9153
2728
90048
1098797
586180
35269
298143
98329
96848
88687
40895
9818
13438
339847
3991
21764
956351
3682
115132
17195
187
38288
5020
92960
28677
4222
17453
3439
39893
7001
700
138
38671
40080
56421
84277
7833
93060
8244
98325
4549
9249
200256
509186
113595
53092
13554
32
10815
13313
390211
2143
20555
15243
15079
25980
8083
2730
567562
71847
7762
19859
167257
28993
13966
4963
3143
52003
10949
61701
54893
28614
5839
4670
679149
24447
85299
527090
299995
560785
4328
14460
93722
594796
63590
47746
18035
28833
96145
59
96263
16566
63304
489033
9933
685
23749
17754
403
20243
6171
51387
199174
19816
1036404
111
19910
1089577
6507
40974
154052
446837
36163
204888
46149
66998
180951
9807
700645
13273
1034215
216088
545498
37623
302494
16598
535426
16022
37656
10685
4387
1725
106
138331
196115
10320
243996
12136
39265
47403
36900
223987
270825
877
63767
33
1620
1916
3158
8525
7224
84940
202
3935
619
1
20295
19311
40
27649
520
23
27
28
5227
9494
2848
3978
15438
545
27557
7
48004
5249
33926
11525
9349
13024
8489
46579
2174
48955
31311
2206
29318
46616
67922
2424
34043
2269
16709
64
43565
454
2243
6113
775
4884
2202
2854
74961
28763
13056
8525
16457
199612
88900
66710
11015
6791
639738
2045
70131
20397
20421
67413
5198
6766
528097
2113
3997
12343
989
39098
54419
1701
534733
2445
570
42
26
12549
8361
591
3153
799
11387
263
13344
2432
6258
34236
2164
10912
579112
761300
12280
3008
106418
33097
5433
25
115312
148482
28
1442
9337
3945
499983
707
56868
2393
21013
2851
21777
6205
20394
128
499066
3821
9341
3955
9526
2127
9939
8161
29
11644
13452
38530
658
12772
0
22
1758
0
29
17878
383
7981
3439
1833
1116
4471
494114
52139
2215
16
17
21599
16390
455798
35922
10036
2951
2453
2133
2437
27
4916
340923
183367
717609
75814
88
32
21028
29
8
13784
18101
6890
5241
1727
49
3933
8090
45
125550
3830
495459
14264
77866
76755
44147
206150
3706
13430
734
1765
11027
12117
539433
3306
13692
7188
29
1014103
12143
20294
11594
145234
1540
15962
15632
72
779
7821
15125
420100
7671
68321
31853
85166
42897
524270
638296
107310
12317
54789
6789
19661
27063
342
143957
710
7216
10914
522372
4364
390020
10601
280238
6641
976
19919
542
5532
556
3529
5899
34638
52805
151
22468
2702
74918
88206
75988
5196
73835
6294
31315
1010
1108
13289
27162
13849
12432
67693
6292
59935
1004
499812
1148
17619
36690
3
1973
3750
7049
85302
23736
4504
240491
12895
25253
3105
127504
509490
26396
3728
521034
991288
2697
57
6511
20069
70264
5574
24891
42312
5947
1166
36795
7729
72266
1373
13403
26290
11549
35036
107705
621486
42289
8592
64484
34069
65018
84051
31609
20363
