4204
23032
44869
2015
9731
51071
820710
61818
111126
440858
961943
188454
25723
2858
6573
5360
810962
67094
8992
4910
62401
505614
5002
990825
837401
3082275
1239296
126875
945869
60628
48703
10780
513161
129428
817937
884673
30676
93060
125418
264923
30228
350137
955999
365990
828679
348921
124717
64588
18827
1965989
1220
66943
388
1605
2668
724727
22667
81452
2331047
1098
4148
1001
835625
12246
3868
2562
810762
919885
994189
721
940304
986195
9368
2121
42067
2586
806780
132470
1814386
40882
160469
44297
173127
13405
116240
13077
18652
496893
464313
949405
57596
2244
836326
124320
2592888
48565
823481
240028
24294
1825685
10871
432483
977094
1817056
40461
1066506
1951508
112213
12683
121135
149703
1566
1711
948733
5257
811888
28390
898350
13680
7520
954206
7373
915367
47560
3048
14687
6142
38300
72428
939210
332161
15225
927822
123993
6758
864432
824012
5044
1783828
1113009
7542
11453
827909
236113
516251
13187
860975
35116
164144
19470
820371
158793
16173
126761
1112774
141100
1915838
210001
146839
913822
95115
934075
930730
93198
853530
69628
976724
170268
692162
50787
879363
897312
1778168
56783
836741
310079
1001110
5521
2340415
4829
144868
539
197294
29306
390271
24355
460285
695
1356
60703
971055
988941
16480
1747949
24064
10963
1754868
1020727
140916
9449
2635
1702714
158108
9004
1581
24228
3037
46480
3227
3946
48678
27445
119139
5287
129588
997903
20961
133365
956559
241053
6349
1472
14699
712536
115460
841159
852341
95865
1009069
73515
37360
149395
1688963
946676
847689
47444
3705
820158
9158
2941
84833
719
999054
23664
972
13993
12673
50
179794
465028
890471
419106
821639
998
788420
38885
4813
39679
6543
4898
661
673704
443091
1257
1060299
16883
270974
1024302
1385
5310
1587583
834494
7616
962324
3769
1037381
18783
2921
5764
833673
588
4213
960348
138403
817336
28394
959571
45634
35272
860422
5965
156842
916719
172974
158195
17080
869295
50488
45054
8082
673880
1201
147014
1429
820101
136941
936852
2172
37386
464
135083
776
33242
1139666
14466
817318
92894
12636
45459
797294
37885
33996
301023
1347
959151
33692
4115
852847
883758
230226
7621
552
9931
2107
10927
53471
131420
75056
836852
9915
60961
36263
6462
14723
20335
21690
7733
470
18325
2501
624343
11504
12467
801848
466343
133105
964489
3581
492229
1206
12683
79029
12821
6357
151852
774
1912
649
827442
935503
843370
18216
122637
4536
1935
7526
1421158
1637412
1126819
128133
9452
88378
817019
47924
267343
1899848
9090
2784
486
1068827
947347
2275
20486
483069
39422
150856
1625436
135896
207047
1267
142725
43006
8938
966511
5211
11539
415136
2383
130119
3679
143074
1318225
185615
298
1654009
126
138936
28349
23250
416447
853092
1826667
1033753
37462
867459
23428
1048936
1125278
67071
38483
72157
3110
242163
30108
1060496
35316
118436
5010
6410
3805
402353
966621
16672
75081
2744
33667
811015
2241
3551
25579
9260
1786283
847590
25761
1053807
1464
5489
202261
807765
954981
5756
9022
22795
816536
4509
940944
1028830
2955
403968
13585
9322
884423
509
4367
14877
620
3501
2431
199829
821086
837487
487982
1914345
140005
2332
835481
818429
7252
34125
1962624
902843
138240
6616
6808
168179
184050
47385
157470
11497
11788
28924
33598
681471
822306
4955
868078
903255
823600
129579
47837
13091
53217
43764
824575
1282226
29016
2877
34345
3140522
48285
1165947
43453
454820
5839
66185
725617
7754
9576
104304
1743343
3462
620
117736
124611
513194
1738716
1897473
22367
93103
1654
2885
850880
916163
975
6880
937494
1898865
33217
458274
10383
147860
820373
1013918
843457
841493
956992
1004114
18780
596676
1815070
948887
818485
927616
4595
36761
1211924
1166844
12704
1813322
46731
1175505
9789
189453
13139
201141
39549
10165
1091632
1135617
1460648
7194
7306
42439
8816
26370
1000640
27444
819002
962220
38118
173516
9420
19124
920003
26563
19458
869640
33391
21254
141256
932070
485424
30512
1222
881726
8753
103277
899894
1170298
977453
140242
3162
57020
1758
130620
12058
142158
1233177
1028438
18066
972491
11328
1315282
847504
992759
41524
1117217
22430
1825613
411319
2289
1015147
822931
9302
980837
7413
212490
35468
879051
137223
920645
187800
50288
792711
113042
826395
992678
907253
3211
944975
864522
2686
1039226
383353
1804287
185298
2058015
6201
1005637
141588
804994
898447
123102
86666
1335252
60484
1163726
839389
31865
1823328
2248
172571
788419
920715
853665
1247222
1512438
7805
137683
9174
1300892
1488811
1725189
122567
62179
10732
1997324
85454
1824838
15178
79720
38439
29371
89344
6225
135558
2869754
16465
30971
137048
2123
35605
63153
304688
411522
1719075
184489
964180
31346
14472
34264
3217
815911
1121754
2310356
41392
4269
39594
35007
814626
164313
1504
2869
933234
39058
40197
1859
19777
190122
6229
18934
3858
3601
769
164579
3685
503372
45574
2436720
925351
11119
963384
6425
33035
87118
149056
326326
6596
34353
3563
178369
1486
2967
791
5103
1423
61173
437388
594
33543
27795
808737
163391
1039453
1060
22290
976627
296647
21778
57505
378236
5331
878711
812226
891967
956033
18606
19593
23563
155352
1961962
1224
842105
3660
815003
155150
39970
1752201
195087
18025
956145
40313
178813
135332
891777
19055
2227
11938
6129
5863
815571
1682
7385
8374
33497
888811
965885
2090858
140761
832301
683879
1657834
850203
7501
17946
143277
12382
5793
7337
2550
8794
38958
54744
2737
37622
2500
17109
7873
821868
1350
872920
800962
4204
3391
135316
54596
54345
819882
119739
7620
143550
39283
895921
6697
117636
1087
6007
845014
63690
813126
91529
34223
9575
35987
4270
10101
4224
12971
15367
151373
892627
1253
1001007
3958
174274
729
70344
8212
129259
3091
3029
9769
417929
1383036
81596
46972
237057
449
2512
113
4153
7813
5039
1612
839
1083
2519
2005
192527
9579
16830
189273
4535
1428755
898440
21594
924056
203508
1293486
5003
813759
481979
71436
2373
2035660
10624
974572
2178279
27881
1905537
207841
20971
1000510
3789
8947
40137
13138
139329
99144
1647665
811401
10713
3341
856050
42083
1226226
17351
179117
937905
960141
12712
1662693
9035
14533
1253297
1814381
963389
111790
998211
16024
53184
155378
152924
14355
222958
32971
815687
815164
813731
6609
9270
4349
269000
7722
65441
9372
4197
405056
199963
7151
37956
47231
4367
48516
129074
150662
1259
12124
9041
954728
44025
13667
16766
33019
4503
819929
29849
57580
5221
6119
441488
1134
43704
915
42522
1238
953552
312
5250
1803
34580
822045
978168
3274
9241
1003462
31104
28332
819433
1275700
1766870
33848
22838
183926
1848249
3540
1976
432861
2986
135421
5936
838035
9979
2353
315669
8053
1781733
12776
52163
10685
30413
271172
80077
21681
