3325586
6321370
5816813
3967369
4820336
4202874
7349113
3879404
6127845
5832860
6233028
5368695
4032319
3340638
5951236
3026279
3986786
4522089
4731906
3287105
3359884
2569556
3928615
5813333
4572312
4217592
8890066
2777933
4259450
3407314
6535406
4070015
6519789
5902808
7997949
7056855
5773239
5840536
6170158
6232500
8865543
9338462
10132342
6157299
4432494
2318602
6088671
3209842
5658310
3546444
4281046
2068602
2612639
3103349
3071899
2391974
7979484
4692180
9323659
1786516
2862884
2143006
5266127
3050297
