21123
32518
33182
11285
4073
15172
6365
355410
17385
98907
33676
38370
6098
14236
27637
26715
1683
7077
146138
1638
5115
72930
15552
114806
53892
6408
15480
13503
61632
298607
478468
57988
104287
23656
117452
9931
189714
1026447
864637
307922
24415
45338
144094
40544
36758
323065
263170
110254
7902
21089
11661
10235
5495
257629
7891
13605
11828
504055
7770
8188
3342
137024
4981
3166
7607
3790
274075
1214
1919
465959
9479
19060
37481
10309
186196
10775
5925
17176
821
4977
1127
16311
304820
16425
5568
94232
30273
226557
26209
20670
73365
273845
28847
156931
166285
38872
19479
3704
53842
66304
7126
448407
1959
8256
9233
11952
11019
56766
4754
9296
11345
12961
3709
511597
36263
34736
3169
226756
4147
327282
177867
399937
420674
81528
4659
167511
103462
7673
140698
431590
757300
121065
32538
14869
21534
31598
89051
101006
307473
30455
110551
5158
8590
15829
9793
455181
18564
18578
298730
632974
5676
477293
107750
570155
40446
857868
31740
305095
208423
27347
87569
29293
8145
40845
97336
378131
416007
257264
55093
117582
130124
105212
15359
105222
26876
177295
12610
88366
15496
16458
161336
22962
43160
715875
102003
247542
215352
24810
75252
81787
100718
20547
11283
37189
430644
7092
66747
185465
826137
80574
18144
36773
27957
9931
7765
10312
10301
458152
4660
42621
8073
14749
15981
230661
16835
18233
780
7732
213021
2127
40650
13503
3909
467156
25740
164391
7345
13700
11962
76743
526891
18539
389243
23967
608365
8843
13087
665
16969
4462
7417
316818
686
381389
2668
612105
130829
13442
13809
70780
1713
1846
3616
80830
5191
84417
1754
2169
15128
8627
2024
552
2324
1788
13337
1729
12643
274181
2995
675
522586
698
2098
1664
9394
176
354420
5142
106779
1213
9442
907
1770
7500
2181
8399
168413
2190
136597
4357
49650
18688
1740
6603
5148
6599
189559
9619
12013
2448
27931
12344
14069
3806
7198
2186
11056
7198
11857
9509
2177
2871
7499
12394
2931
733
3091
2846
8340
5624
2652
34161
934
15238
25166
20742
6179
1700
342313
26054
5946
345488
12418
5588
3400
12440
21222
6903
9593
5514
14588
10394
84734
13217
9973
24783
52089
15755
11959
835
348320
3912
17019
27458
105808
78915
12249
1922
30824
16890
97548
300245
60987
113752
59936
1323
237338
23721
294065
16614
7787
2880
4164
13822
49658
111139
44896
114829
224444
6818
10095
3033
304664
6799
386475
2920
191366
14985
79
3363
9156
7744
12525
10607
12904
55369
27995
559
75524
3180
21145
55
109917
6457
2885
8817
618708
2723
4764
1120
94
4897
5859
46414
189704
9670
68421
4919
495062
38520
23466
120753
12505
550626
973544
105280
27319
8801
718179
8786
67022
7510
8066
24675
585983
18029
5796
3912
26123
10117
12451
497521
2755
126010
169269
4023
22063
1535
2288
6360
5651
8491
10600
3805
493579
14053
103339
8326
6658
2458
15896
20190
15529
1053
2121
6511
5938
2611
29030
11816
184969
14797
13617
25509
18624
2251
4263
28937
327999
6066
11632
368992
99628
24581
179224
159870
33469
82401
146802
188129
703057
46192
31334
49851
65875
57246
12947
3176
3596
366
5202
1076
146774
24603
313142
4036
19752
2222
62754
195812
7143
58693
81247
51525
368535
29029
365066
1958
72387
21808
675125
357700
381373
28304
186710
8058
17404
118890
10478
3056
28374
3159
2657
464
13856
801
4500
4724
17381
14024
54301
9354
86253
203465
96500
2928
77031
326694
3738
4950
12081
109631
293976
26512
271230
322300
178106
69471
200179
35411
109551
149738
20590
456689
13109
16
42702
63130
15298
9029
3427
192963
11376
12280
19641
3675
159899
456492
26160
80433
3916
291919
2541
164779
2479
860600
97661
1066543
45
14216
15298
10127
9647
300502
3345
330986
238308
271952
80937
69736
1150
847089
11368
12308
2935
5382
466979
26378
143186
139089
74691
14247
211883
59815
338324
3612
44345
14134
22912
501380
25651
3622
308634
843167
22458
6011
108511
8351
36150
6599
90343
284665
10366
14855
212332
25182
31808
2107
33418
17684
262997
424226
255942
143950
17810
11330
10683
8831
76178
44558
130031
4814
24212
16963
71713
179886
25309
14018
1084632
12694
5260
88555
2312
291665
205444
105157
740428
11712
63899
38976
15092
243751
803163
67050
51782
104543
62527
2652
115422
130744
123021
27610
280910
98604
22392
316381
361495
145973
42211
15407
22282
8645
13440
15042
6883
98573
270768
93446
629082
103128
24769
4582
30337
145741
9723
92949
29313
3083
23540
63393
49036
67134
12784
16947
453094
17743
3630
13392
110613
13792
6397
15897
152280
1042
96184
7557
72477
5810
20510
5965
50993
12226
15879
9428
704975
43638
192765
109481
64323
409673
331063
6831
40273
233939
469594
344088
589240
21305
153746
1498
121056
30605
45530
12320
66940
2193
53087
1638
43647
32791
206823
1979
105865
14306
15788
934
5311
12165
10192
5277
6714
5750
4131
20063
1243
32544
10481
386293
33776
51840
18960
4987
149263
3608
346
1638
58978
11445
25097
181514
89926
39925
151130
10249
233147
523095
4407
14700
225450
2490
18276
5622
32035
22253
22463
1502
5781
17560
34675
5999
30502
2746
20221
4993
14129
11197
6460
1578
31185
43755
72413
3085
20130
49182
3947
15566
178343
21746
20501
105831
460124
27702
6026
5240
8150
4338
1967
10277
7567
41418
13752
8586
80770
8810
2795
2146
860
19119
35394
1207
311483
9594
87688
99341
53455
6106
11962
4470
296562
11104
1727
1044
12428
6501
2281
6911
1233
3475
3541
3
4138
7707
281204
17076
33901
15769
174953
520
789
1416
11232
33864
53737
4492
3994
1498
19256
33600
35016
9290
55574
12436
9697
412522
86282
1641
9735
1413
525078
25848
29129
1188
325232
15207
18021
544
16189
16466
21968
5163
11830
10178
9956
28727
213787
20768
8362
3153
376351
2851
12287
85908
18480
440168
8089
7860
14863
14488
69688
369732
208660
15462
15375
2927
90940
7798
20850
430339
183749
23275
54998
9012
8212
5305
19177
13055
19199
4575
12092
12
3770
3533
512711
15585
96262
229926
11620
682
8272
1143
2157
21442
33958
9324
10186
5439
3853
349691
156678
3203
22772
12134
54
347
10373
386312
32197
4976
13550
3473
360502
33566
119792
113259
33227
16823
92622
129721
400
1559
9685
8562
16477
63493
4613
11082
227345
18253
47795
11047
510314
9414
447496
24574
76586
1358
12827
54205
62108
33757
2053
58223
34776
44644
33301
5588
60614
665
12990
15681
5590
18200
62798
23349
4311
52252
6259
1781
144200
2173
4182
30508
32580
5297
6967
2001
6263
2671
9950
4015
650
20641
40083
3533
29882
198871
280976
199286
2704
443667
42481
1570
19579
25650
34610
7917
30596
6772
18123
1532
1358
210862
542284
20332
13007
21751
2061
6512
61430
87074
248053
4546
5412
17804
7550
26
352
8597
23
39601
3163
79311
999305
891
2226
4013
15103
3614
1756
289
2346
218701
3722
3981
8337
46160
27654
7391
2850
5355
12
4574
7417
840
8269
1565
345497
3650
4557
3115
4089
1457
42315
11626
380656
5015
784
649
36942
208915
41919
1509
6655
11022
46531
69680
2038
11663
5470
539296
3726
3997
112366
31483
110781
692
3314
1017
6447
1614
6759
2122
2985
1091
120814
3772
121775
53219
1713
2597
4757
153909
350863
15826
479464
71437
1993
157
5998
72625
11120
8743
143089
4159
74884
8625
77807
3622
111838
2255
1925576
4550
341158
28008
851967
14909
137972
5930
26482
4546
31278
13373
17491
12819
28141
2407
110437
192568
2496
2237
237780
54544
129557
101786
52231
13160
25856
9277
317918
4014
27756
18788
453945
5133
9267
10690
41727
2618
86514
7906
966555
5681
16501
1310
24467
616
3664
4506
9090
1091
596
15376
7684
6758
17743
3995
8291
7920
13331
6482
1791
357
10111
13082
6887
6549
31969
14552
15670
690
6807
6741
29193
502
2383
2194
9528
7208
7959
16689
2532
496
48117
300752
1403
2394
5699
10528
15769
4767
14300
19
223586
677
31318
41367
11278
8737
30121
12680
32682
4885
29573
6160
290085
4846
20665
21606
57435
14591
37294
3442
20109
2085
34151
5473
175
29589
5404
12122
10178
14702
16336
70
5867
5074
33329
11497
21399
443
289
2126
3336
34223
1299
78734
527015
108498
2051
65
7473
1442
341927
1064
22711
6024
917460
253328
11679
29913
4918
3144
112033
46316
2819
1687
349685
306
2544
17293
10583
595
947
10856
7420
4453
1688
298363
10920
219677
49990
21003
15077
2572
17271
1327
13688
1569
5757
3531
227940
6814
13051
9032
91633
6897
1328
2775
7830
5534
4274
5250
17358
2347
6834
9790
57879
44334
17203
4118
396006
4318
3078
1113
67319
7923
6899
1417
34051
9038
25177
3240
19203
2205
45487
214163
294732
44943
1486
1312
18053
1059
7651
2734
86544
10135
1598
87
18119
13220
174790
4717
258111
7144
3123
4754
26868
23815
6440
1454
17988
4154
25935
3
4261
6721
39773
131077
25245
99383
23615
460
80933
14748
319229
582
31826
1939
1217
4883
1850
5177
1679
2249
849315
985523
5385
425
1416
18580
490800
8186
84195
69248
14597
23511
1145
546957
59140
152591
146067
46214
17810
1175
152933
14856
84812
662
58651
1378
10609
746
6464
359
14793
169863
252032
6297
4235
24411
14021
2028
9716
254127
5320
50137
9072
7122
999727
2024
4307
10475
91134
16034
2641
20
21538
667
39
1699
2671
1457
19513
68
6155
6533
9999
1160
57276
2899
2120
975
17281
112072
27779
127507
18179
496585
114108
7544
14628
13322
156263
24150
213324
211002
14714
5513
65199
1940
16384
787
61627
17405
3816
2071
340490
11417
286520
9265
43469
9228
51935
16022
67066
31532
42321
22048
837634
475
48999
723
2239
18921
30950
39696
645924
8238
51523
3093
7303
1421
18
4102
41663
7096
20577
2347
4826
1093
6466
119639
13888
1896
11174
38875
4252
111630
8485
836
87786
12578
89397
1076
200625
52291
54537
12519
17023
563
15371
4719
170469
2197
29114
105162
6735
1208
2987
8
1238
4699
80489
9527
76114
17574
2629
358
37272
8355
2091
2178
320499
363430
1320
4019
142893
8100
125068
59359
422945
3234
14126
12843
22233
4701
664
2042
8505
7148
65
1604
2854
9796
5413
551138
58660
65862
1234
620
18947
4571
90650
1831
19829
318
251884
1211
323378
3505
1311
2027
2107
847860
104431
67032
1001855
4674
10964
1067
9512
1609
49996
34
869
2638
175856
42
5585
10790
14047
1963
10525
16139
71482
65068
119496
857431
13362
5564
2449
12363
76262
314679
281565
18021
34096
245476
45667
201189
101970
5916
22803
11011
55292
42416
14990
140258
11543
5698
8485
4092
844942
382149
21326
92403
28159
31425
1025215
23525
77744
4150
22873
183992
88651
97264
28511
23155
9071
278052
18422
303100
929555
610011
87015
53209
10041
11091
13455
48411
543241
20659
145741
39479
38777
47848
47231
167161
1314997
12164
42723
2914
508
15966
24214
2765
592271
3277
830094
3992
3309
9909
11759
307
2721
10621
8171
3026
56
5371
7388
350
12678
3776
49756
10357
2764
30
45833
3669
93223
6782
666139
5140
37875
804974
95944
2165
254744
6243
248755
4544
179281
9412
178913
2447
254270
130402
46308
285420
5771
223
32361
3271
14459
23314
11942
325875
9449
345
5927
2702
1207
10644
5986
2326
5620
265141
13186
810617
18967
7985
5919
19631
100223
5649
6350
11253
3076
306
13866
404
39611
4176
3175
12927
1123
1723
1000352
493661
10537
1073
11210
6914
9896
3596
329687
5429
9524
11784
122704
23126
12081
6403
83892
10832
1688
2673
17395
202026
3711
3547
24235
1637
5679
596
12779
9377
8125
17154
20850
8626
2192
1053
3517
3027
1837
652947
4549
1746
7357
4435
4008
68192
6089
1996
18316
1008
2273
6303
27973
8042
14473
1032
14547
18906
1301
284
5161
7586
7952
1873
23713
164945
4971
514
10775
6416
12808
1728
25638
14850
54900
1219
1240
1065
79134
15553
15157
35900
108464
2216
3424
1160
6630
1161
3521
2957
3426
827
667
36189
22195
5137
98480
453389
4537
14860
6531
241962
7718
26994
58129
4163
125311
101331
626861
20657
25621
4892
256004
3815
27215
312714
533459
1587
45274
9580
148620
163848
17799
15474
26155
116136
21218
5174
22764
9266
29706
15657
45725
48133
142748
102039
89852
50640
295370
20528
43557
70110
391376
470060
87864
41446
117602
161350
108163
24042
143572
12970
29766
8988
29262
25560
29722
19668
124322
46729
39981
47325
35794
18161
413394
43834
2030
168031
274986
12493
2797
4413
1094
6170
19867
434
68885
3087
3070
2818
10487
8507
3774
1544
8255
755
31277
1453
303462
2622
14605
1215
495589
142719
11080
768
15373
25119
22244
318191
403548
10126
16621
3727
36930
16868
55189
2889
34815
4579
54076
41392
7550
3722
97871
5130
22645
7184
254517
1367
270995
109965
57294
4671
18897
18839
73397
19333
121481
25823
46776
44546
109862
25357
11036
68406
18796
431362
79830
1238447
94584
618754
12286
266130
488791
115353
281279
466900
59314
22190
18443
31526
1415
708
81285
6126
21396
16431
16777
28705
317647
45748
1286452
21463
332618
123762
165125
134310
139602
19972
100636
1077159
234006
268460
22904
62408
44753
12997
438326
94604
43417
464245
51625
13754
2464
468934
35821
54699
15567
24732
684293
619634
66648
157546
16976
1236
13844
305649
4067
2098
1371
119877
77391
1515
10714
33786
4650
4090
13895
14211
11385
23134
5646
8255
3611
4183
581
4955
96319
4417
19786
4538
2232
1434
2662
1489
384401
15049
12458
30957
72617
116062
6020
227689
399654
136401
18232
701792
26833
855
11549
153025
6829
1312
70857
12116
2995
4372
13482
33243
49298
35268
80781
17413
2682
2937
220334
120396
25121
5792
162857
19031
1499
1137
7424
243946
71366
17892
152173
128500
156706
104775
116856
22404
570455
1951
3459
1122
94
717
1114
6732
103630
32288
11309
181046
55908
99068
2543
38984
909606
17896
129198
38750
1037038
2804
102848
43448
149551
21771
168336
498367
42748
9832
360538
19379
74972
94218
11770
105675
2980
50667
1096
47016
571396
353120
222429
220999
5597
44468
1220
5098
7858
11551
34950
168682
345
140466
75195
159021
31071
6635
2931
14717
57069
118856
176041
151893
5096
2633
23089
808
303437
581
5809
606
2441
573
64449
173492
42220
31271
56864
9548
487944
182792
29040
34101
199896
5771
15382
19088
60756
68412
4832
9835
10056
9269
590273
7363
17223
4962
159349
4864
17956
1676
1776
1158
28741
15412
23001
132841
96454
7447
8497
5218
9990
170210
7220
3873
18822
94884
441441
12045
33771
758128
15664
82321
8514
47392
532381
13046
186607
261
4070
12219
22
1112
291461
210636
36879
51353
5745
108312
3919
1939
19779
157135
424338
64366
44117
81557
1043224
974654
114828
30631
61120
274379
96743
258135
450922
27855
673459
16540
6237
163
13892
12909
17558
36848
33676
12928
2498
23101
19772
8157
32612
48185
17806
99348
2997
29848
13256
8427
920
14808
299349
1107
6263
856852
18373
2089
15479
14368
294648
51344
3915
231185
8712
5026
4941
92805
194192
13654
6175
7127
83559
1077
90818
30823
26212
36452
2554
932
13880
16824
3519
1892
1761795
3723
12712
58664
9761
15803
67977
7300
17983
12045
8314
66
11565
1085
54
18402
2029
3967
444856
26941
12181
35113
71629
347586
13956
123404
484134
53741
518896
17856
22333
21689
123302
150729
27472
198654
44327
22665
13469
1992
25981
16042
322459
142148
416949
41876
6790
997
59929
5379
98102
573764
3729
115903
3327
4259
3068
6136
84180
19730
15283
127570
7158
105472
13555
181920
29874
22344
25585
27693
878534
55305
519559
239201
830457
13449
573366
5582
5411
7885
37285
37013
719614
128205
258921
238052
509700
12790
337947
5734
8320
822529
31476
48987
2446
15803
371
9920
173459
139913
7635
202625
8656
3823
10052
4706
655415
73535
16044
40108
446
1631
5866
688
25937
30543
52222
102746
7505
11793
150661
140995
8946
19027
167845
15912
20468
1134
4945
3190
16043
209774
9449
8330
24768
8597
73120
25559
174003
9380
10243
4508
914
1995
9079
5457
69257
19608
6270
67988
2829
228695
15314
66459
49217
388092
343258
23612
419714
26134
28499
357632
593009
48640
166253
78812
579920
509420
59856
1404758
323504
3773
24015
20859
20045
520
18065
3596
412973
21967
80489
12562
9842
3234
32985
25076
80993
235342
140374
48223
487448
2382
96342
25994
622273
1028951
435511
22554
30086
10041
53706
4253
47986
24380
17135
47075
9240
11426
197472
58692
203823
24777
21414
94230
171924
7696
130287
103590
25900
99819
342140
140604
896
202752
28060
4726
109996
1048884
85627
31352
6512
16036
3059
29524
36996
13634
4220
30345
8448
32031
10519
90294
12702
4527
9831
12670
14514
3290
31113
404626
734966
178382
52858
25325
265862
4217
129633
4991
186860
284716
46780
319558
818688
4297
34293
2167
851541
17292
188158
5859
686955
715
89572
15692
9300
12538
7013
41561
139063
12135
89358
238855
95792
195568
453813
1019783
5199
1261
122436
18837
322240
214224
1158354
49790
18089
4766
170663
7802
123533
13153
114135
29168
22130
2842
20335
9262
258390
286958
48183
823620
136264
310962
15172
114715
667122
37398
383936
48315
122872
2503
60688
217878
182728
222486
157648
141743
95862
16429
125815
33371
14504
38619
124642
4990
281377
22256
252011
72227
136572
291944
89822
33001
31536
5734
441931
43065
49229
79118
32222
834335
1544
569474
48556
47619
179607
54251
72842
135552
3845
29136
14263
23081
22928
6671
9180
289137
23175
8188
22447
14581
8267
9998
3969
265865
20520
21417
205608
113293
824815
31415
110366
20849
170575
4222
227065
8924
134279
407016
26855
355822
208048
15746
45574
15751
63949
10735
33012
14705
9534
11085
68618
12449
9750
5020
43306
479619
40077
267536
106553
181071
328878
243921
1333057
14845
1014
71102
3778
237620
114329
31051
21295
52420
823803
5655
10101
1863
11413
994
15534
1524
23809
37786
112201
494192
17781
10144
102142
11831
5119
3439
67154
54506
149733
5167
574443
238640
81761
5834
521266
18587
15063
313161
690489
397658
9126
106504
39490
25364
4373
2225
9885
7
2426
10502
13680
32070
44233
6630
96936
26737
1223
2506
18849
20056
7559
8363
17521
19759
1564
1842
52917
5178
108516
8877
75285
21823
2818
1856
18130
275331
5251
87622
9833
22432
2832
3249
14319
3665
56063
6595
234697
27733
18183
4093
2508
7639
4834
3348
5110
39962
10456
41
80467
3894
49457
10970
30685
22876
255749
7602
16034
13128
4492
4177
25473
11377
309
542
9320
21861
688355
89368
27486
166002
9988
79155
69627
20219
1375679
27465
406101
42918
2405
995
213069
46756
68265
23935
174827
634797
21710
1296
431859
8347
176955
7694
350028
19395
847639
3514
8887
3461
230287
58214
38402
62777
219013
6455
13799
10415
584598
19682
327063
31354
299553
1288
453373
33978
79798
9744
739748
74619
49424
8866
75958
290441
28321
5655
733923
38003
8937
1440
4251
19482
226294
23872
85681
174035
21019
1592
9397
29471
42957
7529
130660
320101
3187
96220
2306
52970
61126
46397
303151
34491
4564
285296
7214
17552
5383
49593
10603
21314
114
579
3082
10147
53234
12857
170839
43480
1502
1602
25186
30386
210708
11141
3746
13030
4021
9742
4746
31887
61747
7481
98956
32145
518440
196187
52456
446797
58809
4402
14107
5418
1278
5650
21180
242358
18327
6496
20656
92557
16093
139243
53604
32609
26275
251970
39405
36479
883
122738
61983
80362
125819
1051671
137368
75338
26359
1526
8761
3267
3109
6112
3852
1763
285944
53992
96381
76465
7244
9909
9831
7050
489644
208600
254505
171840
31865
48981
61041
4971
146291
43879
36216
224910
29083
9452
28071
9988
12010
470871
35121
152547
34604
1027929
30675
12288
12922
1953
213297
3134
160612
377
8261
1589
16478
2177
2036
10048
1748
1415
11674
1410
3708
4
440
448
67258
907
18536
8294
17129
727
1874
2
32498
13122
67909
5640
29883
21694
67725
135599
65251
25546
100045
39186
290409
20463
186035
74840
151195
94
18514
812
13091
1781
1009
8274
193156
20752
1082082
40071
493101
4376
505655
30443
9103
8206
8187
4469
4438
7568
39516
6069
165070
16600
463695
52563
11057
4668
11343
44008
15534
8741
49525
120423
9085
1653
7166
6185
334870
3515
316081
321909
402782
1143
18328
5267
34986
6409
80019
16101
4610
1055
13533
3762
23547
5347
507525
142135
27104
303
34434
6404
68892
67
9468
25334
1279
5009
313164
6889
692517
70293
180000
229940
4754
9728
393367
4872
20115
2429
20495
14444
2056
101037
3814
8600
16797
5256
25736
55905
29783
3665
202687
8065
5147
4890
7741
81
5325
222
8662
2109
12012
347
35066
18045
4994
9595
33397
4438
4011
3004
74423
2481
6012
988
285927
2212
3924
352
41619
1581
18199
11787
42668
26267
41709
6693
13093
1578
13265
6849
17617
6095
210324
15276
30022
54321
19064
9864
25849
9358
10803
6639
28061
2133
3492
3010
108613
738
23803
212321
677438
5993
35968
8790
18593
5772
15620
9002
4681
8387
10197
608406
46328
44802
5277
4269
4908
30080
3180
585
21961
6220
1077
48909
8421
13
8359
4929
42519
1829
14210
1418
18909
31620
4368
2727
109813
2231
16386
11101
50896
59364
81353
1987
43381
8309
83139
10079
76049
50956
24132
22493
33786
22276
2383
10830
2539
1356
6430
5793
8
1136
16010
19986
3578
11267
7888
8520
289792
6889
40074
4554
14584
2382
35680
1456
186218
1503
10878
321408
50705
3402
1834
981
225983
19989
4481
859
85282
4622
2936
6716
85882
9344
18501
13837
68186
814
119
279
7074
10576
4301
6584
142042
15771
312736
6477
26660
3044
496814
13178
38735
13981
18665
9442
169878
8021
9577
2111
16130
10813
73
50
1562
3960
5488
2814
115688
38620
11399
3042
3802
12751
30849
13775
2567
26407
4630
4129
5180
2983
30035
3124
2219
15968
77607
5938
3646
14750
25534
13588
54324
3943
7550
55
2655
12338
10238
2896
1356
71403
9314
3299
1331
8323
470801
931
96681
291805
96652
4191
2630
63395
46010
9182
38711
526140
65803
17812
12898
38926
451752
5402
215606
326
2781
1032
7257
4818
23753
145473
5855
190
33022
453
1845
9153
96
14600
10552
15815
97
34250
1396
3860
68024
8753
8121
2810
6010
4432
7980
3400
3823
2980
3194
1008
52
856
1622
756
5870
1230
18057
7678
429
3
84381
8803
48949
365425
9855
338114
53941
7115
5434
41328
68524
8364
66912
151723
127232
40451
55325
426609
253947
1244
16966
2609
4431
333762
157809
10951
84623
41445
28216
27461
15570
197988
10294
83514
54093
68565
489811
832979
1782
23297
22167
11562
466581
13303
496327
27912
224590
16283
46888
5932
3987
118842
29567
5868
5753
10094
88401
2394
19183
280006
1146978
163899
14888
3186
60793
8310
26969
15530
65453
16071
475
279
20976
8900
130783
121163
115426
89108
64258
17658
945711
14593
37104
100947
11470
2372
6499
298376
285
14244
436160
197177
43500
313483
4880
2272
14130
2185
7148
8940
201761
17088
197036
4809
29474
5352
378213
195482
84996
68147
12680
64961
13313
154534
6834
776
867656
8194
2173
2166
3782
14938
14520
369055
17130
17000
2384
15570
2441
120733
119400
282
145879
17647
194677
8005
2277
4777
14872
8331
33871
27684
478744
12675
4608
16236
29515
4446
218058
11483
13838
1289
32150
8227
19592
2421
19928
55088
13481
1283
30039
40839
375478
151555
58676
535553
336559
24851
395580
31625
31102
44887
544657
25698
60775
10025
56400
28986
358533
203768
55555
2419
3096
8320
2478
12670
524780
8818
43828
19888
19175
62957
19143
28967
267748
12135
288842
26975
17161
45958
1218351
44824
748060
56707
239266
8489
56365
17574
46021
40472
9951
4580
212667
4694
23446
20244
15814
144387
43150
6062
61769
110409
27399
43592
18282
239638
549518
132527
114885
792
3910
21336
20685
13352
188460
556412
60024
26623
5756
6264
38152
5578
21407
28389
44951
5245
8958
3047
222928
11732
11555
75530
9686
4160
6494
1361
17373
18729
744818
116169
61491
27675
15683
49777
28069
5335
104403
35669
44721
43444
269959
7648
165549
13151
137269
1301
299377
12323
18559
1011
135883
10200
7678
20103
39759
394291
17597
2023
21065
45677
14061
8429
44508
17108
4139
156992
16773
47378
3110
26545
16400
547346
163111
215632
5132
14062
2070
1687
6658
6387
33761
35168
25556
25073
713
2102
50
5014
10198
38428
397139
7320
17025
9737
44620
166994
24786
4216
31746
9120
42359
880
368608
2098
26489
4624
33115
5771
3348
9015
1190
7364
3831
280967
1765
8352
6980
4750
15358
7634
23878
7014
437251
18549
22406
43683
14667
6129
47973
41213
1723
5132
9600
115590
46717
71187
9272
3075
4504
10956
6261
138484
50805
199360
3462
2153
28553
937
93028
336422
8493
2403
13813
5
137906
10889
54003
5018
19408
43913
28906
21340
59
9620
451536
123433
540625
61425
135018
5654
155310
28790
18713
486
5046
3138
3299
452
3701
3054
17091
4166
117701
20048
250614
440
19540
43628
56240
2967
15171
221168
3808
3239
451858
4735
11673
1309
14383
388893
81389
334
13994
3449
2946
191128
16495
41819
10060
976
6571
18762
21437
60994
5351
3663
7392
25639
23038
12701
326928
299006
23674
59009
10164
2101
16163
18827
105007
416714
46094
21814
13228
27585
30060
9221
609240
27864
52284
4257
49996
219714
64016
1615
87414
12843
7537
6434
382365
145251
31068
11977
37045
28732
154080
56066
695
13510
642
45166
5123
19944
19313
20605
13237
6479
6217
74416
45579
40348
210864
2313
4778
250
14554
37757
23028
29111
419223
9436
14405
6594
110645
250217
46236
71585
5206
65018
4461
4664
2275
9081
81981
27508
6514
18993
44661
96534
41792
65586
57190
16993
26369
29527
9007
6169
155389
25733
51904
8663
82703
121519
35071
19608
26960
21004
