43912
383417
107407
24183
80000
607819
260303
1508191
615047
1556147
1348453
624630
8531
22650
517988
470214
7258
2489062
557377
36393
41409
425015
126579
722028
135955
1372484
1864658
223808
776448
1156814
1172768
431823
1258743
110958
701473
84230
1287606
2008126
922401
622908
532684
2988769
76626
101170
48331
1243152
70153
585874
45240
2475570
13880
860915
9147
18661
252194
369773
58390
630406
1646795
39722
818302
914848
259321
198100
2809
374834
29351
883381
1023227
753628
1732933
372643
94253
23633
497847
44579
5844
4971
1055779
762901
909997
64975
123785
560997
310460
309182
301082
327435
459033
620896
1771264
309345
37481
277242
792780
464763
1292979
172336
303545
620633
226305
987322
269827
1594739
1019381
2067804
3445407
1057055
689307
493849
1617013
60963
81723
722898
269406
6265
56472
2165043
563546
31508
1410902
286864
2389116
524159
4635
646736
461141
296811
81239
158344
2133018
79854
996295
150186
111085
1527811
156061
549965
1155750
1385682
795505
53583
490596
665368
383350
1085964
2139553
210200
921415
1116084
1847724
1690070
1244788
197330
875100
1340979
388426
606401
927936
884959
1049048
1511128
776934
1084448
1286798
2059521
1756500
85285
330365
48848
1126776
2419382
271099
280650
1089945
89508
1016861
481004
300163
16779
347976
209856
1017716
65629
613956
43428
3017487
626779
276552
27986
361733
1690448
6681
431281
657976
41832
12936
1822059
1679758
37839
43434
326088
571562
226203
8424
504700
6855
866322
8099
10050
1383320
4404
230108
65470
151381
1005647
11412
3339
355551
561404
339759
10467
867780
359679
723199
619241
1053729
77304
1674590
204254
589774
284022
51814
1202716
1168923
27942
38446
104612
270465
3125
106170
991101
564042
34198
99735
890145
19425
8972
290913
673052
1275806
10539
61747
204518
162413
47215
10646
120472
67460
11327
59648
386417
367288
64805
110210
706933
936710
1049172
430603
3606
1020240
206322
685146
341507
25794
1557990
177761
274997
1492577
153651
94463
279615
1008509
1202670
1480
5718
402171
845801
250467
1032043
35493
957067
2334593
1909327
690721
663446
1958857
864592
729147
567244
61426
61725
1696119
277245
450994
225898
9295
4370
102524
6913
584960
2805
551449
1200136
335626
33545
275411
4057
664943
200722
47906
18376
907938
2445
888222
258844
351441
27437
1098502
1229259
10782
118724
7740
657436
712097
9234
45078
417042
1014240
103155
41920
511332
791097
143079
328510
660517
919638
21686
258280
147718
1701666
60531
190977
370009
93547
313387
514250
161833
2734969
104175
1504674
1868102
1456373
637530
257691
2422
445824
29869
153560
2021683
82330
624866
5907
280698
29685
120251
1641460
1858633
2769447
11828
437162
1057339
607904
995422
720227
2444272
1250033
18142
102251
173312
1760876
218437
113126
1038220
22068
874651
456143
550198
401255
1699
820203
26952
616213
448483
2119
357209
787662
200265
52944
218800
1747535
1427450
545670
31632
1560831
107164
1521046
709317
453322
852032
263679
3294529
917357
1327768
1840301
1185446
1217980
2633895
2461913
223441
2032866
110700
1261954
44022
1969799
9501
6511
32976
1080575
542103
155071
2487821
1564300
263837
854651
25878
593400
574180
312488
1190024
15735
901507
25213
814472
1950785
46893
265278
144488
160513
303566
221451
609294
240107
27113
405424
83748
1026617
18754
1775
192857
804843
1549580
555307
76535
42717
526925
7997
36678
339737
102299
55573
770440
2328147
906661
1002364
1135335
219509
694353
574155
2784598
3143099
944258
504285
10954
569654
45612
1328356
15136
227783
217513
51196
127472
1886906
8403
691916
757370
168061
1162162
240121
1111784
48214
82355
338316
1071985
2368730
981754
805651
299664
2635821
289441
1395176
1846428
1370246
21965
944393
368329
122380
1479981
594638
1013368
50945
209814
623778
10136
306071
275463
2030215
1168860
2678412
54866
288111
1096494
1530153
78666
148612
1539682
1038169
327293
109399
813635
1264110
597607
1153937
1158490
1532636
219897
1486271
123261
1135194
1173239
638172
847390
704446
520422
351720
1283406
19228
1067624
1643927
680154
462569
315257
599780
98807
438761
52764
123026
91299
1753689
365658
667147
1026906
12937
844214
620496
2775363
2198795
1284728
678281
33298
333702
275904
15261
914959
1092172
603821
1200309
543765
799177
1576480
177983
2006246
993387
273978
1559375
8427
2378969
2007837
1908542
1092867
1017535
460984
1173655
165123
362054
335955
485766
1766230
310590
1999621
1671022
682189
2397080
1191531
1471492
40990
495385
247521
1450717
105321
572830
77983
687137
47742
1917491
93307
1333096
70855
1551077
112758
2513845
1027578
361348
2788968
498816
843823
1965405
1243720
543707
329121
2368331
197369
1420088
251184
1549760
472848
55855
208018
1710085
428158
729173
1945862
196907
3758042
2406431
1111272
1821866
2573702
1179820
1562245
159074
637177
2537887
1429462
2086019
1697902
706756
108838
2650141
845037
3410507
773940
2014275
1125703
2420257
1502682
3365878
948223
2224283
755525
2892629
278365
777709
113619
222540
1212038
2276228
1503637
3621949
733246
72945
205473
971837
646155
2312289
1258927
97206
1744442
38287
172323
194112
992199
1015205
1865770
2468281
834582
7754
42980
257888
2347
330400
500281
788126
5981
186026
58998
652142
42417
1709057
41811
569162
637270
667137
252988
862613
80537
1594059
787601
1128717
639009
1067800
1248324
1112019
617123
1747259
1186905
3530459
1853638
673812
568209
645177
6363
565871
269314
296770
140004
6284
10050
240972
6863
124824
4115
1520050
1432737
714057
9750
1581204
622206
167908
886609
1607613
6929
2152267
22922
337258
1682414
36813
738699
50277
253244
2013096
255584
718797
40167
3805
43058
29721
25521
817829
541755
1239421
422970
132346
263471
2043184
1381753
17070
560612
1516282
55180
795910
105290
475653
644132
91783
847002
793056
926864
788206
183461
1591842
849952
223385
216612
1403106
323362
5093
8011
439902
4265
945076
144066
76092
138622
220000
247607
11333
30019
7822
4481
888189
26425
37977
395495
113260
409295
32385
64327
490962
10633
465284
1572186
1423337
652003
502
2192
23170
99383
6529
131033
228927
120193
27231
126688
41975
125846
5952
231191
1787974
136174
1027842
3896
1416593
565623
1050770
622713
634832
19923
3685
35626
81800
215680
528509
103791
1671299
1143308
676218
486014
15804
767664
716910
51332
30412
219716
23430
525
36551
259776
328606
859569
385490
504536
16547
301158
161840
77738
1454767
408212
895246
32949
271737
48910
2099974
9446
2243901
872327
526479
1465086
47216
1867691
664802
53996
1076592
1231118
2424027
240244
974486
703272
625694
307631
788233
515183
124593
607659
145448
8744
101860
1440453
1594158
903927
132223
64228
150991
1169873
2602114
1284081
2176386
2313477
2977142
2064601
1007240
323802
1660380
749925
914710
120297
1038043
6520
494438
587582
638741
48201
1109892
14822
124479
275144
71147
5463
1156141
17496
43916
1319489
310940
341111
26134
216790
782
1077511
704180
330288
218947
806318
219713
150630
4287
31617
214177
5311
918860
96393
72533
5965
557851
419158
53819
215215
2480673
222546
4481
22488
12460
15913
424674
257188
602747
1011040
1230027
26352
119410
101289
327207
38323
1702079
922776
869018
1087530
42955
1195626
19003
49409
975540
14695
1078767
33419
825890
31196
1191198
42663
27665
591706
43896
644536
63094
601583
