10046379
10193597
14956127
9024385
5455387
6584033
11762347
6861968
10056941
15210561
12940556
8465745
5282492
3191685
8251525
7328752
7715497
5511945
11724882
4111166
5371817
5726955
9189896
8450453
6877365
10956255
13601173
9958022
5530640
4804614
10057376
6519262
16632796
7283087
11868746
8013823
14313275
10332932
14445308
7344468
15173132
12655284
18628638
12304157
10677149
5974602
14888505
7356964
9877337
7730523
8230089
2932499
3991711
5148812
6100267
4313278
11760908
7680107
13667717
8240936
7317401
5622640
8225775
4403517
