985694
1528205
2089323
534962
30137
2865614
2171839
2976169
1608857
1700988
2228915
3315246
409010
1642975
2660742
527966
2571918
2674848
1177675
1007313
419446
1199038
1659819
2367736
1760267
1058200
721622
2992044
11603
4133587
1017670
238458
2663677
1611775
2879880
1739490
2341691
479374
2098817
1988814
1621409
548747
1204654
2530552
1694285
4258595
656646
478031
594060
1357970
522144
509629
1742557
1342855
1353538
495411
1663296
835147
4002183
1825884
15532
530083
936875
4208
2656750
3010597
2137117
1297131
1491758
605330
1897763
236545
1725877
2348091
1462841
436802
1289097
1923558
2940696
104208
468688
14079
1916340
761516
276364
1220802
1915843
2372302
97097
1722287
3857844
692920
552066
547325
276942
5329670
1476170
1006250
2138460
489829
2433697
417757
1797402
1205668
3671186
280282
1926478
2291656
1622834
2251680
2786117
677408
326878
2555755
1484454
9242
1871875
427342
2620299
1459580
759303
3125625
482274
1007378
3332174
866249
2117408
764972
913210
2382562
3530901
2072875
2525777
885458
1207967
1651303
4594606
2309789
1637255
1254038
776205
692979
1769832
854536
4137842
1045909
724396
1965026
1415460
1593978
2097344
1319559
2376887
1050092
1154923
114739
3420572
1011934
2715702
789410
3040362
1093152
3298714
1851871
758930
2471350
252148
2231638
3143753
1617338
1978148
1756309
541300
1121446
5143462
1376028
1259364
937089
1617217
490694
3527921
2028891
3279166
1256475
2271092
3107383
2784227
1383258
1183357
778639
2791453
57055
591755
135433
1113231
1364708
3402886
1306215
1268397
548000
980449
559275
582345
2113215
519336
697618
972758
5290
1935506
522024
2168802
2536260
1059679
1789544
723902
658904
886067
2043482
2467584
3561017
404793
698507
1372960
733004
1749871
2566604
1489896
24638
2355293
3074391
555879
2528204
868727
3276476
3407126
1621305
472524
2487653
974185
2291464
1036437
1694657
628668
1187225
38586
446881
1758016
4145
1152985
1465294
1917949
2019151
17730
82279
725804
15733
