35767
190614
10289
168900
2149
159073
13763
317476
74724
77069
32251
29538
186369
2994
15730
522
2
2723
95132
15227
236
2958
95553
831184
504375
4913
1773
205816
713968
756737
280741
74969
4485
68053
506510
67251
210265
511567
929551
532728
666157
4216
223089
333518
68314
11431
36736
191809
196376
5727
381
178
65552
89580
3232
359
4891
783968
2436
18311
131
3374
4724
971
11
0
8
459
797713
698854
928
0
349
45
96729
0
51
1317
21205
15312
9222
67855
25254
25275
2826
75292
291
562101
189
0
152710
0
180765
664744
260295
424457
180653
321
235671
722401
18
25
922416
3284
182884
5
183173
473498
25409
0
4395
184034
340
700747
518543
211251
741416
636889
193863
30903
735264
97691
97305
41
2493
25771
8
148
13601
1427537
155854
211586
1842
2032
1
68056
19
507015
133
688387
43
334
67267
458
7669
257833
557433
539799
12060
5065
1812
582950
25462
69247
903962
1383771
516155
938
28746
691
715580
48
1986
26470
28669
71171
714994
1398431
1803
7278
4803
218770
117
185741
464904
6497
24239
68194
204139
523999
255128
251980
95238
514440
14239
7622
186347
35442
8
188815
115428
577
11008
71142
908011
0
3329
585704
799446
124
0
5097
0
54
0
0
197
96781
64490
533
1470
311141
208511
83659
736
367386
4430
2035
71386
1
0
2597
988
185934
66783
506712
46
514548
25415
12
799105
17949
35038
17184
1266471
988
45514
1
2
1075
0
68454
0
1302
482
768247
606053
1361
795627
4688
0
0
123
29672
1444
488158
27263
91530
74225
1108
0
1738
265
0
1281
644727
503755
0
8
459
598350
0
504768
34028
283064
908
185956
1329
513090
0
0
0
925
97195
0
8
541453
0
12734
16
14369
189
68179
45
1206
2
96764
925
17397
383847
0
0
1066
25672
0
0
51
12
3328
9040
1290
39
117094
43
132778
635424
11
15176
0
491
9829
0
385928
140
67910
0
59
0
8
25300
10066
368968
25323
0
106
0
1928
2683
28075
34
459076
98747
223012
18803
489716
66925
12002
37
637
369997
276741
7467
3305
0
9863
19
1298
180581
514317
759
93683
256013
59300
578600
9217
0
1095
0
179732
28775
139194
77
147766
2
3300
514335
509895
396282
116458
2
471480
0
0
854
713009
180566
14224
0
0
323
888
0
14
259845
1205
25521
482
8
722313
315
9989
10516
100910
482
0
183416
757071
34003
587411
338
880
503158
0
71343
192900
57
1
0
1140489
182965
5
4810
7
458
950800
289
740113
1844
514858
1
474842
0
163
23377
25436
186140
64985
0
23778
14
4044
193779
3
4399
136273
12
183628
3136
0
340
0
0
535444
53
186167
6
519571
5856
510441
22
21
0
387411
0
739848
281
25041
130
689
1190
636876
8
865
192065
5
34660
100849
0
29938
3274
9615
797512
517870
25353
70345
114768
544
318
1565
69892
74923
25402
8
25408
0
41
0
800
1746
13216
1525
0
526
25303
194700
185338
534
1
3236
65879
677
1363
232
2804
10582
525
1018838
409348
10
35390
85474
72009
72521
191
26451
185623
7
72274
3
1835
6829
5
1289
349
187134
739
0
286
1
23
55
44
160063
13370
147
89424
90878
699128
506159
1
0
2093
11829
185835
580630
941
28319
505666
688477
9267
504870
914977
890
221242
505552
0
3452
68500
2019
992
0
420905
25962
159
105
1324
78712
1544
12157
582464
3328
257359
2120
490
0
1173781
190835
1305681
1824
516225
199955
143245
30562
23
10599
71910
202
6936
3543
1832
0
797857
1758
1013362
25303
281
768460
111862
538793
187014
3802
196842
293940
127
303521
941
22238
67895
256640
1423446
2672
506957
168133
807723
507363
66735
516128
1
512316
0
330556
940
1028
331
1002
28129
25296
210
4127
49
34899
257078
1197027
1291740
17894
43
9764
3815
1387
125
12566
0
26614
4
539881
97971
185244
185165
827614
8
0
1047
501641
71167
217318
505808
301539
507682
503822
513481
3850
518531
1157752
496105
533904
2997
28592
982
3736
11962
518056
9061
100044
11257
65030
9281
276238
3234
1135
25309
4576
8
741
0
0
186090
485
185673
1206493
522038
3176
0
3367
9
25316
181437
343
25606
25407
25354
520056
71572
178975
25451
26758
513876
0
524652
472444
10
323
167
253458
972
96169
246311
4623
511560
123
25514
133023
10
506569
0
516156
93789
360087
10952
28744
384
22
332974
515432
5067
818981
186804
591396
25785
51735
13
10361
435
185255
5191
366
0
189537
18
1451
3322
25294
129981
155163
183600
352
369
189034
3638
8806
429
3051
3106
153
67792
7011
3327
503886
884025
0
25940
0
51
25231
0
0
1
3373
117340
114
794907
585507
2274
27122
169258
612057
186290
511400
50
1177
0
0
37
890
26841
4945
0
160
0
16919
0
14
0
55
25408
0
1
24829
60
0
47
9283
1035
0
186092
1
144
53
12832
25307
471
96798
216
28261
64735
0
62
0
163
371
0
940
1680
515182
0
0
4
126092
227102
0
208220
1584
0
396
74423
504372
674
1092
9940
538669
137
2180
14058
351926
692
371
511689
0
1121
3297
2
314
2604
72401
539639
1165
1287
9
0
2
5630
3
0
8
86
2472
197
0
18
439
982
253789
0
0
0
185930
367
29753
420
257930
63340
0
0
575286
25408
606
116465
397
265
170922
0
187546
539667
941683
78975
69298
26340
223
37130
72070
47
24986
154
14
799142
4
217885
488
0
15904
0
156403
545137
8674
18698
11073
261588
496549
564969
210095
916
185431
117
186212
102754
690932
3669
162117
42138
1
0
435934
10515
254499
70449
682694
190741
0
0
324128
635
1076
456
341293
15
0
5
25307
94058
793657
0
8
1345
0
0
1
1817
0
6
556
1
255777
2605
51
511243
672356
35
494
871
53508
0
891
15451
17811
795748
3317
0
72363
476
28616
468
1189
13336
711452
25710
211411
48
0
0
4289
226
39621
24441
3200
28535
3200
131
1486
197
8004
357
1308
461832
59912
30894
3672
3656
45405
736
93317
90921
2329
2228
66986
2707
653459
1957
10192
22699
5396
3320
0
8514
1958
51
25282
274935
58988
72360
254306
422827
474422
862
503745
192593
503427
8
32
1281
173380
456
7891
79027
1435008
2960
21553
884789
1814
3043
25323
138405
195360
8
185263
514406
342
0
30
874
0
202
564707
18335
804576
2
0
155
67756
110
2254
0
645194
571960
15
322
32631
471
0
69386
380570
982
0
3328
1025
0
0
0
185841
159
377
49530
4177
740
18
619
768895
978
139794
7
25432
49190
211068
0
403
39
81525
277649
967
3292
18
1742
8
1808
22917
0
11852
67594
0
0
1272
0
0
0
34436
98700
542235
1
508
0
82
324
185455
488
338
34549
72351
4
0
0
0
3399
2142
0
519698
25304
68
3567
0
25634
80025
1712
1599961
160712
97276
5299
796961
185638
382950
1519
69527
1424
67
333459
302
25342
525161
65
975
96748
1286
0
71421
4751
668814
10045
30460
62617
5668
765
1400835
5
181746
336
515150
0
89
0
173
0
27232
678
1307789
1208
185453
5666
208469
790
36
7083
591
0
0
925
15
600
25401
0
0
25409
12
0
0
0
3348
0
22
42728
0
6676
128
2194
112
908
516605
2
3
144
0
30
761
908
115457
0
465
109897
143
538
131874
276584
2561
103458
309666
370406
240598
192
140055
516
973
0
79
18
67935
15071
121
0
185467
0
39417
3975
343
867
177
289
765
8945
0
57735
1368
3850
448
1957
384286
25280
141
206
0
0
0
0
68025
0
0
67
94
23996
0
280633
26
5931
0
11
38
0
129
0
8
1
920704
25325
10642
5
0
855
10588
252885
513858
52
187314
184517
7172
13
25357
0
42351
0
0
1
610
72017
120
0
0
18
0
0
129
57823
2412
0
115
137
3093
0
1
1823
460
516076
50
77
131
0
58095
142
486750
0
86084
70773
16548
121998
58888
25904
244591
530
3632
7272
137590
37559
51585
0
496696
6375
847968
487421
9478
1141
65861
3276
71595
187823
11656
150
2098
47
182329
1523
1230
72
230049
0
143886
985
188051
1681
229157
58
42951
881
4633
64121
51331
0
4619
938
32
0
0
0
1
506164
199
471
0
0
6467
25348
1260509
652746
635568
918
0
1387
3
675819
6685
0
797078
774650
439
207
1285
104752
512504
15591
167105
26251
476369
11
0
258420
1296
70495
59374
1613
189902
1663
685817
0
619160
32
498055
1
143
7
2806
0
9449
1116194
1095
3
0
1
25272
46
549330
183165
30907
0
2
26099
798968
2382
59
512663
138497
8
2
13
25428
0
1290
192974
182162
13703
0
0
0
2
0
0
1405
144939
0
0
1
515320
185802
520539
506322
68246
211274
185493
187749
348577
70758
30
919637
541402
58
0
964
0
6
455643
9013
56015
0
0
490553
8
1289
0
31844
274
12050
925
65127
1446
224946
66407
1365480
1640
287631
180110
0
1823
414434
29313
721793
144
9
364235
513901
148
0
1896
32
334
29
498391
12811
324
0
186148
0
871
0
704
316
186281
806
3273
2334
163
1130
504882
260746
145
20557
1336
3359
30
50923
0
473
0
481
0
0
24894
0
705
8
1
388424
429913
521304
186264
314
0
25886
70361
3196
959748
255047
518175
650379
416
78640
1385
93898
190234
641865
957
0
26
926
479
0
0
0
0
2
3761
4734
179632
0
186377
477420
92752
3342
0
677705
29702
1225100
533
23623
712
29
0
335
0
5626
878
1533
797078
2545
18
799943
500880
1390
5
1580
0
71548
0
0
506671
186310
5
1282
6575
14
103954
55
190
1443
35
487
795144
201229
0
0
0
20634
599305
732347
0
341
671
69348
394238
499320
925
5
5
13
131107
6241
52
0
9
17
0
797099
4870
1294
8226
4722
395
1069012
180859
27684
104289
172
249542
107440
511220
904926
33870
2845
137
4939
65582
979403
520297
9244
5146
2
1603
1
67909
1374636
1065
1203949
1286
3302
0
1325
186
1865407
29181
50326
1950
11
1025
160
21896
774179
497698
238421
25514
50
1009
186140
3
63759
134
342158
0
0
852
505238
0
0
913
24631
2764
14
0
160
0
219191
513
819744
3187
1526
1311686
937
8531
1168
574041
97616
473
71511
308355
164
2227
637633
67950
6580
539724
0
373
503849
5
25314
472
18
368990
2380
876
1241
150986
183080
189995
179279
4
0
14
686551
796953
27457
3464
19
25
0
2476
0
0
531669
90717
10512
59
184016
398
0
25695
0
941
800338
186170
348
3459
1342
3
53
9267
612700
505665
4841
511948
5773
507362
2
1149425
526723
1282
1484
0
11
485
0
0
0
23
0
2
11
1
25145
229076
25367
691876
0
0
0
0
669281
782957
47520
246401
204
191885
0
1669
27059
42
573560
186670
19
168
17083
471
379
0
0
633
1
2
1343
0
25798
0
16347
611110
0
0
6
10
470
796
2
47
361058
2257
3490
5
1355
5
909
2
33183
0
325757
143209
0
1290
99431
0
24679
0
33
0
25415
505373
5436
0
0
14112
515407
517225
344988
25320
192012
6
542129
44
777744
2
960
665
1213253
550
0
1
93711
0
28978
187427
9876
176155
343
543
112197
185816
30
6
186340
1912
505832
347
862245
0
1370
69110
508147
366
68097
185012
4562
810
193834
71784
728119
5537
29073
19
513349
25324
5588
1
175
920
68179
25354
257387
54
179
1320
25368
965
514275
0
1
989
38
13807
7839
0
26060
420330
33037
41
1686
0
9533
517
14141
6565
47714
0
0
102521
1518
0
0
64326
1274
0
372
0
687902
525
0
0
8
25303
185455
521368
36305
7
0
25285
513
370791
62
531
534204
10215
575827
1
1890
12
41
849
27619
11124
66468
110
4450
27494
65721
715
1025
1665
1963
463318
2405
40434
349525
49954
56540
34278
17720
180188
671
1443695
2883
1369351
327992
25665
1331
67622
788536
4263
0
1488297
45
22808
25206
186502
0
612700
185488
0
184732
0
23924
39438
108755
2511
1593007
2582
2383
43
257324
11617
8171
10888
26844
1323654
3581
323510
0
1215
439
120
540703
71465
952
96800
311227
364125
1745
186618
518165
40589
512878
3656
69625
768683
728589
517180
162105
2030
1294
104
2790
1228
0
541015
14647
0
23572
17
12
9098
749734
473
29
0
1333
0
1229
9814
487538
317
9672
180903
0
9217
323
0
10
780
515419
900
937
793
4289
186100
334
257685
514337
20
725370
514858
1072
66169
0
71547
0
0
37
176381
4
719
0
3649
68052
89119
3354
25416
13241
57
185880
359
74
3006
2006
1136
6851
2
0
103473
89585
358
188542
1
119403
573702
359520
26
587502
459
507484
162603
2
1141
503726
112634
515001
532413
0
96517
77191
6799
6
2138
1543039
14487
11021
540816
1167926
132
1313
1375
1484271
16270
105151
69169
8
349
14726
5
25408
574372
103
473506
125
67399
63383
574840
173487
842776
129373
494
0
0
3698
191694
4307
12
505250
529
118013
796284
194259
512042
2330
1
0
1
24931
195376
1
26011
0
2
505777
545
1
11
0
693
103
3364
0
0
0
18
68148
334
216060
94304
2316
359025
1039002
256
102
2
526057
8930
3186
185430
26170
67177
328377
280299
204443
25103
794139
516
2
1405
52
2
19182
25842
514311
211423
26355
1318
8036
64898
10242
72518
2679
9014
10182
217145
1155188
506761
173620
855500
3099
220744
514405
124
518306
67959
716036
17
1211
3445
0
53204
256870
1289
211532
82322
2657
7
0
134623
1275
186270
93440
55
506067
25444
814078
1059784
375608
25705
3567
75761
244989
519555
1701
3
1122653
185801
271
1547
25402
0
103
0
516337
0
52
38987
371536
160981
141801
68016
121
4289
50
5180
25242
213
0
0
12
12
10
931379
0
382
7241
42831
71910
0
491
0
1762
227
24
122635
14087
45993
55
534274
1311
6223
178440
2
3217
68377
1257
0
22
0
517658
0
1054523
105460
9010
476032
1099
112807
1095482
2864
512741
25271
399365
0
66
0
105
0
915
0
582957
187565
674948
1
9278
492263
29379
14180
827668
289614
1148156
878629
2261
0
186142
186552
6624
3690
24045
25408
24907
710
196442
178
295664
68606
153
30
0
3270
74
0
294683
0
6932
465
0
506675
0
175
25278
185932
27149
328
878
67878
16
3513
5046
179247
271454
4335
806173
67913
1422253
3488
778102
160
1012070
1060
0
506084
1800
160
734918
1976
672394
68690
1110571
503849
185956
12641
3082
1300437
59
2526
98362
365
888
1492
514919
1533
1019630
1995
0
1
505666
0
970222
1693
74532
4112
160
157
16761
0
470
175138
508
327621
1290
24692
506277
514035
343346
1856
190517
114
111714
334
35
0
67944
185330
2601
71
6500
259460
26860
515216
21786
25320
52
1
103249
65659
935
0
546662
0
54
509693
105
306
1966
1239
198035
536193
3291
6395
206665
207789
0
121209
1028083
1111
665775
241
683320
314908
541925
1949113
68797
324
31626
242681
0
339
0
53
516842
0
0
0
176571
3693
1466
4
4128
19194
186133
67751
750301
0
821576
82030
1509796
798000
77708
1639
969041
200086
459754
185751
1281
536254
1442
194
779
2
108
0
96589
516020
16007
68484
973181
1302
231185
27991
10577
507529
193352
158
17
0
189682
136516
531050
839919
1312
2942
0
0
13
1
13
1
10
0
431
137293
533304
1762
0
622129
5810
29
184945
144
19
83466
1288033
187445
29038
1
69331
3211
17
505918
210899
8
19615
71279
774582
142
508295
8
797433
27980
505237
504774
280644
291
470
513995
946
2855
2
259962
21909
65717
1028414
3332
186977
258329
499044
1092613
57079
349
506182
176869
184770
895155
1362047
978152
2383
4
89180
706067
19379
139358
522555
0
12
541301
115012
734
509878
68118
619
760724
30396
251117
493
14379
769565
234734
1219537
98622
491030
553268
25679
6451
354571
528473
364995
557256
259833
176037
5746
196322
66509
1389
263172
24855
53
165529
505526
9567
3093
279113
4498
2484
260575
0
74725
212539
63753
3317
451
979578
5319
692331
25373
10555
72788
4738
9268
218995
1508
25642
6
3323
25333
1
766
41
49
1842
164870
0
0
326
489
514935
1
325
77305
185935
1298558
101924
1663
3
524863
0
283956
111946
637047
1109026
385147
277327
770452
9307
191186
67941
344527
0
942
3446
0
0
0
0
3315
475
3247
173459
633777
0
24876
237934
163461
1075990
999059
2004
9
9806
191056
38847
434
11030
38049
695394
797117
208942
8
978
5215
224
25407
0
8
1868
14
717166
25752
491862
3579
23850
21470
0
4711
80760
71358
178827
768460
197263
11
29590
799614
498818
66
236521
11327
64244
55
543929
215431
167
0
1556
17157
0
25314
500217
534348
0
68658
49720
185767
446242
0
8
3318
10
16986
15
113361
25976
130
0
167
0
8
380594
186310
25962
0
901
41
47
0
96139
30
18
1644
4677
239087
1074
0
673016
22
1288
536780
0
0
0
2
0
0
70504
1238
104
390803
17
68797
96193
2167
0
517667
347877
299842
0
13
184058
516646
54
0
0
325
0
375
525293
185754
68297
472
185502
93749
476
1710857
386219
27314
21516
100030
0
11905
15
291586
295
554696
845
3486
0
186219
1
253834
0
2061
269352
804613
68425
513285
325765
76222
1
9278
718136
8189
42
114529
1692
836697
947
621539
541
25345
0
767788
1101859
357062
4100
685616
26868
1885
0
299799
741649
25467
57
800962
68179
0
0
314099
186950
199613
502
1556
749
4155
349
69430
1360
576861
68
950097
155218
662
67950
0
5120
368
160
290
6994
125
539716
0
3336
185135
0
3948
340
0
372
9
0
334
0
690381
0
5
0
8
3314
25314
1
0
28608
291
173226
0
949
180
2913
603753
5070
72703
284464
69642
367606
631642
147
24
5040
358
0
1220
8
103
25275
189182
1671
237565
7
12436
140583
17405
249235
101490
1717
9
501961
700250
64469
501734
735120
216126
251181
4770
65941
48
1100
477
161
0
0
76882
178600
112
16304
197677
499752
179370
7215
189249
615563
37850
968
212533
19
513539
377
887490
0
11184
0
31067
2532
4301
67
727472
969231
11217
114406
67819
797012
3476
0
1628
207972
72954
2417
478
3
5
24734
0
605917
941
1141
31375
0
504629
26887
25033
0
65258
0
12638
2
935
25742
0
0
116663
0
388151
114
192036
0
28327
665403
76888
94255
3313
515615
67769
117
27657
1293
737005
0
816
2
52161
8
35622
511923
170396
58
626337
3552
785958
125
186167
23818
186170
13
0
21347
516264
0
25049
1178
2
2319
4857
951
70620
0
63
1213
9239
70248
139
0
3
71634
39
187641
309
6
791221
890
71224
518279
1523251
1
0
1434
170
3328
5500
902
4111
1010
510836
25396
3428
1
798234
3829
497264
505666
1448
1522
65
17101
162
470
170
502568
745166
137286
35943
12242
498225
3442
25309
0
40099
56
1480
65
25915
1009
431
542079
0
27250
185516
4635
130
25416
5431
0
170238
337
46
118
0
24767
46
0
1569
0
37
7
17021
0
0
1055
12922
0
25312
0
10573
0
1377
490100
548986
701
508736
49
26501
5716
95
1
186080
0
68050
1
608
25137
53035
0
24960
200515
25326
1
421
185492
518395
10711
631308
46367
75
25307
0
0
0
8
1547
53708
3317
71427
51930
48
3232
107
229
67
15905
25957
648593
23018
511
157761
0
689369
32
24560
21616
113902
185457
333
271610
62
0
129
101430
0
48
411
471
190411
0
540
1
6
1273
312
0
83
941
3328
27040
3748
42170
20
68221
336366
522642
0
499214
253960
181848
210
25900
4596
358
0
0
0
909
0
0
142
124
715
13849
127536
1276
0
185467
40337
174
198
0
0
0
24047
283511
38
122
1
253857
506
0
0
621
18
1
561
1887
1
21
3674
76590
0
6410
722930
70747
7318
1079
24
1541
2
936
32
474
25451
1186882
9796
126
17
554954
0
962
44
1420
0
611128
1
2162
0
511400
25296
13783
0
0
1
6
349213
512154
961
1
8
13
666
67317
1483
112
491
0
511465
6
780
30
0
0
2
0
0
603007
70755
175442
324
190503
2
0
107
10
2187
367068
28
281
25426
2586
0
7
14
259340
34
19386
255229
23614
64862
3
549175
299747
132384
488466
65720
3317
0
1752
1325
550248
0
560
3
344923
1
0
0
297149
11228
2
312047
5551
372
0
141428
0
0
16
0
335
183661
0
1290
94509
510062
9868
0
0
0
53365
0
36077
0
505858
66
187
0
0
6
2
0
355
0
0
33
18
14221
25364
51
814
0
10267
35
6
1021289
438741
3240
2988
910
118
68179
10
8
0
0
977
0
12
0
199586
0
2736
211257
513136
67947
24458
31421
1405
504173
67908
1037903
348389
853296
45
28860
370231
16699
71459
185579
218887
1228
147
1514
19500
63857
98336
541030
280
518742
44
0
1
0
1249
261985
1755954
139078
0
0
25424
0
1145
8
473
289006
959
113553
66280
2160
568930
185594
1013593
12571
26698
129
283
375
3476
170847
0
0
0
1
0
0
186622
93713
186725
29080
24985
1
513702
975
2148
427758
793152
3
68359
53770
26139
186141
61
71514
10141
593
25415
190
374705
72027
216
0
922973
50756
1851
35579
1322
66959
1279
72059
116352
531025
185850
599
0
323594
98068
0
3564
24923
3828
6
129
0
25
3505
182656
9444
1011607
927
1868
504767
322
7152
515221
892
186181
17174
175872
24716
349242
109814
185632
515437
33
733
26249
53
520701
20868
89
311599
67875
0
928
1305
70591
161985
281739
840834
509952
230
44
35696
8637
2666
25363
1
1
501
5945
196882
777409
4556
12
14790
504640
25932
260349
580748
104953
9636
602309
516651
136482
345
1309773
29021
1344790
28858
437203
36050
28450
495564
2281
285360
195
186711
29010
473
25375
0
10234
0
26199
457824
5
513194
84651
0
101933
685844
286423
25894
694263
5
234
348
1
3376
190819
800526
37824
1371
17248
509120
92955
0
68108
0
120
0
0
58
9
25296
70401
367130
9295
653392
194470
0
186129
475
269080
161
171
186140
871
69847
3321
42
4737
25333
2344
743658
970
186130
747
4720
517892
680
0
7
0
0
185448
0
0
45776
458307
69304
2088
342
1100
117
14658
574
522788
66828
477
194386
0
4509
194710
160
436
1105740
71190
73638
0
608930
26721
0
27
2
397759
67829
1296
20943
116
57638
0
0
5054
25062
69214
0
365
2
1659
795030
178
0
0
0
918
0
12096
56
26916
510
350
177588
118
0
7
14031
1290
540348
6911
87
0
0
53
57905
75
54979
26606
3409
351
0
0
185134
101987
472
9
0
7182
68181
778
161
340
0
0
1
0
3333
252899
0
447
1253
65719
901
4
514290
1305
18
8
0
512157
1
68565
0
30
604028
981
0
0
35
391634
2039
984599
5105
475
1
524
386
0
0
0
53413
514935
0
0
14363
0
0
905
18
505
76
0
43473
224656
3914
0
322
520087
1
795840
0
141
66327
12552
25832
473
0
28665
0
0
68222
1126
3396
171041
371
25293
469
25347
3802
0
42
9727
186266
185706
25381
80
65
71372
0
2700
0
13361
9759
188233
837198
224901
780953
9
35484
0
5538
284608
237
68055
508377
48
9
100283
183816
1285
1879
68334
118
160
185099
183117
671
26968
185123
6621
600586
45
1167
113
197
1467
18
3282
198814
25
2447
11048
80126
350
648
70394
0
458
1077
514283
927
1438
981
7452
6
103
529394
16
89
410
2370
65273
523
134
395
63
34879
70159
9082
187100
100
1525
546
110
1518
185096
301
138479
53493
1366
488100
1014
502062
1319
9288
68271
17
138504
67500
4168
14386
