8241453
11421127
11921965
7518566
5872674
7141043
11710590
7987051
10559898
12479528
12704540
8956257
7302126
4641889
8258734
5817619
5655241
6212992
10366652
4548071
6584262
4213772
6678679
7982724
6990077
7058703
13962842
7334069
7542717
5226335
10861018
5148922
13473147
8569220
12641799
10098760
10255828
8907704
12517750
9012008
14711478
13632858
16848468
11657380
10283690
4670653
11640364
7254229
11789861
6570505
9024684
3884207
4094288
5234470
4458158
3865915
12590689
7605890
13420592
5957893
6191785
3143091
8866788
4905424
