25821
41277
71045
8621
11594
18281
16023
627813
39160
157163
38671
34901
10894
28152
46896
5931
536
6355
585714
16908
5748
16651
50684
149298
583922
119248
54004
63644
72688
925082
450408
32188
79495
30115
135758
156
329696
1090483
1316961
169538
463683
74425
147656
67651
44091
359328
220515
106895
5842
60148
15288
1093
18862
222952
41142
62973
174532
695080
27430
45126
9262
78919
34843
582
9042
0
295971
5294
26987
589868
11806
106024
15633
31971
763785
4049
6548
17116
33399
5840
135
7043
243271
5354
11734
114861
18153
406557
21890
36266
166051
206428
31918
182364
188394
510791
21856
21081
178192
588879
482432
439765
642565
29482
3856
66868
19547
79796
18282
30350
33327
60652
49
477788
190461
8159
688582
271782
19227
398412
416502
375553
496297
145110
57670
114400
177975
47099
133399
856646
813695
150154
17069
38886
50636
134213
135802
143713
249286
123805
24863
5261
4216
49356
285393
777560
57103
116345
339277
619804
25603
479633
282770
571545
606656
1306802
68994
220630
122450
11468
590684
68034
78362
61504
212724
379900
589983
578194
86794
107200
120267
74924
23561
114838
174915
457287
10683
237019
91135
31938
82665
240865
92288
737603
158766
164138
160791
321759
216923
106516
135968
24032
10304
61008
357812
5025
90739
255352
777455
46119
30399
66075
42110
25122
5321
12510
16505
537075
6794
16892
9712
27965
10332
186308
11449
81637
46205
14440
293324
468
44044
9371
4244
423182
202421
76976
15166
16619
61302
107921
688629
51759
413051
66487
583184
23337
59718
1068
32459
24564
13266
344396
17407
382629
1803
641847
607013
33102
666761
72110
6439
2
3914
124787
10985
64634
9769
39311
36020
1521
12710
140009
518
4435
22920
578281
28400
301466
5302
9330
535974
3963
2822
22273
44937
14325
459333
8859
139757
262
8316
286
259
29126
35254
11056
372410
31240
134955
1376
94009
8412
5226
194
28625
37637
816218
8462
21200
291173
16356
13420
36444
3609
7555
46864
5306
48285
28244
175190
8111
65518
794
61043
30693
58715
14875
33730
0
4894
4337
41802
56333
14741
7011
40448
658
17247
400833
127814
203248
460151
8071
5853
816
25230
9205
11567
8020
6587
8028
14716
134558
49763
2937
102055
40423
1309
129407
43782
864966
115299
30699
34778
61241
170242
86095
206543
39064
6097
252167
381732
189990
131298
19903
541
195796
22043
186081
77146
54339
24397
12819
9031
50164
124421
129690
89733
486410
6334
516541
49312
289198
61764
378938
0
167653
25
59
57525
19123
6
28871
182586
40677
2144
7277
53
676967
19284
136315
34293
221962
432210
805
54261
1107977
12457
481484
73901
58431
125295
7647
118190
450596
42
45129
10170
597097
8978
46806
706544
6137
515519
995851
124344
579146
8844
705101
101365
80494
69651
7383
17066
532074
614
50300
13385
52925
21379
29664
480119
15127
217544
230093
33564
90871
5068
11619
15293
61697
14921
14151
77
462176
17016
263801
123952
77425
38423
2960
6685
5252
0
662002
28933
31366
5983
44684
7138
472969
8531
50326
109456
40016
7387
73437
11448
372653
145074
30635
766913
256191
29331
192221
220398
52036
76644
105384
142682
724107
59136
14845
44715
44701
97741
35784
84520
65775
15
11731
584
103066
8678
416552
17369
51116
50834
77457
327783
47941
74993
92947
27831
352592
100272
443357
467964
30422
94585
772771
406123
492365
892
209212
10780
45370
188722
8960
2949
58432
10139
3226
268
106527
5653
42209
197
72183
53342
100618
42013
179351
151937
242637
63258
16170
827129
845
16282
16854
166064
321230
27250
471671
99261
231120
59106
349785
27752
23862
768680
164067
428994
25516
4488
47437
176869
41271
15879
84577
561491
52669
224
85103
59589
685297
703432
30473
129373
24522
376001
24758
475133
56417
851332
68800
1038668
138
52508
547430
65372
24727
389099
5665
335942
191153
360732
46490
120242
16918
823463
26336
101835
300
12938
449752
57648
385459
96117
276290
13587
344719
100072
396734
111
78769
88057
50586
1180016
103868
8766
747049
841432
411302
9291
102226
48
63737
5864
437587
166256
6515
9869
170126
102621
45884
11540
125989
682
216140
563864
353083
697444
16870
91310
29626
32697
89682
118589
232420
19148
52012
10339
142373
786549
5584
20043
1215324
118
197
50898
32829
347110
314768
350858
763585
43084
170768
160540
230220
263272
777425
73645
105152
166951
87788
10804
134804
95795
186701
33908
193926
91816
46186
335200
396177
260063
33528
34047
37773
4943
19900
21933
15306
272195
115544
294240
835994
290144
233040
11535
123643
160478
13732
262507
73737
3984
37025
150925
680124
111572
71436
34723
457606
22995
0
22173
58196
14393
7368
114553
130293
13563
628356
205007
57997
23554
41053
12161
58974
12458
12188
12898
703785
92920
139249
220153
103742
377555
335059
71007
58912
652173
390797
559791
631778
57553
161255
62653
103612
292553
196191
8872
36423
10951
18578
42580
24830
63114
177736
94909
114529
47701
13192
634
2760
12416
16286
7345
1452
24182
16576
52695
8195
39159
5314
302141
53042
82342
15
516
37462
125
20966
25763
158775
29
22099
741748
189286
96120
72139
33505
273832
510704
26475
5149
208104
20016
43413
4032
78556
28843
63466
156
27780
21040
74552
7559
162905
17
8414
39602
65821
14
0
58922
65112
36725
140607
36
17074
4855
5583
12140
160737
23643
15140
42657
547658
1140
13698
6801
24
426
0
4608
31140
34829
4045
24305
126203
20509
6979
22150
34622
49168
50168
8219
280180
10408
38100
123293
75976
25785
40470
9948
238500
34154
16692
108686
30015
86320
31568
39359
4815
22138
10744
17
1616
12036
318581
30510
50409
8198
194504
126
281
0
90373
8540
24021
104
2834
53244
12527
81352
92254
22351
125440
74
57951
403835
26935
10586
102121
298
457010
211586
69958
18873
364317
17496
27917
22643
27345
258186
40405
52
99042
21549
195233
76533
262849
17710
6725
57259
475828
23807
12081
115526
79818
574315
19350
3323
22644
44361
67587
337588
180783
162675
13148
55807
201521
149094
40990
421161
216126
78684
37539
26430
29812
155848
12813
90218
64973
4955
80963
4648
54469
61369
545960
57535
710033
188701
10404
5223
278325
4670
53125
4943
478077
77851
22245
49986
77
337923
754883
19677
14867
7246
18571
5572
6040
393058
8022
496
32108
35692
458431
78194
79453
122912
555342
7276
39213
73235
29
1530
31943
6
9953
754431
39383
15869
304298
8156
78663
17185
532282
8686
541816
81431
52149
135
11995
13181
28193
18477
9271
47669
73775
90322
87428
1448
24575
3037
75223
4397
25175
20374
49696
11675
5470
41837
29849
24787
567217
34989
91609
53719
32975
10188
466004
5369
125
61554
149842
14881
0
90856
17551
975
20302
440956
292287
187570
174139
913466
41064
17427
93347
73394
13606
27227
73459
67087
34029
46485
23877
214396
1134429
26054
28972
345369
28076
260553
179918
127207
223514
27851
6836
22566
29643
5298
386
10614
74
5198
9434
73099
1019550
10
13679
33087
41127
7564
4675
152
590222
263754
11457
9932
26209
3118
7023
30559
79681
16078
1021
5510
6981
8087
9707
17609
473021
705
955
36562
3358
30668
58077
27406
427048
453
19
1740
169575
124432
34563
13734
40874
14601
96236
600056
19666
38274
7296
510993
7656
56917
24413
52676
223063
11730
67095
234
22052
0
27958
239796
13550
53639
373984
13277
39469
12308
56348
5677
84897
210260
366195
75499
532667
89250
2807
218
34827
115306
244912
33495
111189
107113
114540
55165
34597
8430
254534
49042
1857528
43274
409245
94096
838835
31632
160092
39353
77148
4931
257799
276494
9874
51650
24052
30182
125748
828442
5624
18339
338236
74125
176988
15576
60170
10898
22714
193639
617325
27394
111750
6188
410512
8289
27271
272
19202
751
112919
43792
1135878
114658
3650
18789
50343
324
6822
19729
868
966
45128
4416
15
24236
34315
18
5719
41218
40490
5042
7
2862
13940
10818
16076
76999
70641
51615
49832
121003
148
9730
38322
13
13144
57250
25227
12045
20212
1476
56
437
67871
428317
38130
10233
18557
202543
69579
143748
66094
8866
663836
10038
452660
50158
11751
5274
28505
67418
21622
575
59627
77
342026
112
25808
116576
15774
3011
33062
1338
4667
686
42901
6603
0
25194
19007
24677
52908
66164
17986
1065
9737
10187
31620
59
12421
48
9674
22526
12942
130647
14254
586595
538241
222619
6229
13
22133
26518
327741
11200
171756
3756
971946
300120
46742
4480
6849
17114
31072
231694
8045
3125
522398
13740
14099
4529
10
0
36126
4710
13216
5888
811
384254
19364
158711
54047
17338
10397
16736
5716
195
5038
4274
5448
48267
174530
167
5519
7961
7144
69158
886
5061
7721
190
979
4465
12832
354
683
32817
127392
80724
54653
153531
436810
15883
25716
5938
77802
132303
30842
179
67595
22990
819413
157496
6864
13146
31686
208039
311527
27320
39911
1865
3707
30938
44368
2034
149132
51066
8277
16781
63186
407
151323
37585
734369
78005
55598
99454
246575
180135
64021
968
48830
9202
30758
91
9
4106
14919
88914
57638
31702
28876
4618
161815
34937
1127638
612054
130464
18189
3286
163373
22742
707031
5249
360
854166
964630
17456
328
3772
5134
574446
11063
233547
73944
35798
25281
2082
640048
40804
285037
213998
57266
119462
9957
198282
36067
703755
444
67101
15943
1592
740
14469
454
40808
270722
203865
23589
4504
42026
105983
3586
44444
179710
17110
13126
39147
7650
998891
30825
135601
36829
40707
27274
27584
31645
35491
1350
230
7687
8528
12843
16356
4228
10275
26713
4305
12983
79002
29043
1758
13669
85830
128537
42571
235716
12803
484094
107407
12680
26807
25468
104741
38173
1058132
789076
82764
73
91058
1228
102306
508696
80886
56121
31792
35080
684407
62935
548179
26547
62685
75853
260142
78834
63511
42525
56575
50667
1281646
186
178545
932
11748
96142
449328
324152
918923
21827
48143
8855
17827
8781
887
90
31140
33297
52227
9213
113606
319
4040
186231
29
9896
57373
91588
5889
153519
25047
15399
45915
73586
25896
427
381250
101859
147622
46249
51288
14462
9210
10918
84001
248
45232
95263
20638
28
6519
4086
770
11690
432469
184937
223453
210542
15237
23487
38191
36706
25162
409377
989058
423395
591876
37377
92356
47198
328643
273094
498012
5431
20658
131
25826
429091
45
103
9260
1493
22
34898
17971
196786
96
540661
113445
574592
12488
20121
624334
103907
734391
17337
51714
53293
357232
8
367241
50
7754
924
45227
877208
114784
78770
1006435
100170
11853
3573
30165
71
135811
21110
4890
211
389877
3138
26050
63040
25573
13
268
13136
96896
50972
126320
897149
15657
17043
4616
61088
65816
478427
317389
106954
7019
241768
50915
157596
40222
10771
26232
49029
46317
43584
533999
152663
33988
34874
87412
7703
913081
358482
32721
120325
161423
42047
1081387
7322
105746
56095
100904
252960
249091
156298
602652
40522
39215
300213
41344
424811
921724
712739
75211
102691
310
6846
91605
75621
731167
19336
735212
47198
42285
173982
52121
234621
1779613
78915
34381
11146
768
31482
60294
4916
673353
115110
771332
2003
19021
1213
30
38
45870
1323
315743
468
10022
881
19260
3734
66
11246
47377
44896
149
14110
98979
19
166174
15428
800750
25600
44736
849559
56917
17752
230359
45604
692781
27103
259922
240616
230959
60766
386606
205361
7649
235055
12773
58423
38979
40536
247
12103
189098
373404
15384
672
13990
3662
95935
60898
27423
6498
13467
219836
429208
817144
75471
10265
48990
274429
56318
2272
8712
18215
23749
53249
15919
512
4213
6405
15
40149
12
2037
1000028
462228
66959
39338
16427
10360
71259
37201
511509
54268
5484
77978
164900
31417
26961
12844
36689
79186
3572
26317
11808
154431
3203
2973
24461
11694
4512
19323
370
54015
48
0
40670
8510
4481
52
4084
1305
600236
605976
70391
2818
31780
36188
10049
13218
18758
102
37308
37810
19514
0
104344
10454
21351
7544
25764
35897
366
4069
5476
6241
4933
249402
39931
240331
0
140
68674
79360
92971
1710
24382
4963
86238
36476
1046
5179
61512
13749
105176
9659
158797
43587
296987
10580
93375
2
16800
22
18340
126
4971
47056
119452
827
187547
428259
7859
12152
79980
282395
225330
59023
204839
351
449493
143838
924495
55909
30776
6912
615668
10350
71029
255506
613399
21
24176
27983
276843
316010
22169
17735
180835
27034
37982
26229
21124
23784
18938
27347
74136
43726
56589
143183
132045
39176
224312
58027
21140
26458
443903
572128
797217
119972
665337
284535
138492
48704
348151
12768
93739
7987
59414
5281
180407
41537
123736
51733
36356
115132
84185
31345
400999
47631
23960
184491
328442
23177
46710
526188
15007
10249
49457
50642
23564
165332
8399
14118
30500
16080
5712
3843
39233
5306
34397
23127
369130
29398
7319
854
846577
99781
52
72224
39072
40224
59199
729826
463821
133810
45976
9497
55916
60051
22898
8439
99461
38909
43362
67069
92626
48465
48549
1765
289803
8715
257704
61938
235015
147762
42123
26159
115732
38220
98468
41787
120732
57606
71042
42459
116336
31074
23893
35717
23564
713185
52173
1796757
128274
563419
47312
213276
739164
89473
303125
608732
202750
37994
34106
53658
9696
489039
16181
32378
59888
14094
46983
99603
328881
221886
1764023
24884
473585
27712
464880
90071
169200
85394
196461
1341631
178482
413784
25638
52996
28394
157577
374820
176080
44920
542698
35705
55820
4920
410961
76541
136624
24430
70975
717480
651985
667329
195021
52622
158058
15920
255406
15712
1359
26
298504
54081
9066
229190
22221
95619
247373
105965
39598
38071
36955
109009
27999
10686
6861
34984
591
65525
241576
137988
12750
19387
453
9724
34360
381610
17117
14302
73316
196077
113434
40068
503946
410161
183834
561110
731004
13290
53738
18357
259569
21141
8902
164346
6686
7493
7732
74409
121294
91299
107433
111800
13641
6862
2819
251055
175085
45984
94564
239982
9649
61085
17769
44761
224967
34099
20097
92134
93487
278978
193936
620935
130413
966283
22534
59022
495827
1146
4656
22067
9294
296269
210190
12990
190668
67272
178937
55981
107424
1103905
68957
238031
89619
1017060
10708
336828
151775
177510
22970
164848
824996
35909
17065
207087
43956
192922
727309
28833
54553
19526
16993
6261
82795
541278
667979
146000
171805
5966
19279
698
2802
32207
32863
78989
32135
45028
730996
91992
183457
65596
37836
133199
47506
96515
145021
137290
54894
182
17312
28487
4808
261450
1513
22407
12671
16431
294
53109
189030
23507
73586
146771
52447
495414
377720
320779
139151
423549
24275
19163
9712
150637
143275
48665
35296
31139
186306
782796
252853
143327
5917
752354
35261
46402
4954
12610
49
69525
46709
146430
60229
54688
10323
69938
38828
37819
713558
12055
7832
14577
275642
1119801
29243
125323
786823
569029
114924
16594
4692
519582
41933
819200
4577
47534
6942
31975
35538
343215
129513
43204
87772
34410
37153
42449
292502
10009
299645
582281
106542
132736
157163
1182535
1074307
109235
277283
67896
405711
79806
216003
447373
16812
721758
13538
875
7641
29023
333
25458
99591
26922
32102
19926
48221
374930
445757
441703
63296
54453
115285
112
26165
36400
9399
3524
68230
360545
12327
25673
930456
12534
6030
9661
44983
325758
36651
4192
185697
2038
5636
3909
177921
248070
62093
23428
542321
45020
36836
89164
39228
45866
278257
30454
9
7491
22631
571643
5927
1760765
6656
41487
84662
35600
187135
710932
15027
45747
98609
7290
1374
29756
12639
132
23892
2604
8562
436741
32023
629697
19412
32765
572271
104326
149895
868406
192830
1204399
66314
34541
38034
109870
286652
107490
239002
156248
45371
83305
153
5694
17547
487507
114191
612159
19872
5590
28843
72115
21954
365459
650407
9490
122365
17898
38420
22618
29137
93409
22534
98866
92996
9702
29450
115881
214535
42924
88033
108278
82615
926586
52604
1189276
335289
817491
49970
749875
846
1
8487
11901
82741
683168
99470
750886
297281
569683
65172
371155
15540
106050
1198683
276183
40625
41162
35745
1353
17667
236445
118312
32993
121927
11712
40123
11
8587
605824
49801
38319
108918
21144
60
5923
40
52408
4876
60603
470771
36041
40823
100608
90833
329614
11192
379134
38234
285006
2445
3237
99
39294
118247
14320
76512
57864
197988
116844
69409
240024
393
57040
13553
8892
44691
13033
77437
140820
85801
25286
84297
7701
178171
9031
81481
24801
383181
259495
19385
522318
85628
60821
487844
651853
52601
335695
47473
733339
474977
162664
1854652
277360
11830
76735
8335
58794
26851
131321
17570
420092
69669
55239
20867
2883
42210
69425
109008
84495
234566
125333
74092
1501592
16986
305479
79251
824742
1027062
524242
38907
758171
37790
42577
456
27814
37077
54805
1084
10890
37084
210688
50541
395596
36249
28725
123404
867677
40428
155611
73940
58801
141569
330275
29898
0
119149
45156
76685
172626
1149249
93486
82451
5940
36519
4526
48749
44967
45768
12870
25662
4287
47101
535198
88857
42844
531420
27763
76898
10738
1250
39582
552875
974887
355580
88846
33563
356202
23434
362239
67262
181970
279930
117561
387126
800603
9483
72022
62975
928940
55652
185071
55911
597173
111
73187
98108
218656
7833
15693
187139
190515
117398
171583
228208
51026
499649
522282
1051375
74315
74740
168286
77682
291668
829239
1210836
674423
33430
33035
188983
91365
144407
96677
190385
23883
63277
545108
87058
32552
284617
310678
43571
879450
132392
225035
11025
246977
760605
236808
1529681
122939
135953
569413
50448
170132
293426
686752
221790
118713
109876
43275
61562
61560
36320
96364
197663
28631
354010
70042
184240
125797
118238
364110
134628
36213
214035
21922
532325
333056
29221
25465
108000
839484
11716
726759
89290
51266
249130
64606
99871
677073
20808
91541
10156
17806
92737
7641
17704
306428
69826
11060
75198
5471
9018
87301
67853
190402
24
66955
404478
318219
821029
172884
26486
20886
370336
124210
255712
194044
646100
469570
138358
513301
306598
21665
114663
82648
482749
28508
49885
29865
46151
137589
76723
15442
92944
7080
31737
770588
463694
479544
187609
193666
355567
833090
1240730
15566
10367
22711
63321
589781
70991
74574
64510
39134
797262
21662
27426
5852
34348
2336
25183
8354
56661
102489
162977
604115
106100
85064
686040
24877
35030
6120
72684
86115
197407
55941
679682
170323
71795
5785
749862
119994
32280
221067
718702
447262
17075
726621
78340
6767
10
39557
0
87
4914
36006
30694
55973
56978
110
52792
11711
114
12993
19172
5931
34284
127816
70594
47160
8487
13
112935
24634
77625
300715
169024
56838
41646
15164
1773
300759
18981
576959
16994
96757
1997
17973
187677
12060
33212
39573
367374
25562
16356
8164
2849
18869
91
56975
5440
53290
129568
10616
118094
421
57679
24908
66180
86026
225626
311491
209512
15743
279
57772
12058
18
7042
30355
13039
49085
768340
135966
22443
346921
32055
115285
262815
8394
1586205
16825
336110
58944
127374
23005
248580
91288
281490
14982
228671
471377
97165
5042
382732
5852
220039
17786
367556
175522
852971
71947
92028
122551
261032
61136
92076
24619
436091
4146
398063
36492
546196
4684
855963
116116
329266
35389
689838
74529
74353
55063
1196910
222763
99300
30758
285884
742877
16373
24208
853773
59059
26635
479
318454
21982
301433
54590
94729
194089
294931
2897
157478
3937
203163
133524
398971
490489
628
66326
4786
180297
279199
27211
235363
23107
361
241800
41686
27584
35344
18686
16809
27307
12770
111907
8827
102627
36693
19610
121304
76142
13083
35019
38869
34502
207243
56816
239
30554
326
130996
271
30597
78861
77511
493844
29649
559067
549298
178486
366663
472418
6646
7406
8299
407
256694
8960
215079
36904
9679
45713
134822
14362
167219
40041
74356
49751
548854
52479
27446
7019
134253
690017
86928
121382
941163
124403
127241
27115
43423
6916
13446
6653
30243
9752
7138
213925
42891
78779
89853
38264
527565
15274
47542
463482
281948
640855
116443
38834
118932
9454
9396
419334
75921
148697
142658
110647
153
35275
29508
121305
616512
338429
191455
40494
910927
73863
22322
6788
6853
308460
1871
51213
4938
15252
2062
17316
521935
3503
1236
27111
401
30652
30589
30916
7113
440
42552
162457
111
67345
27548
5292
8359
5568
0
69530
3784
368357
5989
12092
49309
90385
722529
151548
33145
225143
18804
291025
11953
345180
249744
108624
25276
23111
27042
59672
22552
38946
4886
240199
514167
1121477
89231
501370
2212
468194
27880
15293
6512
126917
53
5673
14400
100509
30663
201401
46433
383819
31037
65531
1197
22221
96131
28424
12054
86044
205186
23
59028
37954
136
737149
3093
474206
351052
968420
48
43559
9556
43647
52040
42243
11997
5827
265
82450
135
28671
22699
709556
198831
129192
21
101144
13830
114122
3573
18311
12104
5683
22325
219706
21486
682257
184520
161360
131967
28230
4806
534673
722
38675
15228
56402
39
136756
655554
7000
730
28437
241993
185031
12044
26139
4700
231637
1853
112
3119
5258
0
25295
55074
20873
6016
24582
8519
65001
28
18620
22
48309
5409
33
25627
120990
4512
6744
24041
239407
27516
29892
18
23037
5418
42465
10127
63901
12346
53399
16126
441
5097
441
3800
36033
18279
166881
9311
55698
49007
16126
5490
24924
13637
5561
9762
23708
105
18
24912
35966
30
34152
289561
669606
17164
19372
1346
10721
526
21528
1843
462872
217083
45417
523260
29639
149090
48444
10596
13999
76445
24470
1257
37272
39503
6721
24297
29002
335
118
4714
17118
35506
38112
79808
10081
28532
5485
32584
34547
56
934
34160
97186
43473
63676
4809
97441
279222
118093
5212
131783
125883
64989
14227
126905
42834
5995
15066
47009
0
32137
14562
12
4512
699
51957
18349
87429
9848
4135
337042
24470
29637
6600
65273
10620
28175
18969
829730
17093
83300
261725
69010
12267
83
4625
228864
36634
902
26717
66970
1313
6080
16548
162454
55269
40635
202390
56485
22701
1666
291
12922
59083
31160
0
56969
14442
411272
527408
0
807
562778
28930
60706
19351
17082
6001
294008
4603
16729
0
8104
8288
8203
8178
9886
96953
57837
13203
141261
71529
146542
92339
75087
53771
77887
93656
296214
19375
80
80132
71636
17679
8815
909
5376
25289
41768
18287
207888
42083
104014
9947
141010
5888
1287
3425
22250
20394
6639
108
9180
103696
2746
5099
5229
4678
458813
54724
40628
281617
34089
20345
40082
54618
214218
18533
153508
657059
61752
16513
62016
62331
388337
30076
212863
2934
314990
11465
24483
8874
256523
119260
26149
256318
34558
10514
6915
4602
28873
86322
55379
16960
88
307
71
67807
39560
828
4711
8693
123
0
8605
3
12741
4907
15971
6908
8669
4784
45874
113705
17068
1952
10731
5600
64
4559
177706
18215
87250
560890
19818
388513
62006
13600
27249
61949
121740
31051
138101
212873
307243
45185
74602
395830
182219
7086
82640
5
1815
375833
159455
3071
283971
47238
30796
41527
3827
117985
102147
119757
87246
335636
641347
969768
8496
34082
19625
20071
418091
27885
384630
194634
147927
13074
82928
174946
196547
300937
150199
439000
97868
16883
107118
40680
20219
597888
1760116
261960
40267
35447
70678
21534
38730
36655
52612
253499
21513
3656
8747
63154
236947
415974
143988
151766
6101
17932
1051581
314
79529
170200
45627
3633
8011
252449
17
57826
479626
240427
41717
359997
5598
155
44348
3685
2262
191214
247751
157
263659
7857
40658
46807
422149
370082
109376
73001
11174
94969
321310
132402
2404
9779
948244
54617
2105
49816
49908
47835
872
450374
183304
117559
27580
1006
5082
146055
239201
174
131672
6573
181134
5072
21630
40700
39732
810
108740
60920
599011
6205
5446
17357
280215
28327
192377
4414
6296
82
75567
3758
143666
271580
36929
90641
49143
19107
38968
34387
330310
43171
87190
586932
267957
51623
363815
52496
72106
479572
655569
39644
28361
24202
195752
102849
370413
119645
66065
22734
19720
37555
26268
72539
819611
112985
72336
15261
9944
24591
151683
78152
426047
47725
294699
50471
127062
93160
1232616
97985
1923590
50661
304542
29566
163835
59885
154398
357707
10784
36367
780300
4188
50575
62830
64140
323257
77976
263718
65676
152311
104380
68870
191885
598432
630353
319648
33158
1060
21105
17340
73385
32276
109623
733113
90604
126935
0
12698
53245
5984
134913
22600
143363
39207
1792
4912
313417
13889
65741
148257
61319
519299
57793
5769
66607
8457
872008
83811
68130
67071
32436
95893
67401
12860
257278
54408
87642
564025
232168
44749
195792
28048
163332
9450
471085
35824
20827
2619
113516
2596
24102
49926
347743
463606
3961
509
23119
86413
211420
17296
44600
44790
13509
130325
128716
61321
24968
400195
9840
874444
194014
299658
137
521545
10510
338
58323
10329
366462
27744
76567
176473
5987
5626
6148
1934
20423
100820
365560
64425
19776
53
297149
772884
9268
4827
17239
71844
14451
27796
242845
41997
81345
7731
311871
104470
5320
169
8560
23867
5093
242766
10250
14029
12732
46449
26852
16555
19430
5249
439630
23652
56625
7015
8476
52204
20192
16670
2508
22
75678
122767
48789
134259
53
14530
18496
35395
21662
301464
103984
135333
55523
95587
55467
30232
23956
636157
26177
21704
211
7024
182748
184416
363511
71860
5794
230401
34514
558
5431
170
398489
80202
823658
99382
61750
7382
156093
30405
4430
2010
1245
8674
12497
90217
4850
23083
77325
5842
168398
47681
174721
9038
34996
42504
121108
6155
27471
148515
444911
77355
1107799
3865
44032
52707
77338
336110
90936
58370
26823
26435
2896
236843
67882
53261
135126
3394
5007
7177
66781
45707
17338
5324
31598
50928
49632
17084
377303
250662
79823
33678
12175
7754
108014
15654
265877
509752
100141
316902
22729
159535
107664
19066
607054
17080
51638
1
173223
323901
246107
13908
120461
45108
124317
3097
290347
100184
51808
57848
38325
11056
106742
425707
8656
7110
40
22767
6739
5661
53320
311358
10589
10783
25036
51330
75349
16437
293937
177
57103
24346
250843
119631
78214
12970
397086
6525
3341
22433
189630
186602
27085
96486
6834
23026
10432
3856
304
41536
101649
49020
54862
159569
21282
142160
10941
72211
40090
11699
71027
33080
54088
43552
163465
38078
50067
17358
129005
69377
17999
70066
55446
36436
