301604
510584
119894
242507
170936
212926
81102
1297500
146514
2455916
449833
877885
26951
337922
766029
55817
384311
553951
213547
41197
651284
421527
438816
257483
83209
703730
43634
20864
973976
607437
1160906
338642
1347641
55448
500822
53205
311831
1342515
1847230
633796
188401
1171666
494429
415289
117449
1168615
938301
254716
585892
1051745
55487
376351
54617
338681
134792
613169
285190
721566
1011046
230035
715508
780223
45476
105576
31623
4382
377119
377114
10151
538768
6801
165165
101481
17141
205212
36043
33992
45952
6940
11343
262463
17083
1001638
15619
20574
74202
41478
477921
231522
49652
331907
393245
419873
109247
329598
411922
612659
7138
23034
69674
83992
843425
7560
364997
584117
1117241
1080605
866655
766104
23676
790587
131468
136824
733412
98682
104662
16403
164013
48246
463080
573297
229545
995654
113539
19070
135882
574483
329999
595424
607769
1445807
382728
18698
10992
27282
469331
538999
86923
721703
361808
790988
75356
180288
25319
918961
280751
2001395
27311
683573
539135
917575
326504
381989
711824
882776
1232925
65045
322334
464541
57786
1276086
35129
255334
325326
1210816
195421
1090892
492527
1397044
270322
393179
675625
50725
231189
1100430
314639
98513
126460
649600
56082
255676
125824
41978
1019084
938226
1014302
1556445
189805
180116
85729
412936
13938
26860
55927
563863
55844
33632
245392
948013
135510
24607
34682
49971
16724
135906
87445
417587
479301
21224
24639
119899
11604
265133
194922
444788
17001
19795
6853
177600
217236
20660
20866
163843
645869
604354
277621
40726
158786
275410
199872
679498
18574
837914
58554
612759
162246
247623
10703
1136717
85391
70625
276181
273439
469541
19403
732599
100524
8881
79344
284662
1251166
134295
200782
68200
64829
60327
35718
187002
30791
17600
23778
842273
693308
68563
33700
790031
21233
579543
14093
4521
1151600
18159
258328
16871
21393
31245
588464
4885
260679
373060
19888
139190
869107
81908
4004
12051
194287
92195
1232427
68365
93022
203198
2103831
1103336
149353
43138
282502
298928
327686
445632
654918
31242
933986
25224
8165
10444
16284
29375
22085
30312
21290
119195
9600
185261
23354
464087
59500
41191
538772
71984
25191
37101
176955
129329
25321
144652
985336
1666
529570
1056246
157326
462248
11226
10957
617289
29321
23350
374773
108729
8835
27596
64961
216574
53730
147858
30910
283742
13456
41024
6587
525923
32857
22395
25720
337623
60910
466506
11647
1883345
33304
880323
302657
230191
121856
84590
2662
520843
24872
412723
1007015
110827
22627
8557
6384
34239
81782
680588
89892
477537
45114
60834
238277
406027
66109
1039742
43587
592273
24925
47806
19403
103393
220949
29931
526322
62129
55732
86970
9259
107827
19579
631731
68385
735780
34682
8238
14226
873056
11253
165111
794124
904194
1118666
15051
33461
205966
157281
977763
21545
680978
556878
197504
185129
9890
1497342
1130071
210260
148538
622773
1792605
69582
814628
307085
1471697
19671
1535700
14530
4462
10862
58614
27491
893365
941593
638878
274949
681545
27840
369919
18864
14611
1365574
28754
92868
10323
11639
1723185
15769
181958
54081
50056
430824
16540
9108
110451
12451
739079
34798
25502
18209
26022
3028
139554
11465
61591
52033
52144
68801
15412
83487
759099
122716
351452
1018898
327002
822639
316405
67276
38729
66262
498310
446637
831079
479161
287905
50628
145816
643858
534789
14990
70075
10516
8300
435897
484969
114577
1087140
59985
65529
85167
141685
765665
170028
125645
397394
773376
2394049
912356
993509
49468
61268
325177
1722891
335262
1734290
193071
984320
635670
274005
1554029
144589
154383
81338
19647
19854
10140
178779
5754
565628
333340
1531052
135764
63774
18900
140066
559334
334023
387193
337811
388633
778428
7422
440965
189879
1293460
1257090
715400
152449
130836
51139
1699704
52384
97851
291627
16455
599595
18153
123656
246207
83925
732321
258399
206521
650902
196030
7383
179701
180957
183942
848210
835422
655189
269338
531482
93106
99841
790973
2201096
772810
1088415
12245
131514
40134
269520
49218
503653
919470
184384
367817
144770
52402
70390
18549
1868840
132876
97285
8356
12967
329313
309835
1005805
335284
290721
38438
868259
44832
1028535
8907
182898
259661
189469
1949773
1514184
69251
1374546
912611
935838
9953
486961
11355
784023
8008
143708
317252
205922
96493
372988
79220
178791
17714
113327
577744
1284913
735399
751277
2638845
161862
23829
765616
40867
821608
790956
2196828
168449
60304
260447
279558
485615
841168
366665
1205450
175274
51367
65470
36437
282713
981661
325094
714482
915936
980021
874078
39412
627844
1800084
293726
1974691
137051
285015
40885
1255924
365702
1025538
311577
548638
147347
131568
795384
383199
319201
1115236
680063
288805
50490
419594
156938
378051
422232
822242
236182
1201665
290568
84958
46800
330898
897448
1951950
497684
222448
900169
15214
668076
183096
103786
825623
772283
1692782
148051
14489
35380
102917
23961
48143
25290
276395
392050
116366
136074
357741
6749
35994
65343
63133
387098
16757
35699
1287309
143387
1865547
265707
847441
500563
680987
994986
209721
387033
1150693
1031398
810474
460416
1037774
21569
260255
41690
433843
96906
569145
475321
31086
9637
120603
40501
373282
23223
91790
1198281
36642
449606
111463
446332
440559
299890
1395515
18767
15325
664901
19093
1396841
58055
563073
71220
831611
1046086
163642
61488
22848
3438
4326
50353
7695
43640
182157
129585
635319
46304
131134
1207837
1474382
33399
54054
428255
73299
122448
16431
783466
436662
40877
17386
785084
44268
142488
274692
1201464
686510
28113
195269
137758
360823
12443
15370
38591
120183
83763
429232
19372
35680
55686
13007
435126
139003
124352
37052
986173
36103
35116
738883
35265
27000
24940
17789
29555
39837
177662
125601
225408
65810
6880
4781
20638
402299
33850
266354
180800
463267
99943
80574
166763
8160
47871
446551
786513
131681
87911
2233
113266
17443
73440
27162
22901
57300
58835
8619
66337
8997
590709
213290
612202
54598
683833
5928
68898
29745
20732
9515
22021
10004
10282
1905
9707
126981
1074817
73824
421565
895640
372024
652287
204294
233150
1571409
49582
1204592
405771
175814
161816
1677445
56023
61989
18274
450955
1351527
78117
127944
1283388
38411
136393
278710
914267
216878
913889
18110
294003
40464
157267
123599
87575
613346
387689
26531
48703
45897
1368125
643416
1079877
72918
897770
16235
596940
170927
660017
1157072
949353
185547
166304
286073
260476
419918
894853
144523
978464
56112
62736
327707
73175
20306
831108
84500
71153
608523
629655
48959
573277
115902
164138
187443
709916
245109
6693
71570
6151
335881
337257
31148
514316
130456
20831
436594
15512
668971
28506
27978
173999
13336
542712
22000
471326
187798
64982
18833
1178334
115822
9550
10628
265767
550086
415124
517034
675942
46471
274969
8521
59662
38926
687380
152163
707875
39563
509873
401451
55809
597603
267874
32611
106565
186806
185486
49497
672391
676115
116353
14431
179912
147636
215115
304335
112313
348975
