1196512
3207029
4484039
1466716
1775739
2127989
2742920
3633656
3149472
5725879
3495283
2473443
2526754
1197088
2505838
2988940
1623609
1094568
1649194
732609
1085492
1757601
1842752
2039183
1664270
3304889
4244293
1936472
1191879
1930013
2975194
1091491
3549652
975742
2859557
2811542
4967971
2985654
4753033
1917039
3575182
3917316
3020085
2550108
2060424
2077227
3672562
964095
759699
2780852
513137
1249007
510065
1207743
763118
886294
1547679
2256423
2356275
2055587
2356253
1779051
2380345
766023
1516852
2172090
2635954
1300870
1299072
1274611
1513775
975875
1978402
4621506
2702691
2116244
232267
562816
1820166
1323945
374724
1427103
2505334
802811
280518
1482081
1950861
1995460
700066
4261110
2673712
1500423
1644854
577190
3532928
2550185
3583995
859697
1082207
1569232
4002098
2189473
3484266
931591
2841900
2359452
3640861
4155440
3588137
702264
3724768
1705949
2190794
1885418
1389460
186380
1632592
592901
1020863
1497056
3223241
1437959
4069636
1589426
1467741
1491949
1820490
1428033
4403563
2443828
5451658
4195469
1654994
793495
3542116
1101410
2163679
2838389
4550684
2618551
2266983
1025890
3302389
1604644
4068106
2196856
5824338
1968047
1889157
1658279
3592525
2556122
3585684
2345898
3688376
4588801
2453492
1842319
1660352
1163602
6040009
1455271
5740126
2310214
2371762
2220705
4355723
3199355
5857582
3748453
6042568
2690734
3173426
1525036
4521062
2884231
4243168
1862167
4558391
522627
1045722
1708163
1685762
1516342
3953693
3140706
5158187
2473337
2120976
641296
2842801
1466553
3248751
2473853
2293645
2263527
388051
2544886
3376582
1491424
2922238
1467918
2326999
1575181
283628
588591
603258
1374406
1578116
354974
1439450
447542
1868964
825024
1777616
739526
1154340
713184
2406320
1712036
374715
406157
2160630
1415558
3344284
3821545
2508855
1520915
2746105
2317565
1627245
1086151
3292213
2138081
5663238
2733718
2381371
1669584
2830063
1531234
3120152
1287587
1839757
900821
644285
1713939
2530413
462433
2487658
958589
2263416
2310832
1216585
1445680
991298
899116
