125
135
145
114
74
69
84
151
51
202
117
132
124
45
132
119
62
54
63
20
65
50
76
49
104
86
95
38
62
84
146
64
88
44
61
97
152
139
133
72
133
119
70
101
92
83
139
72
83
140
24
91
35
66
44
15
95
57
93
77
67
87
134
64
75
64
108
48
54
67
51
55
37
157
68
81
20
10
55
40
12
47
93
44
1
30
66
59
36
121
96
69
65
4
92
81
129
30
33
55
110
47
110
26
106
53
73
131
99
15
123
51
72
41
56
42
53
31
11
47
140
48
113
20
84
33
45
73
153
102
138
157
48
35
69
67
74
75
170
103
145
60
86
95
132
72
138
56
67
57
116
87
87
59
101
137
60
54
63
32
160
53
189
117
87
48
103
81
132
90
163
87
91
48
190
123
143
39
156
45
78
43
29
24
172
100
180
74
104
12
104
62
167
75
111
101
25
70
121
83
128
64
69
70
47
45
50
98
90
54
50
5
63
21
64
15
20
27
71
44
25
0
20
58
176
94
140
117
50
93
38
30
149
58
166
133
101
29
74
36
156
80
95
62
35
23
79
18
120
6
120
70
140
25
34
127
