807159
980236
1302422
753196
683218
2766759
1967408
1773964
1223585
1187781
2065971
2682284
775492
2293199
1523682
76494
1801744
3178925
1414868
982044
1113704
1479186
1818085
1782968
1629427
1284826
528924
2464500
113681
2368510
1100459
327786
1589693
1045680
1490088
1614339
1331017
1105103
1679200
1477005
1235539
723623
1349388
2826969
1105155
2945866
649889
1538414
395483
1406668
352925
158844
1722757
1049628
1459056
598156
1555871
1335979
2636890
1391181
147014
263263
1100728
93932
1622539
2767779
1233656
1102912
1861311
1468454
1549283
484170
1560107
2267495
1550377
922351
585751
1257179
3063140
454674
640632
449281
1661715
814126
624229
1235901
2345696
2097568
505721
2007988
2861338
1087370
665764
515344
730597
4162822
2099620
902390
1647444
389918
2094191
1124660
1606610
911443
2547786
256701
2030427
2358730
1100049
2399771
2184192
983107
680444
1498759
1205689
154395
1111242
325197
2089415
1028784
347063
2577151
955276
772217
2317833
982070
2263672
664917
797750
1795703
3378313
1785888
2088552
747629
1221608
1267420
2500808
1724963
1817843
1182405
728493
966937
1651080
1019728
2943786
782651
1044941
1706538
1264613
1613329
2034338
1446624
2232571
884494
1192526
311236
2124649
918003
1959451
687922
2217151
1142195
2829970
1772256
670768
1522480
535259
1973679
2770677
2200699
2078607
1956779
1038591
1508796
4863689
1616768
1669862
1441344
863981
230503
3174451
1305314
2997129
1313575
2956174
1788349
2664514
1107677
987857
1520845
2743270
331180
620387
858809
1267905
1032931
2771335
1223560
1171285
403962
455441
434170
723589
1472584
221078
312495
673008
63264
1341036
976989
2192272
1862662
566357
1982262
290934
758426
681276
1645102
2611392
2855261
635672
756438
861514
1067895
1851838
2245131
1272081
590146
2398597
2607163
800045
1331583
1412430
1525364
3554438
1898108
984755
1937090
838335
1478304
1048797
1228835
670881
729624
399548
921524
1265087
384477
1105429
1431995
2163151
2007414
243191
232924
605446
228741
