630865
1311510
3364452
1138393
912625
1359577
610239
2590292
2276523
3976439
2179079
1633831
2462356
1112716
2035851
1841475
854737
639138
609125
133991
640027
705597
1345952
1133264
693972
1100962
3003017
1559556
808436
784069
2439050
752796
2726230
512243
2041769
1267502
3335184
2830495
3118716
848401
2043743
3099832
2612224
1392119
1025602
1089848
2767786
533053
677063
1818949
397014
1149532
342249
892844
689464
691144
1026267
1580232
1542148
877005
1062972
903346
1555510
666617
339810
1207554
1228562
1217830
465511
972886
725535
469067
1337732
3863344
1431462
1808168
125787
243574
694493
588131
239498
602807
2009357
659921
299271
930091
1097653
677238
588623
2216859
2334110
680305
1388581
360204
1865033
966201
1845591
453446
849260
473824
1477064
786432
2554620
450490
2381707
1800897
2752719
3084949
2796769
205436
2626843
1270856
1177543
1601697
825779
157816
853251
445476
451782
928203
2183786
944250
2340261
1027411
527038
1007078
938132
1033113
3383499
1397698
4180789
3379721
681903
254417
2374510
615390
1117915
1226185
3690247
1582542
1230412
775020
1833567
566043
2039644
1128539
4927834
556417
1679386
939531
2154274
1417437
2053282
1649254
2870895
3940509
1428690
1311788
679229
705861
5011216
1024641
3291306
1280646
2059560
972430
3481975
2340841
4009699
2759587
3095725
2126198
2342463
915405
2850989
1477661
3437655
1074348
3379421
360096
652684
704900
506145
1018598
3384846
2075414
2809666
1642851
1407598
428020
1642411
672971
2110416
1573659
1316154
1727686
190974
1253472
2669262
1123501
1836863
1088356
1890183
404879
237727
489479
474420
1202848
867479
276359
910795
306566
907404
441144
1233864
368745
294118
316002
1829200
736206
142464
214766
1540583
1084650
2796995
1954517
1455326
1405245
1796050
1612089
1389964
501430
2204165
1217568
3556316
1005517
2112589
678689
1695065
872222
1447792
756606
639054
742485
520788
919532
1532157
354009
1038285
712389
1336671
1822602
596784
995124
777940
795034
