8613
102879
17298
572
7
1822058
13328
3542
1514
45867
96942
360524
603
31890
2650
44
10
3072
0
462
52
1947046
1309071
940881
981956
807050
1501
885
0
1301836
149
584420
797128
1517
1155
0
40831
557928
24688
194701
577663
189848
30530
663879
173805
1946192
378737
0
0
324177
0
0
71733
649171
1029216
178379
1793
29933
1296703
109071
0
0
21757
47
992054
226769
4100
793824
1006468
345063
798031
6
605491
1
804727
1481
1279
798508
144616
463
1324
865
833335
129942
5812
47455
664124
1241568
1993
707387
791977
505676
10799
95
882186
845986
1074
828645
987812
254
8569
94392
800179
0
505965
9853
1229
109907
1010812
972244
293635
306043
0
649777
0
0
70203
462854
648188
789389
0
292868
3097
117
1438
11083
6
572989
532712
892460
234797
40458
692567
508111
68181
263979
878280
9025
509840
29303
212823
473351
1571657
606
9857
604713
46450
492636
520257
1100
45384
5
283042
800147
401
4
244761
818233
1322
214121
802141
12150
581189
0
3139
449
185416
45545
494711
1047648
46293
656369
144495
290699
1508725
76
571390
173365
108
1022
579468
1323561
570575
659327
211248
4159
18068
185836
462
193714
927633
94962
23369
2
419
0
185415
2515
318552
3
186315
0
25180
1419
1273
0
57
0
0
1150
437055
1013946
591402
522427
130828
210675
242
978610
70800
49647
43
641416
0
25490
540899
760797
2260
1387
159
251587
350
10775
610075
1424542
306474
1252085
1308
108556
2385
799000
0
0
1273
0
210217
0
0
22970
1254
277015
1020664
348399
25
415
3056
2
36092
1271109
288363
30156
343
1031900
902879
654218
83
18743
3266
580953
0
494049
794030
0
13
1149690
1613
235
183867
9333
193912
28
7035
95167
549479
1304415
0
216185
0
12
568036
67311
1196294
662084
1101811
689
71539
800063
4122
34296
519586
1198753
212
458591
1529
219995
23689
19
2
1273
801070
797901
8439
447
546073
233818
1502731
646
1273
233256
255719
916
21483
181487
2036
494053
9
319
519210
25
1189552
789999
804936
489
23741
943
511760
23125
22055
4898
474357
25259
10845
19310
36970
277533
5960
1376979
275200
244275
496381
3509
11943
1605233
2460
0
69250
1370
722313
690350
848456
3157
1327165
7382
270793
811449
77851
179147
566949
0
10951
2622
26179
477703
7
0
4613
25130
72
46624
804889
66584
2292929
633252
801263
264377
1799
4335
823914
98428
941
576845
255129
609938
268326
800000
744326
255270
1392
1193
3
1145
1519638
2813
296421
8495
15
177351
600687
22831
1559621
173
231733
502
528159
3143
49
12436
1097470
950
1049989
805799
74
13613
77
3511
660761
200318
224707
63634
6508
2333
1162019
70242
583244
513647
70820
185356
1761004
561
195193
175401
1408113
292602
17
800007
0
302565
122
584
5253
10510
537587
242802
1737523
1506
1089
1
25661
195225
1022
521637
0
475875
441
332
69421
1277
656358
699
405726
813
59636
0
623049
31746
2767
800110
721633
3499
102475
361532
1
26664
9220
57
1807085
291950
262595
0
155
14756
279639
513549
427
641191
78556
10
209380
1378458
533363
399923
960
11520
817518
36
829090
11255
1263
812031
15164
587850
247657
199697
69340
464565
6052
1993
671
1311589
884
1232854
797177
246379
825930
762499
329689
683889
39832
21882
1009506
49
1331589
800001
503604
3422
506583
286000
255403
967
67128
799899
147033
460356
295041
1085
153374
1464046
16303
1599996
9035
9176
801369
255810
797334
10237
1179594
82897
68077
503335
36969
280756
158
1875
212912
57
585612
165
73055
25183
547920
5
796397
800419
0
7
1191784
2165
516109
2184274
18140
916
1395
52422
608110
216168
292051
1546
139539
610
11
8903
834275
471628
676869
10033
797419
24107
20450
220298
169900
575847
87
107693
835758
18656
11267
1060
23001
789117
924149
4
1011712
1809
800006
0
479
13031
124081
2
186668
331492
193746
172
986
3459
247201
1089133
535957
463
11
7006
809008
12348
9222
1382790
56
576306
27077
1518
13453
210607
6731
1648768
801946
575326
532547
893
255487
3355
771449
85813
815168
609109
0
190236
571891
1193741
54
215024
70454
0
9309
572057
13834
224383
0
13809
185493
187683
805033
0
1133109
26802
1129246
779561
152635
547273
211154
193886
18089
1332348
824648
33799
78018
34170
483233
65029
190288
795795
524616
97365
534314
1294
10473
0
187223
850267
1359210
1390778
1414443
585
797757
104
116376
1706
3259
81498
512224
1099754
326905
7
172911
504081
64
31699
502231
231278
185644
881
1089
0
608407
189540
996059
585183
0
787470
535624
574083
1115
5563
632206
1848364
8359
172117
653379
848953
441391
1115506
1489197
2153
215872
586248
9260
877779
78121
17277
1122457
217281
6
800374
525
186791
795643
477
187225
0
101
296547
192952
185168
0
1112872
822258
30183
1820
1291
91847
1769
15198
816
194289
2500
2628
35155
77438
63
1026
510370
536319
800563
0
732733
602566
0
1007608
1011655
78942
145295
283814
1430
2514
513773
573703
15
9909
484758
503951
0
991
0
185531
0
213160
461
9247
882
186038
29535
17058
471
517509
51
510245
236030
2664
720074
0
186739
75
0
3
9405
870
464936
214258
66
995
1731
0
0
185154
380
97236
1270
578818
479
153208
203
33549
7
414736
1188305
9213
680211
4
799564
801128
33
522
504399
683085
387222
491758
57914
1042727
23576
65281
79842
522616
60640
940
25088
1454
757276
1137
618614
621
328
300505
22547
147428
534026
1007611
134
697127
3705
71148
985834
1640340
0
542722
0
187406
0
659877
0
349
362641
26648
647991
158
77386
201294
185136
845054
2782
2104
461
778762
374483
1915503
213840
544682
30806
1315950
181267
2817
1869
799
25242
1329
1333
1194545
58852
26056
818239
980538
241236
305144
582178
96086
19
232069
10274
301690
7269
838592
979
9759
24
504923
607477
71343
616442
184125
584435
633224
479299
621967
782912
525735
691253
1311210
50162
25114
225505
162573
48
33300
575124
1540687
3803
77294
1696
3756
1274
185158
185168
923662
2391
181472
24855
799075
0
533
797508
582449
987
187113
0
7186
721966
0
0
215479
185202
0
4
211679
994
581381
312067
5302
0
678
0
1010030
0
454
208477
0
0
185493
802003
1592
25129
81398
980866
70334
264386
436268
546
812847
595691
418581
603618
2573
312515
1890
2593
194744
783
1454
596700
1918
823
183878
2949
3383
155807
183327
11353
6408
10279
