94585
265511
163556
81026
134893
254648
83988
751470
293983
2178993
335276
599505
46855
364819
570986
99514
165780
412032
223753
30718
252095
309879
280857
485243
108614
392307
76987
81612
586279
600616
1112189
277265
1566572
144747
394639
141501
677482
1243940
1633266
436368
241845
1059461
452238
433072
202008
851048
351474
277191
449945
1253842
133624
596003
82639
364355
347624
376366
180643
657707
1049304
66342
689151
644778
198453
205315
75459
10293
179669
644703
18917
383123
7854
132715
228206
45553
192505
72441
26642
36714
13222
37315
91219
63600
476139
39385
49181
103822
143888
351930
218701
92097
774882
164177
218214
189130
515996
219000
461230
16479
53136
85852
227709
569365
12848
313086
541237
514445
1124140
646057
494148
54295
634904
305146
32045
477690
171437
50209
22680
383867
91893
268087
481137
493785
1063342
212052
64094
126099
281557
404061
441613
343000
1642880
472299
39554
19633
41645
280859
410976
139511
797348
613761
628379
200747
285916
44044
656284
646883
2034815
49108
609720
502254
875335
595778
504416
540465
690765
1226182
180405
405702
126758
116049
1103754
107586
395008
289745
1170937
431080
1097376
332303
893950
290819
576046
826912
121691
171508
847470
217568
218304
277698
436522
87390
227582
150727
121784
695307
683850
444832
1268405
225454
128966
110706
210522
56300
47596
110511
392423
107062
71010
444455
922163
217376
85507
70076
114287
46850
110684
135180
169020
645650
33925
54397
158782
35481
342649
304780
195587
38268
19794
21778
454800
178020
47736
63629
200011
373955
410626
379598
50272
60390
391612
472256
581819
31437
535728
131400
777395
83259
92673
29652
817213
17340
77780
457516
186663
286698
29692
571254
205146
24448
178076
499748
810033
140683
166316
130501
152866
124609
67055
158107
77863
33545
60048
640793
382996
126761
59852
926366
45332
334178
49730
23603
1086659
87959
389237
25108
59312
24895
274731
14546
549477
112796
56176
197318
330345
194989
10362
22310
207509
226685
847367
75647
161869
234832
2114121
1306956
264167
111925
339343
506843
257937
310142
490415
66357
1056435
37304
32258
22054
49200
12140
50218
76501
54062
47232
28547
445701
49447
164672
68779
120852
278717
150902
57608
74666
62368
45256
90596
51567
475236
12829
238079
1157344
206755
250568
47186
25996
557461
58293
30121
110489
56963
27626
17123
183341
507868
128390
81074
141056
619549
23762
59125
29338
456923
71506
26839
44080
226859
118270
367666
11056
1865264
25619
557197
694485
513151
243697
114686
4257
442616
63035
181898
1044319
78622
26757
20448
12944
76209
146171
810516
141390
699635
89684
100084
487012
244863
165124
879656
116590
658887
76585
61130
40484
149692
97192
83232
344453
122597
114946
139882
20229
162472
29933
647192
162244
765493
45626
12371
29452
622316
20389
72629
349639
858309
1196252
21164
103707
207390
75668
995445
32024
609041
549561
129484
278412
33892
1284901
1093863
400356
326327
621172
1574264
123748
807360
424008
1250131
31137
1302368
13846
28538
26388
85299
59289
639181
975800
408451
511277
813780
54400
375754
21960
21113
994812
35892
123093
66478
27344
1450258
42203
413180
95596
76247
89258
28983
18724
46506
31106
640867
44940
65705
54862
65451
7787
309957
45207
55597
100278
123848
172318
26464
82193
531624
229394
154469
741674
267087
911634
473445
118874
83809
124743
443276
335263
1036340
410887
155523
129081
252596
458509
411587
26079
110378
35649
18092
261263
737964
42064
581737
90815
118563
196752
165772
502567
100572
231448
219271
516858
1683487
941576
624486
59623
134254
532790
1766231
518476
1723792
115383
1121325
404956
185011
1502663
330085
102686
140061
37289
45129
10326
138200
18962
337961
495308
971099
301439
107003
46052
242342
192593
213176
142273
345541
388218
470827
9049
390913
208730
1207801
1182998
899299
267086
248231
170259
1099396
78865
150141
370108
74686
384972
36587
269062
242819
191768
572015
345140
220684
646719
189889
13769
185114
148234
160132
505080
1018646
473984
352907
481971
218685
246794
665597
2349151
758980
1195511
28934
145942
68318
316550
42101
186707
914931
441150
122070
340974
103259
122476
31924
1794463
108733
123135
20790
24371
589517
638264
1108705
264343
349296
47902
900351
88406
513604
50667
178864
327279
187262
1940162
1490521
123497
1341317
867879
926279
44545
385111
26474
737370
11876
249400
318740
196667
24668
113924
153078
269624
23755
221274
172748
587527
807251
883668
2522422
357979
65116
420646
105929
488254
566287
2196871
78144
85851
250870
454759
429686
503203
107469
1359693
70461
63680
140674
52822
578676
943370
414098
974290
855148
1070254
759762
50299
418686
1823659
131623
1763861
242642
319445
69844
1504839
574245
1371447
362281
857165
333688
295066
385026
643517
623835
1011605
535536
618767
79937
205798
104852
137987
383131
778404
512038
835731
457133
173437
117211
666550
587454
1892739
267568
278722
894971
27070
559056
146652
180806
1029831
690135
1317995
234074
12752
60644
185416
31307
114383
81944
265605
168938
114538
32213
378236
35560
63477
99364
157784
138081
30796
56704
826739
284758
1873003
277211
688524
270877
628582
889212
424212
95527
745212
651681
994161
370011
869583
58535
611598
120374
757974
278090
257289
195334
102689
14329
202124
55299
155831
67452
234107
1233281
110698
163263
215699
272467
231854
291608
1492813
29701
22730
373734
61310
1170607
129229
376844
90773
637125
1218762
378390
116609
51292
25347
8929
120841
21134
103257
318039
285475
526988
117189
46945
1451048
914364
30952
98797
698433
180282
279521
20649
1065457
403250
130217
25641
683748
73200
121042
292761
981019
352311
80486
111279
120054
113756
26243
17199
60159
70049
114375
171885
33272
71456
120651
34912
211675
81688
66107
54701
968915
70658
47964
621774
105367
84457
37493
39566
82810
77324
190957
248605
263410
135614
13340
20391
50551
208498
77276
273873
408157
182000
37429
213317
111946
18958
85551
241929
509744
316277
37859
13169
186210
69225
150324
26109
36326
103915
130079
18433
88208
24025
912463
194989
618640
108116
506586
17713
122400
30821
39133
18969
41187
22204
28517
20161
35379
139839
597334
142845
361749
543368
150463
423094
241722
260108
1466544
90108
949589
148176
155076
88457
1506346
107667
110922
35131
450396
792469
133674
270351
886332
37920
356189
385268
814445
396201
900174
19610
511054
78491
263776
252190
117169
556959
113567
52066
108279
77665
889117
682005
572039
145452
423773
59915
562845
112039
610260
1416866
1172822
169197
264162
154231
293710
281491
860709
71219
927758
109526
169840
281891
114286
64929
1013550
110783
259376
471213
371428
93030
438746
96986
88569
263611
528383
640973
13442
211563
11123
571423
251345
62064
240205
59035
22716
177321
49575
453192
71468
57208
351386
34598
423891
37659
271676
191600
179209
39669
1099280
189622
17068
23360
93341
189828
221313
467477
389207
85689
462011
30454
105859
100986
572651
47986
570638
135399
858254
414750
177577
404743
274874
46781
63253
185495
365622
80752
363459
202996
250092
41886
165781
285381
128034
218517
274600
128678
