9935
9842
88975
482
15943
120778
47601
26482
77297
66480
108746
82815
10389
8187
5367
311
37304
257349
114246
2169
4662
11686
188735
162877
28799
253658
257193
15390
16988
41792
29964
19709
45029
95064
9436
73848
13546
40684
71371
28512
5156
169753
12729
149156
576
246137
35803
959
1195
297419
9719
31014
3040
6305
22389
85363
14791
14578
156074
7
2801
95625
3788
13253
7989
16778
21317
53628
65406
32289
335662
130105
199001
105
7204
5311
90529
15024
171128
35555
137135
90769
11096
20275
5664
2650
89991
26447
1806
194492
222685
9
10416
19503
282877
15449
192656
22884
6029
116426
16136
75771
6225
175387
101056
314568
325446
58515
41983
6029
194618
3692
827
4599
13029
219
3489
142689
3589
65114
160150
11687
277745
1338
88800
15047
17405
18426
13204
65173
44867
1925
228147
176
3675
220514
12209
2883
157799
183303
11519
7117
237809
64053
130573
8304
153780
8373
21956
5955
150885
28552
109453
54177
129370
7569
141137
27492
16448
168823
12507
121496
18540
18077
131485
29372
147831
2769
127155
14862
10291
150501
142586
4699
113287
41250
171789
3898
104691
224
329
7467
188520
68775
72721
22489
138498
3378
732
4250
117029
187371
88966
48364
41993
89841
126922
130324
47510
38247
11
2403
12066
1104
193
1734
40316
29228
0
17979
109462
20775
8894
4205
5543
176903
39
18238
121238
28795
10833
441
4764
78921
50451
24031
8169
39771
193612
34940
96467
105804
167341
80550
167039
173230
376
14802
47102
94122
4336
1093
138188
7530
2466
92352
3645
0
33890
27265
44658
1859
18427
232
15885
50276
1248
16450
6570
15054
234
52871
79886
20858
4480
8216
154244
184130
2297
5172
136835
169
44352
141481
503
76687
162443
8318
4067
25348
3405
15930
184620
158168
902
5439
129992
107292
79827
217902
6091
210000
177727
19667
17476
44491
129714
5633
9684
6699
100083
3034
89269
10272
103555
17620
2402
1764
23412
2707
12736
275
16689
196676
160277
3697
97322
2196
22362
16089
13752
882
137085
2522
160645
11490
13974
88339
148459
17654
3087
8528
74
294
16504
5238
13722
14162
146422
227
3530
5509
5873
47127
3526
110769
8358
3395
2492
117
152153
13584
13628
101402
14597
12402
257653
12788
194017
50
105662
72215
183917
2946
6385
3517
167
16643
119232
137340
8507
36679
12298
3098
80
18613
311819
150830
199063
103215
24235
21280
14434
4916
120936
373262
17279
247
5346
113484
137982
11604
2863
97613
3161
27167
109
24407
109556
596
87120
3533
17360
266872
657
6886
78668
3687
6522
2810
162402
82747
8439
678
215000
578
25717
110156
98572
130816
43477
378997
399803
219049
216523
11865
122768
197756
13203
15965
59449
40646
39069
15121
114593
27874
10211
2378
35402
40287
154114
158386
113484
11877
839
14663
3678
41306
996
14405
10490
281418
6034
94159
139119
222
18982
153
5951
123938
483
51163
239
0
6407
152200
175484
967
219
90088
4165
142429
3273
39170
610
6261
3409
2775
127687
16873
3009
100431
316763
148157
12368
148261
40044
6314
102147
357386
265912
52654
93742
1710
40847
41920
47220
111977
10354
2972
2762
74904
138538
117
16264
153563
14648
128993
1298
513
1653
32795
12470
169021
192896
8138
158624
94427
320153
39120
46792
32935
66190
8987
34297
81365
488
22917
15481
146107
7076
91776
288
88426
100254
120509
289025
4476
216233
43650
454
168153
252777
12768
113
140228
161445
18254
100273
3234
117221
134198
31283
131919
167700
138572
172029
232
104526
190498
164458
27606
3565
38731
72726
186342
129028
2756
89710
219887
267074
112272
31857
422
33522
54423
1747
134261
189969
89251
29988
13723
1211
9352
15004
185061
26017
130423
34344
21324
169741
94432
3497
152629
12049
1435
162824
48893
8953
7261
122297
89972
37894
18408
150275
11846
156539
35173
215878
105804
16105
5451
92966
255
13434
40990
107750
443220
19372
16113
114565
75813
238406
40229
141579
94261
126689
14871
315835
91562
45563
64740
3456
4248
231012
2166
49611
103078
278770
1748
208209
25299
34266
134334
14759
121402
281483
160257
3720
215565
141686
3863
203580
83408
176122
7673
24939
10370
155148
25415
139801
157768
11783
105474
226945
89724
285991
248073
200022
357178
5327
110701
261363
161321
230139
256898
20059
6385
40915
132321
149608
99729
74855
45792
164931
3735
289190
29433
272320
8097
42794
18446
2737
29205
3387
71222
483454
29426
130190
5355
7588
91986
62038
47688
65370
359520
98016
75900
4083
22138
3667
392
4201
161508
94123
5388
180
8681
308
37351
3532
4381
6044
3158
3644
19399
20810
777
217352
3775
3046
9157
38581
829
147013
5237
80370
124034
421339
128891
5428
125875
6051
73416
13026
167278
252800
8170
3679
2920
11618
8171
10232
187
113535
369
102013
4362
5176
2895
15778
3253
186069
59832
3198
11637
309934
38251
90107
15972
49842
1386
236779
100453
108546
22399
95968
47891
8746
8985
292956
23208
43960
92242
3466
19264
89863
141708
92107
16441
126093
20518
17591
555
144124
29306
418
249
38860
9
1513
157
6619
18504
11857
144416
94791
147344
4636
5093
114725
8329
8593
16644
9086
107751
0
491
172
191
50991
341
5023
7282
2374
212
5882
40517
19246
271
48377
1144
16249
3141
1664
258
7632
143012
11866
16145
152087
57855
115689
59224
435
2518
20059
2856
2
15556
8918
193
3006
5071
21341
87665
14547
71244
96054
5245
139380
2877
174114
4256
90887
38501
94116
486
8826
2184
42173
8354
52465
212727
21223
52087
34580
3006
6029
279
45971
5858
899
123
3556
147
212
3204
94630
40417
70709
72161
10036
77952
3140
11529
41850
149120
60752
3617
12751
74688
132443
42658
301886
39726
168151
253935
19234
276796
166984
47995
174599
32582
32423
19264
7698
57905
28994
216775
885
1025
9077
132053
28009
133038
4227
153134
104311
186231
17431
66022
21948
1160
262841
319324
419332
75545
162725
93874
21333
82266
186855
99196
116922
3421
3979
40
3898
5718
6111
12240
46847
1047
59501
6015
115850
3924
83224
87501
2973
46227
11218
5435
117324
8860
2092
687
3687
234693
22111
11745
2
2114
8153
2712
11743
4201
93960
1017
12149
3460
157293
1135
3383
499
214944
475
47
3112
22
2560
122562
15528
19221
195527
48089
2931
602
132980
92511
187
66704
155760
27014
8660
14084
147528
4263
15745
10899
2148
4042
3155
73089
2760
287202
735
69996
7730
10385
71449
38409
47122
