4546054
8350455
7394005
4794861
6062009
5683422
9671901
4915930
7766141
7576547
7449958
6825548
5508205
4188141
7390843
3302539
5097220
5561648
6005738
4066713
4145258
2825358
4872510
7116490
5897349
5399445
11701998
3390023
5384822
3949534
8595785
5220758
7914589
7880049
9969101
9276523
7417971
6604079
8154712
8104734
11481023
11249667
11842056
7316815
5286930
3006426
7082658
4273986
7603967
4598955
5323924
2298764
3157525
3892209
3757540
3078103
9984775
6132368
10991590
2177477
3684291
2785691
6286648
4092601
