41207
56387
120793
17010
31326
48552
95420
164996
170859
427147
117190
69967
18630
77692
92959
621
38144
121846
32626
2312
2226
20849
88176
162043
132110
207853
254159
101526
246408
103220
242455
21944
172459
109338
123849
30752
39178
256535
388246
99157
23114
420674
34335
61602
80617
276530
38607
26092
102161
432007
58688
6455
5742
82168
98855
39749
95117
190133
182655
87870
108193
94652
10376
111824
13581
475
47603
113420
117079
77129
185031
126587
155744
2701
122064
14265
13037
7827
154857
16816
157862
6366
152875
10916
4529
1413
14798
44725
75289
132781
56067
129445
36362
52867
144806
137104
300175
88450
11820
67900
40139
63328
16377
199482
78354
326279
313909
168157
142559
12384
270291
22168
3694
233210
13524
28116
12285
195542
100313
40258
203538
259690
377017
92296
484
91337
4187
49606
82901
140765
44936
98818
198178
7655
34422
143561
39700
6680
391115
248926
133851
152742
55896
192463
173102
22840
321197
16845
151477
55225
195901
183519
11915
126088
427445
244789
69658
117905
93537
37799
122394
207589
17180
92399
179419
268500
201796
74946
92937
19634
166728
157130
115696
4990
247416
65924
196747
60470
173025
1862
5420
87876
168875
85627
101223
91311
422856
10545
5670
10173
145306
210717
34992
147821
86661
30226
154968
188536
156788
739
1236
42087
33044
36970
8621
88779
49455
5556
15072
7694
93778
7590
88477
84173
14316
152633
6623
26659
258804
38377
19123
92792
96649
65943
111871
122451
138368
22181
196633
133446
166599
93020
113444
94128
146116
4566
107014
25917
81306
6805
9844
88650
178398
45025
6036
83071
12913
8
115830
7391
121171
1628
27613
740
10652
112123
17688
37447
28691
8446
2614
79563
47815
35677
13711
220505
116369
263043
1629
7387
245581
71
28437
151773
4087
112873
89692
2696
53639
44745
34243
32652
207325
83759
16126
9899
189123
96026
161346
140089
131247
234535
368248
229613
99289
19680
203914
113380
88213
15036
157426
38694
172764
12419
43
6681
13021
3
4140
4423
9170
39
114472
297364
20988
41517
43821
2468
77256
10182
5662
6625
154060
5856
139604
51585
131344
581
200279
310677
7106
104160
32
95
19500
45555
1431
76850
225443
151
5856
11097
72709
76103
6839
66859
80059
7648
19097
35141
101730
52398
58728
33068
4173
128350
176991
35403
352712
2710
75697
179579
109887
62727
100409
7331
31627
19707
76862
243195
27999
262
55605
37279
89095
340
126250
192234
332599
10636
84406
118413
80556
101773
296434
267646
185889
40637
569
121073
42182
18439
8875
142504
11834
97399
90357
99467
119229
2456
186084
9499
118538
165720
5220
28583
126752
33983
29707
145794
165659
192732
96772
28386
177240
1780
301663
44130
186196
65293
268610
293903
221232
202285
204914
77783
145275
257706
252628
40040
102040
131245
246556
1869
247019
45448
26832
1351
540
32
69327
413439
105411
86200
106631
9853
39043
15627
15533
175213
10731
266544
11696
103013
261725
206455
22437
6517
20803
64438
1780
541
29204
81
54269
36990
171455
31255
35907
549
55484
176402
93225
100774
2411
6970
94406
316
132620
82998
3300
78703
221451
134313
185206
195993
89987
90481
195342
311461
383370
185254
194726
38348
9267
47843
98480
39145
9785
37893
1371
33556
125298
169547
142387
143695
4630
19352
100057
21362
105912
99950
138286
124118
389522
159057
92757
56239
525898
89844
97313
35876
194025
37401
148356
48917
12031
314061
93414
125622
93906
8690
92786
6940
98301
66589
295956
79731
249402
13671
1118
140460
214184
27597
19538
134431
246747
168847
74617
19914
236714
53236
193383
155414
170753
201525
164392
642
317223
169968
197483
61600
8119
139086
28606
238714
117652
203168
168082
59867
147777
76750
130647
5475
106301
13984
41967
104350
407516
135306
18533
24296
33914
134629
121931
382198
239317
230883
3113
5774
257271
47041
12650
192004
143938
9669
289732
50889
50772
56884
142410
276178
186577
19073
153526
90776
226258
191223
232414
54688
197020
109598
234021
80625
69655
92381
218975
394656
114534
291304
255232
915
346741
128337
283597
102815
64272
3053
221991
35530
12971
96174
25840
13953
255028
39854
83208
1505
203978
175934
148085
257655
79767
374360
92164
124196
297837
139349
92478
223891
254843
12593
167487
47366
212421
58975
83317
10823
347646
118212
50993
207899
106351
322034
375220
128113
313025
176588
228287
178920
48317
148718
296262
263763
201029
224916
53078
78244
253497
78531
466825
55012
517419
239666
214390
38154
298227
123023
359336
153825
132490
1545
25294
33467
8078
32588
329093
246175
204657
4655
24525
32703
144183
281072
352414
118089
271953
346652
97008
110936
12879
85905
91797
224784
212229
211885
13023
106306
2011
24853
21247
44637
12559
29361
33327
67861
48242
8893
151153
10266
12695
26702
79
1129
107360
9542
216172
109052
261534
47838
112464
257943
232221
162396
81390
268000
401282
18696
81583
9056
17049
9500
114380
6594
10336
18229
20481
6557
19059
6627
34441
18057
148057
196127
48695
46871
260887
151274
38349
123260
247244
6782
69122
89327
27150
324449
154557
100634
113174
51983
431010
92934
205810
11204
15223
107231
164775
68710
143660
35497
154023
98229
6706
455
175584
248928
15069
95061
288257
166
14454
148
33393
101769
52828
80430
87201
146994
20260
36369
143798
156430
30040
32777
98593
163596
82
1286
33623
7341
85723
14592
104956
31621
17414
43544
7591
15450
39865
36
52468
15459
31050
54668
4443
155
22091
38361
8587
49723
189953
21589
52700
32862
3589
4114
43188
24517
306
48507
100304
44522
3863
102990
23521
31585
117
92842
105712
6334
139609
3563
190319
5120
200287
6191
47782
6312
29218
15138
95987
10144
227163
86147
147698
4566
43715
8215
27074
1251
104405
3826
8550
187
4660
90
1077
173617
82776
96778
112450
147692
17669
118576
21908
356
285220
99463
54988
10600
30982
12442
264899
82477
428762
12039
64799
294680
15376
288624
66225
2936
247682
168969
188468
12579
150772
158128
195671
123002
177790
77182
114689
119078
59443
41944
15907
276939
141544
138234
180637
104412
59666
47147
317629
249345
222642
311737
451259
19772
65127
16607
137695
162911
287473
90834
190127
97425
50610
36449
23466
102
136246
15014
37634
16435
13002
65
68836
641
13193
69666
51563
97927
92401
29349
607
105774
35256
94637
91086
12253
18991
41325
3706
77619
162
29513
19532
7613
36468
10040
87535
716
9653
12947
191839
8364
4549
85237
103426
80
120214
81621
179732
168865
124549
40610
1399
48603
175799
876
76212
174489
283491
37600
98350
18702
10218
93534
35196
40756
29105
12214
65682
17303
258605
46206
153881
221781
3525
55696
303550
123401
