1955
1412
1874
755
1411
4802
2363
1869
1112
2148
3420
3754
1120
3666
1751
13
3434
5778
2154
1256
1621
4117
3783
1920
2885
1275
712
4301
127
2941
925
60
1443
1437
1259
2354
2116
2533
2159
2869
1718
1405
1806
5131
1222
4669
450
2540
66
2460
367
12
2704
993
1841
1352
2591
1447
2439
1808
210
351
1639
122
2241
4892
1607
2257
2854
3167
3484
507
1576
3845
2735
1747
683
1551
3557
1098
1831
598
2027
903
1685
4120
4793
5146
981
4216
5405
1844
531
362
1108
6952
4421
1563
2588
743
3194
1998
2952
1141
4044
125
2864
5245
345
4390
4129
1229
705
1732
1695
63
2333
118
2842
998
330
3820
2118
1602
2765
591
5639
281
1566
1501
5079
2194
3469
1723
2113
1526
3382
3591
3168
1526
1555
1659
1922
1059
3385
1274
2119
2444
1899
3589
3785
1271
3787
1120
1522
511
2886
1134
4307
691
2271
2199
5505
2651
1050
2944
231
2625
4842
3059
3941
3410
1915
3685
9176
1923
2729
2532
244
125
5192
2598
6105
2965
4180
2782
6319
2314
1446
2546
3235
472
232
1551
1878
1344
4888
1760
1211
151
423
94
739
1855
128
14
1103
152
2348
2362
3604
2294
155
4127
87
622
1662
2674
4646
3438
660
1854
1531
1573
2207
3632
2314
449
2864
3079
1603
2383
2022
2262
6644
2913
2217
4122
1942
2007
1509
1287
805
1197
379
1283
1633
306
1502
1881
2966
4564
377
97
400
287
