611452
1279972
2108174
399218
1692907
1396950
3344026
1266763
1304720
1477194
2539831
1715902
2491211
662379
1681562
318595
716377
3095024
784636
1292303
1800885
588401
1583747
1548295
2146499
1939050
4512443
966267
308765
1365339
2577421
632931
826078
2197277
2505255
1503028
1704184
2210072
1721840
2256392
2349862
2912028
2188198
1262344
1437634
1518392
1433837
2013984
1349617
1899435
956152
846026
920734
1761817
829446
886271
2305135
2536042
2341337
401015
1716776
317749
1257674
571805
399814
710342
2397407
1149737
1962434
1003350
1786812
1261531
1850314
2368405
1877858
1139576
799285
223369
1991424
894991
1449087
1382145
1463812
595746
1209319
897537
881541
945712
707487
1768638
1397468
315925
2929738
507003
2668042
1255963
1792085
1555015
1351758
1360559
1617165
447978
1483789
1455012
2709667
3919728
3675496
988722
1167788
357178
1722541
337437
1767822
1803453
1724159
532687
1678810
1386509
353192
760726
3009783
1005151
3824522
412509
1088342
1201733
1154230
699255
2407299
2811385
1275041
1301870
1565904
1343876
2801618
1853212
2701157
1631072
2972719
2295661
1497892
2775955
3245445
1798225
2121198
757784
2888219
1721683
1171171
2109182
1119640
2642007
1943028
738073
3368215
2134901
2244015
2122649
1378886
1585461
3463502
2726280
1790775
3956717
2089393
2701739
4220066
2525772
5181141
1598316
4082037
2870855
2256581
1274401
2879466
779802
3326807
429842
1134979
514128
554204
578433
1457108
991508
2315833
1229705
2437990
506931
245164
458190
1580240
1325633
996943
2891652
1294835
2321679
677305
1783154
1647186
536849
197844
2443841
1347348
1255065
272518
740907
682201
876261
393805
789945
2125444
303710
724067
340248
624778
2240721
1275804
573110
2030328
183732
353972
193877
1645700
682790
1748195
1099285
3969409
2511109
2103404
1707611
780269
1114741
1724451
3130620
3817829
2083268
562696
438885
476402
487745
1078041
509607
1435539
691522
457568
212313
1435204
251143
1724163
948777
2170306
659380
664727
389915
1529982
661154
