140362
421097
384830
163717
322276
560791
484729
1274441
709210
2432494
1383294
739504
111147
345935
528872
255785
314857
1511869
509211
356734
532073
437369
787364
986316
800745
2145594
1176186
246200
1017653
1021257
1543826
430285
1538405
503848
785604
578809
497133
1469423
1627711
812129
619081
2299695
759488
738415
289582
1874052
759901
512460
579317
2650121
142579
568386
144740
359449
242160
727471
423376
701614
1439211
166571
577725
611046
328288
250045
42360
127597
315874
542509
619951
437095
1552131
854049
342805
105576
420546
158747
192696
94345
1128805
497303
1128661
143186
805524
114526
105757
139859
447558
536360
395041
755195
1393815
284926
521421
329617
1409518
434920
1022767
219367
262681
1193257
357244
896234
339528
1479879
707529
2173795
2363381
1289033
888852
135224
1372667
206361
184759
783455
214670
234478
83402
1521874
121094
436856
1594221
405046
2141978
282326
290378
237112
450268
314473
711904
756131
1442774
448730
1030140
142305
194462
1418658
720750
370620
1787895
1574597
775369
168920
820426
588643
973938
410209
2156451
112830
857665
714435
1716814
696089
879238
637527
1596918
1283810
1172052
544927
480753
700994
1274486
602406
657541
1141436
1549139
543149
1811746
692328
1294952
326652
850723
1259923
874421
367177
1086120
402159
1328485
224069
891422
120582
266303
237761
1004744
781499
952694
697619
1856401
286777
338722
147160
1277461
1157529
131622
967434
862277
380848
717256
1339987
1234779
271549
189843
624923
243521
152007
192420
202325
264235
626701
141289
171760
605442
69641
418259
269765
510333
1087014
75354
216243
1022368
261388
174621
60553
305763
620305
1187098
561500
431307
630174
1391373
432122
821541
281934
1525564
555121
1100113
527391
150662
154458
864744
218037
477605
275934
1336862
349822
119811
576871
184116
76196
430662
466088
1413305
197130
612349
120723
245195
323718
75226
441416
291832
62319
156674
837909
844082
155000
201281
776272
1092390
1495128
100038
93375
1208516
144804
335265
778687
107185
844334
926584
26877
499884
293261
128907
197835
1701165
697518
146615
103152
979710
424158
934134
912719
256992
535502
2281339
1436279
274326
250814
1241999
614664
356879
273827
722016
115382
971693
147765
433912
169757
460644
36276
142450
58117
171945
88554
210454
1369095
508380
380412
514618
113993
593407
303876
321329
126596
1129863
93375
1084253
222611
800242
161256
1258295
1280366
101906
337449
264697
78087
451222
163566
195203
350369
728708
258835
131584
168503
415151
118116
202261
608971
576716
63879
187149
80442
686064
310659
242929
519241
440982
230800
1122710
110254
2447701
108286
1386790
867108
874383
280349
307060
32573
399006
98139
889464
1489923
313230
241601
248006
45624
138685
222652
1425064
747318
1754548
248358
254142
666822
417034
301186
1186450
1291331
655812
261826
61151
621686
812744
164733
191981
1215117
178092
327792
418624
334286
927548
97840
740507
205733
692425
1314471
43389
121406
913776
89705
155100
498416
1265721
1724056
284288
74288
1288745
206658
1191282
760926
686166
1407241
571786
2061978
1604522
2181017
1597977
469968
960717
1655951
2028795
412995
874305
482855
1632863
83815
2008944
161683
37480
137328
248776
167422
885172
1769981
1126768
301624
596790
105148
701363
67017
88568
1454316
134807
1362046
70883
517298
1843397
96068
352785
289667
256018
1026338
93276
255825
249251
161864
684189
586655
1066882
177915
142748
87649
488594
1120070
134148
164878
186782
144282
61994
128330
819830
479820
353462
920749
2330177
1066167
378514
766272
222776
220696
731223
2202273
1865846
921771
380215
370071
239743
644003
832405
322186
240199
386998
71156
467044
1274843
169204
823554
759899
242548
259120
247374
545658
338299
409323
355751
1358720
2745111
950160
781931
349979
2001084
744404
1801359
652480
1636177
404129
1083127
756383
460809
1237596
303101
1068099
206923
62462
162476
329172
431515
733201
1576851
573414
2182119
163754
159491
887223
1291274
277053
612362
1284402
1617237
585301
728331
190506
1414744
543324
1497824
1284169
1380343
817605
1325775
74348
1663753
1263728
1200445
690205
470170
533217
355062
1466153
938660
202294
1797059
743974
1298665
707353
1049314
123007
442936
598527
250987
1111230
1922077
810823
249327
528536
267911
238418
584175
2411141
993347
1190599
521557
250192
787166
636840
116084
1289556
1033049
274831
1205212
348400
369744
493121
680899
1960702
344298
229056
1067557
206807
902279
669157
1481884
869017
577095
217877
1093781
105289
675661
143047
966205
2274519
473686
1991369
2047035
398370
2184847
1106048
1830117
131524
1241827
233582
2153632
245617
288716
630206
500832
156474
1350916
351246
809240
347824
910126
565927
1833019
1017330
1119914
2500561
385137
630522
1731231
896741
790135
988505
1957936
373391
1442725
470492
1578975
1159873
1126319
246646
1619256
310144
771416
1101626
148867
1120610
1807534
639839
2650101
1711329
1433753
2289195
382382
1028518
2352350
1176299
1989030
1262469
574869
296197
1499665
773556
2063162
813105
1427039
743366
1046666
592584
2203071
552149
2696975
724205
816547
233851
299956
465500
354398
772351
2880247
698681
1500410
374374
151901
441219
590002
863617
2285715
2275839
557638
1426958
91729
685020
221249
195812
822678
1354878
1915692
371710
73069
193879
233863
213644
112778
309637
283824
212781
437353
205509
547202
149168
931284
298918
257975
298745
147822
46502
1308727
364386
1777410
409373
2402422
920554
646633
1624369
408636
699598
1059511
1252367
2034640
405610
746792
87247
445369
95396
448101
122078
693842
372427
190016
69185
345539
193289
406400
180246
1321737
1412115
238741
280482
1255012
516095
539837
428646
1851285
69599
1438114
996407
1040708
1845977
699401
553548
309774
802128
2648462
278868
535953
133864
75793
108953
207750
650003
573835
439829
1113519
685622
193870
161990
1477563
1498032
95425
153511
618156
163515
279419
87104
800410
661055
151397
892324
1087819
1295154
326830
406608
1239682
904769
229620
230970
407918
998499
129810
58113
137551
151428
347008
402421
223100
143933
380806
116816
465010
137629
303699
113197
1145631
151085
259364
631057
199832
100357
112846
562178
109466
401610
457054
447714
977147
273709
121879
39197
105805
230949
231908
489271
414711
311615
91637
179303
221409
121045
157239
467894
1097908
262429
1158772
38682
1183109
225671
656001
54220
633748
140002
383538
59922
184458
126130
988272
1107623
975902
248186
654222
25202
131769
61403
137936
123565
158292
50712
33941
27210
83040
203276
1158899
282204
484539
755456
429844
731083
310906
361053
1690313
818353
1283040
333812
166137
262928
1761954
137246
2401641
307141
1066047
2057878
264391
1989204
1224845
371767
1258847
423381
718333
461160
1042894
483570
439664
942550
312209
246520
201575
1026549
549897
413822
211403
698934
1665358
1105750
789418
847625
609998
244827
1902952
1494275
1831285
1539187
1817973
739350
540684
523033
1299447
612207
895663
163746
760081
199286
317048
502623
180376
150071
797335
219993
280928
417718
551349
105207
753095
203808
388133
628871
813672
432309
163101
274682
35346
469671
471480
1162134
467346
320616
119209
466235
354875
712246
255603
119628
201014
38677
454402
51985
442306
251481
344777
75279
1855149
168411
86237
113761
252490
369932
814389
441630
675292
1234910
448885
88459
338594
674194
1101473
248588
936292
1125921
747622
540254
171120
657868
508904
223731
156129
544675
234483
91110
640036
385314
1509683
145136
438232
250680
336612
405631
505650
402684
