568976
875045
1118584
651600
1007622
3025179
2010114
1522159
1028082
1488893
2587660
3352765
1253555
2940964
1308980
53597
2051690
3714335
1396410
1225292
1507308
1592787
1978029
2201624
1837158
1416173
718709
2296855
269764
2003847
1132929
570428
1550671
948389
1817665
1839094
1066311
2119994
1551009
1620575
1595633
629068
971839
4172495
1120483
3538060
540788
2149459
545887
1143504
1035386
61567
2469282
997339
1867421
796214
2033610
1063272
2324349
1335949
277789
242862
1409902
122706
1213034
2892097
1741395
1166641
2011155
2114738
1880715
511215
1328930
2118596
1666435
926618
425348
1671519
2864280
511130
801848
560278
1727055
918141
456713
1246348
2768255
2316980
709498
2445788
2971663
1577707
1782818
753832
802657
4225189
1969675
739232
2108932
377597
2161472
1811805
1939534
963327
2823246
628582
1842231
2701556
1283498
2753133
2360759
895835
1518187
1746760
1893846
415242
905965
528883
1831649
1308234
593322
2161002
1300530
466983
2321677
1087705
2104348
722430
530021
1441767
3936501
1848659
2106548
962770
1381829
1608073
2866030
1801724
1994327
1378014
997060
1210107
1871825
1159101
3080216
990049
604925
1298932
1634228
1734650
2683128
1740840
2085183
903375
1349312
264063
2715177
906208
1827881
411133
2174428
1288063
2607635
2345099
799323
1401922
378378
2075166
2818836
2326549
2633240
1933498
1791802
1155064
6069435
2062306
2602113
1591253
1139729
302783
2957432
1511003
3670539
1297226
3755039
2004674
2763385
1002552
1288288
1423984
3177061
614873
894280
1537334
1694741
1890390
3263298
1179494
997689
350196
942654
953916
1117799
1688879
120077
314081
691614
325267
1092264
1254316
2332422
2040015
427547
2228998
264197
1318881
567567
2121211
2962748
3167383
811772
911423
791251
1066642
2101882
3080914
1512338
670882
1959141
2463407
735796
1220562
1211454
1085964
4292153
2292045
1479167
2006289
560537
1396880
1351188
1313284
638608
671737
389320
1205012
1455242
378808
982681
1205346
2508963
2637685
131978
674401
648836
174759
