1564
3896
62272
0
4209
3695
2518
40965
34036
72749
900741
20395
0
14839
9862
0
54
528
207089
39
97
3577
38012
10029
119527
2097
8761
2726
896626
24949
43945
26043
4164
39978
1718681
707
935434
78372
2002147
52274
17574
936856
43508
929149
921222
40626
1856
6972
1723
6558
4
9
0
764811
1640
81
49
507050
1898
0
1682
1074
34
1784
69
673
38328
0
21760
26894
44857
7
17060
118
216613
71
705
0
8
0
0
5132
38520
0
1844
21761
412
903227
455
38606
68405
7
2
5375
72808
728030
15772
9
38
119810
4113
46259
50588
998124
4007
937925
940353
37616
17
91
951322
1008
0
1919402
96614
0
18549
43088
4610
1365
11970
770049
30219
671686
14035
0
28344
106
933220
41015
10494
929047
14204
14165
38781
39623
799086
257
963579
14128
1723
0
744
20568
253
1875768
14766
0
88344
33343
15656
25027
1835
7521
9460
2085061
2337
52687
41
356
15683
0
934692
38607
361638
1886943
995809
18512
39075
44034
3346
2508
1218
0
14070
967812
7
176
10
939046
80
57
998325
72281
5420
38442
8
5472
218
5141
39436
1854
1735
0
927630
0
41133
2342584
951428
296160
0
1684
38
0
258
0
11
7415
0
3
0
0
15417
768310
7
1138
1571
2
882076
28
0
68
6992
39333
34
5238
2
677
1843
949752
511363
1744
39261
44090
957995
0
0
99
0
0
2
871596
0
40196
1051
585879
4859
6
14207
0
278
0
1626
1131
63131
887701
0
0
90
1763
8
36
0
675
0
9256
1813
38410
0
0
957167
0
0
0
317
974631
16321
47
10751
689
5177
1921
997734
44916
0
0
998602
3
38783
258
26458
41717
8
1757
20
315
199485
14074
377
295
0
0
88
10
39
0
0
691
1826
71
15969
0
10
1000008
3468
1541
0
0
691
666
1937
0
991809
0
0
5132
10
39
38543
950021
1928
16857
0
5134
926138
0
1869
44
3552
1736
37
828
4938
20922
1004
50971
1975
31
104
11
1067487
4906
616
0
90
398760
1007579
34067
709
110
87185
934829
31658
2910
14979
0
37
37
37865
2231
103
0
0
0
2
5374
978115
44474
33791
9
2712
89
774503
937155
293168
45413
11727
5
1751
956516
5772
9
0
7131
4
14843
0
955073
157300
0
24
0
1862
4059
31
1051572
50249
21994
942663
81
0
45908
939084
4689
346250
0
17938
30
59811
83
938640
1002271
1
40358
964496
7727
51188
1035760
993283
27267
24178
38643
44
1811
946266
28
0
1842
4795
3
5161
1918384
39762
553292
96
4
994
57
0
78
2
0
57
6
1906482
14215
4012
95139
65
0
0
0
1627
937388
17884
230
0
720
0
1954
41967
996105
14383
1825
4594
4
1872
13680
1351
18
2361
302909
1000605
0
715632
11253
0
979330
20475
16572
1897627
2474
0
668876
220
671
0
113664
14059
0
35
0
0
19
26244
26
2128
6
326
3136
54679
888228
884370
96
88455
2747
39128
552
5531
14070
32687
8616
41266
2
931081
1003
0
559012
62
999656
12303
1830
91
28
0
14070
2134
5
38725
59
0
997341
40011
52
442
1773
795621
2201588
12
0
14155
939261
977089
8
1591061
16984
684336
0
25032
1000000
1721
178708
87
10786
6
1840
935
44
940937
678
40244
1248421
34495
1036
951637
2576
200547
48530
0
19208
2001
936409
1813
938674
0
964181
19257
1517580
939017
12
374
1736
49633
989378
0
936436
3652
372540
1987
94
53417
955636
6987
215
3535
3
25969
1716
78472
2259
1942
5
5662
2128
3584
0
974250
995384
943552
44140
940669
0
1089936
931850
993642
7
1626461
1817
223
0
5542
52679
61
1754
963663
92091
26
2
981659
2081
2768
26755
21373
431636
52
0
994448
0
960987
12986
3110
671
1087
6
54668
193585
5929
4
1349018
38
1834
10504
14018
1878315
994135
22
870702
1639
3763
14871
0
15852
977869
7755
41079
537
2504
3572
3514
759247
211092
15063
2307244
19203
682
27872
914908
2497
2580
5
15288
4562
546
0
0
70
12989
31921
38425
959
454
0
31389
949882
921434
98898
17899
1936
117
57
28683
370
2
953151
39571
35
28
939017
624262
5
28
291
88
0
148148
330
3
86
1000106
0
7
0
0
93
72218
1
511576
5442
679
38735
26859
2
50268
7005
23249
967164
963903
1806
8
0
1804
3588
226
0
2
0
0
39130
0
5225
57526
14
988305
15945
0
81
966295
19218
347
1780
17016
518
1364
6964
91
988490
1695
930746
934189
106
300611
0
8
7
29
0
8
41197
926846
176596
1395917
17155
5898
940780
6562
950248
1726
71
293400
0
4
0
25
288
1687
2
0
12209
3524
2
67
45
0
86
1845
38690
0
817
0
0
3202
0
939015
668
0
7426
11
0
0
0
7423
9
0
0
0
0
0
0
3
2503
939021
9090
3159
2
0
0
678
0
0
1029
971823
0
735645
35801
2660
2264
3
1637
1433
937417
3
48
997424
0
3332
2
0
1729
0
76
3
0
2765263
39353
12945
102
40440
0
0
0
0
0
0
0
0
68
0
0
743
7270
1862
14123
2
39333
0
73
38150
1765
55182
48
0
937429
19220
3501
14128
7006
99
4295
677
1853
6564
680
1002138
257425
6028
1845
0
1727
16019
935672
2471
3408
7350
542729
682
64
1845
15801
9257
1002625
2388
48
14749
5637
1319971
39543
3764
23575
938922
73
0
1416
676
38633
12415
30
1186
0
107334
4
2102
100
812980
349
461422
2
650469
63
106
2629
19192
12
2048
4999
11
2215
0
871667
185759
976876
14052
40
0
0
63
40144
0
2439
0
0
568909
4026
940004
3734
4722
1715
0
0
13096
0
5
0
1881851
16390
3484
673
358
0
0
0
967196
791
41988
672
0
0
2
0
677
2207
2901
84
14
2805
22
663271
4206
0
65021
0
37
13071
839887
49415
0
21315
302
0
204778
3046
148
879047
190
177
17811
1940
0
28
1876
0
0
32
4000
1
0
919059
29919
758402
48
94957
45
0
120632
9
2052
2037
0
14989
450
21104
0
28428
62107
1464
38840
978136
1851
14473
72
996358
43739
0
0
0
0
0
0
5758
0
5141
744
14057
995757
0
0
0
0
0
22
0
9547
1028
0
1128
3
997418
258
245
284
26
0
15969
960509
679
40398
0
16249
675
127
36
1776
1722
6637
1680
939979
1106
104
0
820
39366
247971
0
5802
1861
84
140463
97
67
10
1035129
1875
96
3
4660
602056
0
0
65
204
0
0
1430
1826
3
6091
0
997451
0
38694
51
175
944450
38036
0
72153
0
0
24
362
997545
939076
14126
21969
33
3296
1845
41498
967783
19222
2012
1967470
940799
1888053
348674
956753
33
2104
1813
1733
93
2515
361
14
7342
17591
44836
4443
210745
1
15983
868049
16032
905160
725507
48961
3
656
73
398
1
1227
2
978500
4
8
0
1782
1
510117
92
976796
24
2
0
14089
21
1764
795
935604
8
4
4
940890
0
8
10546
3532
0
0
668
20
0
0
1824
0
678
0
5178
3101
53
28
3
21196
0
0
0
79
0
0
15733
14124
678
1004408
1988
65
14124
925010
1136
3524
39337
30
2
250
1531
2086
2243
38682
0
0
933552
1706
13147
150
0
28892
0
82
667834
695
13145
12
751
1943
0
0
0
47632
5308
4
15803
978280
8
0
0
0
0
671
996740
0
2522
0
9
5133
38
2498
140609
37684
559964
8
0
0
39
39243
997350
2
91
984374
1886361
4
1841
0
17902
740557
129
939017
1
16746
14102
0
0
0
0
0
6778
94
0
15724
1938
925839
0
1
932875
0
1692
663
110
2291
0
1788
45
1411
0
979466
5247
744960
935469
0
18
15430
1763
423
2
50970
251
16
33948
29578
302712
4227
1428
49367
0
2437
42
373478
2711
1800
95
4367
4431
12388
417
42742
3670
38159
37999
13413
1116
1747
0
5
0
122283
3594
138
17
9
0
1821
10
1844205
610
496311
368
4234
11815
3296
1984
344
1849
0
327
0
39351
14095
66
0
4446
0
675
943403
0
409980
1
68779
10297
666
993482
26
2778
0
34968
0
63
993510
1007369
3709
55
52
0
47942
2
38540
82396
915066
16054
0
48507
39170
14634
29122
14
0
0
4028
1593
20275
0
939140
0
0
0
28
0
28
2483
9
2
0
37
207
1
120404
42054
0
39254
3453
943156
999811
0
41
2113
91
7
65
5406
1842
0
0
9
0
2
0
0
0
0
0
0
3668
0
0
0
46
5474
919851
2223
985558
959806
10479
39368
34
6461
8243
994610
386035
166594
39043
0
6
0
0
936527
2494
0
5138
32
956134
691
79640
14042
719709
216
51203
2011
12125
888062
40717
3933
1208748
8
9583
0
1952205
3197
486
82510
387174
944
272
0
1660
1625
0
0
1826
14
955049
1782
100
39351
997427
357
9286
2
0
13969
70
11
5
0
38443
8
67
4426
937396
651395
1846
740
11
0
0
2
953491
1294
109
4388
1927
939016
2
939187
1834
14123
6184
43737
406139
111422
1722
0
933833
1733
15668
362
71748
38677
10022
38202
82
264
5315
3939
871838
13
941718
16
53939
40911
10
92
31
0
1859
22903
133
1027811
1754
44654
0
5509
4318
0
51849
13
942460
1
1
114
60
11
1825
0
72
44759
1846
952953
3438
2
1052369
243
128
0
941731
1845
4689
3
0
0
282013
103
60932
66
0
0
0
0
797483
961575
15085
1850562
38661
9
42451
43
54
77365
28107
86
45470
38510
40379
937402
911028
92
947300
20663
68429
979855
946476
16823
6948
38684
40546
45433
53995
36031
38743
22
44129
2538
970816
2015
3566
3756
427
17252
143475
4453
856231
43141
9089
66036
968116
921633
970458
977654
197
2728
0
91
26687
1332
43776
11
21447
1407
14291
812730
19653
77141
928547
136
31452
3366
0
1809
8
1
491970
1919390
951102
67
33
5
28
677
0
0
157
0
0
7
0
1835
0
141
4648
28
3
0
2
0
43359
0
50163
28
15852
1957757
846865
5501
31
27
272440
663
558314
183
939462
1
884847
96
0
1600
0
0
1555
8
0
0
1180
41368
1629
120
88
3
2570
117492
7
1859
2004
37868
5542
727709
2
0
0
3889
1035743
0
3
0
1746
1719
60
0
941071
3724
0
47
1
939019
1001807
966667
88
14128
1403
8
3
0
643293
678
0
0
941027
93597
1823
91
7
923
91
0
1803
977892
0
1891
0
0
6100
0
0
0
0
0
3472
1845
0
0
935608
1780
18487
779777
344
0
308
42748
0
11
955189
0
44836
1182
2
0
4507
796
0
1
0
0
0
832
39112
1893
10
1462
41255
1901
996101
0
0
0
14135
0
259
0
74935
10
5161
0
2
6
8190
69
5758
0
130
0
3
1869
0
2
0
0
8
13538
45
0
30460
39367
0
98
96
5297
2424
92
919222
0
1282
1
1280848
4060
1063295
0
952312
75
70
959331
297948
2
0
5347
7437
712561
12
7893
41
49905
3
32
109
0
18
40283
926881
20036
3126
19404
10438
8441
108
99
82389
996329
1344741
846274
89057
2310
160956
29211
4611
951360
51004
18
14463
0
40170
0
664393
34
9
0
371
81
30
667
125989
2004
76
9792
32934
0
974543
16582
73651
18
1
2
14029
2530
0
0
0
0
0
5141
133
0
669
90
42715
33
9
64
958604
0
0
19
689
1
39863
39915
26111
937135
681
92
14067
976190
717659
31
1523
62030
128
20
209
5393
69
65107
68
0
7082
99
2002
50624
2016
1947
20209
59889
840319
840349
837585
148422
65250
6458
894354
24826
1190
39729
12317
55027
1730342
1232595
53901
44862
2472
752540
501234
4570
38349
26417
9517
674
0
122
39683
167
14693
999834
1908491
949617
28
2527
721915
14540
1896380
861
58620
1676
8406
54883
28311
997
722
1328540
41253
39689
33
753
92
40540
928137
409322
1693
7675
3
16942
28
41144
5158
945616
0
0
911584
589738
14830
951821
1761
49
61
956156
0
52
999651
1203
51117
1737
27
0
26
1902
3359
0
99
0
949998
5134
1701
1618
47649
1761
0
50646
5132
0
0
2
39382
949753
89707
958879
16147
992004
27
330
1
295294
38640
7115
61994
1018877
1812
0
1829
155
2
123
4030
0
735
995472
0
15689
1001354
939243
39183
2
76410
0
36
1873
3597
18300
60
2483
999662
0
1780
203
793282
939046
999492
62907
313
989
2193585
865
251200
84
1762
347
86
7
0
6180
22075
1821
1004119
883349
686810
5404
1750
976063
448426
949665
36571
2731
996960
1802
40
1
7998
1770
2482105
73028
6506
548
13575
75
1038958
29645
14124
627778
28
2
0
67
44763
43607
975923
6
1
597
18957
981790
16168
996114
3978
303949
0
176697
10462
1869
315
1712
70
40621
564
942237
7478
17
0
0
942686
0
957516
5453
937386
996317
0
74
39665
40415
0
0
16259
77
95025
939183
11485
8626
260615
1660
41253
2524
48726
1338295
2959
1388
63
109405
1280734
38831
24795
1568
1140015
86
1
1096
1
0
1885428
0
684
2
3581
4
3528
1620
21372
1087921
2096
103
4045
934970
48438
17248
37066
65886
14331
1001761
0
10964
53408
0
10068
1830
286
4
0
3500
934105
38165
251093
180
1725
0
0
1468
5015
937553
32325
223
9811
17482
1940516
1306278
3788
2568
15446
870125
24862
33
39588
1782
1474228
0
938132
940896
14129
0
678
1490
5164
79
14125
14236
39940
320
43055
14928
0
682372
106
53811
1
0
996329
4
39608
8
18618
960675
0
17698
0
1720
2206
932845
782
1864
1879869
15229
37424
333692
4656
53662
5393
2701
98
14
123497
1787
904414
13725
41
53417
0
949681
14905
10
1015347
0
16
5372
14
1600
5429
28
0
211
43584
942747
2014
7296
2
0
1846
92
44471
9475
34053
38672
932205
950128
206
14238
946060
965381
463862
1663
90
81
985464
14137
38462
885737
2602
939018
2042
0
1746
935618
33988
249
844540
38842
0
369
1754
11
13
1747
1875
1873
925
0
0
0
933934
79265
7219
1716
25867
954020
131612
21
1991
2251
939751
3490
959098
1495
38735
867725
905586
8
1475329
715
0
0
3
2
88879
907679
236634
948406
887744
1525
41418
1786
2100
56622
3858
996230
15
1757
3
100
643260
939026
2694
979779
1826
692
1848
0
784073
42837
1000025
4634
0
39883
2626
0
11
78370
9
5831
2
8
52670
0
0
946026
12950
265732
2439
0
103
1754
12091
60776
1855
951912
58
38975
161
90381
9823
16002
0
0
0
4222
2551
8
1712
976871
275
5402
13661
49408
15429
890391
35093
101596
1683072
6041
26602
847
963393
723423
1003074
4
1319
89
419706
42433
939363
1912930
956162
52
38756
1768
8
48703
15667
92
1040978
24
40697
1827
127
743
1927570
77985
8227
183
962486
0
250931
27
959546
77482
449125
996268
33228
593
30221
0
15379
0
1320160
7749
40702
589
939016
1
38613
80
68722
3495
10289
38791
1133538
65
27
3790
896609
952219
36271
6544
92
1731
4
5
24065
2285218
1936
108
60
6644
14097
2291
5303
46502
18572
272
972106
19819
4299
10396
947929
14366
0
0
946640
1935
10877
950121
1358228
997632
938054
1943
53283
0
80
912
40614
61424
1845
873068
904603
3
45064
1627
60500
1847
0
703
1827555
3683
39906
8
4095
7
0
38892
18488
2556
1643
65
992762
17037
968157
1004565
15666
25389
7277
1061616
9203
264259
1010108
35241
1319170
939196
16822
3891
938440
1736
4481
2357
386
16275
1805
8840
13064
15205
1873
888673
169
788199
4081
4524
1869101
45029
294558
1918133
938469
13905
17441
21312
2652549
854737
939672
637525
1515425
1862
37469
21064
1023494
7404
581345
1572
28314
1
38
66365
1024008
888696
6991
2028
113
1545
936294
8971
923159
57308
22912
992810
5190
977415
14083
1990
572859
64508
9
169715
1799
3
4258
3469
69
0
0
28741
91
662
687
0
7
24914
1476
0
259
124
28828
65843
36771
5162
1002566
39320
15382
196
889574
15055
13367
46011
1000863
10542
6642
259
1132
0
16251
0
8
12503
38608
42
809039
3084
31845
0
0
974916
356
76768
1803887
73175
72146
25117
3611474
1852
74766
38721
3825
51335
64902
34455
23620
17896
950852
2306
45721
0
0
5278
29
0
0
1857
13929
963099
31
12
42057
78
116
259
1912
90
568262
83
481400
8714
525854
44821
1022424
1908235
744
4747
928653
55523
0
153458
90
14111
0
1832
1
0
2
0
939023
0
94
3928
84
621119
686
1437
1332
662
210
103293
1449
0
2
0
4960
38992
80
153
934170
0
0
0
45
28591
0
145845
91
0
274
4
803
7
743
18
41070
2
1835
0
0
86
952434
2095
703652
4
24497
0
238
0
3468
2
4550
7
0
168
133
0
259
12
0
0
0
0
64
149
88154
0
206
12535
0
0
64471
114
1327223
0
45257
24769
11
5210
5385
10765
98
5161
8772
1040174
6
39044
39034
9
15332
0
42825
11
979893
937393
567
39496
1866105
844887
10188
0
4106
583
16634
6096
28365
10
446779
13214
36329
0
969944
6846
79408
2057
2081869
90712
666
0
12120
568
3526
0
559114
95
0
321
119
0
1860
937556
2899
1851
931097
1
0
1681
4435
123
162
1821470
0
88
0
8
604747
38676
41886
8
1681
1571
12479
0
38585
0
749
0
0
76
616
38468
1508
3
806930
261
0
2457
5142
694
14065
37768
17848
18883
0
2
0
11
1559
17
86684
991911
954053
41166
34963
41027
3623
0
1274
27
78
2962
41633
32246
1866397
0
3348
903551
3
36161
54300
1983
1037
20339
71338
0
189
5336
120110
17824
1012
1767686
955273
903499
5836
1646
90
14
673
66778
16076
0
43566
4540
0
40472
3340
3364
2628
110
1001074
40579
722574
0
13842
50995
1698
39
947554
1921
16439
717
932254
23129
2427
0
17913
33114
3743
2
0
3223560
27
0
0
0
883330
28
2
1922
43709
99
0
4997
0
11
2
2
1797
0
953196
0
5238
0
38816
1
39
1
0
0
41196
678
953249
49
2753
925735
3531
3394
4444
168371
396133
952343
43731
13953
40185
0
943919
141
31
5161
4
729
1772
939021
939017
1
35225
1153
1056543
27869
947347
1897
965949
1
78
1820
39
939015
0
75
14383
5
290030
256
872056
1310
5
3
0
95
1011
0
1
563662
26
0
0
57
476384
0
603887
635808
188695
1
678
1056
445
1689
521612
0
0
84
44738
1
58026
240
1942492
71
1933709
0
1057386
8
5129
0
2376
6
2
9
4826
1
75152
92
21989
871604
14079
0
56373
14040
0
0
126
0
296
150873
7
55
0
2350
3720
11
8
38626
990168
1932
0
0
0
0
100
3762
1797
549
0
1
0
0
0
0
0
0
0
679
8598
0
0
0
0
0
3465
0
1876137
0
0
0
668
0
90
0
2
2
3887
19
7380
0
1663
84
1883
0
13572
1845
258
616321
12
0
674
0
1416
0
7
0
3053
358
980974
0
631
7
1874
19
304
1607
16425
38
33
775254
46
103149
62
1374
38902
0
0
0
0
0
84
2
226
0
41162
107
61
1414
0
274
0
5706
264
1824
6
45915
0
104
939021
955164
5428
3628
1932
5570
65513
0
916554
686
1166
8
0
0
0
2
0
0
0
0
0
0
679
4450
45
4
12
697
28481
48
0
0
0
0
1830
0
705839
0
91
957458
14338
0
0
0
0
0
0
1341
733249
0
14226
1272
16041
5001
88
4374
39395
1707
1983
0
2184
92
72
0
673
4193
38650
4111
943144
37
43582
2090
38021
28
937384
0
2486
0
0
997929
3
0
0
0
0
48
1137
1838
998181
5
0
33
38499
76
17082
952462
452
1565
0
341
1741
11
0
700378
0
262
12
73
4313
1723
24212
38292
36101
259
76
1
0
10
0
9
5152
1960
0
0
157
0
2628490
1867
102
977571
83
39272
0
40050
13877
438
27674
927040
7
0
135
18017
39378
0
6840
0
161
0
0
0
365
4
0
124
0
0
0
0
1274
677668
73
262
0
0
1880
1321
0
0
0
0
0
2
0
0
0
0
1207
0
1
0
67
0
0
8
0
64
0
0
15960
0
6
38799
16727
35063
0
7265
7
5
720
6992
2630
27848
26514
16
76
39270
33070
0
58
0
101
39265
64
0
935648
91
63029
128
57
5275
1877
93
31182
2915
87307
1258297
0
38594
951522
1316
922126
2613
984435
41283
0
14784
9830
92
1817
1218
19
1733
91
2470
40789
935624
16204
298727
1038641
1908
4046
0
12486
1740
15804
999690
1000673
353
5161
1845
1714
5164
13454
1803
944365
3188
999978
95
70876
69
1640
746
7
0
3662
1955669
38785
2089
38744
261347
938348
38806
22
0
677
667
1895
3802
1011646
2
358
4
254221
5305
30666
4243
19403
1782
12400
748
227
698660
0
0
979190
91
920138
17964
1809
7101
39
16530
18
28
41214
2
38771
945049
3026
6
926929
937415
860499
0
26
28
7259
10013
245
262
538691
0
2
0
4722
21
15
1
1994
38823
38879
0
942205
2465
2095
151
7326
4233
960
966744
35102
712060
85
33545
942368
39353
39353
946535
836
936505
442014
10360
6936
1
9658
5452
36969
0
14137
62
1
19
2
5720
2285650
373
65890
17241
5160
1034994
189
2371
91772
1056345
16205
361897
2522
6143
899067
1916
1123861
117013
988579
879583
92273
303
2294
1886
674
14038
217297
710
65
1348
260
28815
3249
690
1004199
3672
13938
38538
19551
918500
939367
12478
68678
1734
0
0
48
18
1170
569486
76
279
5
0
90
0
106656
43679
934316
17
0
94
41202
0
661215
240
1914
287
9
0
125
0
813043
10813
810
16
258
101
937511
2
456110
152
20031
358
1719
0
1851
929462
926407
0
688899
1648
727
0
236
0
34
0
92315
39176
2956
90
3275
57
18157
1044
706
3367
5393
5061
121
0
10
1986
2
33062
940963
882322
0
5139
26
951437
38760
678
14134
165
2
4545
0
0
72395
0
939022
5
871713
5
2
0
602333
183443
2
0
38754
978669
1442
2
41206
28083
35
63
2391
42
0
1684
0
0
0
0
1567
0
0
0
64
12473
0
7
40083
80
103
1
38559
0
3
0
1044
6527
0
7324
751
11
0
0
0
0
0
566868
53
0
1081
26
3004
99
4191
983017
34
568
0
0
3794
38523
1677
0
0
4515
65
1
1719
157
842724
40044
943454
17985
27
0
235
0
681961
1326
0
0
1242
0
0
2435
1760
7
5844
1
33200
1
935576
1823
18171
989584
932189
1
3552
37046
54267
5
939003
1717
1779
26672
1643
1000002
937261
675
0
362
0
678
93
1
0
0
0
14093
257
2
17
38804
1940
937348
743311
945885
933943
786
31
8
799
0
103449
39411
2818
3701
74723
0
994419
0
955573
19
194
0
939162
41022
314
0
12436
12
16099
931322
39180
233
7022
116
45
658
60
3617
16347
46
131
940554
1482
1871
854
11
4
0
24
83
78
22
7206
0
1073
32
4641
104
97
161
80815
2
673356
1244
1776
969987
4236
1989
921893
982892
1
0
285
1910
940610
0
20770
15753
1713
939500
924932
173
22
889767
13
0
133
60
37426
903342
38400
249
888623
903281
49446
51432
98935
3
