166264
30170
10818
94323
4656
12063
7225
486346
8851
66837
24148
19856
4425
128265
102671
6759
2665
2959
159722
1219
3287
108767
21466
79375
54365
7000
9694
7776
96045
419398
630959
149958
32730
26173
81433
5850
110037
1033451
1065669
239104
11726
149707
268701
19586
42681
411902
379412
42618
6380
12280
3352
4891
1738
324218
3015
8544
87931
657720
6344
9564
3490
42194
6452
3525
10921
2750
368905
1662
2571
535254
3826
6773
11688
9079
183827
3960
26911
10345
174
2743
123779
1929
516977
8185
3204
61696
11761
344810
4863
29774
25336
378517
11421
102247
109260
34222
10087
675
9188
61120
4942
683251
5492
9448
2247
16194
12740
11947
2203
1449
7742
8974
125701
729428
24512
93292
5569
159894
3881
437963
302827
183674
595867
72429
2111
127880
205374
2730
51145
471495
571384
252079
10508
9498
10680
24435
22761
73090
389195
14626
36435
2401
9376
4971
13561
268994
12551
16388
496139
527232
7380
308028
182685
564481
157641
935022
15752
242936
346103
28862
48588
24089
5926
108179
190602
182804
425790
364576
161490
125703
154156
52280
15298
83186
13472
302829
30656
57683
21608
7364
166280
18758
22430
961023
192779
362436
357393
23814
149471
41565
56477
7008
15168
44086
522922
2091
29750
98183
884849
36865
4869
28282
13089
8671
3902
8293
4037
360067
4293
10868
32867
6579
132359
186098
6226
13904
1349
1983
129616
1825
3031
3905
2332
603884
10360
140720
2550
131541
3726
35039
666240
12033
422923
13256
570439
4383
212318
2432
14173
928
2329
251831
1471
459869
3980
723838
43262
5490
14393
29636
617
771
3268
47593
6584
47904
981
5335
19849
5147
974
399
1893
1006
2864
1441
4514
368235
2009
211
374490
328
1430
677
7286
252
460530
1501
69093
2304
2001
348
1094
3343
334
3066
156194
2027
67493
1704
23030
9066
5987
998
1917
8233
177888
1802
19748
1034
18897
4011
7063
6017
3538
938
2487
27015
15103
2909
2318
25541
609
165
1816
4332
4121
1382
2566
3170
4675
7277
124971
125400
4152
11337
173
741
511541
21081
10133
453714
5560
1333
3459
4330
7217
2563
6892
3892
14584
5827
39483
14010
3935
13621
20050
3679
1672
1225
468374
2430
13845
24299
161127
31921
15931
1327
11319
21038
27419
187602
29860
85748
11534
422
374733
6293
400797
7062
9328
2675
6004
3437
24536
75256
106932
65838
139617
16445
25178
1279
382007
3444
509392
533
98373
3901
290
416
4730
1679
3684
1834
7932
9573
4971
1098
60756
912
9651
797
63731
4945
465
6279
833149
1315
4109
1560
110
1716
3941
24574
202422
129758
20517
6956
553755
2864
11642
104119
3969
997035
968624
72831
25729
13313
843279
3522
11074
5329
4205
9901
745381
6608
751
1558
17838
3491
14770
724255
3673
47737
115787
1743
12871
871
1031
127338
4256
4149
4731
2221
720085
5738
78896
2269
13959
2894
9329
2001
85997
7272
1839
10054
3658
727
23217
1942
130011
8648
3177
36738
7333
971
3326
10602
440212
3478
10492
391963
147603
13168
117871
52699
19180
38899
236084
86707
645364
25819
17949
22980
47319
25180
9167
5201
3564
1119
2780
274
40024
92728
536353
3468
32175
1427
37526
261058
5115
23430
37019
13768
532644
11318
438863
1966
30808
135329
729643
233606
461859
18471
162209
5885
138038
75922
6424
770
8408
3072
2401
2105
6003
471
2204
832
16950
6410
40422
2685
77216
347549
157237
2596
16659
359389
3660
2654
5200
75250
466340
14081
144994
94078
95670
23068
224447
17917
39982
147674
4336
590087
2909
16
24147
47705
5467
4775
2021
167704
15012
1237
4843
4158
170542
687872
15649
40020
5106
179776
4521
90951
8142
914194
54136
1024356
24
10949
9333
6804
19649
497031
1875
164939
364471
115362
39152
19643
169
904297
7328
5117
1009
6514
306976
11918
92356
101393
181179
5381
237673
36848
436112
1123
89728
78176
17351
692517
26097
7059
299755
894173
11693
4277
45646
3080
25207
6629
57061
233388
5983
92379
348601
17489
10161
2203
40905
4439
441613
536576
184086
106017
10498
9733
9248
5602
42486
28164
179557
3555
9267
10773
118813
181091
12014
8600
1043329
146222
898
21953
2349
169864
254309
158739
654183
13849
35301
62661
13719
379667
1024428
247744
50327
74399
28217
7738
129716
104605
203407
15908
123140
49882
8194
383646
221478
61502
6641
11527
21833
10455
13894
133549
1771
81852
81730
44368
890619
81182
34460
1761
18833
259464
4672
71942
20844
864
12517
22667
15619
75022
7859
22357
610154
9142
1715
5073
42904
6211
6064
6455
242103
1027
98627
2764
18440
1929
8067
1307
25567
7008
7013
1305
961578
48993
213174
205719
52799
466116
527631
86155
21815
376099
685901
446194
409687
7315
132751
1643
33614
20795
151651
3372
21595
3231
14973
1094
42964
19453
350464
914
54344
7172
3858
663
5972
3426
5696
2137
15816
3204
767
31902
2762
17372
6113
509708
23555
24438
3849
663
49882
1426
975
1607
26416
4633
11556
150075
61026
17801
39453
3116
171766
733208
14416
14404
102098
3341
7999
1777
11328
3446
11547
1950
11512
9655
23101
5647
20051
967
5189
598
6337
4587
1881
626
26777
105470
70668
1734
5747
8881
6563
3548
372292
31684
81242
31135
359095
7185
11292
3900
5253
584
694
383
5449
18057
32902
10726
67011
8825
1490
380
3579
6145
16342
125904
119794
2880
93444
70413
25892
5074
4196
609
435621
4296
1987
2185
9398
3412
2404
6435
5094
5652
891
347
1914
3520
146897
10552
18525
1504
214206
1
1020
2002
5120
5096
8912
1515
1085
1592
4958
13080
103633
12470
43504
3741
6548
584611
52277
2421
1964
1000
583481
17494
18862
568
246465
11349
4463
815
7016
27373
14305
16
134288
10137
10039
7907
252955
4358
3183
2238
190205
3725
7094
89169
4670
573995
4477
1746
888
11357
23695
414867
381623
13655
10430
1437
38027
8319
12591
293649
285740
20559
19261
3023
129489
10416
93272
129867
15976
8347
5133
516
2969
1846
606047
17234
31581
478913
1307
2261
4739
77003
1438
8929
40011
20030
2491
6441
3389
263679
160810
1121
102128
4459
321
1249
4600
463353
12408
858
1606
4504
521245
19323
34042
154932
23702
6098
26794
43612
322
781
3733
4030
5987
64153
4336
4712
256808
2254
21437
4043
478121
137557
613698
21249
123398
35
5656
5202
29873
13287
6695
150885
21586
28818
17038
525
46093
1397
9299
7923
4998
12740
36198
6366
2352
27795
4417
991
160782
3149
3659
14522
22174
4093
2847
1324
3478
771
8753
4590
2420
6049
13384
1706
132028
191552
396040
122304
1461
682334
8466
1031
26109
19744
16852
5731
18489
3566
4163
7409
1283
120125
635918
32659
8484
7957
1690
3013
29091
39977
506461
3951
2191
9307
2383
86
1585
1790
579
538
2095
29524
995245
124618
272
2073
9065
6716
450
707
2059
255048
3644
1502
1971
9713
9277
5878
2436
3357
191
27614
2419
561
126223
176
454757
2141
1477
1018
1309
1021
18742
3159
235807
2403
1529
122
21296
349772
18343
185
334
748
49611
65462
1413
19831
1010
861739
3908
1960
26208
20728
34144
602
244
212
3211
194
6294
1387
3880
127
145634
1620
32572
11030
1488
854
4191
85641
531322
9724
653965
35122
718
306
5692
61582
30208
6264
48780
7500
66977
2492
132279
965
130092
2239
1965769
4961
181087
10089
901863
10036
124653
4721
15371
4602
14204
9666
12663
6433
10539
4320
77871
184509
2323
1028
236894
58554
172510
93461
58352
2917
4345
9475
429236
1868
23431
11027
615421
4810
8129
954
17571
4552
54998
3758
865557
4221
11772
767
12082
548
792
1660
4587
1105
455
4093
2934
2940
5148
840
8739
1531
715
2993
24907
756
5368
7165
6433
2891
14167
5990
8024
2085
2805
3728
14409
327
1814
634
90643
26018
1260
6022
2301
8
20454
160374
1904
2326
4802
4605
12277
1454
10315
38
450935
384
34967
18118
2602
3447
11321
4874
22373
2015
13098
3114
517383
4685
13223
8429
43188
7063
15554
3408
5565
643
9670
2248
659
24457
1190
23807
4741
147168
3715
6
124028
1438
17024
2728
3399
713
124876
898
361
18193
134
89438
858045
33333
209
292
879
276
514266
787
12293
1622
937165
101617
5867
11250
2717
8327
106699
39386
1678
1813
453012
603
516
5799
3670
1234
2202
4866
2346
1522
2113
160216
5729
446912
18610
793
6956
2820
3755
371
18848
365
2612
1263
370704
7
6462
6776
90102
5332
905
2215
4155
1552
13151
7176
5236
2007
1407
5705
28677
28642
8812
5756
193946
7065
2108
174
42889
7749
3856
488
137221
6212
14477
535
10019
5272
23329
70687
173080
16511
1860
229
4375
6971
5316
3008
16846
15780
1433
170
3735
1226
269097
2190
248116
2048
903
6395
13301
11670
7868
2005
10244
2194
24063
100
1551
3
2304
294264
13293
27680
19017
785
31911
8624
434442
1058
22396
7708
455
6247
1172
3349
572
1358
900602
980400
6802
4019
1244
21211
601287
1341
105453
171936
3570
24427
509
274131
24433
107909
77906
19731
8414
702
99571
12248
66113
268
15270
336
1158
823
563
98
24181
116993
376932
2417
3993
9637
5480
5665
4943
360377
1848
45444
5155
1303
999497
1052
2859
1153
24021
82583
2971
649
18441
558
1550
553
2674
3772
2357
448
2041
1506
232
2977
30381
635
1548
289
5169
74752
96588
214705
10021
358332
72964
1813
7450
7596
143702
6566
124502
197752
16457
1847
23492
3157
4914
2149
46140
7596
1887
1483
218099
16554
373295
8241
17395
6882
15534
10663
26346
13171
111456
14599
905498
332
30630
1869
1074
9347
24871
48897
501704
10977
19068
1733
1775
2124
4
993
44540
2067
11405
3963
2619
1045
3343
93644
6301
93
4029
13621
2861
197186
1752
2580
21743
3826
157076
749
358538
9945
44444
15302
1788
572
1231
4229
49761
419
7076
78560
578
448
4222
0
834
4192
50803
3470
39064
12242
1597
6
15829
2061
2085
1775
184391
443035
65
3246
62446
2605
136430
24339
572134
1903
6041
931
17759
9739
495
413
6365
953
166
1240
5095
7344
799
773153
38820
58159
1719
770
5942
2668
150379
1070
10231
233
362842
2779
427134
1314
93
2472
3283
898172
77781
54786
983192
2637
9860
836
4246
11
29736
403
18
2814
180290
266
2197
19427
4982
1643
8841
141667
30704
30194
62655
853831
4545
6508
1689
8787
96312
432356
144394
7361
6838
238514
22229
288561
163573
5864
15463
12261
32508
37557
13922
100323
4031
961
2838
2057
887857
499377
9742
97801
92159
23866
992120
21783
63226
4544
18723
123623
56354
56868
16854
18307
10652
384842
21693
205097
1088610
635610
35097
31379
4203
4339
21067
39929
679381
1170
112128
16819
20108
22607
27289
237028
1428512
5563
32219
3276
179
10289
7744
1456
604045
8148
916921
2119
1678
3248
5309
4289
159
761
2828
690
27
2519
8134
16
3278
5102
30083
20078
972
2
22839
3676
154364
6784
720418
11772
20359
874662
44198
2318
377533
3209
243455
8799
165820
9774
98098
1080
149336
87237
23096
421811
3803
271
20382
3157
5343
9787
6964
347611
4516
106
12228
1987
1674
7331
4065
1406
2833
488822
5277
867330
7648
861
2360
17256
46208
28524
5349
12729
1347
492
8276
203
5744
1089
375
4159
195
89
1001447
721443
4087
1210
5423
4957
10437
2787
165546
2917
74
8422
34905
10547
9384
1698
19726
18505
3187
1030
83795
342559
1566
3970
6500
4496
5408
3
1394
2279
2259
6814
19096
82232
3013
1306
2798
5321
3406
725345
7662
2294
7539
4751
1274
21030
4598
2677
17102
748
1624
2912
9520
3966
9211
545
9363
6848
437
257
520
1679
9521
2729
15760
111392
975
6
4687
5390
46565
378
7762
5750
47348
172
3376
1111
33293
7241
8908
2678
65537
187
1172
1897
5670
2278
2551
4892
3077
116
908
78131
8744
8177
128429
612063
2979
2419
3255
114023
83627
30023
236098
1309
154214
160621
672142
24493
15262
4902
298566
2503
22484
121289
675813
2545
14754
5416
112649
183342
4198
12289
14054
33718
6860
1835
16613
13364
8633
8922
23221
24993
95455
109239
277020
14341
397962
12672
15361
20322
432278
253161
38760
103525
121508
257303
79556
12465
248153
4632
27440
2958
23929
7411
10094
9088
56353
53853
9584
25770
66242
7240
550503
19807
2721
160742
365393
5831
2410
5494
2531
4494
14927
400
30782
23768
817
1572
5174
2948
2913
612
4289
471
17520
819
415959
1511
1680
1151
445147
36975
2863
111
14367
96977
13645
403130
661932
7178
11831
1828
32100
14146
16281
4462
42820
1833
56788
23441
2695
2113
46964
4042
86604
3826
151542
3649
373386
233586
25507
4060
134446
5868
44657
28254
43804
8833
106848
81578
72327
136276
4764
101426
6247
660113
27122
1417637
155796
784660
6707
206518
652310
42456
378505
539584
33464
36100
18783
22555
5520
2571
22692
7337
23095
7531
9730
17213
163240
134466
1281964
8786
390656
37693
121606
88985
116838
7519
148463
1009424
202776
367093
12720
22276
21541
135957
533610
63025
24755
361454
20193
9438
2205
603784
140975
34018
7004
91660
705296
730613
26184
88056
18810
812
4200
120402
906
2011
400
148142
41449
1342
15998
21260
2639
6719
2599
7628
2750
11187
4862
791
3271
3750
2094
841
159272
552
17532
1368
1575
1160
2302
699
543305
6101
8759
7373
25370
92895
635
210611
447190
233504
4464
844014
16067
971
9838
108801
4601
518
57335
1185
2508
2467
2806
10940
45275
20739
64499
8779
1666
3890
355167
194942
5048
123895
194319
10278
323
833
4512
380805
14898
6232
136737
178844
275362
69939
31006
8992
767607
2226
3000
251
199
962
328
5899
59183
141583
6219
232635
19606
68721
80729
20455
1164398
6329
88498
26945
1017077
1450
167854
66209
92053
9410
95135
517747
23599
10416
108322
9123
26940
56496
3792
43333
317
4862
625
45254
665252
642013
322412
66947
5591
42445
826
3380
9603
9773
25872
52397
1
141390
56365
88693
9631
2373
276
4133
124158
75298
277792
117730
7521
779
9076
578
116122
222
7004
146
5269
973
25598
214283
7613
12614
54809
8299
544720
127950
32559
25810
246189
1865
6990
3233
36239
31694
2131
135733
7562
5606
631754
5097
17353
2790
165829
5277
3119
2691
1311
230
35420
8604
8070
127506
162749
8793
4922
4334
5735
167946
2645
3375
8976
152897
679353
6819
23600
762470
5945
43277
6327
2710
633310
12804
238734
133
1761
28698
0
1841
178825
350658
12435
48274
4517
27640
1883
2679
6274
88823
617436
59586
45835
66229
1099832
993325
94584
12932
34247
284831
83194
370231
608181
9924
458837
11153
2550
309
8781
564
3664
21043
15853
90744
2455
17620
12060
7816
31734
38189
138031
61199
931
26858
17762
3558
1038
6527
494407
918
3758
902059
11503
2086
4426
6347
155564
17964
483
361769
3919
1508
8206
48535
79644
7630
8992
5534
35616
2105
34462
5013
11184
19087
506
350
2011
15486
3623
1902
1857935
5274
82683
36203
3890
9870
62227
721
23829
8158
5906
288
1331
794
1116
2476
5655
3689
302537
16041
5395
5148
30266
227037
8305
43829
468076
36060
480030
9531
8949
12577
94331
215970
13982
226886
38758
11040
23091
1590
9972
3752
179837
61148
604427
21842
957
1505
36916
5413
155954
788297
2644
78184
2443
3247
670
2466
136373
13061
3876
29210
12250
45568
4131
195255
105936
24564
17119
41516
915984
58330
699306
271359
817675
8302
676377
7430
1617
7731
38043
21854
829686
62491
252000
224580
553220
3754
350943
4466
7157
872892
18722
34670
430
5097
915
3461
88563
45151
9530
343037
2539
1817
3756
3219
729558
23471
16455
13001
190
634
6549
630
53105
11737
11372
66221
9389
72000
192023
42714
10459
4803
164138
23166
94158
63
1462
769
15314
347226
6508
3804
25211
4069
32641
16558
161187
6491
9356
1523
1606
2983
8879
4174
40859
29329
7142
35861
1817
406560
129354
39151
175113
619286
470753
17863
522985
26657
17285
163104
552510
38008
135697
24578
438127
618538
106963
1471969
136436
2166
11584
10425
4424
79
14291
3927
552225
10080
192572
9268
3981
627
25484
10465
157031
378506
265127
19399
617304
443
67842
99799
677101
1007793
487443
18815
17187
3366
142223
5223
25556
19193
7011
7180
9622
3755
219939
26813
210315
9365
13070
46729
171821
5219
130236
173621
8952
154702
513841
163571
737
346972
15620
3114
79488
1020006
75111
30094
1938
9839
8785
154566
27314
5419
2585
15852
1213
27753
6120
29759
14571
3044
2073
16437
2533
2325
15605
262044
690404
232647
17682
31218
149323
2496
163899
5803
88816
174177
122492
327058
816386
1153
89358
8961
890694
4239
78898
3864
723359
211
69733
77920
14304
651
5662
18665
151258
11341
55685
408617
120254
120620
486428
1072299
2057
1281
283631
6635
534666
225359
1075153
133166
12669
9438
108994
5639
170316
9047
91696
13475
15510
606
18805
5605
172715
158436
44227
880257
45879
170679
8909
138906
532367
17790
440803
28967
169322
2043
33928
106093
179601
184799
110565
72796
72550
19165
43347
11956
13395
24856
85117
7551
379979
11000
350005
53304
48004
186705
41728
106535
9692
2001
276508
30505
14804
189758
15613
893919
332
626063
29666
23849
103849
21264
36698
121382
2353
26328
10350
11206
20872
676
9276
388338
11762
125576
16295
3179
15434
2529
2710
357359
3945
34092
294492
84065
763183
16409
34969
3337
104167
411
124683
6125
56195
576367
141343
426147
240198
4058
32998
12115
50595
5255
10487
18567
6664
6198
19625
14256
12132
499
13990
304183
18983
370145
85724
422104
422100
287041
1231413
8681
3498
10364
2121
476315
40287
28133
14528
139457
892108
2430
4010
1614
457
691
12690
1357
11045
13898
44705
597882
6261
127275
34623
14635
8229
1512
34903
58899
93112
4805
460508
261992
23089
5998
729508
9277
22116
263603
741190
665485
12003
106933
14065
11546
906
8664
3834
1068
3698
8518
6650
16266
43750
1210
37777
20088
5786
715
9782
7634
3523
6268
17623
20631
2539
96
21752
712
134534
5325
121350
15133
412
600
3970
386701
1017
89392
11116
11586
1907
7338
126011
564
10794
8407
328193
10271
2904
40
992
2751
1637
4000
3636
26573
1797
55
61035
2426
23848
13862
18940
6418
355684
3795
8131
19454
2939
1425
9896
2440
13
127
1954
33234
952541
48355
12488
269649
4270
65119
59334
14509
1438037
11374
379338
32316
847
7
246778
17706
35017
11150
130496
670705
7718
5277
463179
24367
107055
27401
539765
5367
902100
2791
88972
475
126312
16628
42181
23524
369437
2402
9694
4194
723246
4122
408916
11281
484467
1811
525016
14009
166643
7961
589498
39825
18788
6309
43329
391789
122438
4169
866164
40679
4491
4911
3509
8623
131241
3676
23754
101293
23344
622
7822
9144
139695
10350
77428
206114
441
49222
219
46960
159077
20474
374168
14751
3602
426705
1920
43048
4153
13193
6651
6656
1255
1240
2005
5060
17431
2505
67172
33344
2287
2765
13702
21694
354099
3575
5703
9835
1274
3818
1632
16485
34531
6976
40366
9651
310984
310481
29755
546926
24476
3555
4151
4422
1196
7591
22058
418291
12034
3799
3448
92169
4193
244274
24086
173703
26140
371039
32326
10910
734
96257
63971
136519
88367
967302
267042
71810
12341
2368
1990
2012
721
5359
6977
2172
497186
98653
15790
53233
4656
7059
2379
4526
842092
151082
349855
48487
14300
16923
24570
2253
78905
99781
28744
354514
19728
4578
20896
25597
32957
694257
30883
72190
43711
966930
24799
9920
31101
3235
128993
303
54189
299
2453
4193
6450
5343
3775
7279
1442
33
1955
2
3029
1
604
537
39067
842
2951
7466
4251
1274
1748
411
9711
3791
25042
4502
12622
7738
26314
131249
48645
16167
53232
10957
405348
5718
196740
27229
40924
177
4753
358
4069
1817
20
125107
133670
5804
1059493
8734
721626
528
738863
13091
6278
3254
13464
9991
2032
265
37679
14050
79561
23512
302716
21301
13805
3255
9751
46430
7909
2655
26139
85249
7149
354
6398
2509
471132
962
146991
160394
412214
295
7627
10391
7578
7292
20075
5706
6148
851
8004
2282
15468
1039
703545
60665
15483
1011
25046
2036
52561
391
83039
5693
814
10139
260354
3188
970991
41748
85536
102681
7483
128112
549400
817
17486
1253
8779
575
80950
101250
1352
8255
25197
6084
11083
94823
13282
952
343551
3002
1297
408
10482
251
3426
1539
3491
6893
4959
3187
27867
2389
6961
685
110851
748
4042
5827
71523
1346
2151
2612
423534
866
10372
169
7790
801
8202
3713
16059
7668
48014
2929
3301
1427
5041
2594
4364
982
373950
8999
27912
20676
17428
2623
39855
78982
15976
3442
103537
948
983
1196
33578
1146
16315
243308
725096
1333
21542
3385
10134
1026
13448
10281
2732
8435
4157
686729
11240
36281
6046
2313
6033
20863
2042
1594
19772
3589
1140
13333
8724
1582
2837
644
12400
1905
5318
1130
5450
17592
1578
6014
30940
1069
33087
6288
11863
126281
60272
7396
46985
10723
67650
3968
118045
34981
26162
15494
15074
7451
1561
3398
1346
562
1116
1494
773
1388
4423
7260
3749
5027
5035
827
391219
4795
15830
2595
15374
6
17519
125525
120052
0
7809
126070
45588
1116
335
1062
454111
5475
2499
3265
92682
1428
3399
4894
68768
3443
126117
5999
33983
607
964
175
3422
3423
2633
579
37264
7291
432459
7879
4072
1720
746892
8165
23357
7896
8966
1290
117905
3450
704
289
83317
3378
4
301
313
1611
1686
5823
83891
21473
4487
3566
2170
7161
54406
4984
3625
9299
14504
6310
2781
3297
9961
3338
2146
7439
39891
5786
5188
6291
7801
5382
45226
187
6361
193
885
1176
4476
2908
578
58365
1865
1621
1630
3846
219586
187
17894
352868
170042
11015
1281
30921
31078
4956
27784
548212
24666
7028
4670
18149
583649
1200
98672
156
936
750
2170
2048
24728
37651
6273
215
8545
12706
625
7862
1480
4961
3928
8605
7
3018
874
5518
11640
5508
2546
2310
1701
4641
2257
1402
6132
720
2715
709
258
4
953
681
5077
581
3058
974
1149
596
121695
1772
233913
407424
5167
427973
31412
12701
10637
18998
103210
6137
54563
251786
228288
21732
42364
598963
359521
1149
11015
278
2027
431157
217967
1121
135700
18946
8460
40997
86795
87384
9209
49733
73793
125723
484606
882736
1031
18976
12101
17397
415610
14745
634881
139045
364916
9514
27228
3868
1725
150454
16806
3772
1624
3993
155866
311
7856
228784
1315084
119992
15342
1967
34505
4134
18003
3511
34282
6019
388
3576
9385
4885
105406
219914
81175
38984
16748
20476
1283013
28825
25237
46200
4529
1880
1400
119885
1287
5215
465736
240789
152252
424226
7564
921
28793
1117
2363
3861
121541
8563
263430
1488
10519
3171
566913
242557
71429
32062
4242
109795
4257
98402
1611
789
908645
2640
1967
415
2035
13644
3010
188346
84655
17572
3095
3358
787
33205
72666
174
81629
1606
118421
2709
1316
667
4261
4836
46343
32025
593920
6253
2241
6840
23584
601
358170
4400
5721
765
16896
3130
5345
3195
16247
23639
12390
2527
7896
23021
692342
48009
18108
606698
144762
6307
471048
19843
148144
105007
797724
24367
31530
1722
29000
10277
495265
343154
54962
3316
2451
5354
1361
6921
550606
6958
13234
19773
10845
141361
7042
11470
151130
4313
491440
11901
24250
26560
1073557
31362
585913
53774
298063
6360
40172
7731
96679
40392
6590
8070
146687
1105
21518
8050
5208
247037
13127
3939
157190
85888
20698
20431
8265
370451
503763
230421
153768
2110
2186
8614
130067
3458
109870
720514
129009
14833
8743
731
44354
2255
21048
17398
22188
1995
5950
5215
314872
1625
9215
56405
4773
2645
4827
300
8400
6653
734826
36795
39255
19338
28830
33758
19025
2491
31064
5628
15989
17986
496746
6094
95545
7700
82261
1042
513967
31712
5646
2074
37560
3635
5343
12023
16492
539315
9285
78692
7539
18815
10997
3381
144221
5473
8227
133813
8929
35824
4007
24371
30777
650459
103744
132025
2247
7079
659
1536
2971
1502
15295
17095
23479
15477
395
654
1
5096
6649
36928
285831
6102
10900
7062
146084
168307
6167
1016
9146
14789
87887
3744
420497
1553
7734
86708
33560
2131
8090
2109
1480
9149
3989
418977
5581
8019
3114
1435
5961
4999
34311
3896
614498
15963
16895
3370
4727
3491
14168
12559
1080
38
5628
106873
19945
41104
3354
889
3569
5487
7280
50486
40527
441953
4155
2566
14340
843
23360
434806
6939
5722
82045
2
98189
5890
22834
16349
6409
19325
8799
8045
12
1940
386515
181635
565829
43998
48260
1945
58575
6392
7003
716
662
1157
6107
70
1887
2536
9899
4822
237144
10187
358227
138
89428
102197
47532
7185
5675
354647
1891
569
511972
2475
7247
1407
14877
650946
33610
1362
10108
1362
4545
237986
8898
23513
4408
792
772
2546
17001
15967
24111
2463
5142
13461
14900
5353
525729
115188
12073
33640
4911
315
18536
128276
48289
602289
35351
21638
6732
19438
8102
5248
430884
5855
68884
4128
29183
314869
56603
749
37467
9737
5996
2546
538527
38836
10213
9948
20284
7422
226965
13134
1351
10413
12
20748
2443
9153
7238
87478
16091
7068
3818
159622
9032
13315
161154
1705
2688
618
19320
26295
22169
9079
639221
1891
4078
6971
233965
427385
41393
46176
3971
24746
5056
621
4493
4252
158447
3168
10991
6830
18703
67494
17703
43362
166561
11727
9115
27673
11161
9439
259909
23713
32719
5175
32719
41676
161267
19067
8225
160073
