4193537
7124958
5919954
4092065
5646812
3917530
4928637
4989823
6135105
3822469
4738364
7121148
1733460
4882663
5570097
1916691
5806079
2631768
5228440
4967024
4331495
3959184
3430177
5102109
5430300
4614995
5178643
4999492
4038070
4646851
3338311
6380547
7478034
4927942
7608224
3916875
4414207
4091413
5354115
5122213
7174449
4321760
6650783
4844618
2694506
7149395
7364585
4362663
3357521
4825163
3094941
1158425
4272390
4884471
6564557
3215882
5232859
6255720
6454713
4646103
3996013
2303970
6345113
1650946
