25659
23639
33427
16702
5910
25520
14696
225760
29159
87662
30892
25094
9588
23641
30236
19970
5374
10484
122783
1460
6904
78360
24423
173312
49580
7128
17896
25024
69961
220487
424390
59275
87582
54327
147535
9207
221066
900615
786608
260714
29150
51980
193333
40790
73089
200356
196733
90857
7938
28090
10552
11358
5505
272602
4352
19020
19955
551705
5804
12873
52303
107893
13746
5331
9488
5994
124091
5931
5132
447423
12391
27122
29781
7926
173734
3310
9487
23099
2757
5583
5038
14896
176335
32796
6925
98402
25103
192192
19080
45813
115280
122908
27671
226540
220482
26740
37732
4210
22163
67647
7366
296701
4471
10621
3473
29224
13098
43708
6392
10808
18376
27841
9340
500570
88080
38141
15983
390657
9046
205650
165044
435154
348236
124051
7878
121661
114738
5570
140123
302013
921189
159747
60184
25544
79471
66231
36100
135589
183915
35586
85915
14006
16125
6199
19872
541875
31103
38448
166313
603289
12965
619331
172611
467668
47561
862235
46918
244088
57879
25802
132691
55873
11344
62459
135430
401527
402884
127474
99502
117080
104498
156220
28120
108634
49336
166029
21376
114729
39443
17586
239143
29373
33417
445851
148344
139022
92406
30856
78422
77655
107557
14663
22485
50430
336393
10053
63678
285983
847953
63308
12053
117074
36670
13692
10974
20095
11659
551694
15395
44812
20690
34342
18504
241787
15597
33913
2711
10062
290760
2076
9661
23153
14793
332060
39853
147174
7665
29583
25683
85721
567563
21331
244270
33309
742752
10815
19454
2057
30591
4032
13027
409985
1407
268709
3867
590160
94500
20461
35360
132303
2975
4302
5776
120153
8232
122454
2134
3072
21075
8695
4092
1471
1737
4654
10377
16333
14245
121848
4162
2906
633575
2625
2958
2136
14111
856
248362
3315
191483
6312
2979
697
1405
11460
1768
20627
111780
5587
174602
8390
47998
42940
8914
9064
4744
20870
175060
17223
18066
4344
30404
8150
20818
5489
2696
2860
14622
10188
22216
6299
5964
29527
2648
1803
6487
4447
6665
3736
6609
6131
5431
21775
5139
14803
16761
24228
5074
2933
186736
36515
9471
252857
19558
9468
6300
11888
14346
9144
61311
8261
11644
10189
89272
15508
9924
37328
93783
15412
4247
4902
302975
6880
29540
56790
70441
113709
48990
6156
35505
11472
85180
393111
129436
173784
57431
531
106709
17084
127701
21846
17176
18067
8460
7964
65131
159576
60043
129322
307129
19866
22406
3803
152289
8084
266437
5369
174817
13630
1036
1826
9871
2752
22095
5698
15783
21904
15487
1412
123432
4128
31914
2049
116413
6220
3087
10601
541466
6188
3787
1416
1953
7263
7631
61176
269675
10835
56967
6195
441351
4495
20875
170112
4665
350400
982908
125414
37763
13499
708895
15581
47230
11143
11939
11317
529023
16883
7661
2727
33852
12854
17678
488382
6943
155752
218493
16936
22270
2568
2490
10916
7375
13663
18920
7264
472323
15068
176477
5233
15632
4749
9864
12445
24573
6446
5973
17294
17655
4326
42223
6966
281660
70385
9087
33538
18713
5132
4606
26733
227713
9207
24124
384690
70284
35964
244755
121608
39331
170252
153864
186524
666035
73592
80573
53097
54377
57302
18246
4122
11992
2362
9123
1818
112666
13006
204411
9160
36522
1903
75128
178671
9436
61120
79721
47363
228641
24704
250239
9467
60442
32534
604446
426209
473073
37178
228610
11986
22913
177831
10996
6482
54112
6494
5546
762
23861
1061
4384
45583
38450
12206
67694
22432
126725
81556
65567
5061
49568
259537
8730
7127
12925
142580
250930
36725
318884
271616
224218
53247
273499
49076
92663
178260
20402
431808
15681
626
58449
105406
11958
19125
7289
253431
19283
668
24001
7865
143042
306820
30246
116120
6382
366350
4652
184711
5898
910762
103089
1079545
1644
21370
23034
19895
12802
171547
10876
374472
108040
363154
116500
100761
1190
882456
16346
15406
3624
14072
606039
26849
199084
231463
152582
15346
239820
84106
205028
12782
38762
26673
39485
563271
53272
13055
336710
882309
24472
5342
118032
7059
70384
9833
120896
229881
24411
19319
55781
40589
55096
5665
47728
10214
150476
378522
386253
236089
25738
26635
43000
15734
116821
63146
180972
8710
29842
42099
138871
169916
50080
23983
1126480
5563
4639
69357
9295
338628
142687
69101
916821
30327
96586
70463
28632
97320
541045
122114
91260
136291
68102
8370
130210
68268
166517
30893
279561
116979
28203
218268
475211
124208
20581
20335
48462
11164
11339
69016
6803
119330
238261
79161
408014
153272
37696
3641
27469
129017
11109
123677
96682
3118
23224
48826
61221
134999
18817
27877
324581
37115
4525
10286
79695
16151
9984
27183
247946
3871
99326
6077
48291
12131
25383
4236
35664
25338
23839
18636
442226
50557
209649
151540
99107
217837
217926
23193
91625
87667
374175
263762
711096
29345
151431
4318
102407
16891
96992
9330
40750
8274
25528
1918
68488
51653
56711
5197
103956
23185
13547
2111
13672
9140
12992
12576
13506
5022
4861
25402
1726
38368
34913
275228
48187
70832
9967
2594
113444
4773
4080
1635
60041
12921
38301
174245
141507
97380
108416
8946
353639
496507
4762
18249
273241
6087
25455
3073
46508
25508
28568
50166
16488
59461
45440
3680
39743
4239
10870
3608
18820
12405
21643
3548
36632
52357
121606
6409
37465
21071
3847
27121
94691
34263
26534
73221
564312
16247
11586
15986
12537
4640
7932
3571
8777
47462
20633
20143
115754
20934
2504
2740
5667
38211
57638
2410
296632
13755
43568
149925
52243
12640
11457
4503
195678
11235
3600
5766
18916
9835
3244
4165
5393
9864
16591
318
4172
16634
363771
39102
55904
5680
155480
100
3662
3332
18938
14561
23034
1584
3506
3275
19788
39976
65589
17784
70903
16241
15381
252165
121767
2929
5268
6954
432866
33366
31470
2035
360075
27689
15337
6742
14917
14721
32587
777
22599
15870
17692
29094
330636
27542
7145
5112
446488
2663
22239
117731
76752
447587
8031
4683
6219
17999
81618
214707
155012
16824
24118
2828
113321
16393
26069
566251
188636
41550
34665
14267
11515
11784
34730
22536
33482
4458
23009
399
6417
8658
467375
23430
100393
131533
6038
1677
4072
2821
4479
10751
57912
16343
9049
2542
13594
443611
165348
3129
30379
2786
785
3630
10760
275059
20766
2312
2978
3398
274510
86287
92960
147785
47512
16868
64384
94750
2000
1769
13873
20192
10658
93719
7093
18406
324481
63773
70499
14204
362965
9203
399484
43143
97189
819
10380
26501
43073
32787
6885
95223
76861
53939
42887
5972
106723
1849
20962
31692
7076
35604
85810
16962
5389
51282
4355
1380
121416
11933
8570
45163
29197
10961
8632
2566
8860
3355
11599
6547
891
21748
31870
5711
48662
149844
200673
242084
3228
290728
24934
4390
42534
59227
55558
22430
42685
15308
16539
7045
6926
270307
501169
32741
24448
21710
5912
5540
63776
74869
125359
12197
1907
26491
10627
746
1449
15058
797
18014
9706
78607
999658
4330
5692
5135
30972
7169
1067
1019
3336
336664
4568
3880
2315
16248
37439
23877
2075
10994
1595
15344
2019
1356
9875
766
243840
2064
3451
3219
5392
3136
60358
6972
509593
3586
4801
2043
39969
62450
48029
1891
4329
4700
58021
63797
2570
14752
7149
277568
4375
4247
66330
38295
117177
2204
4203
1357
7563
4168
18703
4552
5281
1725
99322
5819
96564
16853
2972
3046
7608
181060
200155
27473
439082
68978
6200
1750
9615
89317
16830
11230
182387
10128
121960
11606
131292
2659
134110
4751
1980403
8986
390087
36859
888623
16058
248839
4944
39633
6252
27699
30762
13221
25892
59458
3892
150962
203425
6367
3195
316611
89581
154955
38489
87312
5803
13792
21782
240592
7113
108371
19546
321071
5920
37921
1594
52603
9202
129416
15757
1016949
19308
30111
2794
25535
2466
3975
7103
5830
362
1623
10777
3108
12817
29699
7788
11972
11784
2501
5733
8693
716
10723
9979
12188
7106
36522
13235
15474
1733
3028
22929
54044
627
7020
1387
23129
22498
6117
32469
4512
1128
72726
365399
3662
4732
9472
13434
25667
5245
23486
1329
119218
885
38912
38386
3647
7304
15372
8642
47923
15002
29253
5832
176039
11177
18873
44638
110963
12058
34392
5683
17207
2302
20607
13376
2521
40341
7984
28540
8764
31003
10082
650
7284
7281
56106
3979
26117
3842
3356
2020
1098
35582
905
79092
258137
114321
786
597
3741
3283
192291
4115
24837
6493
968726
241614
77511
15738
10505
3909
55311
56185
52454
3890
271477
1139
7193
11048
19148
1966
3565
7569
15676
4364
25317
364669
10672
113921
34488
4970
28653
3473
11369
3289
13501
1853
11486
832
96710
3198
11181
58620
41063
19636
4548
5502
11712
3035
7796
2630
9865
1395
3900
20188
143327
56588
27647
52313
480496
6310
3539
1411
84693
18320
5782
2580
108010
8004
39400
47911
19486
3895
88405
227421
384917
83455
8193
2696
56705
5605
11981
5990
56119
22988
2626
1816
21331
7111
165330
2028
247788
7381
4134
52070
35574
21731
8582
1057
30767
2081
41429
1629
17299
1049
18866
164320
34682
106445
32584
1952
104800
15982
201131
2052
63786
23947
2673
49068
2973
5552
1882
5011
889030
944955
4827
2154
1290
12804
455148
2059
115540
126152
9373
37783
4785
665950
78440
213689
267837
56551
24682
3285
247262
16684
98663
1023
56951
5964
4717
543
3899
638
74828
259284
112545
7116
7798
24650
12023
2345
15244
98988
6421
36596
16960
2624
1005099
2720
6089
6244
113392
18047
8822
2075
37129
9587
1862
4354
4797
2725
10154
1662
3406
6369
3534
699
90515
4252
2350
1182
66902
154848
38119
183789
29148
575836
128372
4236
7494
24730
145689
17087
304474
252546
24846
53754
53822
6161
17683
8769
45992
15540
5833
1995
477467
16810
141325
26747
35385
9583
32720
16069
71443
39857
49190
23415
802035
50108
57157
1298
5405
36250
43792
61581
616518
10730
44642
1663
6690
3578
925
10527
64205
5134
22574
2961
5634
3649
10733
215132
14639
1387
12896
31514
6135
40511
12239
2783
60611
29108
58419
1851
339544
43101
77003
29025
8940
2732
6319
21159
151091
2918
17787
129971
2591
2170
8108
264
3610
10666
68515
51616
98664
28639
5863
363
31056
6509
3394
10568
420042
219705
2440
5294
98862
12394
184108
60199
350024
12121
1358
5926
53186
30451
1421
3149
15221
376
732
3362
48852
10141
48698
441325
131403
55406
4330
1096
9076
6005
111130
2135
21760
774
110641
3142
192458
3689
3375
5090
4285
886051
152670
90266
951081
11665
11055
1446
11616
3108
69189
474
2596
9084
206620
833
51121
16687
10726
645
23614
19468
66591
91017
164203
878197
9539
7993
2417
21025
99624
188309
329745
15277
13919
205480
56645
225159
72322
12495
22484
17409
81466
67635
8080
168783
9003
6785
6442
9784
873748
295460
19773
120125
57772
24614
1060050
26630
104609
58355
71929
246435
187601
137769
84455
70412
20837
160451
25427
409890
950544
571891
118843
84382
12944
20443
12769
53291
551652
10231
258910
76957
52686
36588
51224
203417
1154165
11291
69994
5477
1438
14572
29308
2988
561581
5402
892514
4961
3217
3782
15340
4680
4092
5588
7286
1097
497
6583
17086
1165
12491
6961
56591
17915
3323
464
50639
11604
125801
65120
529602
7458
77571
834960
116325
8286
119837
9352
248190
8273
251399
13709
192479
4089
335192
160623
55797
182920
10207
1259
28606
15478
10639
78194
17861
350345
5290
1128
10051
4581
3925
11860
8376
7668
7777
112853
14056
834441
20562
2924
5411
14402
79436
13923
13904
18415
13094
2561
26333
1583
10505
2988
4009
12370
3475
1231
1006525
480374
11567
2937
12869
7133
14520
4580
417927
7816
1173
16348
93084
31530
16294
9364
111889
19329
4594
2785
19155
50197
7204
5739
12436
3303
10735
541
3293
10911
6555
11561
44776
15829
6886
1511
8583
7203
3463
636485
11424
7121
16754
6000
3394
46281
16110
4260
30451
2314
6079
5815
41902
9767
9154
1307
20559
22956
2268
1100
2775
6043
10223
1888
31563
252773
5843
227
61578
13945
23277
2309
31219
10402
54070
567
1167
2831
92299
16965
30480
15470
158616
1755
5873
2238
6048
5997
7403
5825
2773
638
3342
49202
80790
14774
163208
290709
5376
5877
22101
257716
10091
42308
104443
11622
104422
116332
523247
27355
23262
12884
253343
6280
76264
303131
537427
5902
40978
13616
184741
239095
10891
19573
28460
83680
20820
2359
33911
10966
38739
18673
103773
90095
145650
113610
117231
26565
154911
74809
81547
51505
311485
591226
113472
63070
130445
111959
172550
54190
106492
32407
68138
25042
58234
8929
73636
23595
97206
55222
35709
53083
62356
22473
253288
44210
6170
220875
123538
16763
4667
12425
4452
13590
27988
4236
56282
4157
2783
3421
11031
13268
4176
1975
16390
565
52581
1257
151911
3036
6196
1280
626324
101193
2775
2411
15606
17742
38806
183855
305927
16277
28970
2722
22882
31672
34460
9003
111812
11987
53234
58477
17102
7431
102620
4658
21940
18024
294694
2715
132587
42872
68196
6810
28972
16096
99491
34353
125990
29712
51307
70266
90763
35715
15213
68905
13605
347632
76208
1162284
86595
356118
13356
272572
546288
149820
132678
449630
63818
31291
32505
38664
20899
5264
71282
11691
39452
25358
40115
34619
345230
40991
1331728
88024
191532
100533
213819
176286
211606
14450
151531
995978
251769
296787
30347
34490
40394
26235
361971
142618
94338
561484
70452
15609
8281
336523
72352
71370
28145
35167
620735
590110
123415
234349
19693
3800
21846
297422
2800
2055
763
96920
123819
8459
24307
40091
4497
10538
4527
13687
8705
26333
8418
5053
50824
2318
1572
2348
75555
7041
37792
3641
4781
1802
13849
1913
266159
8705
13495
72685
69946
202393
6014
321658
209883
226935
11931
689726
18820
6889
14503
212624
12132
4157
92947
3640
2677
4279
6590
47431
59341
53247
112551
36060
5520
2540
110881
54869
23648
7789
139381
21060
1746
2557
7180
133346
44811
19824
188772
151941
50953
154148
129986
33017
421292
3258
6562
1989
1427
1523
1400
10352
135812
61677
14451
307150
39344
150820
4960
51007
887345
49562
182175
108930
1062941
8576
73674
66465
203997
20871
212217
415892
47847
8223
299649
18321
74554
131734
19279
86422
5252
34561
1788
68946
387651
262485
236963
176354
11919
58813
4644
13773
13233
10646
55808
118918
862
160137
98910
222959
47309
10995
3569
15727
80253
159518
88247
124716
10724
6956
22240
1484
302153
1186
7166
986
9568
3515
77143
153737
13358
36991
105829
17872
348433
234766
31825
38221
295933
3876
66658
9150
104435
89622
12028
13040
18521
13695
537860
5856
21110
7539
166351
9010
3743
1954
2155
671
32086
18663
32963
112758
123334
5871
10899
6147
8145
166309
5358
3721
21672
79614
291120
36565
52084
760495
23696
91016
17350
30592
412529
29410
280845
857
3797
13553
858
4642
363188
64846
49319
59133
9274
63291
8545
2004
18820
182061
345491
80366
55054
120597
1047736
1071102
156010
49829
105030
381629
116368
142915
331935
32528
848920
32459
5931
2475
25158
2715
7910
45838
58144
16580
9072
52851
28418
12761
21495
64479
36918
161578
2914
40171
18037
7281
4012
15077
162237
1505
10131
913388
25729
53928
10409
12118
359298
39008
4867
98880
7541
9387
3341
185257
204868
21553
11555
11633
110929
49246
86578
24644
28480
73336
2822
997
51273
25403
11478
1460
1753956
4184
9732
85712
56723
19698
67088
5160
29658
21094
11780
1908
49432
4064
1555
11307
9096
53371
595222
27560
16182
19435
52033
443138
15812
102551
602786
64664
528566
19618
31623
25569
205882
81391
47940
268026
62232
23264
27070
3978
17987
12137
399158
99329
365103
52292
909
3538
84784
5696
128727
303158
6107
155175
8799
11560
2196
15469
152324
30837
24666
93974
24405
116470
15985
211940
35333
128351
90436
53582
932479
76788
584162
280681
855287
28311
655896
3758
3606
19351
48138
44948
585229
187500
265130
296941
482243
11938
422047
8507
13196
841845
22347
63052
6936
11410
2586
8046
230039
119641
22129
50595
5805
4160
12395
6138
629484
49318
19728
54969
736
2220
8816
1450
35974
22742
40786
143401
15186
28143
132777
118688
19899
15672
192340
24741
26445
1047
4151
5899
24528
138982
14712
15084
54857
16849
59805
52025
224793
16183
14585
9595
1938
3357
6279
6146
89407
27662
15912
85446
6361
81949
27657
85857
44312
292366
190348
20602
370866
53834
52776
349605
579556
62590
282325
44930
760024
394964
115228
1374482
313812
2782
37924
14172
13864
999
34463
15934
324827
36888
109046
20699
12414
2431
34661
37180
86735
124460
228502
58502
366511
4410
146619
42944
707943
1038931
348327
25572
35502
10028
35795
7198
32141
22297
29715
18832
10761
22371
180035
48875
312955
18544
40319
100838
178206
5634
117688
127668
34478
96329
229018
144833
1775
56207
38554
9008
131691
1061100
112298
74615
4796
16650
14956
25644
48887
7227
77016
33198
9641
49507
13622
80694
24648
5965
8536
19746
53975
5903
35883
491172
797909
108874
44716
40004
334303
5664
100599
9752
232237
325594
164816
382382
841978
5155
45352
14744
882214
14459
211905
9088
596341
1223
80503
50953
17254
11593
13590
44744
182904
7248
116552
89110
91296
243262
356392
1074182
4792
2340
215752
16697
245043
233316
1215439
32457
21161
8861
214817
16132
155370
20411
157844
29217
75302
5395
34999
17884
320419
364165
122499
847787
119064
312193
25178
144145
837848
77535
431219
73843
114995
8961
71492
238080
214175
196097
202345
196760
145470
30244
208048
30387
22910
48327
188358
10013
131181
110772
104203
91414
165846
393520
86336
108385
24102
5100
556105
69518
33562
50404
43919
888929
4303
538514
53566
54174
247675
49710
103102
147851
4750
59713
18523
26449
45244
4487
12891
129966
36504
60852
93545
24300
13358
13427
12219
100885
5481
43793
174651
138208
885641
42181
84480
18025
207531
3860
261134
15012
142516
362305
41946
261936
382053
12826
72062
35272
102228
12712
35884
38552
31086
10332
38733
16043
19659
7199
26789
615215
60405
121888
158288
179365
187254
371023
1348935
14686
5712
34706
6186
225606
114125
36702
36512
144871
863051
20353
10820
5778
4139
1659
26747
14308
27253
82379
154026
363566
23754
22183
115944
20389
10385
4567
95563
101199
203137
8235
519799
302447
82777
4841
596101
21618
21421
378102
650915
345317
16942
112308
54184
32500
3548
4973
24823
3659
4078
20549
12253
39921
79964
5345
68781
35708
2075
5093
22682
24613
18673
14774
28909
33520
10409
3488
53995
10238
178157
11186
108978
30505
1182
2345
7544
135517
8159
84563
7282
39096
3092
3789
63863
8637
36075
16564
352919
28328
16898
4094
7032
16270
6152
8644
5080
48275
10913
46649
98394
3267
52313
15794
27694
22980
98769
13463
32957
13126
5997
7188
20820
7960
1237
1001
16798
45127
406249
123410
36016
124589
13750
89670
76448
35625
1431086
52919
377495
101006
10669
1800
284987
70808
73481
21459
269656
407441
20831
1568
240396
8231
213646
12530
287746
23302
886694
5041
17148
10721
235936
125920
65890
68125
64757
6347
28199
15167
464461
9882
243650
31156
176855
7164
418271
47666
71946
18359
860979
77532
57155
8669
86448
199903
92464
10462
781111
75040
15643
2341
11394
17147
262577
27906
62201
206767
20609
909
22317
22725
50703
8387
151556
485266
1908
103575
2837
78451
51103
58656
132176
32844
26286
181021
11317
28213
11048
23030
14113
34992
2181
1616
2067
8839
33928
15323
139491
42295
3692
5576
46691
41676
57637
17786
8840
18453
6614
16029
55434
39809
72296
10178
85337
28789
601614
263473
83765
272028
78032
9465
11637
7293
2233
4003
24187
97412
23353
12679
15373
146316
17749
120601
57628
43799
17333
127028
45091
29820
863
177083
65316
156510
164631
914601
189939
177796
26309
2658
5666
3298
6608
14366
1376
2735
140806
56110
57554
81173
9519
10051
7595
8814
485067
307387
249296
127528
63345
74450
36046
5571
190152
56650
56136
67214
58684
3766
27072
9565
26128
438202
49211
149503
48142
1066646
63983
20982
37957
6904
292424
6228
122397
3457
11498
3933
14327
8793
6993
10241
5117
1257
13871
3353
7745
285
1184
1829
83293
3719
18718
10564
14691
15264
6141
2691
23840
7522
60085
7505
31930
23134
125036
124852
117211
42457
121392
51766
148028
10819
242861
95440
110359
702
25591
1128
23001
861
1568
7891
288965
12768
1130599
46409
478493
1262
519346
18046
9110
8002
14495
7567
8355
1988
45389
13944
198699
82320
524817
68851
20200
9522
18292
83456
17132
16648
42755
192434
10071
1515
5410
10546
284335
5000
325184
404045
471801
1294
15298
10094
24885
12498
82163
17085
12210
47760
12823
5378
44582
7865
569944
112859
41380
5542
64165
16721
77397
5905
27337
11243
3705
9263
372233
10296
432700
98423
190889
268812
11122
68062
291769
6554
30563
2867
29022
1365
7875
103670
2910
10946
13432
4394
36347
49616
35310
8561
51563
7684
4445
2443
32348
1565
12740
1390
17512
4817
12045
19687
41286
4586
21348
2063
53111
3887
8154
6129
123344
6240
13308
2898
184834
2405
7487
1294
43026
5983
28147
5382
27772
19738
84391
6831
8178
3041
11065
6827
30698
1948
111180
21433
44402
43315
34159
21972
36922
3952
17020
13498
35032
5448
6585
5749
79823
1791
32806
316385
603004
6758
29988
9580
31049
4871
17929
15731
8089
15712
14268
547141
27936
98748
11375
5997
11133
32582
8377
1164
38910
9876
2198
20283
31119
2112
6856
5389
26202
3343
6721
2850
25229
35565
6514
7437
88166
3754
24970
14125
93186
98160
103427
10627
61821
11484
132488
13398
96951
81004
40733
56850
44595
21880
1490
12056
2554
2824
6704
7429
980
3566
7251
28158
8911
14559
26176
14813
150495
15626
39915
11840
39714
1511
57883
2549
192256
826
20219
295605
64349
5206
4843
4361
138073
18012
3048
1643
52030
5783
3018
9475
130839
15728
75378
9923
100149
2329
1243
1950
10853
15357
4646
1530
94747
9694
192527
5054
31710
1675
516296
12197
46085
16929
32288
1507
260110
3281
6288
1469
21363
12585
1117
596
3471
5337
6506
5832
155039
92478
9582
3691
9522
28086
39740
30417
4914
21460
6672
6210
9163
7286
16000
5043
5493
30425
77430
15400
4160
11774
21713
15609
62369
8708
13527
341
49731
3295
2715
525
2173
98544
6182
7649
6478
15459
536418
2005
52277
277894
70404
3355
6642
83371
73181
14334
84574
494059
62332
3878
23927
36494
277297
7785
227069
499
2186
2735
8272
8523
50154
103214
6446
2716
26422
2207
1254
7672
1296
18335
7517
12713
882
8885
9950
9013
33223
11420
6618
3793
4338
6769
4752
2015
7076
1968
11632
2520
932
1415
2950
3544
19230
1861
5441
15761
3170
616
124055
8424
86804
193651
8478
286942
79638
15814
17144
51156
81641
21819
97273
133302
73788
41032
73850
267195
106383
6245
20308
2756
6286
201835
138318
2769
110732
22813
79842
39730
33219
196994
11846
103206
75419
82744
469656
890432
4611
32733
29413
43198
486818
66238
333467
38852
129731
22351
62984
15632
17476
84498
40921
7546
7086
52414
60461
1923
22284
308424
977598
219325
20281
5036
94805
15412
27596
12882
67215
22737
3080
1525
20487
17819
197681
109188
178514
75790
46522
26316
605080
30437
56323
158180
25073
3007
7136
288199
2173
10552
261041
286650
74376
194542
5269
1911
24093
4419
6040
14162
248310
9509
288460
6074
39988
5696
281055
294374
180833
80460
28781
85009
12541
209088
5525
1895
900464
13017
3024
2072
4755
21854
6545
441563
15949
35061
5453
54453
7951
89772
121312
3439
182975
5120
232577
2091
96368
12112
27902
13779
99640
46778
499968
7889
7038
16446
26906
7915
81801
9291
19919
1735
39740
5418
8312
6848
73402
82466
16830
4229
30286
83212
240121
118457
64264
460143
330163
28755
233284
33729
37776
81550
398800
32354
38211
6212
62576
22569
227873
49230
74605
10015
5797
12017
6595
62182
526718
12774
63406
19628
29429
52849
14118
34403
329830
15536
148954
24962
75878
58657
1381608
50310
858035
69054
244752
31360
76822
29269
47258
90518
23578
11560
197281
4044
37498
15319
15986
100148
77841
6223
58583
165865
74851
51022
34237
118361
725664
88823
121874
3154
18116
26593
38854
20568
210787
626413
75932
29902
24619
3202
76418
7364
37101
41115
60828
11836
5912
5912
275279
6792
17145
133847
14804
14303
9645
1757
24198
15530
745815
110072
58977
27833
35011
58038
28454
4062
115465
19438
33690
53191
177841
15797
193226
10663
160694
4197
142771
17134
16518
1293
95542
14566
16121
27150
48945
232044
27328
2973
15141
46779
15407
6697
76321
10636
6893
163007
14529
72941
9894
56478
8816
433593
247697
306896
3316
11517
2391
5224
3384
10038
26201
50060
35398
24276
2476
1012
2999
19828
12994
44013
496198
17317
25972
11726
37987
169221
24717
7134
33177
15596
39206
3860
188242
9101
31411
10114
11916
8138
8446
22315
4135
21621
8358
176085
5355
8887
12188
6772
13405
11359
36524
14486
363759
27492
23961
21543
8303
13052
20806
28770
4334
2567
16098
152352
69974
110672
9600
7799
4636
23798
18155
168834
61216
90473
13721
4582
69168
2291
53009
208402
11706
5860
15693
445
173021
10962
64640
14348
15441
40393
27021
19351
254
13182
360845
92249
552719
82846
100558
6526
120104
18923
8758
1312
3856
2528
15741
3976
2423
4251
23834
8058
67054
25617
101257
1627
32198
49190
75925
8444
12312
85116
5685
1857
367323
10025
18637
1923
27490
280947
113424
2596
16601
5758
5941
285694
34277
46321
16856
2133
7532
60674
36046
97778
12197
9063
14939
36436
33392
11467
193870
289717
36912
55312
6393
2176
15313
15729
111274
392576
45112
62963
17683
35536
38767
12985
707810
39293
63932
7400
54447
282576
88863
2083
116213
19253
24962
6314
236318
102954
45741
22537
47713
17857
175872
50982
5665
17541
5474
35999
5298
14718
21798
22065
26720
10612
10649
126284
30958
29760
315903
6824
10988
1043
32509
43794
46972
26401
258798
8220
8008
16695
49203
104747
74917
89944
7732
85178
12506
4735
6551
10583
106689
11286
16036
21254
66460
105277
55455
101732
68742
17922
23821
53823
10566
28171
140828
33256
58870
13103
90269
134871
40097
22451
27787
28982
