449741
1156179
1686205
401625
637645
843953
328570
2055374
1870506
1811294
604737
1025526
920712
307147
1253862
229055
803142
318751
369506
232952
486190
243696
435708
295286
403930
679016
1793785
877378
425026
554512
1182730
298118
2079839
282796
885228
435992
1766400
1239704
2021775
181080
749765
1806309
1151492
618305
661053
773678
1960291
122953
75560
624885
34662
1287545
124210
134817
288611
522158
240229
532037
1395469
547446
157963
226781
1169127
645091
61583
829941
470531
828190
770813
329903
339045
14599
863789
1993750
1009212
1402587
247728
270947
279264
31579
174756
585185
986154
284160
18578
73772
220072
142203
367216
904751
781762
185234
816068
197365
639207
415948
1120089
264360
488826
225277
1022202
563207
1148067
222474
962974
1468909
1385895
1743465
1568461
130230
1123189
468498
341324
1213444
184162
4841
383330
290293
514091
543000
1336432
396563
896365
967164
99892
644298
430583
244798
2029905
866816
2673298
1129166
317440
4047
1432032
281061
485181
935190
1670648
1029232
657830
59108
922954
510066
1182867
536925
3406211
303729
856983
130598
1107253
698308
999110
1240352
1767430
1799265
498351
882840
359523
241404
2372359
700791
1595989
699908
1258824
500878
2151085
1556691
2381453
1484102
885206
626013
1344367
320701
969062
733088
1786396
183242
1740365
558338
48328
420500
504127
923237
1760158
977389
1565738
428558
317590
381484
930190
545080
1162052
1023892
492199
355291
4774
288941
1660537
118068
473302
476687
1053863
68765
204541
433725
267825
1431676
386802
17342
515754
11907
673744
7563
479666
138982
338334
138368
1225079
433038
4247
100891
1434059
462922
1145645
791429
1159039
798242
1387157
491818
500148
31824
1286827
721076
1963381
390724
706873
678894
690898
851555
834843
54786
123712
492735
377136
458423
830829
20950
567630
509504
521700
993867
933471
436364
64340
885731
