48604
55622
252547
32787
95592
288208
283668
301810
280905
521345
472746
377793
82808
30219
26410
48017
73858
883931
335686
140644
45483
196588
201530
317902
463775
1088096
955109
155018
85282
259255
552456
103018
394181
185556
266965
275745
275830
578599
117968
230172
385268
1140777
82775
195491
193083
906939
102777
346222
102298
1227914
166244
623120
5960
36140
12396
370937
137054
155316
979905
175245
18114
21565
110245
148016
38550
189465
127341
391608
553988
25846
1086163
810793
206791
21979
128217
204812
211542
61038
807759
308182
789551
71606
181922
24651
49140
74403
131248
217176
102460
329429
599566
43269
130589
113281
487156
201398
456472
395546
219963
569097
158485
277257
178472
840578
521691
920082
1686945
395031
73132
102221
434917
67567
24513
58144
125123
14365
18385
980058
78002
216817
843091
259673
1104372
16902
110339
87455
91978
151246
191944
158687
237662
162093
663159
81561
69929
747398
328159
345093
1007315
1079666
423537
34763
422608
418928
364007
227769
885556
94783
391451
252243
398011
435407
265637
38997
820846
92205
1014718
119779
284219
542359
386688
356331
174539
864464
856595
457491
552602
443468
599845
114891
396237
390372
547701
83091
125653
159120
846985
19604
537442
88030
174709
1930
775576
127958
327867
18701
929636
5798
313207
5312
788764
985076
46836
601871
288423
243224
408172
715294
339635
314623
112824
485139
186002
183944
68393
125305
112044
621817
32092
34938
628657
57179
142268
176218
173738
856289
14003
134274
246382
48997
91328
93449
294918
228391
462247
404701
467181
487699
934635
334536
170820
161612
488804
522409
859535
211901
116776
184581
54943
68451
210750
47611
749871
15928
31970
92335
30097
9897
321473
308234
408537
123810
114119
62319
50518
112094
18745
71012
103572
5765
156267
152918
267908
57571
206686
179983
666846
927247
119297
98989
715620
51777
201296
623080
123229
598681
465163
4909
65943
114058
92116
56565
902002
386558
96067
65435
705601
207849
143022
692813
265195
417892
899121
358358
156674
325078
452993
239809
217197
30069
341363
144342
436033
189559
426960
214579
80415
15652
115687
24721
82278
9502
122764
1050646
215561
73176
278983
34015
219452
59882
137175
22307
772447
17967
583643
142411
33718
107460
690292
297943
61199
15750
118498
61436
147853
102338
83872
232249
520847
149345
189388
110792
78333
27905
15064
232471
111831
36987
225109
42898
192904
306406
137813
147082
61354
85080
498596
42368
649939
165225
380503
602183
247329
18065
107342
6913
30303
22593
449974
1088135
298697
189796
82951
32483
65242
110076
771060
430315
968874
169591
233918
456295
127403
257773
443241
921387
47588
126733
28182
353109
656436
145100
37231
568557
86326
116129
49907
347317
404745
16858
343387
174592
39055
678709
40532
43915
295294
37828
21495
110458
228651
706650
270828
26079
831011
22940
357031
686983
233045
555619
468060
1267808
1052653
396737
961299
164477
409568
1006026
277725
221342
230009
72560
198612
74368
171798
144197
16770
59793
78635
152784
323745
470385
453468
134448
49865
46065
70181
25953
26012
193508
155901
962500
95627
297221
836598
74666
184567
213302
165345
613790
274671
189708
203638
148414
84070
431483
822903
104775
95211
62284
222118
948500
56168
192042
19955
11362
131692
51505
154587
209637
220682
291666
1451040
504575
87524
633786
137134
192935
422103
1441028
596066
576394
101261
146077
102515
31764
343948
263547
121823
178458
114952
86985
590029
57994
103859
482488
149149
207979
159938
170449
124165
250091
105974
714244
1020678
137294
197027
75701
1590993
254566
345428
304326
411437
88259
687209
147870
145790
144303
418899
787021
38772
148126
267053
150425
242818
337562
922756
276045
691554
53082
27258
679468
788328
38524
110084
684199
977184
291313
260775
92547
720202
417140
763688
883342
644386
589088
814356
12462
438368
921576
585925
161896
525377
129288
318579
1189873
254213
176858
1236168
317307
773063
142398
545376
18494
298440
88297
10077
410450
1071789
415252
270103
104692
308859
56624
69365
1051701
305541
656434
336894
88647
481799
126647
47099
515976
44127
187601
722852
113150
166198
408771
275298
491030
317996
15558
857652
117591
676539
483402
465584
617267
94454
142368
404871
44016
101548
95705
594153
1387571
192118
169726
352511
190694
895280
87374
765975
69286
695704
470051
1327382
233084
71355
205678
250139
98753
829768
140513
263212
109456
661120
141507
1085520
462044
333816
796241
508459
383230
673320
571181
101582
406063
967042
23040
890570
133064
1161277
279398
358547
60601
988953
174079
299088
717032
111697
1083745
1016984
437112
1132565
463933
412700
1382741
85398
276185
1283130
663815
847854
817082
181929
217578
370944
183945
1092868
201776
720740
573320
679526
114238
1334733
281074
1005805
239664
314475
147557
23651
222052
57901
421456
1704788
243953
587731
182916
163337
156628
258834
136894
469473
986766
244308
587676
45402
93881
59476
164879
155803
487401
438352
107820
219855
233526
97443
54307
50561
178913
38906
3299
218355
23579
27266
87282
788068
66576
55092
24772
154184
9452
509750
229793
369120
267197
1530796
342713
120130
319340
128344
298852
321201
484932
1136521
119528
124352
5220
330325
9720
169183
7510
398378
30507
37034
18468
60573
103005
82561
21034
972564
238761
17189
51079
834715
290067
217939
133271
281687
12713
986423
247563
469811
384279
296480
205799
211147
143466
1236076
149935
566687
54737
56439
197558
65377
483415
290889
126422
566443
165787
165530
37863
987636
84401
14099
293547
181637
94126
110464
3469
447656
319409
146356
455540
227782
990599
181668
53072
563401
103352
145963
18236
309107
635751
66917
183979
196300
163009
313032
99951
95657
151971
332374
82067
122191
34126
182084
90863
537441
43578
13775
15151
11281
166996
141151
378374
10408
102659
555306
378538
446828
251323
70959
21492
26278
55690
28360
48569
323326
70554
26825
108793
21033
117702
38839
311010
221591
71994
817254
18219
988201
87897
482782
25516
433140
27163
176467
57990
143751
49436
341781
280040
420708
207421
58403
8215
29622
16377
99898
92012
58021
142809
15293
86237
65422
17570
613677
265187
134032
54844
296103
200529
63935
159767
250402
596728
544478
46405
197489
181242
553287
71883
1598712
173977
827379
969587
39537
1426894
487061
235980
847746
280442
181309
67665
67863
399960
302516
583044
19435
60883
163144
272213
305008
310732
118944
387479
660814
433534
250021
284452
80255
281455
1077524
1134866
971105
476454
1067971
444231
206069
308323
1030410
207259
244146
32976
168829
225863
57017
73697
22734
199621
160451
138394
106658
149069
81201
11805
200301
46091
109131
299216
171145
215926
253988
50063
43983
30111
428031
639227
115810
204148
47702
112389
158859
32819
41296
36758
143169
9210
16956
10324
222207
23436
110690
35059
933342
28916
15999
17618
111905
56207
392707
47453
126016
859062
238739
68933
80772
470204
401830
126196
375973
845156
334777
17855
69233
231515
72315
59983
118596
127535
65808
27549
432165
32035
929978
49254
221282
89594
88035
276766
282789
249230
