5
17
2
0
11
47
0
0
11
13
15
1
0
2
0
0
4
0
11
3
11
54
48
46
42
52
0
0
0
88
0
28
41
1
13
0
0
17
13
5
50
35
3
32
5
112
1
1
0
17
0
0
6
5
37
1
5
24
51
4
0
0
0
0
19
2
4
41
57
34
52
24
60
1
41
1
24
6
1
15
0
15
26
17
0
45
11
9
5
29
31
1
24
0
2
46
12
23
42
0
1
12
52
1
11
4
0
9
22
42
52
22
0
11
23
0
11
1
30
54
0
59
16
0
25
0
24
4
0
99
6
5
5
0
0
40
65
12
13
46
39
0
42
5
1
16
22
14
0
0
40
1
15
41
12
0
20
42
3
12
41
4
51
0
12
4
34
14
12
35
0
5
23
13
77
1
18
1
5
1
50
48
19
12
11
25
5
0
5
14
27
23
30
0
0
0
72
0
18
11
4
11
1
23
0
0
0
0
0
1
8
41
4
17
0
24
0
42
0
6
1
1
0
1
17
36
1
0
0
15
0
22
14
91
17
22
0
16
0
41
1
0
2
0
14
0
1
0
15
12
5
1
1
1
0
0
3
16
25
2
0
65
37
8
1
6
11
41
0
0
46
0
11
75
0
0
21
0
17
0
12
11
15
56
0
7
0
25
11
0
61
0
29
11
2
41
0
15
11
76
1
6
0
13
5
59
0
0
40
17
0
1
17
13
75
1
1
11
15
1
14
11
4
4
11
0
15
0
6
18
17
11
5
12
7
0
11
11
11
5
23
12
3
45
0
48
18
20
23
0
11
51
0
0
0
5
47
28
19
1
48
1
18
42
5
29
0
1
3
25
1
23
1
11
0
0
0
12
17
11
110
46
28
12
11
22
54
6
0
0
23
7
24
53
6
0
0
6
12
1
90
0
16
23
1
25
3
12
86
1
31
0
20
0
1
0
29
12
63
20
0
5
0
0
32
17
37
1
6
1
65
4
18
11
6
1
100
0
1
12
23
29
1
64
4
19
0
0
0
7
42
5
105
0
1
0
39
22
1
24
0
23
0
0
11
0
2
1
2
0
0
11
7
24
0
41
30
0
25
0
1
1
22
24
62
42
39
0
2
2
31
0
0
51
0
1
1
92
28
14
1
11
46
0
42
0
0
23
0
5
13
0
11
0
12
0
3
41
12
108
41
16
54
36
17
25
5
0
5
11
19
42
0
11
1
2
23
1
5
41
0
1
64
0
58
44
23
82
2
13
52
15
45
11
14
5
0
1
39
2
25
25
39
0
4
0
10
1
30
0
12
41
1
4
18
1
1
97
14
1
0
4
16
7
0
11
44
6
34
0
53
2
18
0
14
1
10
12
15
29
0
17
54
14
3
0
16
49
81
0
41
14
64
0
12
0
35
0
23
19
0
1
5
0
6
70
56
0
0
1
42
0
23
64
2
41
1
12
11
1
0
39
65
19
25
11
29
1
50
16
56
7
0
8
29
13
1
6
11
0
11
28
0
27
12
34
23
0
40
0
53
13
50
37
10
29
5
28
12
50
54
12
14
4
1
2
5
49
22
6
2
0
11
0
7
3
56
69
74
4
45
0
10
1
0
8
0
50
25
0
0
11
0
5
26
6
0
1
1
0
41
17
52
51
0
40
7
28
0
6
22
63
16
0
8
3
38
7
42
30
13
29
1
80
5
2
60
13
23
18
4
23
41
8
1
5
0
19
13
2
0
45
43
24
0
0
21
3
5
25
1
0
4
6
5
0
2
0
40
42
0
22
33
0
46
82
73
1
26
0
0
24
0
1
4
41
34
0
11
0
0
0
39
4
22
0
1
16
1
3
24
1
19
10
1
53
0
0
0
0
0
23
1
0
2
0
6
11
1
0
0
0
12
0
40
0
18
0
11
1
6
54
0
2
1
40
45
11
4
0
1
1
5
13
57
2
0
1
6
0
2
12
11
50
0
7
0
0
17
1
35
19
30
0
46
6
9
41
60
0
45
0
6
0
2
0
0
1
25
8
0
0
1
0
2
1
12
4
22
17
47
3
18
17
68
1
0
11
50
1
0
5
21
5
12
52
21
13
42
28
23
0
11
6
52
1
73
0
3
13
5
1
1
29
23
42
28
31
44
47
0
5
56
2
0
18
24
0
0
27
64
0
27
0
0
0
1
1
75
0
1
0
42
0
0
50
27
23
0
1
1
30
0
0
18
1
0
12
0
4
0
20
0
11
0
0
60
0
4
2
0
0
0
41
15
2
15
18
0
24
1
0
43
28
19
6
23
12
0
0
1
0
1
1
0
4
1
0
24
12
0
0
3
0
