232794
484425
615405
186931
168009
2495746
1598819
719423
1097922
459693
709924
1055412
175154
925262
431828
1145
1311869
938230
1963291
1253268
760510
1319626
832444
1689367
795454
1271421
20734
835372
2786
1123794
556339
15233
1059501
473661
1256239
2115323
370060
413622
970019
1156613
1380959
395406
1232843
2580500
283388
1152099
57664
683812
9263
776792
715882
2337
796710
459785
587978
690766
911392
785149
1813068
1133569
2295
51897
120775
12944
515244
2274935
405405
491404
755554
419255
346465
77935
847801
1664214
2817947
458221
362055
1054941
2016966
63531
229603
51990
1321155
95277
210022
1960412
965087
2544475
52600
684497
1681454
547585
647168
137537
1522341
3063504
1355073
667928
518159
355983
1424311
110224
1391837
543696
1267383
21703
1626984
1408766
48080
1589453
2636009
1091945
187755
485844
918346
87940
471164
583222
2033131
145925
636046
1516247
456434
663493
1732996
993954
1624376
40957
526288
1154016
1780917
490239
2961197
441303
796226
810352
2314281
784636
1089602
305454
966305
558500
2024903
116623
1370049
181129
871027
1179372
461207
856429
1154267
205822
1715584
673341
570768
875002
869512
1002440
769019
533282
926837
1359370
1383885
1063287
155721
807715
845990
1050983
1406173
1517194
2713087
1454676
403405
1974803
3553568
1636784
340519
754576
287494
2878
2189365
993239
2757411
1386839
2013795
1171882
2158993
1517317
741115
1215539
1894288
362983
246540
79735
533205
372936
1589883
1253049
187896
92857
648026
8199
973826
369861
4252
6172
754319
7247
781353
441501
1640468
972088
267586
1556286
28371
935923
339139
852945
2065645
3116784
164624
973157
430410
784548
620587
2510569
1340669
137014
1659782
1356139
631938
429435
685686
930602
1525950
2133892
658675
2623259
622883
808431
701132
1113199
81440
678868
386917
755894
1009504
132376
1055138
610025
853005
1402932
98863
28035
288068
10805
