46042
107959
242680
36339
105083
379652
395486
358469
464799
511034
946092
354080
44026
42234
46229
128233
224208
1028307
177023
260483
81488
267582
383323
780566
588066
1962673
1178400
108972
267171
425449
432774
174245
394749
406441
429135
522342
121626
484749
95622
347235
321053
1436950
297129
464048
221471
992091
178915
364122
115353
1579813
74410
480185
27676
64030
86630
592217
158295
151803
1238466
60696
43498
44827
309685
166701
11422
141869
210949
455768
638101
64347
1457363
764489
145485
40871
157691
58851
287907
62000
1174723
349768
916077
117128
97026
38869
74129
47295
274161
293008
259108
598674
938303
50168
408732
164623
1319238
144351
835352
226107
137470
1039056
173734
469033
402191
1245274
424913
1338014
2138862
401472
122956
59149
538974
63715
69947
183135
56420
264029
40847
1103642
124376
182285
1034030
109419
1156938
31738
217447
182469
132172
119944
160043
380033
343429
85922
927409
121853
125004
1063763
399342
249112
1215971
1098616
137963
63650
610489
360528
504156
78107
949645
35116
306375
236489
829475
433868
482579
66950
1073402
28690
1141198
189155
259699
695775
308509
583418
360605
661776
1118157
393098
895048
283064
662142
135790
448705
715274
897683
114180
295265
199595
1117434
56658
914699
28879
71977
14907
794740
201847
400291
45913
800511
20810
182742
57912
1063295
1149990
96325
1049990
403695
230015
806298
986809
305937
69545
91108
689627
103871
95771
87666
67068
62526
435552
87126
84619
444718
49431
138192
82214
135087
1033226
32012
131379
705815
113742
91346
64229
225215
470139
771883
315314
422985
403246
1232221
236412
324432
188510
1112529
439185
898236
340676
38220
200079
63296
124228
242161
12312
980494
55836
72053
30752
37280
28983
253252
373842
571419
117236
333818
41709
266446
222216
40042
138166
218327
22959
103228
314670
506914
49350
248223
163474
903972
1098647
53635
112837
940183
230069
228746
779988
49575
791688
480376
14785
110898
214255
38447
21699
1024333
526651
213698
68529
791052
363108
120248
808008
85558
259727
1038679
279978
197960
173950
928281
144713
161002
60646
585255
45225
443326
63278
454800
144179
408957
19950
106945
30497
66323
80168
174697
1180526
344369
232957
404378
29557
226118
268267
201575
32661
874290
29720
975331
88358
34933
292593
792477
183019
30045
72743
170428
36328
114955
74792
114002
119597
665923
199784
86150
56972
65685
80682
55664
527714
126872
26317
107642
24615
411256
218429
211850
567041
189494
93926
842017
27423
1027224
77443
573018
461722
471638
79322
81258
11834
26127
30383
747658
1360970
270927
185898
184186
19418
47524
108611
1281160
825421
1151381
127130
126157
437582
234870
199956
652397
1314373
112934
201345
13435
705018
891880
41735
94931
718482
73439
136223
437860
262894
573739
71894
436979
102507
93831
1115829
29536
70287
440437
41136
52530
63698
333079
1142674
190835
24089
1190558
67144
293956
683704
354884
780493
413114
1990144
1595323
693705
1366074
118833
722414
1293182
265979
238316
178966
153186
283878
41001
576158
86317
22638
73891
153525
119068
459411
858079
598293
76292
55710
29724
258536
31107
56820
264075
53638
1395455
156696
515391
998638
40318
67906
150690
211230
815712
99288
200065
124960
220595
66880
541735
1043680
134178
129760
44310
255180
946494
83331
171027
39275
16415
36255
39145
308552
408146
220653
446269
1952058
505216
127230
697516
250097
117938
248870
1980480
1081987
333654
135504
241220
51119
137808
311380
245923
114900
322242
43695
298864
939415
255720
111586
719780
230043
325178
120404
182503
200721
157655
107227
879707
1321780
169241
92591
227798
2020143
329177
603487
221681
463343
204681
483627
537798
192550
132504
224408
1016255
53158
28015
136968
259206
441312
836654
1503580
233896
1051148
46618
77562
857569
1038177
33843
238831
994802
1332915
253053
377708
168101
804349
506052
541359
919745
913225
571278
1068262
32386
474760
1239273
1125098
408957
373136
86923
278106
1261336
714331
139462
1326536
559953
1056531
102539
559756
70668
221743
197420
43234
782742
1186731
818923
177275
118363
99647
98589
75546
1125664
242018
841115
459066
150871
598265
352299
28319
929445
94134
111726
907157
148671
348556
316085
684531
550165
245947
27013
1135159
137631
606812
518001
817235
835052
119571
170629
428567
40014
47027
97460
731948
1962760
374427
171192
605695
294492
1405787
264389
831385
91591
877616
159242
1541563
241810
61890
421455
297405
76179
1164130
210808
459927
275611
785052
200091
1163455
364318
319801
969085
236543
597358
1346173
824991
114606
600217
995592
125348
1324149
223753
1375274
371790
854218
32409
1057280
188533
763200
1032519
79311
880627
1211485
379072
1719316
842773
302937
1566964
218842
483910
1509428
930138
1011863
1139426
518028
214785
397686
269590
1256855
551371
916470
558650
832638
210281
1781653
211280
1639124
161043
347255
89947
83900
233897
118173
382520
2245434
258137
593700
86437
71790
249843
290192
249335
598119
1871528
307579
505319
106577
92331
26337
97713
246765
809075
881754
97842
37624
64592
99214
246091
69124
237420
74500
138757
189136
57752
53702
82761
762440
191335
61848
88418
119245
8703
480350
145306
312361
140412
2024762
715124
93761
693686
61949
384957
289552
349239
1315545
105790
49824
29510
159984
20402
57638
13824
364921
31498
110733
91429
164372
58912
229435
199686
1027527
436362
45518
98238
1093694
243090
241517
116928
502081
32895
1390273
595065
919855
566730
444374
160795
213441
104972
1672485
81545
438658
74613
145739
103574
123718
794780
471796
150080
913745
208616
110320
78857
1063567
104577
16211
105013
74989
82744
224720
34141
118031
138259
41798
879862
557026
1263563
127085
197339
598470
414638
247080
16882
178252
788376
86900
36771
124509
67877
253578
33969
119117
42811
260280
92008
159100
30033
283573
24141
561174
232454
163880
23120
145875
39241
62890
550430
22440
282543
263826
352005
866155
170165
110952
35055
45668
151998
81195
228382
226961
47244
34973
37737
48972
75084
65202
308043
276836
46755
918557
34112
1054313
121202
421845
26240
578691
43844
309017
51299
123998
52624
389923
937916
523518
188461
182309
3773
30221
17498
123156
80245
41596
36026
20632
14549
76569
85035
522208
182796
174787
200282
191616
648585
235539
144345
508190
614152
732873
97377
147587
252634
483851
75524
2215824
293358
668594
1459985
95463
1847289
493346
246182
1048197
283306
197568
221085
68759
390203
167704
1048427
200167
105250
115921
564818
327112
490009
79867
475725
716087
813600
116884
719624
91081
165860
1269770
1329432
1322198
598718
1204352
474624
244814
258791
930191
301592
252159
66346
201883
242918
342320
62151
39699
53362
101869
74588
72296
78635
159621
88895
286172
52941
149260
288841
161036
138476
98476
152405
31916
72258
110275
1094324
146417
221985
91821
118142
255557
201415
150228
55754
90827
21566
128776
12807
255348
69964
193115
44223
1242486
19501
34414
84931
72161
202585
654848
66242
248132
1065587
300227
50260
350687
682507
720002
87787
314687
956403
544489
27983
55873
309839
126917
84216
114898
258072
93543
47998
366449
51182
1442329
92441
251514
65458
85023
241559
292429
185354
