1289
18884
2406
18
37
126710
1019
247
1017
107728
1237
903
106
1523
537
23
274
15383
6
711
46
159901
128717
176534
230361
223524
205
0
1
110831
72
5917
168231
109925
109688
2
1468
44691
205833
178788
5748
104465
1203
126460
1660
281500
501
108468
0
53298
0
0
1771
18354
165328
117474
124593
12918
124060
1129
0
2234
630
4
125068
142465
16729
125402
159076
57661
125904
148
19582
38
168875
103140
18
153402
15974
711
432
564
166097
22641
418
3326
386
157060
17655
32906
109633
521
7712
104
121071
175577
80185
44
231130
21
246
54747
170163
109750
30125
1201
66
756
1127
143635
107452
51165
6
1206
6
0
151
118
103827
154055
0
313378
1383
35
323
91
2
5513
649
229496
105934
2913
117059
620
15124
125808
177271
506
19481
36891
38401
1119
133232
109477
1643
1727
36393
119777
33428
449
61752
103158
206324
126519
284
182
3133
127226
177355
1825
126480
137
130013
60
104137
740
16100
2724
456
54835
1421
19598
1617
155870
261454
208
81359
104716
1622
157
108685
161087
14968
107699
36798
141490
3485
1
785
206340
249885
948
2124
23
213
0
17180
2116
52321
9337
1
1828
36574
232
1
0
2
0
0
41
60625
125399
7473
3556
15
160509
7
166096
52
17244
109776
117330
242
794
14298
251383
123950
20
248
119782
18
1941
125904
145766
6021
20122
15010
1583
223
126214
108192
67
233252
0
16540
0
2239
38
732
15530
5907
314
657
31
36
5
17683
107023
10772
1205
7
164105
229433
104605
231
138984
1253
125268
72
16557
138054
0
16285
184829
15590
66
23773
477
32401
3
81610
1235
461
126493
0
141059
0
1
60315
120
83586
2435
122005
99
617
126409
20
1989
19099
288490
104753
93549
770
114224
2292
26561
38
1
124820
153120
0
109879
13965
109011
167859
15376
124615
16544
716
289
10082
79
18881
17140
249
147
600
1
29360
109625
163221
344
1823
125930
22395
44
10471
271
538
2451
463
5751
3648
107728
228
123376
46404
28758
36065
874
684
356906
207
0
390
17317
126428
30829
70375
513
144782
712
44922
134032
15993
30365
358
232
115403
7287
36541
255
17166
14988
927
36273
1
104070
122453
313
294498
173119
161456
1205
1115
285
350347
102486
12
356
9
86624
104956
230411
19358
14568
247
17596
10
39
252403
467
13063
286
5
29583
53399
2089
190219
88
115121
113
196605
0
176
491
29593
94935
158920
79106
0
1890
2
1
67295
36531
106615
6396
19332
394
191479
104
16116
1173
17141
8
296700
360
54
2511
129149
107712
42
126338
771
49975
1
550
758
6056
221906
126322
217672
366
57
6721
39413
7
22
193081
8
7
473
0
49
16183
98418
17481
15064
99
1001
35974
101660
1202
494
127044
126072
74
157914
6927
100119
36660
6688
1
318664
126107
114820
0
76403
2097
107023
15163
73
127773
35
98470
34
170956
3160
123440
17523
162
173181
35971
168781
3
1201
163958
543
5856
998
135
1958
1467
97258
574
1242
167949
55542
12659
168259
185322
232229
32286
54086
205468
1085
2261
162661
234
257278
168849
17091
506
283
106485
32
109687
15285
126413
75
187
306680
13
111449
148350
1501
279812
36183
137808
127108
3274
141789
16536
19354
3111
27
1214
68947
109455
72
2299
38403
0
60305
37
19871
1010
127422
87
5787
126286
109153
46
21214
231
1005
356197
105076
12602
270
441
83637
140975
38351
1825
13392
95828
9848
240
142877
108621
34933
152
108736
125699
10825
103142
28700
23923
48
70609
151253
18493
6691
66
105207
59901
374789
64
124321
595
126509
2
141
0
78665
0
393
59287
49
50
2675
46
112379
216362
86494
5
927
969
126339
72
140
24529
77348
226048
2281
53757
517
120
1383
7766
145652
103895
104157
48
110003
93702
1322
73712
141925
128362
2066
62877
126395
21138
101975
126289
7237
1
29
18141
317
44987
44
43
16099
47
108784
111
128789
53964
12084
110338
54011
128458
129212
36423
87
159787
227220
6467
15232
3543
17801
6668
1311
125707
1282
19030
18150
318
10494
0
18708
167175
183816
138412
247022
383
126233
2
2525
256
174
16819
463
80260
160514
5
15013
1118
54
16996
2784
17200
8
154
310
202
126238
26335
137649
141032
2
124519
19717
17889
43
1667
32951
254648
2543
632
106903
166552
59637
162921
126394
181
125173
132452
169
129899
2606
7230
130391
110303
19
126280
357
66
125828
839
253
108585
992
157810
95846
97914
0
126952
250810
756
484
633
774
462
1728
385
994
395
15092
6787
759
7
218340
235
3587
234333
0
81511
123472
607
230577
144775
18877
486
149572
322
240
21674
76
950
16220
51481
1144
6775
9224
0
2
217
39391
53
31
16786
3
2016
109342
974
36851
1310
82392
17369
111753
126164
6
8
194
2
0
50
149
4
123844
383
774
255
107744
0
2
205
888
101
125275
14
58752
41
351
1
60182
137793
1
114882
17347
108250
125747
32794
752
32
27242
84
2395
5426
167708
105833
30
2930
18491
43
109275
68311
2
38919
67
87488
13713
1
13225
1140
66610
87955
110406
1
172549
18587
17339
128268
252804
860
127613
2
110436
228
114246
36065
1
100873
143514
119951
246
246
519
75
172871
701
98362
701
17931
55651
367833
123353
126292
1951
257634
15
84
30
136
519
2
58
120073
97551
93482
141758
236117
119536
126242
22720
103576
2
8672
2497
107717
973
22699
432
92299
102961
2696
5857
2471
25507
63
129161
10262
228567
129439
122155
171
33686
116638
3005
71
52627
306
202
16262
789
255743
453
400
219
345
0
107718
97894
126114
603
451
5
234013
0
319
169406
2308
114
196
24
109205
128201
193
47
124497
107749
0
17321
17530
259
5578
154135
863
2135
195
1838
268755
412
5
133740
119
0
0
168541
732
519
15943
126693
11
17
223
2400
247991
7924
38974
17623
349
107861
415
314
961
465
77
5782
510
247
279
268
621
659
472
104
24
471
