11939882
10694368
15362873
10646794
5641695
7304415
11344271
7390609
9826800
14542474
13391385
9455816
6109016
3375308
9661906
7771429
7909696
5668093
11030771
4270532
5145186
6029802
9158060
8514901
7243909
10060697
13117969
9867637
6174056
4602985
10032563
6484462
17312345
7185550
11823073
8694799
14198630
9370801
14194372
7318588
16125319
12226226
19183996
12592250
11760835
5494085
15221015
8071345
11599028
8226613
9060350
3339579
3954815
5189560
5645227
4114166
11903455
8321925
14522218
8687931
8238310
5471245
8576799
5543189
