36582
136138
487515
2969
1022056
459420
5540
59208
68665
508317
166885
169363
535
12768
120967
444
75496
108581
1095
1171313
8916
995029
533424
1042559
937568
1279890
260
845
713
1174088
57889
120960
1008214
8709
54918
3
1714
712707
101689
19450
196052
558570
111831
1573219
20584
2377769
52743
65885
2
285594
2
0
22023
615605
525317
46418
138721
31371
884497
72644
0
1349
1586
445
500663
12063
78771
714894
420578
356723
188217
212017
752226
260
956783
1834
26563
1481098
543638
132163
538763
20353
552167
26732
24030
420676
94737
992951
109042
706424
178350
98620
2899
104341
120626
1513510
181328
76488
942311
209
1750
1601
999519
278647
64423
125340
2410
30155
115181
857585
185965
294893
12
1705
708
0
552648
248631
1130136
357257
113
1016121
612078
1868
2537
7167
4645
328135
21061
998068
72565
40903
196373
28042
64
221547
1028393
55708
552142
207374
214152
325099
1644867
426
343201
626154
500287
225795
6703
83728
627462
681
574572
941814
197725
3979
123925
950711
10265
20462
715494
205977
198925
743
5534
139250
22441
547846
5607
99542
28394
631047
89418
222685
2588104
12501
412099
604
20298
756
708712
1096625
1105230
148837
263809
81647
25347
524
136312
498122
433094
65069
202728
1116
934
0
78412
508606
283091
2419
4969
290
208421
1163
46
0
0
6
229
5078
363637
727090
732864
603793
102
285464
4
1146786
16574
144940
409
24834
21200
216982
653251
714410
2157
752
5468
570776
1045
534242
125497
1527536
1065760
521529
89
543044
2935
1438872
2797
0
140
0
221289
403
1467
4824
131949
2757
681648
6475
5585
420
2388
137
38455
827568
232203
11874
109358
1020162
1060931
1113577
7834
178423
1117000
707118
421
5158
851799
3
99
442907
6536
20235
30597
103258
224626
492265
127246
2695
90769
464020
0
561296
5655
17055
68020
2900
1513257
328941
1648668
948
87158
946569
4
149976
79929
1171832
4
101652
69650
707542
147161
79225
879
49
719993
946397
535830
1328
472553
1079821
1648682
496229
2928
213835
132935
6328
4022
78586
654625
142328
4310
605
92976
11851
756830
929967
434376
57165
96505
5636
964685
4651
77071
428
21253
509840
398379
62740
40471
741219
94615
769380
775035
416504
493564
5118
36004
1914376
94445
0
453
107072
1285727
192415
128636
896
860826
62561
844979
1377719
183346
184127
163609
2036
505201
9163
209372
1422
74321
5203
54515
744016
21587
21839
225226
40181
1881878
910777
1268275
137310
120792
1352
1217048
531850
116
547669
23987
134119
73952
939462
125568
1435
512317
107921
240
63233
2220168
4482
437470
52018
5
709338
14543
35854
1187883
0
43602
2548
492005
50
275036
13078
724496
579326
1074676
668689
104334
210801
154
5042
297048
236234
775138
504181
658996
622264
665474
25564
350643
10114
167655
545
1973535
2282
59331
2721
1057069
186278
116710
945936
24981
274641
0
6131
491558
7256
355459
120566
910731
1906
1161
876
214631
2004
1625
488090
0
323
1775
401
77515
716
533313
547151
532382
1366
1361
211779
581024
80855
518359
948133
356274
18920
214266
531746
926
215377
3180
20387
1328542
941679
386945
959
70660
75765
1180718
99061
1837
744126
38673
899
13477
1185271
351758
574233
21010
10207
1442778
6
1170508
496581
518546
414051
5043
313107
141682
9428
31959
519677
122285
118729
144912
1067459
137
182510
995299
145802
785223
701461
289151
680169
42323
1361
354793
210481
1125479
984721
52943
436200
26281
112958
84365
10
3856
717419
44
556465
1564823
203886
57071
434043
54617
1859541
49332
2319
1530243
121134
718048
411
555032
155421
1701
433173
247704
2871
57954
512471
213969
3
358809
914
253096
215597
755518
970
704249
907161
9
12892
691198
1772
519729
2709952
565203
32
2560
494424
139091
359330
333819
492715
10629
109994
52745
1300
965260
216455
123343
27594
873257
5608
75137
528730
774917
204482
46
121644
1985986
17588
7726
555326
124595
577908
1534528
51075
196127
576788
989631
683
3661
12789
74266
5587
47515
433654
1158
48632
95045
4868
115903
904112
494464
201
7179
493354
945740
1379
3637
1005129
586232
743083
25693
24647
545822
1081
526056
278523
783407
129162
203434
48935
87756
1743647
221241
706002
732073
479797
2
185372
702864
632019
102642
357435
3981
5251
4508
254702
616789
504488
81941
64947
44560
4884
188572
1757
1844581
563532
268716
1295043
132039
696712
349180
237807
17993
778719
1945795
89270
1028959
1034348
4297
987795
1565659
1614577
23599
659401
19298
87
524227
62625
190002
1244362
1408754
1668190
2798936
31233
942678
24347
854420
54790
1415
259901
3377
518688
900539
5747
665
2349
2105
23660
35648
152540
325
681
367
2
1236401
301367
950959
711880
24156
928447
226871
162767
73342
392278
759879
1963286
5685
498484
609989
786815
480601
1290329
969214
70999
756891
732867
53964
394900
670232
614115
926710
759567
24929
884878
6209
85852
961984
136584
1870
3507
1658
269052
518084
2842
930
1442189
1158832
266793
3152
85238
32924
7198
558041
61445
75220
1169
82723
35588
160096
2044
242
6442
371685
946561
0
519973
112901
1597
876774
425449
578367
7365
1046075
3969
512345
94110
53991
1145
127784
278641
1669
876
2586
679
4
408
221372
363
10
5794
826
19136
207081
6188
18478
14468
416367
159282
1721
358348
0
369
2
0
0
60642
680
119
7682
2
3517
509131
0
0
13
399
86115
514338
713186
408
46427
4919
270153
925
75277
1264711
37
712411
51853
715556
1228026
2803
141725
61803
731793
533314
115735
234078
1156323
512823
282
14658
213519
4498
222287
213455
27830
197797
66965
582487
1800
906
442321
568711
102792
497029
2055438
128959
922057
138306
230323
953786
1863791
8500
355383
17
6940
877
526631
2
1908
18604
214538
623581
3415
504
214955
531562
785159
3796
127086
117145
563120
318516
2275579
7181
694270
226905
1081837
3884
19877
1104
58479
215652
19994
13069
1139697
7481
10089
952851
1019088
541578
868594
728823
516442
112
280261
139120
715761
495197
213184
415
9609
3969
739756
157300
12319
798432
156373
1267543
151136
963505
2272501
2006139
4938
193561
1094317
224417
2176
243467
8121
0
237
181352
1846442
510140
87051
2839
33207
24219
1
921
1582078
2846
1795
12929
965239
1
2865
1140902
181237
184
450
29
720
360202
0
60452
518255
3
0
21045
211114
12487
179549
490954
5288
1426
2360
934
1959098
1339
890
6788
4
0
425
983935
132212
215150
23239
914122
512984
494749
45899
19422
2225153
137244
230973
366368
99680
60245
1839
3439
7644
1026
755
402116
3603
25
28345
4391
72796
74168
168
7745
3803
749
