919801
2262383
4090120
1007732
2187211
1992950
3338090
3045225
2614704
3718259
3477472
2604095
3167371
1071713
2257253
1361497
872898
2851213
917282
1501925
1598537
1101288
2106804
2027040
2198585
2357911
5184589
1989452
1005800
1729116
3647183
1013642
2456137
2103797
3467200
1997321
3028553
3387781
3566572
2310913
3148780
3595114
3249269
2091747
2004920
1878883
3041392
2237275
1757656
2838227
940461
1192771
1037446
1891669
1121987
935210
2248502
2386684
2731562
1044453
1947349
750456
1887919
1129810
767561
1453164
2856393
1218591
1792279
1263022
2036701
1248074
2070827
3682726
2196712
1727748
819716
474966
1835988
1168568
1329029
1593206
2392412
711206
1251538
811741
1327481
1185039
978054
2962391
2791085
716284
2415617
637016
3453313
1460256
2806498
1445441
1382746
1408245
2133198
940179
2943494
1441200
3309993
4944401
3799106
3098562
2951616
506379
3228314
1201344
2298997
2095632
1587463
648347
2026354
1414401
618928
1168275
3698966
1429703
4679249
1175804
1431216
1527233
1637255
1209242
4275253
2963089
3713743
2772299
1450054
1216011
3650702
2059232
3068159
2223833
4096312
3312211
2269539
2449008
3493562
1821732
3111351
1068872
4287645
1687245
2139378
2157335
2503398
2603327
2621227
1541866
4555123
4518332
2752439
2558002
1856573
2035997
5397644
2912847
3300666
3650621
2539381
2770404
5430915
3985176
5695513
2789445
4539219
3719791
3741843
1498465
4423874
1545347
5086012
1044682
3596986
688339
793828
1053447
1483599
1439091
4243613
2599449
3990801
1267844
1200006
588753
2451090
1766965
2332318
3893164
1769809
2870875
720075
2372289
2716167
1059655
1487215
2680454
2330403
1534157
477774
992770
831198
1375230
989979
835847
2092433
404047
1044636
516724
1521764
2163068
1253071
608043
2632753
678408
462770
309458
2045427
1299774
3089311
1921474
4569004
2993863
2466494
2327107
1319922
1480224
3131314
3419093
5181062
2322249
1744611
892817
1429560
1027651
1736251
900357
1926504
1152014
471054
896254
1952398
582738
2399056
1191563
2675099
1619158
1145016
1042018
1914755
1273386
