1075975
2765135
3987264
1136732
1404491
1850644
2361391
2989291
2827277
4851241
3216926
2132379
1891173
989109
2202197
2545132
1394777
1026658
1286952
583480
1112968
1529190
1422265
1714376
1663652
2813776
3450989
1606582
916580
1471779
2317912
934613
2854076
767178
2420202
2307697
4160646
2411399
4038716
1396289
2897160
3316462
2807936
2028077
1642785
1851294
3017973
1003591
690254
2033125
459445
977374
370184
1136886
633797
710094
1284921
1697338
1905967
1832830
1911075
1384225
1938516
615490
1301443
1889768
2387814
1090917
1127778
1146510
1450826
868924
1235927
3668608
2171413
1813619
241841
563175
1420109
865826
423063
1314989
2261290
554191
366472
1163920
1558365
1914793
465609
3556397
1927189
1354365
1179137
402230
3213789
2098972
3317736
730944
909071
1242219
3110488
1769367
2974978
831349
2185661
2120344
2729545
3340051
3031030
514976
3128544
1460985
1897696
1395535
1099065
190058
1410578
534664
680588
1157332
2910140
1055572
3494947
1363336
1201886
1303867
1446296
1028943
3884964
1926795
4554375
3519385
1536283
631892
3041050
905503
1887719
2391191
3873448
2194460
1768910
789415
2616457
1409466
3440920
1870784
4328133
1478013
1451939
1526561
2882297
1980034
3034758
1907003
3243994
3758203
2167472
1500962
1591767
702653
4970591
1273815
4750260
1777736
2006438
1907486
3710662
2738363
4770548
3164164
5026372
2250820
2487541
1370164
3759016
2230089
3492361
1530337
3571708
400522
1085295
1335312
1229069
1380238
3306907
2557753
4288593
2089927
1954507
647328
2328075
1183236
2705955
2027498
2126968
1885902
233632
2159134
2708809
894753
2406236
1105070
1792278
1382875
269812
513339
492752
1021186
1423392
386994
1037558
493180
1627393
796029
1452338
502954
1056268
419413
1786645
1433110
322011
399839
1698623
1273582
2754853
3356713
2274925
1266625
1858795
1761307
1227761
999148
2939007
1777103
4667401
2251180
1859305
1304798
2348989
1442828
2707944
1047930
1568050
730969
480660
1380186
2164542
450878
2164334
545319
1971587
1690730
997563
1151119
675322
829999
