60615
46010
55017
23793
11165
59665
20996
650271
12885
123766
19882
13465
6540
12367
45500
10909
4702
32075
505746
36753
6821
112237
34682
270015
547830
10124
104098
116772
19696
773485
434402
54203
79695
35164
204214
10754
300001
991909
1100965
375638
461086
35185
300189
34742
35097
228301
170023
51982
3983
6046
32790
5495
20813
133809
14610
36818
239454
552954
20243
89617
38616
149089
13383
744
25283
3949
106701
390
98699
629345
20585
43045
98565
6596
757461
13668
30
54936
3659
15828
0
412
173572
22590
32154
170591
30814
294926
14590
15723
97583
95228
36392
366361
250354
577545
7728
23981
237574
569205
475210
272564
587932
46493
85
17219
22190
114776
14275
23436
7207
150461
12
432095
237538
29892
705963
350122
39279
222800
309164
404605
366646
77698
18095
181667
97274
30688
149819
753067
1021358
110150
24122
4848
41921
151310
73437
201825
167672
22728
37980
3370
31996
104446
235508
675891
65049
191575
218823
653092
29748
711616
206488
538146
607348
1293136
108629
354944
20224
42785
603220
32362
31028
76199
149516
390257
671976
308610
47284
186055
204518
209008
21541
109092
110210
432106
47526
143112
138419
53296
190496
243153
78021
438926
335318
112306
66920
133008
119102
127658
167988
19336
15779
35676
230697
19409
61077
218446
813670
32876
22021
215025
77591
17741
1
5182
28894
730682
8994
35347
36249
48218
4598
103071
9277
137735
19205
6628
242623
5301
18023
30996
6272
270754
206114
115780
9906
16151
39256
199493
587010
109039
250080
47997
756697
12788
49645
13717
28135
37156
17162
399413
18078
306111
24803
579013
701308
9085
639059
74443
24320
4218
36540
138665
2249
32578
2093
24440
41345
31668
3915
20355
4581
21175
15990
628079
18401
116053
248
50526
741514
5088
4276
19110
74767
41051
277826
28242
362600
29535
4646
323
519
35961
0
88418
303737
7719
182205
65769
125974
18175
16075
3977
1127
7225
734067
43473
35251
336277
35396
13405
27951
101
68
74315
24436
34124
19342
221455
19435
33904
183
32433
13867
105621
71078
87506
6414
8383
17937
95914
129268
52948
19
48151
469
88
193921
68467
185061
301801
18594
3994
14962
21794
952
17100
19480
4103
8636
55701
164416
73071
48815
90354
19136
7393
35810
51085
798309
195051
2815
40913
49136
108141
71808
231637
5004
9002
113722
364687
110606
298524
36779
25811
98568
50016
148220
121406
13717
73
20900
20881
97073
244141
41119
169795
471665
33531
557218
17618
169054
52185
323709
15987
308464
21938
278
66831
45023
26004
52508
197808
15639
42064
39
9060
682401
98
89263
12700
177494
457465
21009
13734
1172756
1745
582383
90826
64
122708
50098
88966
649298
26801
59606
104974
415588
14638
8851
683947
14942
255075
1026116
227400
672258
6271
658603
209652
128323
80
20313
38949
408560
4839
50413
8711
152657
33682
26917
430470
57574
150863
275586
67502
108743
1003
8714
1472
30280
27452
244
19326
418721
19579
203965
122361
127097
76208
8419
4773
94351
0
679102
45421
84098
12213
69216
4895
416478
18591
2451
27319
34658
30490
63865
59521
224780
88524
69286
763222
86190
48807
236796
134079
57200
95091
182122
295232
545008
70438
14947
9886
62778
76088
11578
12412
40158
26211
19405
6409
251641
15289
224906
22922
102278
6971
62150
216696
19419
15904
63498
48973
231390
43412
370421
508565
46898
96614
692604
665197
367855
150661
131079
8981
61755
210074
15441
79453
99123
26
22026
8972
117567
1048
13308
61809
18745
119232
74087
15457
238187
86703
114711
36781
45013
566936
22938
28612
12534
216136
300804
10593
310868
245233
131755
54809
338746
88154
52692
790142
72436
581572
24740
73
86003
207487
82517
104790
109029
435097
110923
264
75392
35924
474257
575989
14213
181193
32340
335715
27555
359356
15112
888698
232206
1060543
31
28108
636138
188494
11787
244536
49194
261573
87167
353595
184757
53530
7270
855033
18608
214921
73
33286
706425
63897
646426
250112
97273
18473
443508
175619
195028
5715
97412
147185
54617
1102661
77623
34478
814086
885614
507929
20356
104573
3761
49131
4903
461375
356366
5344
24020
33785
79821
55271
14514
64583
106008
92277
452176
434375
722719
41151
23969
45190
55849
127126
225145
193154
27306
15439
74864
134378
729198
12096
42482
1147241
5260
238
42952
3811
404321
155477
169149
1181314
32006
269284
96492
50762
278371
554821
128326
120514
223389
68628
12926
290905
93351
212205
47086
415110
50526
13496
164868
465751
223900
9998
15122
79397
4946
16025
70843
4
201031
232355
319218
539064
406156
337278
186
165764
130369
31801
160627
52603
15238
43462
77641
716813
99960
144378
16903
275336
34261
0
18016
43422
35278
1742
14065
285983
18249
698628
223200
14591
33846
93446
19637
43113
15433
29706
31746
435396
69773
238407
312060
98849
274347
182710
124785
105867
363475
251322
407391
792801
55169
199721
13347
98349
108482
116908
15828
34520
9655
32880
177135
84584
26910
104783
83003
142384
105503
2832
3684
47691
5727
5537
34172
4949
3458
10605
25280
8380
53125
32372
137456
45849
133247
11
23
43387
18698
1942
36682
78720
9991
73784
760870
117554
42516
159052
84410
414985
423310
12975
0
349355
32162
37344
13302
64667
49385
21035
54
94740
119377
82293
6385
89529
13378
3613
88
12185
14981
0
32352
51458
38781
187745
5179
69
36761
27579
18382
64776
83704
46253
32782
842730
1619
24918
15325
176
22
7261
4430
3000
55228
16975
37769
193113
30488
17235
20185
28026
59939
84069
17704
361431
4081
25499
74718
53143
6818
4628
5445
157566
24071
33677
68110
103335
72057
5708
25151
6026
541
9332
3230
8341
10082
351403
41503
9922
10075
142659
9394
12927
0
9
0
27652
378
16410
366
23340
193630
100475
38
177586
19101
45709
252044
34088
28894
49825
8749
378552
297890
32701
24783
497342
5884
13375
1445
66109
157181
49700
13175
128634
27869
206934
131292
497198
33327
34740
43686
431241
7611
78193
200564
64488
394436
115104
5461
18683
24293
66544
250183
102811
69788
4232
26725
110318
238699
49579
716861
117321
130416
8100
13302
133474
127623
39134
26782
69786
8968
51727
73020
64939
133019
431199
37120
676426
94499
19987
0
258939
548
105146
688
554292
110199
37268
24278
0
435465
757803
6454
19422
9214
9213
5230
25933
320170
10138
426
59204
105
341692
141708
163150
198465
604251
33576
6758
139789
3361
83
4865
11319
1971
739566
10306
49527
434284
18575
86803
5244
443697
6570
549445
49047
85668
11813
11540
21162
45851
15109
36330
94143
85342
48121
62693
23301
96346
2843
43480
249
23151
14863
21703
28787
34727
56992
19478
7756
465008
21663
1809
33358
43022
18127
464093
5787
14636
29236
201010
9934
0
12130
91560
5269
31819
296837
115552
321458
193637
713441
39305
12216
105375
76461
77684
23628
58624
89053
25284
113278
47059
323428
1098262
69927
19464
266585
26817
320840
89617
71666
115772
21114
20462
4959
5083
0
18966
51677
0
15712
14473
144472
1015167
318
271
4496
58001
4841
2599
17984
629371
453912
6984
15863
20902
32974
12128
8346
100157
723
76
11185
2136
84632
29376
85
289896
338
623
76183
32068
34014
82894
1638
608089
4381
26
1936
108800
55068
70780
6087
6878
13756
58007
630098
107353
60345
33463
247526
28506
30168
38175
66099
195853
28474
18557
4008
85351
68863
67912
139519
12599
46557
262480
115
74292
32953
8186
99259
7687
211081
203692
141941
546904
76709
68679
185
29934
92370
304364
25193
130283
51474
212469
85804
183538
5710
204451
45571
2033167
56449
345651
25731
880461
43185
289707
14039
110658
4810
319366
294912
34
15533
52747
28804
177043
727525
0
46776
253484
271427
310928
31736
45177
1738
3692
104087
627534
57230
82963
11397
286724
15
26594
64
87061
655
90033
83625
1148760
120996
13126
11109
129085
342
4623
37430
1005
23
43681
6497
32363
13517
86365
14748
9780
22
23197
4087
10963
0
5088
7478
15190
67914
159299
35197
686
104102
6974
16183
47002
18626
6080
192
108570
34751
8871
5232
1627
14854
208836
299262
51001
22653
9886
244478
59700
111519
20076
77858
600295
34011
553181
47119
15373
8918
45428
237552
49367
6739
61710
66
160597
19240
26470
20100
91547
27452
44737
2542
15337
7830
10972
73833
13281
53981
10698
60112
96277
18470
19404
17518
23954
23450
53952
13498
4817
45111
0
81006
6
103058
15234
687087
310041
225936
73049
0
720
19
194284
76
155850
45673
1054798
223149
94454
1653
4175
42026
72454
157631
9769
236
421551
5533
28399
86
22611
3995
32125
31119
12933
105776
15438
278701
9552
71870
22871
43021
58640
7322
2349
6675
12709
149
13377
49715
81205
203
41019
6263
5687
112885
27952
9138
4954
245
15707
2662
3172
1078
3242
77957
100857
191539
14644
196063
504015
55864
40378
24745
173624
165786
12583
128
55518
24776
810318
174750
38248
9661
20274
195719
499429
6872
68939
8100
22549
4081
10790
29150
66228
40034
37493
110
50149
9195
89210
442
877851
30504
121998
127852
249670
34091
14037
302
18366
746
40983
0
536
24733
10323
70183
48961
7096
97223
4558
72917
48958
810677
623592
116293
329
103
94851
27239
663150
10735
0
846852
981402
96117
4545
13575
0
489924
7684
227405
80382
3675
50500
8157
646033
30907
267895
276412
159435
28513
3183
336108
20872
747457
186
115956
13
31255
7454
107
1313
92856
349330
164557
17043
78904
59651
75456
8737
16743
120025
9120
27567
27239
49834
1000185
70800
43261
4126
63804
5944
8640
7955
71842
43
1333
8679
42282
12415
14886
6024
3667
38396
127
1383
138015
32426
0
22777
66635
253870
16715
123423
47031
667152
204859
93
8586
7814
263122
69495
1029808
901317
38999
3907
96440
116955
15051
562783
192286
69711
37146
45334
794818
27527
450032
38602
33634
125935
77323
31455
86292
31749
50928
26828
1364852
228
271686
120
15940
29405
450469
350174
943038
43900
113971
10931
16
1511
7
24866
72890
34651
51225
4750
114024
7074
109833
315142
18597
15438
10798
69105
42842
54015
38655
1694
66747
25288
49547
4338
414855
358
88404
41410
9726
5401
17509
2001
78571
289
34042
234557
873
0
12
3
4749
9248
467846
213067
105469
224496
106
1248
56350
26294
7656
433110
1260501
210199
619491
354
171452
25
328090
277291
279604
4597
6361
2629
83116
455129
351
16359
4761
229
11626
101989
9067
52606
5096
654266
196365
592388
4530
8736
650063
8566
569318
101231
63330
34095
175334
0
181159
3979
4214
271
1585
846891
198474
144617
996216
119169
104756
36809
51749
8537
101067
0
46
1485
568869
18015
26760
62123
604
24
221
26317
123222
88286
111003
905341
110174
21610
2720
22776
171487
422750
331646
21761
171
205147
52871
211930
40753
14498
11378
6864
169073
154316
455324
377526
4738
27723
128339
187
820307
202569
27303
206322
150327
43494
1044632
13092
184483
38624
31050
294324
187582
290128
606874
130747
6910
233692
104970
465308
857795
575199
244411
78255
2518
38208
171471
111447
659345
36074
933844
147868
15511
104495
63211
242546
1653649
59161
99268
15055
16
45931
28568
478
565652
64800
899802
6603
9017
5123
104
55
49125
473
321848
5655
3
7718
22476
8345
12502
22919
205315
72211
24489
1302
98700
15644
83559
38863
1041146
10658
56718
919353
41559
28246
81412
98224
683814
52549
259935
219423
142824
59214
441108
140818
103274
224632
10069
39055
85644
11242
214
28310
172868
454304
1682
489
19607
19880
143277
20989
10632
192
18378
113613
598329
819301
26152
34457
23719
107116
46041
6251
11634
7937
18291
25732
19406
548
18555
7529
50006
4750
6320
83006
1005006
415838
51039
84079
20826
69783
33488
96254
431139
23336
22
83782
139473
101233
29365
4162
59966
204524
7184
30578
58757
57194
8899
12691
3694
8543
35133
3481
32
4351
19597
5308
124465
26958
42
8
4243
26
662626
574052
20087
3447
10937
13481
7369
55045
84323
16589
42899
48222
22487
810
60652
9004
0
163
55798
28112
169
204
913
9719
3839
149032
37583
273234
8918
11
35186
18165
43123
26275
9996
10
68762
1450
514
4980
138678
18546
47764
19493
265953
87
293388
27986
37328
6005
28637
30421
21930
8720
481
96064
123376
28571
301484
305967
16238
25002
128000
390038
109321
31120
151166
4158
195982
46801
849392
29141
82575
16284
587277
32020
52062
270884
679845
42
58954
6927
407933
402756
36957
10076
77852
43627
49346
4285
40143
14205
10032
28689
75571
53975
128956
276374
246732
29353
230356
105493
16882
61615
350905
656561
739387
40057
737458
139719
248604
4158
192459
15148
107507
11390
27169
8619
213902
28269
164789
107095
39537
76491
56738
60133
294947
147491
30322
238199
73470
74988
8055
548738
20257
6115
83854
21039
124021
124976
265
28896
53975
26514
5366
4685
133634
39
92531
17567
192266
10214
536
2764
1056520
146316
80
5384
36107
41258
58762
682092
502920
58574
34576
21340
29850
32036
113587
2792
22128
43146
60675
126889
63083
63245
106256
6274
50790
15298
335646
58156
229152
37951
80508
20926
44206
15533
110284
23173
172626
45074
55880
116643
67912
33628
95816
78541
27258
497789
47954
1721335
115151
405131
21762
150465
621746
152873
122909
697612
278879
21150
20666
11029
33199
555647
50263
26390
9039
6278
155774
143425
303740
95160
1834687
66916
193249
53833
471513
250410
348617
38811
191281
1215307
286833
290804
52514
40942
154886
105266
217037
193324
185993
754052
71931
62877
10425
268297
49429
237435
11886
25294
697383
579044
671869
181335
68011
27452
22657
323142
16261
16859
35
320685
169732
13492
205761
38116
108957
229411
133360
73125
44321
47754
6150
14438
3959
6364
68851
13266
49560
277292
53140
146
6021
1411
4980
1133
412421
46531
14128
107311
182263
245079
8310
695834
303159
272157
643397
666939
31864
154828
11975
235010
28954
3638
92385
0
16611
4642
8861
78356
174545
77704
106398
4534
16485
6439
164690
24641
6429
86072
256730
18398
102128
26544
45216
167406
41379
31322
183975
183516
131241
229275
488772
102403
729353
26739
13387
593015
4091
4300
85200
49310
388035
254441
24495
185884
122240
224545
5610
54340
941026
94146
345350
144390
1051056
930
173919
114856
300159
12892
193664
421752
60621
69130
330996
129794
101569
784204
32591
37913
1804
9466
707
74799
473393
466060
206258
122274
5081
182695
14780
22080
27599
15892
117442
42658
3449
758031
216206
343894
46806
5306
41875
6497
90354
211957
96311
192727
21596
22931
4102
5813
303875
9446
26842
6630
3424
8191
117082
132263
77
134416
133608
43736
389422
411849
222144
171740
608623
16686
92628
26733
136128
86901
61136
143018
8304
223036
523422
193004
191214
878
724136
40395
120
28616
1322
3844
67904
23402
95615
99417
102074
31405
36694
23074
40488
478026
6975
7173
86632
187475
921483
61293
256234
851964
474060
115235
10680
18253
385228
14797
1041234
2425
29131
11935
19
25295
334313
32710
77634
161594
9943
38594
50442
178350
5268
318537
483916
92486
78811
245660
1084556
1055540
253298
333883
81331
480535
237744
164708
305303
68913
882190
13181
14167
1882
49228
296
13047
48003
50162
10044
4323
225309
376697
541684
461826
185779
27608
140946
8835
49814
10348
17490
46621
21067
239044
4601
25532
1017319
3656
16361
569
169175
236196
95504
3869
90583
21704
36231
2898
221380
379325
98356
8578
542594
174114
11071
68457
16660
19321
103326
17314
25214
2342
86845
499958
4953
1784784
95095
57718
141868
91801
69960
707005
6666
112302
168710
4477
2102
5495
668
127
41952
19135
17526
702357
34708
649764
121180
124328
647594
166231
93953
1056025
276774
1217492
40762
44206
48824
344623
87460
59991
202730
71273
49048
67643
174
16467
12344
769800
55290
517752
80381
359
47211
145149
232
178843
266514
2071
202712
39482
122
8116
300
98472
19858
192179
134108
23841
362872
138116
248485
45833
21340
59687
95636
957938
96156
1127910
275400
804977
7204
667415
6339
18
10029
109683
95621
800997
104029
684383
252301
547843
2643
465460
10336
159824
1422844
125542
14122
37311
12185
64868
11857
315693
173146
99372
17512
12266
15
24
4276
565499
32815
48984
53890
21
6
4960
61
67433
45225
38162
497216
38540
44927
174097
158625
112739
6197
537598
44811
307794
179
2840
4845
39562
20676
35577
11862
132604
249781
96645
87280
333380
6254
64936
8278
84481
47725
2883
14540
287742
42751
6667
147127
27976
125663
25015
150169
43900
330826
132571
24373
466091
93635
17737
480405
651741
70708
310860
80047
1071935
382335
112054
1741830
331039
115220
143298
8771
29084
65829
29678
6989
399807
18586
149207
29119
8264
24266
59350
65829
58640
227751
247527
130313
1280492
36037
407529
176045
707461
1039183
325160
139800
708288
10569
87433
31089
35311
31881
14275
5552
25021
63155
166754
74754
303054
8811
103353
97344
834802
31950
132856
92619
11639
29213
231927
36716
76
31139
55258
97837
203567
1037559
273047
91678
25911
6208
83
14989
53317
50495
17017
158508
31833
149403
534313
79548
96958
409925
72797
44026
5942
33302
147423
789719
1064718
170256
10780
31272
528116
8847
265972
38304
283058
611594
126687
433343
764610
152
31225
20047
1002290
29387
288845
4291
547179
127
121111
51896
48506
5740
16316
263107
328902
133388
411589
137000
101590
342999
527132
1111217
69776
81526
172635
31265
306607
708272
1189216
729899
32836
42378
268561
11969
49497
104441
273167
30274
92297
550481
131337
78024
373244
567594
136622
789534
200400
369023
17623
315719
841535
173461
1523713
83161
72606
610340
88748
370615
276024
741879
290613
302369
214872
57702
145575
117729
75809
73698
254972
3877
131975
95297
78765
178887
43281
499326
160352
63961
234430
40040
644248
273635
14293
68495
24994
846013
7028
521427
55500
82411
188947
275150
166895
737177
8144
12775
37518
28593
45293
3255
16755
130231
23081
11611
113970
110074
8885
169002
62148
79708
42
87340
293434
267460
839506
98579
67228
23345
419275
118224
339747
197421
772858
494341
216840
362596
413342
127134
177558
96077
542580
56472
35246
2664
65238
57689
85844
5308
83613
6950
36704
874184
530876
196995
213391
186144
125508
1029720
1307482
32438
4575
29603
98029
296780
94844
28654
37703
99576
834534
15694
25167
559
16359
571
107451
10
23251
27677
105628
511318
125629
19774
681740
31890
60575
39606
37237
57646
189117
109803
558455
315771
35689
4027
890315
87422
11642
439712
688625
252885
19552
740356
47137
27540
0
16612
14752
29
4739
12816
22287
20978
93875
5469
34345
41208
440
557
9864
53093
21829
75346
40563
21151
2891
98
42595
4561
257234
313990
25205
59605
341
18421
13361
123851
4732
725637
6154
56849
21692
12210
206489
18406
20791
13194
327849
121005
47703
11459
9906
111559
146
79371
3964
92482
177990
120366
154147
337
54660
4350
133855
139894
76867
357254
230061
24347
29
148808
49001
4360
2303
25833
31819
60389
381606
219841
25942
207260
2543
115642
205775
49360
1524624
74166
304570
22690
143094
287
360922
25526
380230
16308
469616
447886
73891
7881
237976
17590
181736
15640
225237
276576
872997
98679
190056
131350
358272
45662
66030
51702
176150
12580
399918
5122
551860
317
649092
72706
156077
86772
688584
237462
117927
139291
1428124
187685
46722
123537
253535
589709
18519
70605
807268
108770
20635
3359
331568
12854
209376
55975
172775
158812
95257
363
166832
16465
288135
79809
479489
436821
704
124675
177
87450
31107
116729
173347
49191
20097
213819
19061
20351
32880
32894
7410
58700
35432
135592
100603
20584
51458
36917
279086
28708
10666
9304
28980
19450
81357
97472
17430
6144
11440
111640
22187
56852
128018
31285
522387
33465
694604
433355
296270
296366
488508
26736
125154
5327
251
125142
29024
47046
85625
13048
23096
185982
20625
94495
55471
110371
34335
523324
27690
10177
7812
264588
729037
101623
226030
900501
233151
61128
5446
14400
35075
28245
8821
50395
435
11601
137294
110990
40624
85981
49314
638813
1951
60226
418731
329550
342412
155083
58514
31553
59358
149
350687
48234
98771
42456
72075
4120
33206
28399
210446
612629
212159
256073
54159
921823
108568
5212
17409
6889
248804
5560
45265
4
20927
14190
4622
583495
0
23184
4243
839
25430
20689
18235
36432
391
7743
112399
74
88592
24496
24400
7
13627
25
223188
482
280724
22081
4920
49447
34400
740129
54070
18493
129713
111887
241502
13344
352533
164689
179279
61962
51976
1534
18141
61865
94559
12842
258204
426585
1239610
185085
388535
2215
451234
39408
20438
21669
114569
9126
32046
15236
34739
95043
221451
41860
545562
48577
47812
5442
87622
47980
27507
52867
59038
206901
66
118355
96478
4300
346871
22094
385810
356161
1115945
68
30350
10252
77324
7541
85356
14077
14284
266
108058
3842
128633
15573
661273
328054
86898
6
117193
127819
106791
11169
19792
5927
6517
13688
438833
703
368927
235704
281646
235591
23631
6404
432523
15254
28445
104
13433
5515
101516
720472
6061
52333
25593
115498
91845
43753
39811
282
125841
18284
358
8489
16
48
19552
17889
19996
4321
9824
166
62612
3492
9192
8551
58414
0
4788
4267
222973
4714
135
12652
154917
30036
7903
65
6209
8968
4015
68214
48761
12187
131141
28976
4971
16865
12941
2357
10721
5457
93612
3255
133236
16567
66861
8869
89109
18006
9629
49691
35592
5273
46
8
34313
0
34042
449611
768487
7340
26627
29306
12568
5485
31819
17405
472173
208937
7473
486648
23131
147134
3896
384
46285
49551
194
405
24236
24327
5927
42245
13370
14
41860
8444
312
622
70
7019
19406
28933
53716
788
60150
105
109433
32979
152655
178153
185490
12512
71096
290125
166885
6002
44476
137433
30678
31920
112103
135802
471
20195
14749
4
32237
0
6477
0
10755
46164
29249
14997
69360
23433
149044
9290
41482
0
37709
13941
57433
65215
917892
69218
136199
283810
82839
6213
7991
23
119520
14424
1447
34231
121522
904
7915
19224
130329
43105
21016
207588
25081
29807
275
4702
13109
73230
793
7
29628
3966
172317
375139
11072
546
614911
6152
33695
14503
51393
33
390936
27
10027
0
32041
47946
11126
56
5839
72836
21727
16546
266002
71366
40006
113832
65670
46975
49247
24150
245930
63106
47046
61613
69412
38643
9898
746
9321
522
104675
232
240158
22697
247287
101238
78741
9535
258
19715
103669
7495
7027
195
4013
151796
16440
8989
4945
77
580411
24888
114338
241305
37148
59954
130
106927
150058
31980
209604
550044
110878
14980
191791
129857
255057
28656
345023
3125
299288
12515
50716
9665
255784
166703
9633
263960
7823
16720
6112
21634
1081
5925
27102
2786
10
0
24871
123886
25106
24964
7923
54340
4645
30355
10556
0
15576
89
16936
14835
117
81
38785
5286
9467
1893
14113
30162
695
0
295006
58840
97195
228927
47884
242105
129018
35371
39440
60538
196972
29081
177845
146848
140110
16268
132234
279150
57432
4319
57366
6422
3197
213297
158780
25689
342194
13562
39361
35248
11404
287559
30800
153439
115848
293573
561029
879460
12909
20787
11520
93268
355668
24519
370303
83713
42581
11740
150462
177491
95956
132583
113933
503760
10383
13106
119545
5192
57782
736696
1700490
271499
31857
12
24010
5829
158922
76904
81112
233137
11547
74201
24966
14379
429757
249614
282858
200775
99945
19452
764037
105165
82083
269663
15704
12
4758
283585
3542
20746
343101
424332
110197
193001
11442
485
22065
38580
39339
224672
192130
895
433231
25157
33898
96393
354837
524199
179897
112900
33439
84496
437237
158405
21206
9
993621
81543
21810
97932
9511
22812
22459
466253
75861
143930
2232
3456
4911
171137
312638
3567
212311
12905
279061
8540
8055
52
60770
14570
39958
75971
445265
36124
272
5415
112123
40825
160760
9
3824
19
68119
6537
78825
269742
31019
163206
28395
2228
8433
59775
215223
176525
42118
570105
377861
4628
376795
48262
60101
545992
498744
59602
38698
7377
57569
139815
207180
23616
174327
10119
17864
49071
34315
116989
743655
76921
9076
15024
35446
52256
240066
211861
537690
11186
246630
36978
132705
191666
1456367
145743
1948843
64822
299979
52834
173128
29024
51392
388115
10215
2599
789596
11
45371
54791
70191
157538
95133
223552
217724
197070
52826
69805
129448
482659
795652
140937
83976
56
74490
23035
59071
12316
278922
660682
51008
56822
14348
24922
93867
28
64021
32448
36751
2296
72166
18738
337863
29468
61318
241746
22907
526040
148024
42
7348
21149
765089
81911
120010
29480
41902
129914
34534
6853
170418
169360
181158
546352
132653
10740
170473
15973
186852
51
197591
36673
23710
18790
140585
25169
14142
90199
366579
288070
111791
394
27514
69281
322157
18671
97796
47241
37864
206449
46370
76609
513
339985
31014
954337
209195
256759
620
586028
15322
385
26246
27525
412835
33082
41424
214224
4126
821
8678
10475
41326
53754
450142
29308
86550
39
57640
768327
127615
38645
9064
23979
20597
9525
284085
7155
17223
103431
158982
85771
105
313
6226
28893
9185
176639
763
71174
41111
2396
23737
31487
53548
1021
402669
19286
22539
0
40038
24552
40567
33255
2662
0
115362
193423
93692
173230
128
0
145
58715
4388
366873
86494
52986
110843
113814
25241
56859
5138
391779
146373
24156
25
10915
227595
65922
334327
86381
607
275563
181228
6326
135
15119
416937
140167
752004
278902
146527
8299
164568
154
98
8
7373
10536
6902
9407
42
4493
11400
16095
46241
35574
61542
8541
67221
15132
166916
24543
42
57976
478614
76752
1093859
1403
76835
91226
40737
351602
192338
20977
24432
27194
10426
434986
41805
3919
149348
282
14462
0
55723
45243
20771
21590
13225
31849
50412
15544
257648
280848
167425
71963
24620
16
29217
4101
314784
415296
83573
286307
10322
51885
100258
15690
770542
56869
63185
4077
36163
374023
246669
2661
191679
13337
180828
129
249525
147927
41889
44685
63007
48721
222966
432564
23577
6315
3886
43105
45448
55168
4720
183302
6065
10191
580
109638
38828
38557
376488
148
41369
12516
111665
79620
42615
129725
248282
4769
4087
6147
39548
80481
107584
135159
30062
151020
10905
14305
4508
17109
92920
17364
9382
53018
53746
88876
16160
103816
133980
28807
76837
11721
32851
14092
104735
22014
161586
10206
62374
60977
97359
41225
45479
60640
