26391
419499
161742
9415
143008
783537
108189
985494
725968
3433390
525907
216189
76134
7759
158902
254573
1004
1787135
355449
184602
1074490
510400
1137029
316527
609010
1607339
297077
13603
518854
787666
1903068
457425
804106
197397
220128
699482
1113775
2646561
1627030
660809
265739
1143228
30364
1524574
267456
1517594
533550
59064
145991
2300842
506749
232433
181945
10075
4303
767668
8869
159890
1318420
1812
731827
723217
33330
8932
1977
504093
512533
15185
619249
341060
1685268
806738
669091
4172
159932
2088
253157
2436
802590
3203
806624
3107
1186181
7569
5987
52240
190709
624854
9620
210082
2831034
697487
623365
39160
638313
88765
1203763
531022
29265
865175
581839
904074
135039
1537432
275714
854607
2253942
1686455
471596
193270
1302546
222407
550
286149
58905
186085
75848
894970
9913
733764
1949869
362489
1249333
525
254050
201924
217349
564441
255814
747237
1314738
77886
805445
8223
203862
1530273
125695
951148
2040183
825255
687509
2138
924911
511101
905464
1042059
1653382
9296
775683
1137214
1065470
1253470
262829
1205105
1092329
952090
1570663
504280
582848
314125
879734
627003
263677
504419
810633
35479
1809854
13490
552113
72129
620576
1192156
328681
704819
1159958
77445
498472
100181
1053457
1467
9078
622828
1740185
286915
468611
920430
798062
24503
5146
38857
827989
893857
9335
835775
1050982
694547
1239720
948047
1164225
17830
187001
9792
537022
188391
4398
93139
389912
234051
38761
712465
1266468
104
12323
7812
185643
809249
1791
1480
262670
277009
3641
9921
512396
330442
965871
42892
665527
22793
1025669
517619
223228
4633
351487
589585
1030499
377373
9185
26496
414956
72108
41254
6136
606305
726702
297
469176
262321
48
37518
43655
1419411
512704
8697
183067
32984
486071
70871
148855
11086
2125
7893
1281784
763605
425850
1867
1245694
880123
1233469
41
3324
803438
28546
521718
805598
1229
617706
684373
3925
748700
175153
26289
124283
2280531
1075770
2251
103621
807736
713175
938914
814040
918224
721679
2101994
1286882
39333
963812
470579
66626
48473
74899
273052
515143
665890
3406
880
188462
3071
68478
528145
4427
895
2278
68542
811293
192416
142243
111057
4991
190353
3500
8514
30651
802900
3
800028
681081
1120732
94083
1374881
792466
30298
612247
2336
507482
113485
7750
2297
1199124
111595
497700
37158
36794
50360
34101
2582
321280
48007
4144
10611
421643
138956
622666
1897
256186
2649
21590
458958
44631
2392299
13115
1664677
605884
1094948
230136
822546
425
200164
3396
1507828
1035459
12095
224545
406025
25321
701
547291
1008713
114301
2205196
70969
601484
45227
652008
217610
1826991
1053590
369112
506473
393
800015
1331572
68832
5105
840289
2121
2450
408171
536218
176813
652
831580
515563
713892
376340
26141
384680
1098463
26766
525789
481651
1409317
1461309
16814
10993
1028395
501263
1115753
269965
1432544
1062359
25312
1214628
1653569
1673702
2024399
63594
670443
1780299
1747318
735207
508958
250995
2103761
7397
1048758
189426
1106
8682
24987
193567
307703
1092703
1233655
1201763
378735
124
592444
5355
7567
1362761
24965
1737870
2363
233138
1090343
5105
11284
6044
63232
769002
194114
730344
187643
24
682807
76554
1209138
221
43675
2349
106769
992616
1438
10436
2572
32541
3161
23758
836236
572100
6554
1005890
2687784
283864
387072
683160
5909
13662
1574172
1605770
978010
753333
586186
8025
14527
324969
125523
213076
587064
186241
4173
254898
1032231
4674
1049248
290363
35232
39565
14314
613939
1566249
185824
284293
965065
2500181
410270
742838
203419
1356251
807619
1007224
600260
1154199
404536
624904
260251
7355
1217683
6004
831408
744
4223
7502
221507
565564
283296
1976171
908583
2137903
194119
8307
822530
829360
68307
585461
1537622
1169304
129822
287863
3971
1426558
477977
1503118
824945
1773029
370604
329869
509493
802929
937933
2258164
373069
218701
420448
555328
817268
534963
15779
1618788
616492
518480
309515
171861
849
1018163
6636
114892
1337224
1973698
818800
14168
522561
700029
517942
646434
2147017
155992
823133
5186
25040
298662
114252
27033
1309930
801635
16148
1766158
71834
131111
533471
267712
1578690
371913
319428
1342572
515553
1787120
560925
1841609
909843
27122
5212
1316009
572741
1437626
9761
695099
2834289
530801
1296260
1523549
34662
2241766
751955
1592203
4608
778723
700116
1490623
195046
34865
99711
231013
89427
1324906
14131
250280
794
325067
1066604
758053
1109833
703539
1519770
32848
200694
1618144
120789
1425703
741988
1366253
118276
2172232
299951
865365
684479
812858
4235
845767
26163
511365
1225130
15571
648090
1920267
633612
2849454
1527194
1271875
1118226
8960
714070
917448
634842
1674050
917705
612939
83964
1511375
47459
618651
551935
245847
677227
1386486
240000
2319811
60416
2099763
887030
784572
3262
193770
700655
42019
1340353
1143049
1043723
1443793
520439
4733
263628
42559
458441
2106928
1701718
441357
1254704
30153
925511
36269
2943
1073664
1100861
1194831
128463
507319
2088
4123
188037
4719
7780
5902
188559
814790
5464
595943
3841
1354579
47002
436654
47012
34670
16970
890076
903953
1280817
70564
659260
1051298
648428
1413542
957425
85067
832999
1446788
1212726
45614
800281
69577
1487217
23390
76463
3829
347744
374195
3933
58652
672174
33885
81679
1030
818555
668481
9586
29577
809835
520308
220110
148268
1747062
78810
1440039
770682
301458
1450978
187419
656916
397503
528974
2485900
692804
520463
2957
505163
31326
480708
254958
238270
140682
1300765
616763
19437
525246
863020
907315
3466
1470
29126
688
69943
551
836738
580031
109588
297631
426174
871542
43525
639716
1075611
304447
509868
120549
216752
766664
185651
510785
193708
3058
753247
183631
3021
70550
2213
184782
322511
71555
369833
8001
773786
186398
109555
609632
74525
1377
512892
72675
4802
208398
706912
1451592
317070
21085
262
895
626
186424
6161
188628
712189
110460
2113
11552
4690
5161
2588
801523
349654
8585
803638
4475
839478
244805
713499
504664
790971
231698
83074
25857
43765
27
1250601
277068
661980
37527
538541
117
96925
138
34542
4936
615
1440
17
30736
1583
38895
802255
525599
138564
849174
6606
1048103
221491
533920
1327689
204359
785663
10638
3810
69989
2070068
9554
1871924
9028
1084312
1638566
7698
1085662
1099283
3554
1709163
193558
564578
32293
844284
111994
363418
2278934
80005
1020860
14062
617998
218132
189355
42228
114703
1190374
442719
290113
1540417
240764
1068172
1967201
1381191
954355
1569909
1049820
363716
318471
599039
173519
381719
809474
1196
622328
507432
3860
89791
80632
26728
1147905
54974
73189
638754
414353
467476
108547
12595
73752
67013
255385
16067
492
192335
25461
9057
221886
591405
271406
530146
187387
185360
2293
917278
71803
2069
16851
216
149509
284969
275338
87055
883276
94174
1527649
282021
72
21383
79724
3859
80650
1038097
263342
839693
442604
501160
549896
461789
711015
1020671
750923
299561
548016
97986
2081
583668
170470
4371
76668
6777
82556
23245
823445
67596
1055672
1621713
511421
11903
226291
171493
793032
397066
