24
58
40
2
18
159
94
116
55
35
120
120
17
49
84
0
66
168
103
46
58
65
66
72
77
66
24
138
34
96
75
53
110
45
136
86
53
41
68
77
96
64
52
114
25
129
41
69
30
101
39
0
50
45
48
3
54
37
144
57
3
15
33
2
46
110
62
46
86
38
94
32
72
84
102
20
64
58
106
28
33
26
52
24
38
83
86
85
5
95
109
35
52
12
40
196
93
30
83
19
129
41
118
21
124
5
87
76
36
113
117
23
54
106
86
23
14
13
72
55
48
143
35
52
137
58
65
18
23
164
147
47
77
14
70
65
207
82
75
64
89
15
83
24
113
27
61
89
33
66
85
68
136
76
77
6
132
43
130
25
123
66
129
50
18
66
69
106
126
95
95
57
30
21
203
56
58
36
37
2
161
75
91
27
117
123
80
68
55
34
112
24
31
15
84
55
202
50
46
45
43
39
29
83
0
24
19
1
52
30
62
97
6
77
7
75
7
72
82
110
51
3
33
4
56
85
80
56
90
104
40
126
22
95
151
63
42
91
27
77
43
100
32
19
16
31
60
6
58
57
72
60
1
6
37
3
