380
6521
2710
292
413
6227
1854
70394
8336
4348
41727
20607
53
9518
999
494
297
1941
2276
16433
314
6026
305976
6113
46289
2837
15629
16827
2759
86642
6217
2160
5109
2695
5316
311786
12622
31409
4522
40646
9803
428163
49803
3001
71089
400978
294359
297711
419
2692
933
143
45
2715
375797
953
2743
6948
2250
171
12
3288
2465
844
697
1500
66501
581
69976
17523
702089
4639
20000
1660
7045
8142
2065
744
19468
19859
0
1888
10382
3
3002
1787
1032
38125
582
5597
311839
94
42385
3433
700724
1032
300887
2083
19077
345472
35190
335185
54736
845067
300845
40552
75346
12895
934
21155
2333
4978
1077
10437
6531
40864
406
694127
8149
451623
32884
29015
60952
16907
1253
2151
7457
3390
3880
78274
144365
7860
1711
13890
2757
19298
35240
297353
5511
29469
6068
1616
306602
16038
3402
9366
11008
956
10251
4057
11444
29227
2451
3164
4899
1320
3012
396717
1812
32819
392544
3479
42073
425634
315873
27252
845080
41179
431002
11840
48013
4028
3419
6864
2192
224972
440
101004
47473
377
1517
1251
764195
410620
385714
1020
21984
295013
296167
2521
299232
5686
995
7337
4143
1875
736046
772737
4643
9538
972
5114
867
382823
17708
1171
418
50100
363
17
380
39
2336
442
1296
537
1454
2
382461
0
12276
1199
11935
513207
876
25627
385127
299258
8628
77438
315
21200
441773
701979
73968
151
97
4305
985
381
7845
143
762
1143
1
993
2965
171
5633
32792
958
75
31685
747
2152
6729
15
379
129
700
1311
936
3085
1263
805
582
38990
35160
0
972
276618
0
683
1930
709
78996
1230
16761
7533
17609
2564
1267
712896
702475
41
1
734400
4871
2027
4
1748
319582
339
1038
0
299
6713
1057
10083
1099
431
163
8278
1196
1792
771
40127
1299
760
299
3224
3822
1941
817841
1042
8847
2569
707
6487
25247
7430
179
777160
550
613
369
470
3847
11558
7458
2416
18
453
13
4900
30
1492
424
3155
1858
14991
990
1320
877
2542
8130
1943
365
184
82
39166
9277
675104
396
24136
1235
457762
22
129
802
15392
12989
315105
33174
5277
1812
729
62
26361
46916
11345
1737
34889
279
830
4184
713368
746414
6586
1431
2613
18666
400369
2127
408122
1036207
10574
2356
562
7832
16571
1636
46113
6580
1282
4250
82108
28318
686010
0
2369
2
4408
34889
20
3286
338170
87
919
891
394
54569
15259
4245
835507
295763
384012
11691
475919
3300
5024
696150
1091
31236
648319
3035
36090
804820
53010
32379
19842
1783
382222
595
5791
5092
0
10882
3877
17535
2848
6337
311337
4860
2994
3288
44
2688
9179
33649
223
2216
12
375
7139
9534
664
9860
22
11898
1818
1348
33203
40769
0
4
407
568
278
3181
686090
682597
3111
1032
1930
3998
8867
1049
71108
381448
574
336
735051
903
1711
4925
75
28696
51356
780
694569
59846
324
16746
1004
61449
141
4986
7186
3839
34
302
2635
136
339
2394
2491
6161
16987
2074
5348
3290
8686
762
31475
372758
71791
728
62152
35666
48084
10627
145561
4084
4717
7209
8646
806
9174
719750
6731
5081
4122
1056
382173
10248
2090
755
4147
91
41442
673724
9212
3768
49213
41934
64309
1985
8
2
7023
299865
47231
4062
752804
18697
34853
397
20287
800794
5974
3528
5862
511
1649
3343
554
688
16696
16326
668298
1888
9637
394
24687
9526
1040
360423
1650
11593
2367
2815
8796
5984
748
8413
9140
618612
165
232
651
2722
670
31558
311
16185
1147
1224
10931
1764
713169
10775
18308
2
15946
937
27134
3040
11267
12021
223
930
383848
3155
1921
3213
13072
427782
58747
12258
114
428
1133
1035
449327
1059
782670
3900
382541
1261
4076
11918
2039
1003
19249
836
771
1727
361637
5025
12775
382717
690643
38170
5
3778
739663
1372
5334
5363
1818
39620
34698
1227
70653
402558
317157
555
633865
1079
2080
3569
534
38012
459341
381492
7045
9120
3066
35680
577
15974
1330906
4254
5131
14261
11755
378
13993
282
37480
33562
33654
24128
286407
172
690258
5844
147740
171
1936
768
554
1164
8080
5905
14368
2237
8284
244
1683
53
1320
227494
2048
781167
618
70365
2234
472
30803
67729
57631
7767
552878
7794
418
2286
419
402
1133
25002
199
4
0
312
0
938
758037
1509
8263
394
273
2
404751
1770
420921
3486
6027
129775
54
609
636
876
8461
327631
71397
2615
1
0
296134
7653
445
445
297479
231
584
891
2615
382861
21570
39729
1070249
1582
5335
743
774524
20455
7944
1963
286028
90
34052
10816
13055
734401
71447
7371
1374
6818
3407
1759
7576
4281
397
500
750
777917
1466
4152
761203
8768
9057
3232
3000
14764
787
12654
2372
6620
2022
2020
2134
3416
4050
714974
34107
46333
6803
242
3347
18349
719
679
3237
386126
2296
6419
20561
18461
3129
429
1183
256
2395
16766
1024
1566
1403
4839
45801
972
847
378
1662
1156
3
2
331
9868
8539
50016
514
30896
6
1
854
2053
4921
4136
16012
1377
1223
4610
1350
4890
230
2626
1246
8653
375
3
803410
2001
1102
198
713
747
992
2382
2434
296856
391389
690414
4225
4504
174247
7
0
2
9755
13602
638
274
1
871
1102
879
578
13768
5152
8539
602
515820
366
4178
378725
12236
250563
4753
24374
3946
15852
937
35412
404531
4764
4675
297623
39382
388016
3816
805931
1139
18172
674437
293832
17695
22348
35349
64
48
286
12934
1768
18827
2897
12505
17014
483340
190124
9157
2483
1061253
6422
49383
17028
330178
46588
6514
1356
383538
11808
300775
2268
36
809
24
242
2831
1436
5762
1315
3636
1131
2799
42300
29
1044
7771
5053
4762
1746
15771
9
7
289
170
10806
757100
8333
3635
401
2193
1177
2093
19
4197
2711
2
973
2
21
0
7
394
2716
942
4
386
451
28
28157
802
2028
2157
22467
29
3896
34252
66927
18742
378298
2149
4467
3
0
551
31828
3394
3668
25599
338
2
7052
355
4183
143
3475
12
1575
2007
4627
2857
22
132
5867
125
4
590
1196
3812
4483
42
3683
287193
172
727
7826
70
0
512
867
672
0
27803
0
310272
296377
340138
924
2710
346
751
519
3831
135
4599
1947
1343
2090
11819
2757
1939
455686
777588
22232
82
72946
755363
4346
5916
0
3277
1710
735
0
401
322
6415
23460
5579
514018
3
1196
175
33404
71
479
376
1677
260789
824
7919
576
735926
1702
0
2122
450
1
3767
72713
13616
460394
284
1645
2
1725
15834
74
796
3
428
42353
1653
20696
1633
3707
380681
2137
8
1393
2563
1
1842
280
295735
384615
682992
32875
32309
388439
68
314051
59
430
14
7976
33958
501
868
17
1326
2140
386
733628
761
10742
917
1909
9130
8719
4527
3499
956
1794
382528
4185
679269
2116
531
415
18284
3188
1012
329953
23816
14458
4566
629021
1330
34675
66
4460
1255
6236
588
10753
4
43686
0
73
12261
382627
737621
5605
17220
1779
13831
3299
12534
14509
198
9504
922
364
312
834
7337
356
809
556538
0
24857
0
1953
2
5669
7
52407
6943
1237
0
2057
4315
2372
12358
37530
3523
651
273
18985
3603
70
739836
1913
856
5
2826
17548
1694
1535
7648
9442
2874
294
2213
264
6986
451
0
5304
1140
593
1379
3759
4767
3245
42
2436
4113
799096
274498
2872
1010
1899
4911
3790
390443
87
2356
1499
41008
589
24
686712
1011
0
0
697
36
181
1370
6192
93
20860
6680
1218
2294
5609
2976
290844
6
96
2013
72
431
1710
2935
1151666
10086
0
3166
805
919
241923
716537
926
5754
382981
687
1149
1596
2204
293750
11263
114
32970
1172
2256
2683
9226
683601
663
5102
8570
19629
1628
1049
765
5848
948
72
0
335
7
295
2381
3115
1773
20448
9441
1413
1741
929
2023
13506
5302
939
1849
0
556
34
3340
45
383169
1324
7412
376027
1316
953
648323
471
4881
325
22489
8763
489
665
361444
12975
17214
16572
26169
503
131
169
70
6294
1908
387
845
1061
1893
981
1883
1315
827
2812
2059
274
310361
1516
9752
4059
2785
90
50
3
239
486
1923
2889
21566
932
77
1340
128
853
34853
3245
9433
928
1668
2801
23216
2584
1851
248
595
678220
383
708531
952
1296
381993
25121
39
1141
3345
0
4679
4
215585
1
124
459617
1233
1
0
30
580
1324
309799
346841
614
6459
1063
2556
10071
6053
5233
15536
512
26052
344584
3155
299514
17474
298917
484
366
1444
623
32441
7708
41
1896
5621
1039
0
0
1057
1
1164
685
886
255
257
227
1
1413
40560
16042
730654
922
364137
683019
7324
16725
5418
20234
7609
3274
10231
2386
1964
364
2666
69
35015
0
366
299
1616
691
3392
456
108
230
2515
706
7603
1407
33198
726546
40354
6735
701999
43689
2177
2304
795913
11445
11260
318028
8592
1085
0
1503
3363
1333
6059
2032
541
33640
1138
35473
394016
382907
0
18632
2094
3271
9864
8270
2998
422431
3358
1338
0
1418335
2917
4038
3029
364
7548
386549
2
355236
2475
5
561
697
0
2519
1587
8187
712307
461562
11750
16890
2286
87
11
2837
32
405967
836
26398
408
22926
0
435404
716
2030
2
3097
0
3
0
8854
854
1059
41332
44740
256
4079
15524
2937
8685
10200
676529
7917
1477
326
698
683
925
1326
0
14264
216980
4
310
22241
0
844
3230
383519
2
70342
733
664502
8914
0
1855
162
4000
1685
1430
1709
771
246
331850
106
1573
398
0
1619
794
1075
343
547
1269
350
2076
1315
2310
762
14392
1514
297765
46207
12090
346731
2435
10512
1218
5146
20012
6514
338976
3916
1327
43295
1514
793564
933
293243
44572
1280
297270
17109
383823
6219
4670
4375
8078
720868
8319
3608
550673
688322
1095
11417
186331
13381
22977
29521
1834
30508
10206
713663
663162
1371
44199
8463
8491
416726
1145506
307193
21145
3840
5858
305838
8322
648710
1910
3495
22361
3783
17732
31415
278544
63485
21587
18850
7444
773489
23377
13737
14452
11621
29380
1174
31713
562
4935
18382
680650
3187
2002
1194
32690
780
1959
171517
9871
385871
378
0
15239
2303
56
971
12596
45467
87
3642
5617
4198
6145
0
383051
1425
0
621
7962
0
11086
2957
5729
0
0
1693
0
19609
0
3047
402
177019
4
3198
743327
347
27985
10430
5975
311160
869
131959
743
11486
756
41
1043
2575
9045
255
2046
1927
445
229
60
1411
41114
19
2640
792
64
158
192
10003
2663
40367
9798
33568
25846
3855
0
316
31789
1492115
1326
4013
708
582
952
2292
5
323695
10448
898
44450
851
388
684040
6555
7270
645
2665
7714
982
3
24174
5929
836
228
11370
9798
24459
4189
1032
9774
19323
1338
2815
772305
3904
2779
2783
1756
18722
372
296041
66
34579
2613
1223
1880
16106
0
40437
120
377
0
6424
1011
1731
81531
383243
1389
48291
68
752797
0
33775
820
1751
556
875
33231
367
2296
3419
142
2967
3908
380804
1307
642622
1846
673891
693
1708
10161
2441
0
670
2243
887
777
12909
7482
4067
1932
5862
23
19953
0
150
0
875
2601
17420
6791
1612
1738
9544
354
1820
1088
4952
73754
2219
675486
6635
4954
2458
2678
1615
3
331
24646
186799
8057
1521060
626
934
406
6429
17093
599283
4648
19551
1565
1996
2953
511
398948
1403
319428
587
13
4809
41528
18503
6166
628
24050
41173
13244
1308
2894
412
767
791974
797109
693415
3039
16430
3362
8940
25768
41383
17981
299098
17680
10358
29
28788
1906
657
43
484
1079
1412
389
272
44
127828
943
776
39630
1162
431
300565
3478
968
273
315
1490
8122
1966
6687
390
5172
788
1954
1110
380929
636
537539
1959
221969
641
2020
1405
506247
158
2247
3574
2
6501
9055
26361
11941
4191
38387
4585
395125
352565
12522
562
375465
1527
1860
18772
2077
13219
36567
1210
17191
860
6085
1504
4160
1757
18356
4610
7144
179
9281
3253
270231
18262
3396
8501
24969
10121
19054
307640
78268
13814
309559
47172
394040
396024
1236
369374
1901
5946
69535
1359
2495
2974
1205
3071
11424
379836
324460
835961
377374
3233
244
382052
67814
3184
230066
2519
294872
12785
5212
9483
3010
391228
17545
22296
377175
236442
6510
8696
381941
3887
12597
781
385474
48841
16
3
7766
535028
681268
77992
3755
483
6428
71
407
8208
64
4719
9251
19033
7834
17089
717014
36
2947
13
7036
382
1795
336
2997
851
5839
460
7711
0
28
118
7478
1751
23866
381771
10836
1039
14428
2028
753140
17120
1158438
19033
10687
446257
5394
9491
753
8279
175066
10037
720470
46155
882
230
2893
3911
42376
6970
0
418
4
673743
1522
4269
701375
2864
9550
239
11
32
55
4250
400147
49307
55930
7788
737964
1178
76
32987
45282
8541
814676
1718
2560
3606
34742
1029
359250
608
1130
387
1
3798
445
14719
14378
386646
436686
894
385542
704
977
311509
319592
2826
3621
50135
638671
2979
3654
390
395517
7818
50362
689564
82623
199
15397
1538
821352
2370
6914
2731
0
0
730
398
171098
645
18488
0
19
0
55684
786362
290685
772016
42665
8542
40512
246
6108
2860
4083
54831
3337
6406
6918
257
1350
789
1644
332
43113
2
19101
8625
9948
798275
319
1496
696383
177544
1581
276
11925
5989
523579
18315
28379
424320
691614
797
9464
10232
261751
395026
321392
306381
758
1876
3277
3021
13285
315
33995
2519
2719
0
394
30
24273
31
400314
4557
11462
360
1040
850
192
2281
2606
7933
272
335453
642840
3482
4252
13542
20463
794705
3697
3222
269403
33476
20269
3035
1985
133
0
111
35205
4048
705
1460
30455
33
1
718
1228
7409
2106
2064
4
1833
643254
7698
7106
1467
385172
24016
10600
7650
557574
1402
55448
5684
51612
19004
668273
166
11273
7212
1694
5751
4760
245171
393751
34606
683885
12
178
3900
55
385
675
13
721435
7334
303985
1098
12657
6422
296
294
3153
4059
14536
1004
23646
372134
635198
5860
366382
20617
7179
2877
3109
297053
11234
33
19615
1036
4148
5168
3922
710006
2001
3980
346
30
352569
7490
3762
16206
862
995
1295
281
35
206
760434
328903
16991
13092
2166
662
2995
5869
45588
2897
8841
321184
7526
11013
387074
22422
24754
59068
3918
61216
328
8848
474392
39
6134
2223
743
3545
1
0
2205
1890
12466
22554
383062
242936
3373
1437
1400
1929
1005
456
1327
2530
9115
339974
1381
44300
3708
720115
2278
3103
35592
9948
1189605
4167
10425
8764
53720
2152
15813
35
677327
286
10865
2303
50413
4893
383442
8789
4809
3201
181070
766893
15456
141712
6888
1136
42596
823
2403
26622
18344
760727
2896
2447
568
539
13676
5184
2135
775499
5893
303590
4102
7124
7424
466418
800009
252
35554
6885
339563
2587
1579
8537
7383
16643
17346
9684
11168
297368
2389
14199
36875
3161
402
434
2091
2598
2232
791204
1925
18721
1337
4545
351
529
39940
296954
1744
399
337
1563
50443
9291
11057
388092
3744
30073
17627
3246
20748
283359
13529
414552
23863
2010
4884
385799
5997
413352
344893
390606
4308
386824
53464
539971
400173
7593
24204
1203
2255
46
3515
6369
1524
63060
1166019
6998
717946
284
1323
7563
703624
550
23495
731
1365
3393
335804
554
6950
397201
320569
645977
381263
506
594
3
4448
40250
811764
3599
18094
2124
1744
2382
182147
5360
77430
2331
407474
2217
34275
31
400522
2089
1275
627087
736
82610
1709
801
833
1503
2749
636943
31458
5314
968
16873
9036
494
483
708890
13210
68
1008735
26370
297239
4048
3126
6188
1566
0
344989
8271
42177
400608
96334
470138
5709
1338
272614
2
1710
382980
713076
794475
13020
2332
3415
385172
762008
6393
323234
3034
74
296790
882381
587
9398
17684
2380
1514
289
2581
15483
5723
2901
2917
343009
9674
428764
959654
4416
14063
6616
691281
19583
10465
642053
4075
777471
6294
391409
6538
359412
2054
9301
11540
1612
294003
6059
21832
25449
10298
10732
2390
310565
10410
423
2153
92701
30359
15736
388547
76638
6726
1540
295773
114274
53017
13731
24005
397074
3254
36476
2887
709536
3718
17097
3540
3376
2432
3076
4543
1483271
9604
9957
2644
18358
4724
12045
1380
50065
108039
6186
709707
1103
12509
539
5366
7394
21355
297712
7466
1268
29102
3167
1246
1376
464
3780
908
30807
1895
876
3606
367
21
14457
3024
3256
542
413100
6331
5898
9970
877562
702986
676990
0
12553
37211
3872
11039
419289
11152
945
1020
6426
1654
18330
397
2229
1465
36040
0
10877
1550
1058
311
2986
14570
7678
294482
17717
211104
74846
15391
143833
1465
725745
49941
88349
36529
10639
862
434460
295846
27163
966
719238
32591
29
2328
1086
22
951
536
1272
26378
29185
93
20052
177
1961
0
67260
2864
51435
79
4223
11221
6348
26187
556
19389
10899
2005
827204
51856
220
1
16657
1381
894
751
949
2807
17440
5882
2318
10903
122293
2627
1539
3326
46947
5
850
803
28
295
6588
1995
25840
381337
1
6649
481
21416
713
0
171
244
564
184
940
423
30765
131
7822
1773
882
16105
857
246
1889
1
12276
4
6525
2670
328215
1092
427082
5463
5747
11
1501
225
17239
6501
224
0
2945
0
1050
3
4117
1382
884
11
2
0
6
536
793906
33672
9044
469
1305
4889
39
2195
3480
22990
410774
2421
394
3856
10306
4
2056
11244
89027
956455
4
698794
129240
718
681
243
2631
677111
6570
4909
598
735305
1622
3078
1527
8000
4746
7
622
63036
10973
249
11351
5003
8874
0
625285
3705
15316
290706
467713
33108
1403
7155
7130
1241
901
278
3624
126691
1
2593
243
14
11091
1387
302009
10846
868
0
1101
8204
16916
143
341
1861
0
1051
395
386
65995
8622
1806
327353
23
777
7055
3139
34395
534
1889
71
730
1290
425
492
2039
3017
8291
2616
477
725
1450
382259
7027
38
433
15474
100
170
39746
2942
4026
3795
298075
780506
108797
2291
1395
65572
7086
4898
7236
926
69
8
297626
1112
789064
799
3847
728
1533
194923
24097
15614
6218
65666
41666
619
1484
3402
283
12597
2092
38906
51395
367471
2733
6
1407
100
1723
790415
31220
22057
10920
7415
717
51431
595
96333
35730
6656
55969
686426
66167
5046
4888
27890
66511
4527
5117
2857
1654
909
381942
2005
47346
3204
1778
16058
23218
296234
1490
1516447
1681
19982
1236
1577
35
1236
3730
17891
703971
5119
2275
602
3188
32238
1
1
616
396
3813
624
2323
584
298754
4
2762
1124
40158
3266
734502
856
319536
2690
2162
5394
2195
452
4424
8415
676781
70431
11776
5097
8915
33180
11150
25946
1330
5491
28450
2703
1124
871
1012
1696
16884
3223
667491
17020
3578
10841
6507
116
1440
26
7937
1984
68
7179
396
7170
2952
4048
4392
63373
4169
25
1970
11084
1612
40707
8860
4980
2261
17
70
25
76722
73
4461
7940
4167
2
31430
3363
3582
5969
707
1114
4544
7201
726861
2372
1619
1774
59540
572
804812
2741
20302
12595
29606
897
858
18243
945
350
5273
1238
520631
6622
21127
289401
64337
8402
6899
1846
33048
0
19754
428
2
1
1335
1352
1303
525
317678
1897
1218
384492
776349
4715
1992
620
3902
3195
2397
2384
476
6435
4475
353
22724
718
23189
749
2525
769
504
2208
37094
0
5006
815
1251
0
543
301171
7816
40
10282
11
424
2030
123562
1541
33480
1355
1117
16731
691
3792
2484
17908
2361
649
2203
1735
3146
6734
6110
0
58517
1200
4210
4
9
638
3071
26654
58806
394
504
560
3425
1234
330
7
1827
176
375
3
160
295
1265
1701
46043
19
2029
3
2993
418
3561
25595
676
5356
78455
871
658
383503
664
1393
381518
0
9366
822
981
7872
4814
385480
18933
31459
2511
12572
8938
53208
750462
547
3559
28
4326
24963
1684
448
1
637
33143
170
26
850
244
1
1112
1151
981
559
134
37
636
2007
288623
2028
5853
3004
240248
2961
2063
33191
29749
17063
47
0
1638
706
2026
742
1308
614
3427
8132
730
4867
67
884
1124
2788
1646
21
6699
220
3611
15465
6
229
381656
1
217370
938
1941
895
8064
340715
297654
619
8649
0
1803
0
0
680647
106
2122
1036
0
699
255
9369
2080
796068
4168
486
5070
3342
6893
7791
327069
83
2478
2
231
1055
0
744
425446
3073
778
1995
2933
3556
739
4374
1
52
7061
1394
879
240
784
731
3403
3115
9673
11911
63
1355
293761
14098
3822
762819
217010
31220
694888
43665
300002
10504
18111
6408
15930
924
4616
6628
2126
171515
15308
1145
4001
0
0
0
7
60
1109
1134
1
2619
0
0
3
24
9804
1357
4607
1
12636
5401
900
24
1794
17075
899
292
53
629
6806
33
1328
673
1075
941
4
708
1554
4
9096
2140
43
1272
2
743
2971
2415
174837
28063
586526
17267
13443
1085
16729
2825
2373
10230
4273
7489
1523
951
70963
380
0
1642
2770
382235
764470
423630
1765
5838
6551
1000
421
2677
6505
943
4785
16712
541
675295
356
680
9021
54635
1438
149165
4802
508733
2295
3407
1
346
4300
52
23347
725
865
3862
368
25960
1961
10580
4608
216614
5300
6917
1870
788
0
36228
731531
780456
36156
8485
18408
389385
953
6688
64
8073
80706
798864
730
160004
176
296319
1292
9
6423
37663
814879
696077
5052
893479
17669
204076
3358
5876
2020
3391
1194
9386
929
816501
1137
21531
35561
802
2012
1718
16139
3415
1430
668216
8096
4113
675922
5
293680
6409
2662
28401
368132
1591
23500
4180
18080
1862
249
758194
2500
307877
23837
40572
1563
6469
575
4327
2927
391
6272
2298
2671
1803
381374
18888
2559
1262
41638
25549
1142
8725
14
2693
43779
17519
305365
8916
1512
1005
2421
29549
9612
67928
19823
81263
33890
2729
4990
19053
48559
429575
14383
485
179630
20619
633
13136
2371
14451
5338
6419
426
7459
4561
6947
378721
2918
692406
80752
257130
1088419
3
2849
842845
1927
3072
19114
675662
11078
777133
290774
294070
30109
9773
344526
15891
94522
369932
31747
2628
6479
4608
3542
1748
303340
1584
1442
2634
6218
407972
81758
34485
424228
5173
1255
11004
5028
305312
16719
2496
350831
0
132
2095
16991
742
978
10809
826
2920
73
0
124332
40816
6409
5365
17220
263
937
17089
2167
5860
492
228
1258
657
1173
0
5233
416
10397
828
1560
200
533
3830
811
2348
5095
293271
5614
2336
972
1094
11670
120
500
1
103223
266
44
0
548
89
141
2871
11947
124675
7122
1208
1426
9136
33214
543
22366
32
45254
384
4373
18298
19031
2468
0
2953
16943
33
313
725
6
3564
298544
854
3817
396
747
631
0
990
1553
0
1443
1527
4204
78
1724
271
60297
18410
161
294
17527
765064
7646
1374
10847
1586
32973
672
298739
7092
2615
1252
4075
4909
526
398
10035
2017
3075
326
19657
7067
1376
17
2167
3849
1093
162
34361
1305
7693
659
0
1137
383380
5818
592
576
4
38
636
27
292775
243642
0
1313
1022
43
409
1775
1
219052
1362
19
37
1290
300
1092
5664
2
1579
821
3870
132
85
2535
589787
372807
40859
9907
6
0
1111
2617
1465
1363
866
705
1497
605
634
3220
1291
2
554
357
674
381092
6795
3711
308254
27938
7526
969
50
15
28117
604
29502
909
926
1583
1
800000
8356
3333
1813
57143
189
2528
2180
14
273
2327
47220
10799
381566
2004
10423
345115
9712
28157
53929
20297
1939
18221
7154
19218
2636
515
759446
1073
294961
2473
298329
2019
485587
2685
69851
1983
757
40857
244
19503
300
1003
327
1423
1818
2
62845
620
13485
2009
33412
23777
21296
35
2398
1133
891
6448
5173
16004
3270
6532
5780
9630
16741
1447
561
3691
4936
0
1252
6
398
1586
4012
1822
501670
24
1672
1277
310
3525
300469
2769
18538
789915
897
12
3211
3650
10832
6433
6239
4492
435
804
106
1469
3134
1388
2900
6363
2789
1739
203687
3560
300173
1752
13595
1931
1560
16279
18602
840
