60857
1038121
13254
10906
371
1712305
173515
75914
424245
67722
111648
6910
624
549212
4133
147
42316
136950
174
12787
8760
1265999
1233102
887397
769842
969614
1797
1095
4
1137209
1525
264875
796500
427055
428731
226
7469
115040
3832
322031
17049
15138
110334
1400355
35134
1143568
18084
588989
3
323159
0
0
622518
340905
994641
415288
13500
259145
666780
130708
505
163
25787
249
1273147
48035
51764
738114
1056228
474780
747395
1410
247013
71580
772104
7631
7274
707461
413857
13690
3644
115443
658436
88820
13339
189290
69720
1079091
19758
645601
754077
464427
13323
15102
655162
904239
296
1272
857839
23417
1529
23083
969779
1532
74646
190452
8713
452826
74365
829936
669038
309441
560
72614
112
0
2393
314936
796069
792375
2
765986
40191
131
2939
76691
737
185537
2990
1141491
36962
133518
264406
426857
869
265153
1036160
429415
190172
758679
517951
113797
981329
532
109498
27778
692924
407635
314595
2296
144320
524
109579
830237
3040
383
439580
764288
745693
2119
755922
24114
22838
206
12939
46630
854
483728
234887
1022685
36512
20333
212087
696269
2558333
2325
487414
2998
35733
869
89514
942145
307769
201265
688731
119677
57524
137
42276
497042
1158781
76874
514292
1455
1694
0
8112
587
320011
6135
1171
1
516498
91
1820
0
0
0
24
10207
431862
1620759
192914
500910
81
522342
381
989419
257674
19602
6533
416244
294
463499
376096
1261698
799
28963
755
787999
17670
242402
643595
626650
95676
545961
2064
274052
3010
770580
564204
22993
1665
915
1522
5010
101
7148
13345
94955
217100
385198
1620
168
1723
200
51600
719237
554445
537079
223
796570
582321
793649
430983
16896
47911
100672
495
181975
750461
0
13101
1163322
73119
1051
211567
69225
227182
9992
86573
23147
32547
755127
0
617710
112
36
170102
72370
1065372
142027
509844
106131
73173
770195
3199
112476
424958
1632418
873
16700
51392
496495
510852
6756
46
1820
1138948
706102
182
1407
388743
780355
1049289
77971
566148
8003
12862
1754
3309
174959
27912
183793
13120
0
130440
33289
517497
159374
952821
4607
105228
466353
83677
7313
14877
13260
50960
104350
4439
39848
25520
747419
80771
570575
295252
381855
691999
73310
168854
1438761
90698
325
34598
15183
581726
249099
687372
53
959258
5247
292091
745862
218462
371815
210970
394298
48453
345966
517914
175165
2286
9762
76717
514635
1331
89961
910234
1844
1820466
725614
948092
63234
2325
71969
890251
251574
300
2194
1463
163581
275008
862324
468511
9738
226
16101
76080
24317
1337139
2461
80390
1673
299
225899
10616
468421
1744216
1775
598242
345449
485314
4
564
1797
226074
74472
913031
850415
652
193827
76
1212
685663
262843
121887
17343
443850
409
1145571
1658
225694
261051
183309
27413
1718916
73381
338289
1622
977821
673691
70198
763674
15206
739732
0
73888
2367
54531
533705
430399
1826305
1619
73220
1519
592120
169416
1190
499256
0
175501
1700
10331
1612
10
498732
407840
171438
1522
142350
490586
166138
620326
2092
844651
583213
33358
689636
11646
488269
28751
414332
11348
1272277
926391
75109
249
317545
187381
635749
168722
663
93349
127
754
176741
1057191
578870
481098
539
5596
726596
554284
1281448
271
651
275526
4791
183829
8483
47477
462728
99166
5400
4246
84965
794018
3039
537690
795781
366465
853073
356270
327247
749773
149095
26318
843405
6751
827135
790913
918
1775
424215
512454
24866
2156
430222
746284
453
149186
803881
861
350625
457553
330520
1472041
554778
206321
864387
855292
776135
36592
203693
434799
3859
174903
797190
79431
7732
7055
517718
0
307130
71
256366
464272
789653
12655
194168
841447
23391
621
669304
1263
110840
1952754
428642
2401
965
43827
21795
583238
483705
107364
275243
57534
1468
904
1099692
102555
359523
50719
394045
465419
2577
531186
218865
217567
44538
299969
775063
211137
378275
483
104166
708100
1123269
2141
654524
72799
759047
49
252110
1866
259475
184
1748
334797
178231
169430
72262
44426
433203
1486824
672724
11710
67770
475
764159
1032
178985
1251344
361548
92630
1116
484119
77252
2610
74894
192279
817768
531647
135956
1759
456529
978
185166
1016936
792716
217736
6030
438434
764408
643249
474
581997
118488
0
192383
189379
203727
468559
778
180470
1011
28550
744760
68655
748484
559581
264091
65221
797171
764595
676628
263849
31134
1465300
841149
47234
233995
156970
46707
16416
144174
763643
219917
484209
37241
472
174991
587
16063
536966
1666499
982233
1939092
33826
761937
21027
692233
3091
1956
337774
3442
649945
911935
11725
470
72598
362
39367
378789
212641
1348
26873
384
1
572921
193189
1011312
201771
53
749726
194077
85732
81757
206433
230939
1772770
27925
1122
173341
536758
637595
1737197
936590
15324
583711
261224
29068
902749
537792
78575
844399
635756
95
763046
32506
1830
759086
26460
37268
1581
87952
345442
423067
393494
131
757343
1348266
511094
7584
2441
75344
74140
549333
105708
37888
2065
108591
95483
186933
181
2170
664
532189
1326571
77
905321
168798
499
1213111
988232
198410
340025
649842
16430
10094
179541
3886
330
262553
385669
72845
6602
1128
137
149
790
592350
487
169799
36647
2042
8001
7142
382443
575919
3508
493027
210896
1242
614635
0
3168
0
0
0
170231
26655
6543
479148
310
3484
1400
1
5017
5726
453
475605
742
89004
9182
189122
10058
623
22
205421
1125704
173452
498054
406641
671965
706931
465226
12590
283
532851
5902
164011
57197
1025816
329454
383
10910
184383
144892
7058
514580
75838
513366
5621
164906
71538
5789
79753
441175
791670
488996
778800
13
790616
64689
227925
765643
1535135
87504
540851
70
76476
764
838164
481808
228
9935
762491
171256
1118
361
470025
1018
536996
3682
491373
13981
634981
351222
2068034
509028
745164
526026
1116665
174097
1150
73271
8312
464439
16809
29633
1051638
38515
33303
798744
764170
557113
976707
261803
735
699
28321
91324
941098
722
396004
1628
376039
432371
486673
243872
10950
555070
179431
174308
131503
1109368
889435
778709
40733
15800
783419
710920
68265
253613
378240
0
3
14129
1635781
885
1750
1962
33906
145
5761
653
766347
7387
178020
1110
1323257
416
1259
842558
263987
482
127
7957
74371
614805
0
1302
482309
865
0
549
68230
21506
187271
330708
5751
12264
796
0
1149051
125
1024
881606
72898
104
48
820989
13744
463946
70403
587764
222
194994
46105
27855
1337010
200695
705529
522256
2369
7002
3207
2154
79972
931
714
185491
2256
1924
3822
2057
47170
73648
72286
3966
43673
110634
