804884
993402
1430681
748609
885056
3510620
1824074
1733966
1370098
1461085
2410603
3331828
777213
2649390
1829808
234356
2241598
3829129
1433546
1130691
1610462
1453202
2009313
2586095
1746920
1141537
815908
2533988
146011
2418781
1379692
527700
1992643
1185524
1972508
1622957
1095537
1583653
1583036
2168213
1350612
532149
1834479
3474936
1523381
3558370
1183708
1508712
645903
1156825
529404
73247
2303687
1236769
1744430
714944
1952563
1203211
2867629
1256516
243604
391182
1071358
299379
1727574
2745940
1498436
1048350
2389967
2212056
1816214
599816
1826044
2084279
1539421
712582
479927
1560260
3345202
450961
585160
873362
1835688
1092984
463598
1008677
2663512
2237360
597612
2321493
2975115
1485932
1098814
686550
884594
4850406
2026836
930360
2084716
396274
2007152
1252559
1955503
1181252
2749377
432082
2215946
2351571
1522448
2768412
2526100
1029758
984290
1966097
1615273
230245
1092395
800283
1990107
1217643
454862
2747759
1586622
703826
2893671
1172414
2178972
846588
746828
1939307
4168649
2281868
2153320
690161
1408961
1686984
2861095
1959489
2068650
1816518
1020696
1331967
1566044
1073968
3102209
835358
754134
1420126
1493566
1853155
2257303
1627409
2395040
1120880
1262929
421154
2830805
1144963
2275529
812470
2765283
1114986
3431128
2240350
655879
1532697
808209
2291257
3358008
2734753
3141814
2335041
1482090
972198
5507526
1901265
2133282
1504026
1824496
220605
3060161
1402092
3376618
1240167
3552278
2211768
3235903
1041333
1068755
1576747
2766159
517071
699603
1484849
1491337
1421590
3211902
1269607
1194109
459265
718274
933536
1192737
1918791
129281
462839
546329
249373
1096743
1487329
2142527
2195875
827318
2067816
470966
1106749
706329
1824840
2705042
3418531
725297
852795
958255
984847
2365598
2711819
1221536
738993
2355535
2875113
855935
1430689
2101901
1603747
4393511
1710327
1180220
1788141
843898
1491017
1351097
1512789
801568
864591
472488
1039074
1549600
358343
1092282
1365731
2131971
2304862
432143
279521
881898
339664
