23746
42965
131031
3402
4454
438165
11519
39167
18022
132547
10084
34613
2543
11260
9463
955
2426
4783
16719
11322
44392
185362
911500
20052
3815
5005
33117
12438
1538
55186
105508
30086
15718
2065
281853
7439
18600
215366
12447
43969
124482
4740
173404
15762
177168
51421
151874
14028
2034
3124
2812
849
438417
48985
5444
50318
6036
3060
6368
184479
1004
492
972
530
50648
438
4905
478
28664
52101
6263
23469
4908
321
12134
4995
868
6752
6351
19973
2636
3452
27315
36691
139739
215886
75092
968523
55972
33067
667300
224062
8775
7484
18767
1033844
1828
326
1070186
344
8696
4492
1005248
43855
7733
9936
20236
34952
3765
10406
18902
5088
717
258
1435
2175
437978
25729
958220
162380
18231
2775
109279
59346
54508
6276
35205
117011
3748
1001228
25329
3310
36399
194078
4310
38273
143792
187823
1459
5902
531
1288
10596
1511
39188
16628
6950
21274
101597
8281
349269
7530
310561
8709
221942
1071
44357
4821
216720
25740
2691
984
243345
8291
5331
4365
41090
108193
174638
102848
12354
45605
9213
15418
1251304
12528
2274
166877
30284
23045
520432
1015918
485557
45516
62728
99623
9153
3117
28991
9334
283869
132007
18322
2718
932
314
8882
24955
368908
2747
1706
2303
1708
1923
251
1065
782
361
127
7108
74541
437669
9203
276870
23256
69379
7960
901416
7945
190969
13286
343394
27623
15664
16193
10609
53058
840
2533
179467
6940
58306
277425
508413
72521
197617
1685
127759
138792
195377
411
26585
2970
468
1571
1038
27313
1878
1022
14977
5882
1333
7836
2575
14230
2360
68724
419885
603776
24234
5100
61283
91060
8678
9677
8645
14812
18258
6293
18537
1023418
1067
911
1066769
196988
25240
142895
50040
267149
5085
5818
1086
9998
882403
779
31036
4018
16331
72709
7048
362276
3951
1363
10108
9262
1641
60149
3045
32740
977039
2416
4065
13400
6349
21340
65509
19793
45769
3776
594693
18653
46909
233724
217032
16667
37866
5422
1541
16260
1757
8929
1659
115200
1515
20870
6533
61269
30118
32784
58202
481678
8454
158
11194
77713
54550
18626
120390
3228
6739
63402
16963
22083
202033
45892
67049
8099
12642
200678
78169
16643
685574
2812
330
8278
48200
20624
258080
270530
8186
712089
3166
12528
14698
16086
2802
80296
176849
5217
150232
43011
1830
99141
2478
220055
12778
8518
13295
619492
1963
1017409
10306
15262
17298
18557
749
23620
113559
211
61570
158277
3580
93513
999289
2076
163060
3198
601
1538
3416
12666
2094
17746
48553
3174
7206
25747
6583
1002377
2003
6559
5898
4676
1224
45557
410
45260
7792
22996
752
17802
203292
3453
7403
57889
9653
11676
6082
200654
4141
162423
22892
76315
44615
5796
660
988362
24916
142412
27598
22117
834189
18994
8800
33538
353280
2495
8967
303
1535
1839
725
53364
6623
1302
385
12473
720
1934
11036
1879
99
15557
16317
275991
51908
146039
69223
175778
1748
117295
2183
472611
347848
131392
49741
555563
9573
108843
145126
1120
1275
20055
520
20464
931438
72156
1854
106592
1753
14970
6883
10278
4267
65917
1084
12004
12714
35910
1457
1406
4360
20425
4746
70488
22780
12289
9051
18073
95080
5555
8148
12976
12258
30810
12275
32185
996267
9090
118575
20628
116626
6382
164243
3312
17431
222070
35550
5388
142949
295774
16667
1261
3174
253330
4335
363
26634
16799
1465
6403
165
623232
39572
200315
87825
34640
851882
226134
24820
14379
200928
29156
3202
298714
8286
5727
9792
266468
84653
3005
177800
348397
11916
127877
1138
12057
957
43396
89711
167439
817402
7844
2846
38545
1389
83869
49092
252794
29739
4836
8451
169325
39537
209719
24055
23892
5569
18049
14274
229836
156707
99289
1949
76303
10134
1338
2707
3617
6669
14903
111572
219430
27617
5114
10433
15749
8678
330143
222860
141455
58205
986846
1382
48837
1697
262139
3381
90087
92142
1793
394
2607
6571
300836
4410
21289
2148
15908
756
987188
14923
3965
221212
186311
17343
23998
19376
19561
10986
14501
3259
1012859
11945
7287
638
36718
12697
276992
12046
35363
19072
8739
2100
12528
1044
4686
1130
3838
53
2236
15620
17376
35786
7822
4343
66029
2731
18553
903
315584
116675
167962
28235
203924
5878
70336
2299
29877
718413
18663
17211
53560
13128
14310
16100
38460
86058
18261
12812
22395
633
60436
5598
17775
363068
296528
427124
1896414
22259
19872
2560
7441
21461
1986
1409
15284
679585
38304
418
154806
435
7337
10571
137080
10888
199
1634
24075
191
1686
4144
19747
504585
2501
992160
381260
11118
1188
115242
476591
8404
10828
26223
423220
7007
29121
293245
32127
95509
15971
114068
73502
9891
5429
2213
52233
5952
1015
630
1367
2927
16853
75719
10759
438
17607
9202
483139
1620
27048
508748
399354
9769
3343
23548
149572
54076
220323
343302
127448
4474
1109
8037
6553
3342
2376
1654
1615
3555
627
485
3203
221
138948
43511
244853
1816
1941
1531
103597
13191
118700
2846
25408
363195
2905
2838
43941
1355
7868
8481
76455
12912
2968
2042
1964
13417
45663
7285
198561
8815
5910
3722
15716
20102
804
51449
6935
2793
1222
1407
5767
1757
5402
14742
3041
934
137
264
2137
1105
2476
971
1240
254
1545
7235
293
8739
227524
279594
5807
2614
1161
442040
945036
240467
18831
84033
96890
4938
218711
26087
59218
75849
18267
1157
3981
4048
41199
263520
49114
364720
12884
127
8550
813
167471
10188
275027
523594
144354
2239
26780
14090
117458
509
141096
2347
2703
3581
11686
8667
301246
31328
4552
53069
2138
1804
4095
24433
253861
4622
11268
13112
9822
20016
499886
5982
10870
347160
809348
12853
45609
45745
4863
12251
2143
1448
2657
10334
13940
18298
28419
1412
100927
585050
262138
9370
16538
3015
31859
3180
150414
5378
153820
28484
28727
233606
23201
137067
66538
550035
294151
579338
103412
65318
41861
27918
35376
98014
163511
469862
8459
7926
5673
1485
14090
51020
173140
128809
12235
152118
19373
8370
2754
6644
1053381
5048
624
158
251495
249
1439
12778
181
25509
5999
508
11880
18845
35
1056
1349
1602
334
1240
82392
3680
1282
1638
1360
3026
1018
10553
27387
4350
562
44710
3191
16174
2329
1145
32854
6195
68576
4266
780
39086
171732
1036
89704
102171
260693
1063
1582
61422
929
1107
63898
162
489
1487
5085
2181
1277
18909
23905
3268
3730
1641
2412
1218
143639
77302
41519
15180
5949
412984
19708
20169
271220
23410
284541
169186
827
511288
2955
424
1519
14471
636
394
3078
1037881
9667
18966
981984
39205
31114
2458
495
894160
2075
12853
2060
217087
25150
2227
36966
88815
219732
38174
9421
108170
153928
41146
7006
549304
5960
5006
1041
29347
2645
907
8851
95251
1650
20414
59299
17916
964317
3568
1100
1468
202
153
201856
782
3175
737
32693
377295
882862
405
53897
6137
247187
6328
21190
1262
25688
648
369
59056
12331
78530
2801
4226
45697
3602
2043
224135
38634
1030
7626
9216
5566
795
37275
117
56377
150
47049
22018
1573
1134
42205
3289
30390
110315
121778
29775
852105
34621
801
427
1626
17851
3296
2377
10075
499712
2759
1321
7671
3044
6784
9306
17279
6005
45079
58304
27224
226736
144121
3479
6464
3581
428596
3338
292281
248100
26051
87193
5925
8385
96964
189844
19223
392910
7040
3278
8455
12212
184153
28779
212467
955
8772
984102
599
906
28578
11490
46779
4476
201
48085
3141
65118
28463
275522
9056
31842
20656
370343
993781
6478
1563
13498
2110
848
1586
32730
4830
99121
115877
5199
5636
463
612
495466
93539
2008
339370
761
3752
3009
148153
4714
2869
18468
5500
2687
18869
20153
57880
1722
11098
167
2335
2730
15223
1184728
194492
92238
2207
322309
9273
4005
14919
10679
11256
31948
1079
7697
513869
3793
12858
1822
45484
722650
5236
229130
14405
954023
89094
456010
14113
39437
3535
31689
235808
7514
16060
853
82178
1459
1199
43558
21524
26475
6134
221
56626
3748
2556
2247
97002
7552
4076
7859
1450
27842
905
20015
21731
55118
104345
12489
264
80774
17720
144
172505
5661
49893
18417
1623
3388
1136
4244
54948
888
132675
4171
17308
12415
3256
5048
50675
4496
197966
2332
355468
11785
369200
1363
19995
40341
307803
346571
9330
44725
102597
42529
55055
390
1800
315
241672
14211
2010
1304
219147
1251
67035
16446
9888
44061
1015
12005
96736
4586
14802
720
170004
507
4501
1411
25084
3350
6167
45864
54643
4430
66959
1243
6533
3891
7806
62129
5619
28234
4268
106578
1617
34251
8537
28226
180059
4574
31094
683811
49708
1870
1359
13625
905332
4096
85701
15464
7478
9718
315127
19661
81214
189554
41316
2689
10264
3426
200793
186402
2528
1011
79898
14670
19560
7065
22371
11503
1228253
211539
529377
24265
11464
5056
45616
1418
326
680
779
896
9310
4020
6710
1811
18030
57705
14409
531
950500
3798
4109
1071
817
209394
43351
10742
439349
259
186194
4260
910
34350
5017
4525
130044
18642
663220
357595
6133
55071
19067
4694
164606
288922
150016
31089
140362
113972
679440
4046
99667
891
12958
1287
188202
2759
7336
1808
238484
729
11998
17066
748
186241
8439
657
5907
8004
22630
2420
243940
7771
8383
128904
257808
4224
6506
6472
6148
159355
12424
24384
1120
2597
28026
105658
6576
5426
5821
2036
1085
223152
16426
67765
19756
1933
254887
14005
30645
18228
8877
1398
71596
7406
30043
1309
22876
172088
450074
66506
17407
11032
33544
2125
39946
1423771
99274
807036
2728
5146
847001
4414
471627
21418
12080
534532
21674
13130
296780
27498
6502
35292
34180
2685
11480
58579
663
46977
1006790
74378
32828
44340
533
275582
114343
3913
16774
5947
2778
2223
55412
87814
5303
225032
1279
1338
4381
158027
13045
275891
69648
8676
21217
97375
323431
2644
17561
14873
986504
7267
11757
39931
74965
354776
223120
30496
7732
11837
16868
78882
15967
2991
1121
4841
56066
6521
3195
29411
4688
15962
7285
14680
2005
2225
20942
1881563
66591
688
3600
2446
3197
1599
92086
2143
29298
71522
76638
1924
48620
138
5422
812
4404
577
3057
26028
199893
6511
2168
24546
42366
7934
237523
18715
55916
7706
1075223
221
711333
1007
3962
3034
620
493
210600
1504
9908
225563
18615
14540
3315
18868
7248
2810
588805
558
4807
1990
465
29604
16658
33909
3361
524
3034
793
4486
598
67173
151977
30909
395775
21331
112101
2772
14681
33864
39758
825394
212627
2606
442576
20858
582497
19764
2678
8279
795
178542
6071
72258
48115
29087
1139
1890
4533
4486
1097
9887
624
634705
32131
279560
21849
14051
279657
1198
7632
173607
30206
109974
161723
75635
32568
25491
18664
37760
419076
11528
22261
9760
52714
29035
94787
1124490
4237
23009
50395
31892
38957
19554
9640
14557
99682
21067
80878
10327
377
393
43747
64723
4547
4038
343838
168136
3504
1519
266
963287
184877
991073
16234
5935
27466
3637
15318
3425
1611
745
228897
13892
7318
6022
8147
222064
2621
892894
19849
2950
7781
2895
836131
141722
3793
5116
3177
8779
782728
1202
216362
3902
864
10612
46753
5102
385895
6560
210526
8714
2566
864
968
1263
6924
548
12766
9626
4864
20689
1146
6400
14282
19434
769
25479
13096
349392
17958
1035
304588
13574
1326
955586
845509
4260
233954
20408
5751
583
6678
5166
1816
47360
3968
13128
128025
363
1597
7152
30011
369936
3349
28757
1484
53665
711
2495
4823
47578
3165
614804
5489
7041
32566
10346
4849
984
5858
1524
147721
1739
9870
4055
770
15834
33163
17411
4631
22056
2989
179033
1072
153911
395
57606
670
30295
124
178909
1064
1589
465406
295073
10158
53893
2643
1422
373
35125
149739
1190
1688
3323
3820
4622
752
4768
116917
2169
828
30365
178258
5046
457670
9205
2751
7921
310343
255399
982
132608
903
13064
4220
30289
24963
1001284
47580
393928
280
195691
6569
25930
1210
983
13257
354086
10248
18058
7663
52167
10737
131783
34729
198232
22117
2649
29216
100445
16198
3593
580
238579
1139
18118
485
8383
2091
624
240
977360
68166
53222
472708
104064
11571
803171
24121
145499
789
70994
62715
4666
1627
945
431
175114
7509
136886
1555
1713
163050
7602
8243
6438
398062
41281
51991
44775
71944
14778
5153
5677
1671
21506
2352
2611
6820
557446
4615
85850
3565
2716
42357
1757
30992
1786
559
82896
9393
8387
9775
8063
1005818
415601
10238
15097
21922
4881
380221
3757
189826
547292
77181
5775
75784
2886
1711
3285
27313
541
1114
407
686
880380
4197
3930
186726
4656
3098
20458
956058
3451
250197
19230
11856
19388
1712
7402
3739
103925
13658
271134
145386
98940
58546
10629
3361
36967
9187
7855
107783
7816
17080
48795
2736
36119
266935
6099
15136
23388
9656
12563
163580
12191
4394
18075
48282
20078
44465
5823
68297
15077
47338
5118
14184
186785
1308
48599
44023
2948
16029
4930
165866
45427
1006609
996
20313
5835
1532
2218
631688
55237
169999
999889
41152
19342
1767
10700
135052
294627
199360
14905
42845
4892
960637
38187
484187
13394
177920
501
378231
594
656
73174
166985
534786
92600
5459
150909
987
184380
27897
29259
16140
25857
437136
77452
33718
25594
166698
2674
4893
11320
92004
14192
697127
12126
126221
641906
243696
3100
2076
51351
61412
664
4284
84313
4308
2929
1449
255904
16637
17255
444
307759
343019
9786
2556
165348
1237
7075
23462
5107
8051
6981
12864
23025
6478
203969
925
979557
2247
7808
715
11136
12066
991
100918
270753
20237
18330
1185
991666
12055
7028
495
3403
53605
2916
11131
95533
251047
47700
277002
62987
33676
592745
61037
248514
12472
74380
508796
9183
1099064
28582
254509
15719
200117
7708
62731
1833
15699
17689
198102
1000870
11285
8219
266635
25169
212517
27740
1004202
25651
27130
6613
3904
3225
34675
14374
173931
83207
69791
72926
13787
56234
388185
28132
91950
11581
126944
715
5743
1001
114806
299640
256291
68710
49039
1303
6797
4363
67039
77491
327613
14544
3452
1031
48933
72126
138917
29236
92930
15573
238528
22276
2544
4628
7022
1989
1604
7645
428422
4975
381
5929
1867
2396
5019
79362
162771
56485
820
9469
3789
248135
7141
814952
35934
6211
13696
31472
41794
48503
113506
6829
74583
81113
6998
9411
42913
797387
266
3041
13094
550
3597
1268
14782
1703
17684
69805
352330
263578
361
1186
12876
3690
45158
27986
17783
62830
9177
980275
960764
758365
210774
279755
40582
8561
27091
18078
4341
1467
1503
54178
24016
4031
8478
3019
2818
8463
18669
21849
7089
137369
1184
470070
7122
11374
10559
4269
342401
97342
41807
8018
43790
7539
9197
73032
3161
58742
4859
76418
10642
3645
731
102306
2824
24641
13499
992
9482
3275
60510
241453
984334
29334
49545
55875
34768
26973
7806
43413
59973
79272
5759
2750
97554
6046
17065
666625
164402
140352
372
243232
852
9744
4184
1149
7615
1471
3542
69232
17951
499064
2548
12429
11058
193950
9379
1582
8401
475123
7282
281
8233
11148
14789
7620
276400
20625
89125
32599
305777
901297
14896
12233
30088
13588
8458
231703
6053
2783
20145
2261
5756
17954
921
63509
50528
13767
19447
425623
465333
13310
47576
108660
1075851
279516
24948
214575
5599
9207
333829
19912
465276
103413
92622
7432
28339
21577
976551
4582
11187
76911
5032
6234
361
524
9982
4566
4731
42265
2810
578
1499
3320
136980
109285
51171
229519
2714
12890
10060
1436
30272
788
52189
93960
23178
48594
282134
64989
11343
8592
4318
168747
2637
4251
77755
3560
64773
3072
434
2002
17687
29286
1798
1684
21341
3856
15986
303528
1740235
18430
49072
13847
16235
22680
2180
617746
985
1366
1947
4745
376
4631
20895
1252
3863
1610
4481
1599
1291
4333
709
982866
16350
20011
13128
3116
34362
4409
159849
1324
976551
3633
178932
2878
174207
1854
22857
60840
2482
532643
11100
6800
8604
3074
17636
273
80945
19441
3681
185435
136290
6874
2919
17392
7861
27977
18740
4609
15557
45785
27420
12571
43688
162961
18481
674817
33321
181410
964661
64309
500
560875
1849
23924
49423
12910
138563
1967
20646
2332
12181
89929
171529
13451
205339
23299
1095
135980
47831
9183
8556
583245
10304
2666
219532
52439
181676
276500
988681
7610
12112
3977
2077
372585
99775
45431
8110
21892
3184
203
313813
3934
235524
5104
816999
9911
62141
18382
1520
511
661520
5005
15526
20736
28269
1775
2689
505
467
437578
78379
72573
17138
5215
23891
321
2178
1429
13312
6020
180361
650
4218
18150
796
409409
7078
8741
206721
5751
4234
9564
39134
482353
9600
28119
19693
6992
77390
6178
10622
3737
36349
21294
62849
28182
171289
2426
2256
22305
14900
817872
4960
434
6160
779
1312
2416
33497
454546
55236
532666
944
264657
138015
22089
6227
717534
194281
15453
132181
6337
168916
157730
249234
287043
32269
86429
18548
2955
820981
3033
36601
427502
108665
1772
10371
3237
7808
274245
6511
7246
50528
22499
804046
2514
175933
299692
33670
384993
93451
762814
70554
11258
13046
34374
155195
54994
32278
22787
14234
211774
33065
50300
92718
7118
13956
1609
127938
17465
6682
114222
58110
26764
26938
3318
992446
5664
136854
54346
2065
36811
17000
97588
520109
527
1273
2876
20378
16459
14786
7300
22315
230
1212
1599
166286
7029
21995
9227
3521
21498
39475
13367
3995
13531
168953
14704
2523
103778
107000
430723
423745
772593
34386
249956
580689
172741
5702
435283
381767
11087
1125549
570965
56527
3811
20814
8659
1038295
3025
15886
9998
9800
10113
33084
2289
4531
134346
36088
456432
20816
24979
53799
4482
975
9566
13633
2036
53745
20131
68780
24946
15921
19424
20339
2917
19838
579512
247977
5584
452550
251957
159226
10967
13537
465
947
1705
555
450
4833
155129
43478
2946
309
818
2063
1708
167980
51127
2158
10170
6842
15497
5372
256714
147977
12096
5476
349398
3993
13977
145
192650
425
427
2475
209
2878
890
1065
1486
1232
23949
1208
556
1373
360
431103
129987
563072
9049
158555
1132
42072
1391
10163
1018644
4701
7801
4660
504254
19313
7029
5046
352
43594
580
37913
46105
957175
20373
4471
18371
399381
4820
11332
10004
33638
93453
3309
1599
7186
1146
21617
13432
71524
74393
421275
6197
121767
184371
282079
989318
785579
14193
20868
594
34769
492
139065
235
2788
5040
2346
500852
11022
24591
5922
3881
529644
11558
191972
5774
238202
419057
784420
14550
20298
259466
885297
44357
115730
1990
320254
2456
47210
4232
2930
10141
10269
585848
5957
40352
8319
424434
6053
3338
1089
72685
838908
1580
441778
3750
5731
7536
402003
120282
2388
17242
2348
12507
138594
65270
935960
48392
3266
50106
586962
16078
1430
54419
16777
374
1723
3160
783427
920
3062
22424
4071
888
1042
4857
257958
1886
2818
44035
1012496
535
1515
64160
343
16232
809
2800
14631
82309
348
401
56456
3281
609
10723
22147
560
13103
377428
7608
6140
9297
1769
512114
2186
24117
225418
17671
4002
731
14747
25758
631
27265
890809
60720
76229
30352
9542
1323886
48192
18118
447458
197988
5494
4006
6685
16442
480
1336
40916
2901
11180
39633
28302
15915
146066
9615
44692
6680
11623
21781
210131
11318
1262
6813
262873
1325
88839
12659
66786
9156
144721
355
6655
858
323
4067
48914
2147
6210
17868
11690
14646
24277
86016
1967
2810
21773
360
8712
26864
1110
16367
12982
12703
2525
17885
29499
16381
12060
106848
3362
3515
271604
1568
988543
3843
257762
18724
1994
1618
51
309
68264
579203
237664
10027
77822
85209
91984
453
649
6066
559
427889
87567
9756
1022898
1068140
44811
5558
17024
295095
1740
116989
2811
4352
14375
231508
1247
122224
7066
480855
30069
2555
889
10350
6618
411
50424
20671
34506
183471
10770
276169
16729
115396
57955
131694
1354
1878
11609
205
472
14040
195793
28457
43655
884
165163
11190
357940
2197
49974
11110
12847
132
954
18658
138606
796
31007
1393
12142
452
12018
8601
1315
8496
1261
5449
3735
3162
1862
859
34759
541045
27337
33365
40215
5969
46259
3553
12163
26107
424
37202
446
17082
1108
2362
2680
60123
528
2602
1126
9599
4945
954
19973
7290
19480
26542
5053
328
15386
2361
265634
29305
359875
11286
4635
11244
5342
10079
4246
609829
2473
7537
1583
2575
338997
2539
25849
15278
40392
3706
1080
67783
4332
500215
20406
11182
1059
1069
190
223396
18634
6468
824
5723
189
1679
1173
1351
2746
5241
1136
914
382
4742
1666
918
5573
234
324506
186
2273
2721
5988
1318
6246
59
11492
3109
351483
7049
7888
434
27836
691
3053
17542
21103
4141
32046
811
191318
6845
43564
16060
2941
5135
2205
454
3544
99
17624
2361
2470
1604
60851
1279
1724
17714
711
67688
3562
123484
420876
1546
446
2659
127514
4566
40821
153240
528264
340
8966
658
256
32115
177334
42660
1258
1644
1606
961
5560
16560
48328
38541
15167
1417
1866
233
7102
227328
141832
68975
25240
305464
1518
4367
984101
2008
414
1362
9179
1463
13575
664
540956
270651
6369
22825
616
946217
1625
8751
512
23239
545406
448341
5804
195466
27130
2720
24560
3302
820
3903
17574
50295
612
33201
600
181462
10287
63952
4857
2581
353
162544
1588
87905
51388
62029
57738
8439
30294
28757
91844
18390
897000
331385
86223
10809
13890
4364
149288
5503
218
4029
17978
18973
586
1051
621
363161
39707
8953
2803
3068
925
117821
3573
15441
5296
25109
11338
15912
14143
2990
245185
30237
27010
19272
36922
105729
212120
36940
304764
1612
3416
15270
1045
2245
97656
324
356608
9900
2956
7964
5162
996
3095
9052
893
30582
379
163451
1044
2240
18164
8145
304488
337894
1294
256106
3027
597607
802
2867
837
337330
15398
376081
467413
5014
33856
4115
2619
715840
9468
262447
21749
127204
20113
86719
8219
29614
785
396404
2902
983059
20485
8048
2494
814310
12027
124052
981669
10192
46981
386
10252
8893
28130
365858
14426
4030
622
277
41
123947
57061
47469
31747
13060
96
23906
1690
57061
29679
453387
186502
1958
1257
475
205830
3025
1684
2455
4736
4927
10026
13251
67448
186353
96945
69551
8108
508467
1292
777
1648
18953
4980
10126
2734
1117
23768
23883
25178
50413
792
269430
9358
1133
3319
15059
3846
551712
1252
101468
19808
12682
4029
33741
14450
157707
38364
44840
179856
24092
5505
472
19313
1423
270339
20153
447367
383516
21009
6557
36129
502431
23788
378563
994162
38084
3171
20837
342743
3301
2390
19862
807900
4542
372
271998
3048
175751
198217
30098
789231
15263
6543
36151
48261
34438
5589
14876
119543
356
10887
2977
15701
318923
10777
2401
1190
6378
692
1220
249675
946
7046
41879
5225
469
3505
4417
9554
34287
762961
192594
18933
72679
11645
12349
11518
75366
2598
74401
13811
12290
10821
1038327
10016
72721
104971
728127
242891
6027
543065
21186
72038
2954
177963
862463
29934
4118
7450
18217
431882
97677
3354
50772
84198
1630
1569
1639
2458
21256
890
14436
78328
1415
71119
62637
2770
22363
997996
51035
5919
323
8152
935
5760
146045
455559
16540
2618
2074
4762
1536
25540
13529
27995
6035
169366
42264
6240
205586
9128
44829
392806
120236
206189
3543
116309
53185
84759
5466
9947
52564
25234
9253
407931
130810
183801
21058
85413
30145
168652
10866
6175
576635
8787
97315
20056
80530
54994
419692
8631
42935
522195
927881
27092
69850
113082
11744
6941
18240
1035709
6133
86201
11434
879
6793
2115
147776
73376
9508
736274
144893
14005
23043
8145
468746
18688
7642
32199
5399
2531
312739
15827
4961
743
131261
3599
267938
12576
3113
1190
1007
1446
2223
12683
8928
5458
37642
20612
4236
108673
4794
52103
92822
1820137
29969
10123
5656
105476
189657
10665
88226
9340
9726
184800
1350
5220
8975
17610
7859
76336
6688
1804
7159
37781
895
2795
63640
3296
1635
6266
4565
57458
1578
410696
976310
202282
2333
808
27225
1295
14137
2196
72039
597
1774
27817
17391
8017
802
41739
14327
1227436
942
8865
262
674
1729
750
8462
6552
605318
12757
1172
465704
182059
8881
205171
20914
17033
24570
971
18629
1895
448
27587
1139
30310
9705
1947
6366
4895
16163
11277
7176
2572
13310
33714
526463
2249
557
454
1408
2522
181867
867
6615
359090
15039
54775
184564
7596
16276
41752
16980
3161
172
8782
523
39898
786
47019
418
50085
463
900
82646
257
796
5094
486
376
98
85031
12963
2224
85446
320214
78549
408
971
8242
626
2579
3895
455
23517
279
856
1117
9344
137
1139
1543
10216
504740
36380
848954
41038
2088
489
6156
3816
275
534
18185
23052
262997
176808
3616
24425
2835
2292
3631
17412
18177
3986
1982
5568
21292
1500
4922
531
1003199
27092
259
7259
23574
15170
36223
15247
2594
251998
4625
3499
20109
12001
74693
11999
939626
5553
2211
4122
68317
193
12310
131
84688
6685
24765
1236
9089
14686
204263
726
22672
1849
1328
2628
6749
464807
120141
945777
21454
10224
139460
27653
33240
277148
372718
2552
11115
110255
456942
16885
196984
22994
84872
1816
65082
27564
277959
24182
2869
1774
12106
177
6493
3005
984
9305
9173
22998
8249
94793
546
595
8536
545
5944
378
26770
879
80788
87002
1013
20165
879
44
13615
1964
13447
11857
662
6272
4796
65883
28221
5777
4998
44974
307
1386
20807
14229
20804
34432
144838
1737
8353
269215
1482
8706
17967
460
24311
39017
764
1813
15050
1982
14440
9164
9215
4456
8525
2347
