483395
931690
3096174
1197763
644824
1311105
667354
2430812
2296110
3616572
2120092
1316209
2698122
1281824
2018933
1800082
754310
427323
613578
169069
398534
777543
1308437
1011565
457880
1159999
2711167
1822983
836123
766511
2263287
854927
3053835
498996
2105587
992482
3526511
2505016
2698283
863166
1796691
3135878
2527139
1126153
1096385
807916
2424862
424528
715164
1916751
325248
833196
321768
727801
789060
688108
907248
1431065
1698737
1013690
804415
902451
1660339
795467
340252
1046623
845864
1127152
543974
878875
925751
396766
1392384
3695963
1327221
1536057
71657
248558
629239
630614
117181
698505
1694366
601977
151826
856025
807295
754467
626023
2182601
1853398
389957
1242495
209696
1903669
1022836
1632238
295236
899004
487145
1682112
614493
2347300
380234
2057054
1538733
2525289
2856029
2504711
250299
2691469
1265974
1156332
1575362
669385
118655
634122
318251
499990
898885
2104287
670581
2306605
911540
578561
1110720
867876
1145642
2868062
1246227
4207377
3515416
468057
181451
2159162
721514
1168282
1423012
3528656
1530095
859505
742983
1981158
542671
1799880
1465274
4950440
528739
1601899
566475
1961269
1399996
1969461
1280876
2442434
3857929
1377354
1171563
414244
771459
4620079
840414
3214516
1394164
2007577
923067
2941334
2180876
4200954
2570459
3217535
2113016
2386689
540936
2319307
1729329
3266628
942276
3183454
460451
456691
545010
467164
887086
3153748
2071204
2380076
1772266
1530929
482345
1660981
592950
2038865
1842471
1209737
1970624
316022
1135580
2432338
1182515
1826444
875330
1638836
379588
184263
256418
437790
1198925
693265
162995
706389
285638
984576
378353
986475
240824
278662
403087
1981507
653742
65368
209876
1452529
1061195
2559688
1931256
1452731
1270795
1559027
1494785
1597433
319690
2045602
825235
3874014
896092
1891473
762564
1966573
855016
1929791
646696
583286
667474
445430
1009388
1562808
322054
1063605
806654
1293010
1790266
914933
848835
768322
962960
