53
21
9
42
38
2
34
61
0
96
35
14
1
29
42
42
4
30
30
10
14
17
15
23
43
40
0
0
21
58
42
30
23
10
0
18
37
49
88
28
25
28
34
30
28
46
27
31
42
37
0
45
3
16
12
14
19
20
46
47
4
66
40
9
2
0
30
30
18
30
0
6
28
0
35
0
4
5
1
10
7
7
41
10
0
10
4
36
22
19
35
0
6
0
25
18
48
17
8
31
13
29
19
25
20
9
47
19
11
5
15
7
29
7
12
14
24
30
0
30
70
38
33
5
7
11
14
32
14
27
40
6
4
0
0
39
22
0
33
6
75
0
10
12
53
21
64
14
32
19
50
38
16
22
33
62
16
27
15
14
70
1
2
59
64
15
39
1
1
6
26
37
0
7
60
34
3
30
29
30
32
40
1
10
68
0
61
10
41
2
22
7
18
0
41
24
20
36
54
30
19
0
5
0
19
16
14
42
0
31
1
2
34
16
16
0
2
15
27
0
1
0
0
14
56
16
0
23
16
33
6
2
16
21
34
22
20
7
34
15
20
13
31
1
17
17
39
14
47
1
75
10
30
6
1
27
8
44
17
5
1
22
18
23
15
55
20
18
0
8
36
4
20
15
18
0
15
0
33
19
16
13
2
20
15
18
17
5
26
0
10
1
68
66
1
22
45
4
13
6
14
0
60
7
0
5
15
0
2
4
3
1
0
33
11
11
22
11
4
3
0
0
8
4
0
19
14
14
1
71
5
15
1
2
32
9
0
0
1
0
0
1
27
2
0
25
39
2
11
2
31
15
1
6
14
15
42
16
63
0
43
18
16
19
36
1
20
12
5
32
28
0
2
0
2
0
30
0
56
6
42
10
17
12
64
1
43
20
5
17
7
0
3
10
7
12
1
15
39
0
46
31
19
13
0
2
17
28
28
11
34
37
0
0
26
0
18
12
43
33
15
8
1
28
35
8
30
0
43
11
63
14
51
0
48
0
13
0
1
1
25
47
39
12
28
0
23
0
0
45
20
7
1
0
39
0
24
19
13
0
0
0
0
42
40
10
0
2
0
0
30
1
0
2
0
9
5
0
18
24
15
40
60
25
15
16
0
17
41
2
37
33
2
5
11
2
35
21
10
18
4
0
28
0
41
0
1
3
18
19
12
24
20
18
61
54
33
33
15
21
34
25
57
22
71
4
42
40
20
9
8
10
15
1
19
0
2
26
32
9
5
1
32
29
25
19
17
13
47
8
11
7
58
63
9
39
50
0
32
21
27
82
4
32
14
31
15
0
60
3
3
19
41
0
17
37
40
37
54
0
21
5
36
10
7
76
18
37
15
1
20
20
1
14
33
19
0
14
20
21
4
56
7
49
15
0
31
41
70
7
9
1
48
0
10
1
12
9
3
77
42
0
63
32
33
0
12
14
27
1
9
17
26
9
23
5
15
0
2
15
8
42
26
83
21
12
2
18
14
57
79
39
17
0
24
76
28
20
39
0
0
35
8
5
27
25
33
18
44
26
8
3
28
5
93
6
8
16
33
33
78
39
30
16
2
1
38
46
42
3
46
0
27
1
11
9
68
49
51
22
20
0
54
49
79
16
2
46
4
3
25
7
42
36
33
45
14
14
17
0
41
2
34
1
28
5
1
9
0
10
5
14
1
0
2
20
79
2
47
44
19
40
31
10
36
29
56
59
33
9
28
4
25
28
34
17
0
0
12
0
16
4
43
41
42
0
2
18
44
52
58
13
0
12
17
46
2
26
5
78
52
4
12
33
18
0
7
0
21
32
9
7
43
7
61
9
21
7
55
0
14
15
34
65
0
16
33
15
5
24
14
26
0
37
20
13
14
14
5
14
16
15
14
0
16
1
33
0
0
10
73
15
33
27
16
14
15
13
1
25
1
10
10
29
0
2
2
1
4
26
18
15
1
5
15
0
10
21
15
18
1
2
5
7
10
0
2
8
7
2
18
0
31
17
7
16
10
9
25
0
5
2
4
14
0
0
0
0
14
1
1
4
20
12
12
14
67
32
29
48
18
6
60
10
35
8
51
46
52
45
13
7
5
0
16
29
35
1
41
16
16
1
1
20
0
1
14
15
44
35
51
19
0
9
30
19
18
37
77
34
46
29
29
29
47
6
33
15
6
2
16
4
11
4
29
30
15
10
5
6
70
14
48
24
0
31
3
46
43
9
18
25
14
15
19
14
9
11
15
0
1
0
17
5
18
0
39
21
18
0
0
0
26
36
33
25
0
4
1
1
56
6
39
19
46
8
1
15
76
18
20
26
14
6
0
4
16
1
1
16
50
0
19
58
