249034
1007799
1754956
300310
1492465
1032453
2744273
1041015
1353670
1128273
2009345
1299241
1783926
579438
1375817
213671
641122
2271655
431221
1469018
1091705
443811
1526609
1132463
1592649
1478861
3472780
784346
346990
1189293
1831941
498609
919661
1704547
2188248
1300046
1228453
1699530
1105529
1776859
1575952
2156315
1412720
1066892
1416288
933864
1324464
1681115
1116204
1538461
713095
657303
599627
1295439
779460
659753
1733963
1694080
2099404
407914
1274609
222150
1041174
481485
439404
643443
2046740
844924
1606356
710058
1290490
904352
1146589
1608498
1072464
884081
607035
329952
1630361
717072
1133695
948126
869582
398961
792813
354142
710973
703071
714545
1612912
1416748
166643
1962256
358216
2422883
1052335
1691871
1061015
914484
895513
1492931
472729
1131696
1105025
1706076
3657254
2700188
802294
742421
232851
1566343
225328
1168802
1437217
985760
660528
1412639
1036360
318696
631828
2393268
831487
2941437
354824
983943
1077968
1149867
846800
1947738
2236197
1245947
1061915
1097879
1133896
2097686
1556551
2278454
1245937
2342097
2113115
1443637
1943535
2474995
1176916
1922827
603582
1940812
1284030
940470
1542832
1150335
2183711
1344189
642610
2530531
1635140
1543303
1632395
1319424
1728542
2447282
2335757
1514542
2541694
1472882
2451830
3359721
2032250
3856638
985199
2766045
2492390
1713863
856956
2712331
861353
2574765
195235
1284124
362917
309650
349974
1000885
650877
2371450
989137
2282296
426190
223026
340235
1507855
1129501
689012
2427588
767491
1759699
622182
1323833
1215228
375677
547576
1848412
808065
1070219
190622
487250
468112
917862
288757
696990
1489481
134335
532887
228373
540070
1792868
920500
482747
1468305
190045
405714
226297
960573
789124
1458618
800205
3377352
2319497
1577528
1214404
572869
1314823
1723268
2538351
3251348
1794255
557216
293038
485165
438850
798536
375179
1297606
387826
290543
421250
972736
447658
1480565
1177450
1999860
597587
379921
502239
1566507
591615
