433313
2240413
4304781
906515
2205819
1735455
3661805
3039243
2754526
3311553
4009820
2490252
3155864
1434226
2191985
1297336
769194
2980620
547950
1453438
1599905
1575570
1554991
2003215
2287709
2578234
5304995
2438088
989575
1543898
3553618
1100836
2184494
2056764
3843412
2074825
3215130
2974131
3756626
2369522
3449186
3544180
2924460
1944302
1808445
1897982
3365587
2068131
1613288
2980808
861353
722058
998290
1694375
1599543
1190398
2489519
2644925
2721268
889010
2303899
1226884
1611271
583673
894341
1705759
2756024
1374467
1760925
1067093
2223188
1111656
1647443
3288855
2127040
1396217
956953
630676
1506074
1670715
1598256
1825964
2351500
485779
1378633
626570
1421233
918634
1299250
3273029
2432948
471491
2123690
530109
3578393
1568074
2931869
1785753
1687681
1529695
2276695
978682
3304446
1774868
4342044
5518305
3536606
2751469
3723425
219880
3459948
1267077
1992061
2085317
1515200
561703
2149263
1187436
751717
1231784
3529580
1871375
4315947
1345070
1092932
1751586
1603250
905631
4475653
2423400
3936044
3058381
1183954
1372486
3864427
2339472
3494639
2809901
3619720
3925237
1881061
2655244
4336846
1760030
3398399
750047
4046170
1970129
2415180
1838900
2729081
2413463
3113374
1774916
5329513
4652183
2632852
2976523
1792716
1548069
5910072
3187177
3828934
4014176
2033308
2850543
6487552
3243935
6113262
2278830
4357199
3635402
3495231
894387
4374424
1580499
5529732
960049
3631884
266554
325476
1045578
1652998
1276760
4337814
2624127
4311690
995889
1163618
294315
2289001
2065916
2099563
4290770
1584785
2751415
608431
2565067
2872139
711760
1479846
2919066
2126745
1346136
190282
764839
714919
1008244
971832
614852
1524964
859146
874585
313168
1780829
2477070
1245728
722284
3093533
1122859
413656
278979
2157912
1142687
2892931
1736882
4511627
3030128
2648569
2602904
1344891
1574969
3061610
3293401
5590505
2031167
1384255
1295456
1096143
903339
1603316
740467
1881241
1131319
502479
1527439
2185889
303446
1833378
1042792
2655886
1461767
804695
1253799
1496049
1048203
