546423
1153690
677755
32103
579225
437500
749584
2204446
1112662
2766215
1603641
1004158
84826
87048
506354
176217
243347
1492984
379146
688951
576726
127712
784617
625710
991514
2262724
1208965
527468
1332169
1439256
1219252
649396
1610576
505166
479289
951392
328691
1166224
1784542
900789
185368
2406048
611566
1263414
155757
1890142
994244
1462584
313179
2814365
107065
379516
101505
93473
139118
1228771
61221
1051493
1277945
75420
510950
571645
574160
136128
18807
506139
696797
283307
721274
397214
1422834
770902
267860
13707
295682
100841
543005
150422
1046028
1014669
1038039
106653
431077
347479
410655
112458
225383
212983
889807
893147
1238035
263618
477668
181954
1286270
333062
1712262
245435
255358
724097
115268
994396
473790
1190633
602131
2231846
2305965
1205741
866090
99818
1340854
540400
11610
1273785
120731
24098
438636
1359397
67766
781034
1559490
284775
2027949
136787
315676
170092
928048
612839
748448
762643
1711220
154728
1058673
50042
126530
1301172
631551
255052
1634690
1937704
658103
104121
1307578
276685
1002884
290128
2502949
31020
575837
592180
1806440
392465
1283317
1155027
1771685
1272101
1128969
718125
368635
534415
849584
668987
753153
748069
1634583
295606
1437142
805585
1653434
319667
470497
1160755
878261
552496
1073753
988771
1121366
128857
862150
30898
75303
178842
680303
1261214
1372729
781499
1906977
122819
226059
110821
1562084
1828218
492906
665121
552072
198289
1218721
1287605
1095898
95207
122046
569700
157966
26644
209752
87492
477046
356081
419593
443861
417838
21813
110986
529102
385049
1046087
31950
104117
967605
573889
17388
81054
637528
848698
881040
257442
621600
984307
2012761
315860
738070
524771
1541921
299189
580041
419807
110148
77743
950593
132807
551048
163003
1278581
380412
15288
563119
77335
30377
315680
597801
1854071
334933
448342
107163
477817
299135
106048
610100
513036
53157
517685
749815
964594
61504
92595
620774
986355
2089740
46072
92018
1071104
407391
607560
572232
30935
833744
925085
8749
419124
227671
43795
166073
1489541
545556
15561
529723
770958
443494
1088007
642294
113216
429101
2103156
1247621
555728
175474
1452847
344431
219990
565155
780412
107880
837201
99840
665264
90973
530063
80534
840322
34872
89575
115755
55467
1255406
390330
391419
359601
83011
1283426
641069
493837
34199
1061146
13585
1003568
40391
677503
112426
1180545
1112952
60372
206330
148263
29082
517393
364611
502809
219762
909389
174119
65241
85845
260848
53549
400231
744512
340204
11277
91362
13054
420723
150612
54199
1153418
818208
154680
1209673
70162
2740407
41104
1286623
625974
702936
248203
227919
1526
322733
70719
1091627
1189855
124933
200174
42434
29421
72946
145252
1287350
478169
1541099
242449
117460
440359
347867
491670
1590601
1530680
316878
564941
33523
885867
535016
584048
153722
1763823
79459
113604
116185
212634
1018445
50125
548322
70760
803445
1136436
36867
60585
1030564
86047
148653
510963
1127809
2177019
57430
46015
1620336
28671
791541
652355
532605
1499927
685481
2087978
1413599
2105781
1374314
268840
1044306
1542396
2046235
280653
933882
259571
1786665
51792
1719284
23056
26693
54066
245090
62189
907991
1910288
1251937
225357
476466
75698
1382421
14050
20585
1278170
49916
1807535
17622
626468
1909423
56262
268059
205615
80496
987980
142054
147975
39325
37529
1112272
808494
1020180
479620
21869
75774
420840
1075993
158199
185227
62072
94700
27556
273186
1118414
283993
531024
1157650
2250288
766272
413785
826972
56370
198742
792121
2326015
1297823
1177982
386878
262663
187142
737546
445169
249941
68694
364629
67950
309967
1343772
144727
896642
532120
162806
587093
486661
399664
447808
181131
260598
1505666
3768553
747960
783514
358418
2412419
355003
1828921
431228
1696858
198658
572507
1168372
589528
1181173
638457
1176279
147374
62656
132362
201605
601212
836897
1790871
278164
2330694
112804
60316
618209
1711477
485421
581010
1093046
2033519
332507
1337115
105605
2314944
443100
1308189
1204706
1408189
892667
1148801
28127
2188053
1075135
811331
779361
127475
473018
159714
1691339
1353972
208925
2419983
908704
707123
662280
638290
6696
261934
428009
202010
1049926
1607213
1299068
286479
358610
80233
168368
461502
2637092
1263680
1381082
653039
485288
460771
763502
31382
1281985
989629
161355
1312645
190944
220865
281413
833397
1938689
213972
205491
1010395
73838
733115
830071
1705479
604992
600618
450952
935510
85541
627194
505047
596023
2058480
569862
1917849
1675034
269230
2566870
1336609
1934085
80379
1241484
123035
2905511
182817
285709
433546
588261
138357
1296671
280421
396277
353674
664740
247449
2281965
858309
561223
2607739
699018
364709
2181563
937632
793701
848569
1852726
76791
923519
753765
1387894
945959
1116875
208500
1612947
131955
864491
1010899
91764
805258
1783040
339131
2148726
1739238
1337272
2805434
161239
725865
2378105
1877724
1651139
833353
245029
185199
1485414
557977
1991429
483382
1072102
401697
464030
550410
2026302
341446
2635250
920634
1210271
49106
255161
543253
192753
638436
3583854
263665
1464007
508765
131260
323429
798836
1235657
2790742
2162200
415663
1206029
30815
916297
140875
467998
1220108
1052828
1895630
306205
13563
54998
360294
421345
42078
285237
97460
223843
287482
383551
594702
48581
659755
203938
109925
197094
158265
16801
1635522
265226
1683569
658616
3109378
1064184
678826
1791211
240530
421738
1315221
1264211
1607549
598906
1018658
22108
314919
55511
340390
71973
515119
375472
185160
8026
257959
92186
646728
25580
2302804
1519519
400651
224864
1483173
996481
1498941
706946
1535340
25217
930087
572160
862591
2027151
514349
370305
184507
1216793
2912559
216048
303087
35897
16179
73620
123695
1169205
291780
628469
1483406
590846
111577
73745
1319293
1663719
22359
61287
316451
451793
100759
295795
837069
641314
62354
847949
835462
1237183
83966
226281
1368287
775499
59653
174000
176683
1090851
123404
16407
112087
203442
202487
250468
94685
31844
209328
381240
466858
147859
868011
26940
988322
128586
570644
706324
426077
21277
33528
788143
68287
712289
365239
320839
969481
140097
22646
416168
71626
229116
30729
229331
231439
380410
18589
79515
790940
131194
58279
488373
1078889
145807
1027467
23324
1117115
84608
539184
34363
438056
70188
297281
67378
127864
17280
994101
1382866
653065
159553
820799
17925
70425
3797
121280
64482
57127
22530
37480
23643
75566
351550
1280803
597609
739805
918370
298147
902452
241255
164773
1675464
763700
1566107
189609
234016
472180
1674046
59441
2469286
1340669
1257875
2318675
500162
2344466
988959
69386
1494547
326154
832324
1065954
988560
344312
266037
1367710
155322
154776
98901
667626
859414
244141
155246
373921
2303353
984720
643407
937347
507793
210705
1680731
1573256
1727896
1405134
1372780
282616
1434910
249239
1798485
902743
1039794
457108
698778
748804
292947
545866
53197
117523
657220
182909
178560
560238
468895
34450
750005
35645
465685
291403
1272377
259873
115683
167737
23050
231745
274660
1160810
324267
181475
92277
290388
332714
1199293
154099
63523
262980
15731
457002
32778
372128
85632
235886
17304
2053217
47759
62389
121913
151976
209566
1105418
368471
1412257
1089546
618750
33836
46393
489303
1230247
90392
1312566
2196934
1438999
646307
131686
364388
956022
53853
82536
796822
226089
69298
675919
280541
2120390
31006
513662
142532
553925
522488
399307
249685
