8520448
8365468
11966392
7678306
4267077
5515439
8701087
6106866
8282160
11573842
10563405
6959161
4488811
2788906
6696093
5810813
6207849
4291721
9275662
3164645
4112745
4537068
7208859
6778751
5585759
8365172
10146729
7740683
4635682
3836789
8196026
5251647
13266922
5705947
9666587
6570193
11363271
7525599
11254913
5740765
12413354
9685031
14590794
9748049
8697618
4727851
11894785
5940052
8597994
6291374
6518237
2395424
3252025
4325182
4720643
3346714
8988351
6326958
11190194
6856441
6020911
4326804
6621171
3677136
