1407636
3579997
4706735
1886316
1820623
2186778
3093207
3988516
3222595
6056896
3806137
2745870
2774413
1541610
2656464
3273378
1772997
1081665
1896825
723160
1019550
1788636
2079395
2188718
1837326
3632885
4395611
1958106
1157195
2281717
3315305
1224975
3982273
1077814
3084813
3087978
5147451
2892501
5375395
1964415
3625721
3962229
3042591
2941375
2109689
2411080
3515882
1144946
750291
2920387
499543
1345538
574871
1292415
1013837
997160
1543677
2602403
2216480
2471035
2499292
1742382
2602707
876210
1710986
2392064
3002807
1388150
1464956
1155810
1830858
1072315
2104184
4881006
2962680
2015953
215717
775659
2023082
1317531
383725
1480991
2511141
903932
366008
1640042
2080956
2188456
639502
4687512
2734445
1465823
1735414
433741
3757851
2728178
3751091
914909
1085228
1567476
4447227
2080156
3390748
1055287
2943977
2611904
3775766
4373627
3600302
634009
4141775
1940751
2340257
2009122
1278073
315238
2077112
777380
1120950
1468298
3106019
1253305
4581214
1687191
1453418
1693597
2024013
1310986
4703931
2547889
5786529
4427036
1779854
973627
3528127
1224348
2363897
3079233
4779317
2934151
2204512
928829
3551794
1722066
4489386
2622328
5865169
2115194
1934791
1902010
3488683
2521181
3476461
2116174
4020682
5184123
2652412
2198569
1520077
1070728
6168492
1531422
6476038
2184786
2384599
2402598
4429283
3333836
6123975
3625510
6320819
2766651
3258130
1450718
5133238
3328613
4544543
1746416
4934741
568221
1175327
1798177
1580678
1604695
4106772
3567715
5771317
2533432
2588830
587936
3209786
1710840
3770410
2585798
2361767
2553927
428106
2774757
3392688
1705445
3561577
1386568
2044644
1501237
328249
636751
628089
1407057
1865078
349017
1699075
600749
1966259
956806
1890291
782568
1375037
555994
2569094
1722850
406559
541682
2047925
1483589
3590329
3998192
2531655
1588903
3136950
2494514
1616996
1100059
3687407
2361520
5720292
3116136
2834784
1682933
3217630
1697353
3652022
1639414
1788791
777053
699079
1737988
2524168
418325
2971572
943046
2336440
2758331
1329828
1364700
1188913
842082
