102231
370073
357904
102113
335261
678388
440968
1148172
753321
2557432
1009903
945170
61160
396656
483503
198057
363803
1736970
403001
277846
403666
439547
741645
1150767
848336
1861852
1274920
192610
1002260
845424
1549779
392760
1508750
530482
754968
649418
475545
1678095
1703395
666401
541808
2095424
566665
836057
268170
1746140
936803
464387
461953
2544608
92582
729469
176011
409785
291402
583576
415855
680448
1343489
110178
588901
592978
255804
223768
42291
106625
331050
495235
621453
471169
1748447
836000
283656
41400
381174
146018
151991
202536
1091381
423710
1023430
72968
775408
132817
38577
174517
420773
498583
359319
711687
1431722
277504
417023
199134
1772826
357146
1123003
237313
243434
1255850
314944
920051
188123
1391353
812930
2041717
2455794
1354431
927184
118785
1555417
130328
78566
878318
254741
117698
55352
1414769
117248
403877
1506704
476857
2097521
347492
228025
279396
409566
276321
613670
598402
1332095
467468
1039234
159610
134843
1361037
644688
377008
1779993
1591130
640478
186250
821612
697405
967289
469805
2106942
91444
809324
788369
1795525
817016
716875
611962
1658255
1323433
1077578
447420
416458
788825
1323989
725554
696372
1046942
1616007
603698
1664194
490375
1124113
287977
693782
1399234
738043
407944
1010461
340955
1388870
201042
711463
118643
176389
201583
1041846
643081
781555
679182
2045257
293719
295270
124382
1184411
1116540
196025
838112
803644
489669
632754
1236528
1181117
276919
126622
631572
208810
71271
221428
251992
321071
641056
197217
154950
664098
84175
328666
360512
416392
1109671
56579
312542
1020188
284596
288642
53415
223389
571398
1354648
613851
267146
622891
1414984
499387
893223
256143
1309155
624247
1166665
537434
73211
177326
876936
223361
506184
219444
1433841
411553
62202
649986
143611
33300
455915
570901
1321311
251070
562682
114069
116595
392834
108065
446692
395507
43386
122486
730607
928304
160295
141750
821955
1096513
1294993
69123
83412
1155626
60014
314290
752605
55340
897140
751013
12299
473526
261916
163044
254902
1731009
897690
84990
79701
939272
433681
804131
972664
240762
560717
2339283
1360702
228177
230078
1322701
582451
340209
238726
662451
75754
1019765
176975
398478
192593
314495
99014
144556
42225
157631
87271
317968
1416034
468771
234007
606195
177208
583958
210450
326409
119859
1004279
38157
1038190
124651
934846
75357
1241868
1246693
106085
332474
238154
42577
384270
127633
128473
263708
679697
152227
83876
233026
576257
205452
183648
636450
713948
19536
166940
33208
777795
330615
322236
562508
280914
378887
1115072
76986
2490422
46809
1525526
961472
972063
163760
319478
9806
292903
67085
815501
1458213
294477
263827
220800
17312
126997
194034
1590302
904636
1834328
448166
202606
862787
378529
260130
1230519
1375898
635682
280154
50713
719225
725317
157393
142226
1144420
128215
233310
356107
357886
1217467
68089
884469
205831
771223
1354634
19968
107421
963911
78424
124999
623120
1385103
1511258
205469
58198
1259377
195481
1320192
841549
849497
1461795
494973
1993895
1700835
2175899
1619866
550384
963181
1679884
1992561
536940
981845
443580
1516240
88618
2087857
135572
39022
79684
239786
134693
786375
1791563
1223553
410220
520089
71446
615945
35113
52080
1312370
181550
1281939
49183
538579
1895066
75826
408796
178773
320925
994584
127736
297857
137621
83065
629508
431865
1053596
105460
67047
71188
397801
1055488
69675
231396
119936
190802
54862
104472
762106
414138
168686
970663
2304034
1006361
461635
841915
248807
246359
863951
2216172
1868914
922529
473400
291277
240464
661378
807120
522196
227390
395572
39842
695655
1394516
183928
711805
803843
187719
301762
133933
557944
438152
455424
305340
1372533
2781563
961680
860013
279996
1950405
648207
1794246
672082
1547670
386004
966553
740259
399713
1327706
282991
1064904
161403
99355
147070
336939
483290
750243
1628922
590913
2175643
105337
90401
940915
1289324
252464
549542
1170309
1549718
576396
676203
166313
1335170
583338
1588318
1221704
1352571
593254
1387662
40178
1397748
1147460
1268194
544364
447190
498759
329221
1423395
1025585
233165
1795502
884746
1423760
836149
1159385
68697
546529
624251
231100
1207856
1923032
776915
281549
479495
252605
283344
602538
2475896
1001484
1185251
563103
162380
826557
797146
75669
1416099
1012943
233991
1058685
412234
397709
469046
757760
1906258
433822
231361
1112492
289997
1032742
739310
1511242
807123
474897
221309
1345277
131871
705290
161226
1170288
2339392
380952
2165767
1941045
350410
2151597
1028293
1701843
102830
1105487
229725
1916776
146729
323423
552730
407095
196390
1367139
267426
1120713
332207
962768
697402
1872304
1062019
1210224
2493241
346634
608186
1816527
856242
713640
1055354
1982370
224679
1543434
514547
1603422
1222772
1095367
213381
1605725
207077
847905
1013787
173012
1226066
1903668
768961
2705426
1639804
1444130
2018895
391883
1188648
2392889
1001146
1738326
1513220
461590
357504
1565219
892932
2213557
747464
1535099
755111
1196646
499737
2330680
605360
2612787
794001
837086
318900
308798
440533
226705
873591
2790255
760154
1472549
438781
132817
368267
676583
955611
2170332
2330844
677056
1308302
74988
608123
213279
294651
643472
1446153
1958522
344682
89466
213826
295382
128853
86787
276598
181908
216231
487281
149352
572141
128453
1006458
254232
184426
290222
134667
37525
1100584
474284
1606864
361682
2139074
1054409
745045
1541222
486007
681181
1069097
1423381
2386979
308272
766064
38868
581902
125416
369275
106140
610545
353353
188577
79860
285632
121251
315882
136414
1342441
1381313
269733
318412
1333190
583745
417562
418644
1737530
35983
1469866
1047791
859860
1839741
757708
475299
390669
793853
2733515
242060
514610
80660
13582
126764
235866
595447
704406
346965
1084892
587794
221586
113846
1486107
1539626
153782
128061
658345
116296
153442
24176
855172
565591
149935
1008386
1050578
1255297
350801
484011
1249320
834694
104322
204318
454428
934294
201087
50246
184417
111425
451378
342326
198310
233893
329203
87283
402923
172845
221095
54556
1214722
126869
397080
509589
98353
58535
78410
426884
115635
344402
453057
397673
1001091
275226
51677
25150
134363
231995
261563
427982
463340
275245
43775
282578
161455
142224
248824
484300
1047321
165195
1137870
37331
1199527
277778
574991
47254
648456
146331
443332
44456
265760
122756
966887
1024443
1008396
284222
648729
16519
215453
19241
234529
120216
251816
35222
30746
13049
44904
187229
952506
223313
585702
606384
404053
840454
255755
352585
1716591
707811
1229949
198425
173386
230928
1825467
201088
2349327
188272
874713
1931371
226365
1953336
1311301
414225
1193887
410235
788435
699991
1061851
432616
402537
1057024
277245
344473
315758
1010544
415699
418334
173029
943459
1614114
1061188
702849
868195
551983
313401
2098505
1489565
1693689
1696557
2067589
801992
653864
409255
1146776
745931
978376
109232
767054
156150
238757
618758
228179
99642
809551
230058
458414
374992
493474
111732
697899
400495
195411
742367
758439
494968
214979
345142
75317
412361
428424
1212851
435593
291739
108926
465199
239780
766809
152350
103242
228586
38777
550210
51402
562568
360338
284395
79452
1962947
137155
164204
81578
289208
394800
729165
488893
633212
1223142
475034
73597
325130
769015
1013696
202995
845781
1191515
704566
680122
178284
694227
513612
201042
100445
421586
232974
103674
641476
594346
1593552
132441
404401
326035
271946
590162
568998
379475
