23073
126743
49473
1471
140370
4741
5775
31759
31670
50648
118919
7673
4062
483
34
8891
74
148629
93546
49732
2671
55300
127226
66398
131458
5824
155682
13783
10388
166108
171902
71189
25353
16733
80385
153474
247116
219329
142984
228586
80622
307507
15707
180090
14777
185072
170464
22886
5401
3519
2331
143598
329
1143
17057
6703
684
1070
1806
791
563
168585
40418
4626
500
32114
16017
4098
684503
150331
438016
17764
143943
7554
98084
13820
16169
11559
7415
49621
90634
42781
120291
32921
31623
7950
80223
84836
8575
86639
114193
28013
220318
70342
330381
32854
100606
38295
187606
266676
36764
130936
251956
1089757
62885
598775
237979
124586
34647
38557
53071
85743
2
63128
10001
765
52
250540
35847
174897
271761
123100
169776
7254
13542
88987
41279
3408
154730
29572
196994
26003
78685
70510
17945
123226
26003
28985
112205
4604
39659
38105
200983
140741
14246
89414
184204
1164
2584
117047
31212
401060
116833
13310
35488
32956
45449
156178
110158
106618
244601
3953
8055
76178
105271
208240
921913
174640
118055
39334
157428
15017
164293
97164
89698
97737
4589
22656
18457
1625
12460
104020
1028819
215079
56369
8722
182542
3291
11097
15924
16210
4890
124620
101280
37815
15250
455017
857290
43939
68076
102
26312
8027
12433
6494
7145
999
710609
1322
717
137405
43777
5675
13896
6
152
8497
3325
18766
14
55532
3392
170445
195477
7606
130012
25491
6883
35199
241835
7633
13553
270267
253506
451951
6901
26065
44797
3173
139844
559
1536
18312
19470
0
2894
171879
0
9020
32966
93
1006
14120
4132
5418
36244
12
235
239
1324
22974
23753
77391
10548
8115
54151
8129
14808
0
8866
477129
0
4054
12372
168594
554794
6876
289
143507
2
9451
1205
919912
439082
0
10595
816564
162
17508
333
59791
261465
26
73772
0
3371
152084
40074
33060
95087
17478
29
7287
13575
28727
3415
69
0
13961
0
43215
4
13576
993281
1082
0
18522
6789
116572
52267
44730
89975
916622
0
289
32758
33
156976
199375
207198
5770
79
695
89
17247
123797
8146
7446
34772
17415
22121
148302
12897
5853
11874
98258
62126
16449
6143
6580
86684
39786
32484
49396
10203
679
569140
16896
45380
6011
413802
209707
105197
285
42237
14467
22673
34835
12322
229324
64596
4116
105055
210
117692
52230
138223
330442
30242
35877
140497
198456
45011
37266
117892
382744
26781
12036
94
75688
158260
7267
149913
75760
4211
74448
44995
458380
551738
943
51837
6812
9667
20671
11827
102900
192508
10942
21092
4068
12
252248
410456
35857
775236
25095
60013
237064
110648
18615
115652
772620
41942
368952
1030727
67796
194497
1008947
159578
232027
50561
20707
13078
21708
31863
39139
20530
118373
38157
4639
52030
41646
327672
46435
27425
20419
88073
70816
62
7
18
34791
196
3486
33350
29298
12019
6573
146532
31
105
18341
3441
19542
5
187
16
5
4291
17390
144044
846434
156
56120
34223
50
12970
88
228836
9022
62131
19570
969687
91810
59703
46676
3524
122120
297803
10816
566315
288860
8431
194
11507
7038
1318
135864
6029
16828
6919
21
194454
20511
3523
16397
20354
44421
33920
40286
62803
22516
20172
9650
127465
187462
18816
6272
74946
5127
42757
71419
158026
21708
38935
9973
7443
10846
3235
912464
61927
31696
34942
4210
33858
25208
4904
3730
80052
191
1
698939
270504
32
29188
86949
52821
43639
14
32338
51037
63972
600341
6113
459920
33845
10224
8
27179
1003532
43522
25246
14588
2144
22641
11826
118740
3368
109754
31
432914
17557
232923
0
257768
191475
3817
138480
7214
131194
28697
15118
44155
71995
87974
50331
106054
821590
35321
1192
605
137890
19981
315686
449
296187
51763
22766
269774
159191
261067
32888
151473
0
157614
12011
413360
24935
91977
128150
188415
9106
17075
16784
31153
31
299320
700725
110596
81051
21256
3108
1940
13906
130238
54919
800345
15170
17167
62999
3566
78542
31862
4018
326537
92875
12801
12526
473530
133701
72852
92582
192095
278040
16667
14384
342768
34
28558
27918
7718
1
199141
24894
849670
185565
98875
141
868663
31997
4956
34850
0
593771
832190
34062
131458
12593
43184
85801
2291
121472
451444
18051
36128
180648
18474
13449
70440
31591
290921
198093
348754
116354
87792
707
250168
59171
474119
1438
54596
71945
56188
39666
98549
66661
33289
89781
138254
680
12784
29865
8524
78770
8071
580089
150267
245701
775
16600
9656
13795
13
71258
284258
21260
12058
8550
4717
1592
3557
98340
8241
31
30126
947
71903
1308
978767
21970
73925
9759
20
0
213390
141
73472
18863
90386
106545
55
4235
810
11218
29803
447563
584594
47201
6689
67
22
77
4354
5069
15458
12
74
19565
9826
22396
110033
288
775028
34086
68
3299
976223
30231
219700
30254
123107
500
54218
149950
131121
216525
31632
107159
15216
14
137191
15217
83312
22305
4827
110
537
454877
141734
42593
787659
9497
57573
108553
37892
145737
7450
17562
40882
38559
719
71
34360
17275
142063
312526
3713
68800
198015
7734
18522
12511
9173
60
109935
18747
3676
83
4
3009
785
934
22683
11195
45421
33469
2610
0
2746
6
569678
142355
3062
7667
0
3725
11
1278
0
27527
57748
442712
155583
135357
49759
15
1
35335
137628
0
220367
30806
14444
27407
11093
96137
130
227
18639
140319
1665
0
996608
61296
3481
5121
11708
10274
162221
41590
17
23655
206032
247972
36215
15194
48801
5
4291
8131
5667
59119
2873
24431
3010
4026
86
37976
141794
292568
20817
16342
11129
220891
11069
30456
150290
347346
195690
190
14182
227124
230823
174167
23035
311171
83898
4488
25955
378078
51480
65744
1173259
12083
138298
134622
58
20125
328019
255955
49
9069
6004
317015
3901
4341
14159
107120
27074
291581
194466
45912
8427
262126
16418
237044
113739
599545
119740
150616
11838
22603
52130
172042
1412
12555
3102
15308
4013
16741
17208
54599
41
41645
33163
10480
42733
143627
2838
450
11418
147050
281291
61333
229
3841
6
3123
33666
843540
38045
118306
2840
145138
4757
21394
232
0
81078
1
0
7
2863
0
3738
2992
209409
1
0
7827
4260
3312
327817
8196
131
52
176628
32972
5833
10534
336467
11288
129946
143990
61162
236
629
374
14635
84919
15443
268196
153
165
13352
6355
9136
455
90946
133
16845
13670
30456
5852
671
2188
8676
7374
15373
524
521
100801
95849
6006
6946
13526
134245
3441
2111
296
0
18132
111383
4657
4479
49226
670
225386
81601
116539
5011
71594
1223
6343
6297
2914
3777
63376
1470
16251
187
200484
4324
14493
33677
905567
36691
195
12321
1055126
39914
3022
1246
70973
1663
6995
43668
5
4180
71452
5049
45323
731517
140786
7883
2913
1655
490
480
2884
1132
233377
29
23
10731
810599
26163
1
168258
7220
11
22979
549619
121172
630267
6643
1122
6847
13850
13527
354
338
2909
154694
28690
0
46740
78040
88
17120
3475
361
9323
7569
293
12941
3531
86844
207827
498663
280622
220292
57053
10073
382275
145
0
205
7827
36328
2
3
1578
56327
50641
3493
840573
390
123041
30174
29003
75746
8439
72855
21106
9976
15964
13348
55532
778390
24355
32153
41517
19038
16144
92006
268291
367838
76427
43487
885250
36164
604261
72351
39740
14739
90181
17027
174501
8
27002
1
3931
255106
94305
300566
12116
487504
9902
414837
16409
68804
111129
957
250647
219
4865
10055
91193
0
128193
1422
287014
8636
97740
13
49210
105
67347
263
456292
0
2200
6403
11412
6893
244664
41348
18216
74323
10
28709
203748
75
451
142264
33119
7645
81
4026
50
2
9930
1642
13999
5918
0
11336
190
7817
8206
43590
67495
12413
9
11978
16550
11729
5207
16237
25438
111002
1000004
308459
184242
30539
18056
32076
48162
182509
3039
48
12600
6927
0
972
442569
139503
0
3
7366
111
98
0
163252
0
37802
6173
85385
10690
3905
101476
102171
280
93042
0
0
2950
6193
12929
930265
56285
368
0
136789
0
57273
712923
5076
138738
204776
13730
19150
23997
7424
3833
8037
370
7936
30
60810
112905
3849
780237
3634
56177
84724
370942
10
38584
2142
12498
47663
3538
15300
26101
73
0
15321
20102
32945
4
11044
11488
30148
4346
1086
279102
24026
266
25252
0
47067
86291
97994
4973
49974
241
205828
221898
4182
2424
423474
22485
51643
44135
34644
4364
18984
17414
14691
217016
10389
26068
207696
143163
18647
4960
5053
114892
15642
10939
86759
4007
9085
5997
146219
10272
12229
92199
34137
53
396672
17785
48837
29594
42740
13189
35267
27
117
63
89201
69129
96476
21862
350
10321
10778
57502
165890
53373
72206
18162
102795
107616
37475
27548
18044
17133
162585
10900
5533
147207
64261
10326
24004
10435
6677
84756
112668
0
21292
9029
122314
0
1824
610708
276
63
11316
16904
3254
3665
305390
640434
14137
6
2880
16264
30044
9403
67660
400314
757
313179
152842
42835
134018
74973
130895
17968
812
0
16935
300
104490
220
67953
47813
6
3623
17
10849
583
13620
25976
0
0
9075
23077
6549
5257
289393
96446
445393
863
365531
1026743
22395
5247
84541
339881
30465
9853
146408
38819
7055
11
109757
4290
37407
206
21
10499
0
71993
60508
9597
1429
6456
60622
57612
72225
41492
21971
327512
431009
53876
317208
65826
2137
66093
1012412
89521
57731
155674
9637
5819
19
177974
38508
116304
140172
42770
10418
401489
16787
24955
95728
41692
8096
14170
50624
14834
53582
10063
2031
467492
4153
3307
6612
996588
25574
159104
19811
18524
12003
32683
5134
8081
11142
0
3450
43655
3573
41447
6288
125065
164578
829572
86287
209333
4253
4365
10034
18598
70
25199
275
37346
149114
4424
0
792962
5894
14469
2917
84789
16532
6861
1
90893
117696
38784
6492
93957
21582
86588
301647
5955
67286
290546
227854
75074
23916
9205
71575
37786
367
3524
57
284660
105748
10
11536
244081
16
3048
2402
32263
108
458996
2960
339067
121978
25
9463
2308
15430
31094
22670
920
86444
19609
189533
21578
3961
26758
198
6834
3889
21158
4300
23
38788
3825
15010
3630
25524
11469
232855
26089
114904
234362
82121
634015
17216
202005
7825
227137
141147
4124
3836
17068
14537
74672
1283
697004
7927
3061
3771
37853
3050
94192
160065
33503
99648
41256
345796
477112
59828
64275
116565
75191
6634
289262
60934
423397
351842
16549
3069
523604
79615
374464
697275
47545
378983
61187
172412
519763
527001
124405
242721
18488
117368
223032
36758
1049694
59140
16004
189402
43480
114634
128415
96592
209117
286727
173808
15217
889517
120542
184495
70829
94118
38562
3620
229615
266
29438
51513
145741
81546
13895
12118
1
13691
11740
102307
298223
127592
606
40
25506
16692
413
4856
210730
77979
8145
33169
8498
229110
17731
11
8891
47439
5789
3870
20693
7962
113552
47736
46451
44
1
7352
24
35002
12073
28914
13814
303018
4947
86354
335519
5833
125664
15995
24959
425115
2430
40903
146219
142581
9
22839
13840
22598
9266
2025
0
22079
9357
187
1329
148930
4905
148
69229
6657
1523
324
12288
3426
3196
287047
9259
2470
39031
20449
0
70711
91580
1191152
375
32369
0
287
4921
268
7743
244959
15444
14401
225170
26547
21331
1125675
13556
88
44
39184
54312
20362
11162
5220
8711
4
2831
234110
122126
60358
46555
190521
203440
61474
7538
4998
743533
8352
2174
30156
1
226259
0
89815
374
42465
12943
30441
27437
12566
4259
28263
9778
41
81
3694
10252
781
459574
101877
38292
404573
5441
595667
4128
7743
34636
11461
0
3886
94
4392
17
3379
6168
8864
98653
8479
6752
197739
14245
809642
34349
18569
163367
12894
237
6047
71866
32857
5378
137548
3468
30318
764
39803
4720
1002
4066
1427
0
0
14193
22927
12726
26445
17
43992
11873
111789
3366
178215
57203
22796
104749
54964
84640
3865
200416
42854
12009
4739
20389
201838
90
1834099
81
17303
9581
6329
306218
285225
43238
1604
35001
12663
67685
13898
396160
19775
223194
13235
193
45560
30660
87781
2978
444
49801
335850
16450
15022
27056
8164
10357
741827
1002967
753250
5370
79375
138190
234070
374589
33201
42964
149802
9744
11309
10641
18246
11628
94213
10129
7832
22740
6757
96
3563
2643
48185
1008
9068
255275
10764
137141
161677
137975
47306
697
3243
30301
99354
19549
11353
337
158450
3066
4324
30325
19313
8535
68031
326
105243
0
7175
3269
829911
12894
21105
31821
20478
27558
10658
23174
21544
43709
101203
24809
104120
444223
22186
14446
95274
6724
24779
510
38145
177171
32131
16651
32042
8875
86154
8277
60656
3926
13627
24313
56209
2141
97209
20187
155351
70685
36396
18350
49777
4412
88774
176978
295817
222798
138997
516215
267224
351555
2686
21104
975
204481
46189
1293
9900
3400
224256
29060
88950
175595
378068
1063242
295686
67821
174
118214
287729
14320
383163
72029
5985
77491
32992
51041
32185
80812
79987
172650
39231
146087
1747
11530
41078
15157
177704
22360
36401
570098
775
6506
8660
345347
21507
7119
8063
13990
23580
3292
712
37559
819
99661
59977
247570
21095
60
913520
1
36903
70732
39709
13840
16019
1779
15809
17127
37149
16461
275488
5956
6414
136689
91681
14152
57395
20501
197412
25590
15123
120937
139240
181242
430298
146808
98891
757234
48508
84235
155
33448
99967
178880
672722
111827
592
4522
610
115825
34866
3256
140786
83
154
743492
51117
14442
611150
76084
120250
11175
82
15488
53
3758
182088
133
49626
31807
914905
10982
4341
88679
134363
86278
911911
13723
16180
23417
51623
171851
131734
11393
1602
39
509
150062
12283
181803
172738
34373
700197
4319
42946
7719
417
173223
178571
58776
35461
506541
881250
9793
4217
3250
206022
76878
324443
264740
354534
141
15176
32992
836875
9327
12336
4754
67
7
0
2
168600
7238
126345
77
35
3529
139380
981288
4953
409335
87479
158119
272
94673
66797
36318
42775
331317
39581
113602
183
21497
80503
7756
3036
2
435861
34690
245155
123795
139881
1051606
12576
109506
258268
50031
31198
25964
177883
67469
525235
432638
360691
366410
244862
15551
135476
62060
231031
203347
457104
68719
211
28087
66220
35163
496128
4810
554483
6010
81078
0
2989
3313
318410
23
54057
59930
182885
170
808
13610
360
3693
13868
3771
11585
255070
197218
3307
70638
153606
26770
1040864
76430
66783
165910
8855
175527
931
28136
570
197
11056
22588
84079
3515
14911
272989
637
15310
15683
14055
89629
14876
54945
2917
92989
941002
91376
113083
2964
123368
457385
113332
26
343668
16274
481209
9347
284875
209148
136685
4156
6467
7861
23906
35916
134831
251306
246899
9803
367985
3
18
1208
34226
1067
34513
375
652473
4021
12167
22395
10963
48110
2892
811
9052
37215
271297
17050
127155
210313
479781
15457
27993
23516
114837
91127
244199
210791
51314
7799
89691
69414
162816
175567
30381
168010
91514
42363
21080
264
512569
9514
39465
168036
6883
748
3395
10
3703
4117
735274
214497
292521
163357
11779
203
8180
89105
514126
53898
114736
112250
66293
141586
77698
32855
253798
216146
9377
26088
40295
114505
898210
15451
26103
193634
15942
42878
3260
33
37646
35690
151357
245108
20686
114280
12637
11742
9813
9911
35626
8108
33250
9163
60672
3702
1
33
144568
492885
26485
221137
489473
162880
1078099
15339
42728
42300
268150
30075
137891
9185
198025
4455
309952
19934
202004
201587
41603
24112
56143
34882
291062
490368
100035
284781
11813
4273
44451
155
10501
41552
86227
616458
12160
87437
92231
27079
28173
229947
1087
787087
6074
145257
46669
21313
14130
472713
1001135
23
3816
99625
66871
170393
12472
17091
27875
5114
295
21569
45306
160232
17959
108622
1853
18536
3398
6861
1388
6969
14492
713610
36447
307978
12856
108842
13008
3058
228571
173966
8208
2884
3269
2
62021
45144
43692
542393
38431
181283
15541
15452
10964
210744
34367
770962
365977
37613
35090
209139
161845
348921
187463
30607
87108
16826
739941
347720
18206
43493
400017
15441
38301
440
194099
93846
52952
251649
492384
68404
464882
145
34878
63934
528517
15489
190129
9737
40071
16467
128351
13677
49159
150895
83422
884843
172104
435
3066
58
26489
3143
566648
152607
410161
83040
32
18193
95898
205448
1129899
88219
356313
22291
713727
12492
82403
5404
12112
154538
8464
75294
612
2718
3650
14078
62563
955516
445726
20526
395
69979
243124
0
47374
357148
31336
12322
674473
99754
124608
61287
29212
19465
13605
3
710361
84575
187893
236194
394626
934073
80198
20931
500731
10
14052
15974
554288
793581
188217
133888
114327
59617
396704
1961
265176
59711
2290
37491
1454341
18279
16658
83387
2171
10498
15837
24449
237740
68672
164783
53832
663097
254031
90882
774341
149510
138447
67390
512321
135761
131653
897275
23155
700099
232519
223346
154835
143317
14018
59118
190596
37478
91064
12084
144423
294527
128301
47885
17720
138865
99659
13442
147094
807855
271183
53433
694571
95326
20116
16179
238717
831265
59066
146352
79132
411421
69832
213142
63804
597413
23658
180412
39381
10407
7266
62242
115092
1102919
317067
101231
22302
16523
73004
183201
7635
166338
707476
144044
366389
17360
63648
977
202980
21209
266768
77474
62154
5871
110934
31071
2275
145208
6
61068
12764
221363
37119
12444
5015
3433
3
101917
58748
120193
10620
403697
70059
92434
135730
1158464
159441
154664
2710
220561
174496
109039
184591
413730
27536
23442
5906
6050
7735
66751
377
12500
20
80366
1
74654
67996
30967
4099
15241
205933
55625
22599
23508
108455
39457
117145
343209
1635
499290
184493
796717
106059
186156
106644
289642
20266
50075
1478
560035
3555
8122
9957
12826
5
4600
28865
36696
56328
10912
7677
9986
4278
3493
12594
190176
25335
2282
4030
17976
6785
74585
256761
19773
206742
66320
31893
305925
33521
23444
305
65825
11611
16951
29805
12059
22
4443
13521
23570
101424
55465
204166
21920
6955
9575
2297
1
10217
616
1
7431
140141
96452
8497
853
11568
5332
76733
37654
10053
6061
0
12795
137212
31731
6438
217358
374
20471
41563
11090
258
11605
3536
90538
3
124210
22
8409
8807
413243
5038
610350
1316
50780
0
20709
68903
158848
3446
30652
23
57473
1
9557
21874
126446
204
13685
916
0
0
108
10535
590338
6739
147397
56
6402
56641
9623
14192
70448
40603
187422
295
13790
67355
88457
0
42277
24241
494728
988264
4306
145141
128056
75
5084
24
130327
107722
30051
49248
21090
282677
9056
8497
26264
197449
131430
17168
13003
193877
80137
12
25246
55968
30645
3196
516255
107627
166237
106471
1063185
150779
4025
0
46179
75659
37873
9090
8518
18702
137498
17793
18
109
109906
22339
13945
113297
120
12
7706
113
65513
4089
22066
11754
4
14219
3094
1347
21348
54856
22013
11354
8139
837
3
889
200495
3025
15982
82
0
29
9050
10486
30385
6459
80455
16
31605
30
48602
19748
31972
13
85133
33043
2754
586
297
5372
87768
153022
104596
780230
174980
50233
9725
43499
3007
18491
34245
251
3601
50
91555
160
996392
184
29209
619
10210
52774
66476
14791
141663
36001
102076
251
47465
71655
4730
66815
9896
270565
191602
22261
14011
271
1281
552
7018
1122594
48660
26975
56791
71743
26511
188285
2392
304808
568098
58904
62533
173543
108264
59420
697
139422
84264
172912
11273
84735
20641
96316
140477
27294
239235
125674
19574
111162
68
7358
96887
1328935
6943
8140
138569
12137
757
3071
143736
245379
247697
58734
7968
0
369
17482
39
7
8627
4790
34218
260
9925
212
138411
20
14329
3708
16
20951
435102
6567
293604
124220
17794
96135
16335
31281
16754
40673
24550
375984
385386
60907
29203
6874
65776
190610
6703
56045
8590
25301
4163
93294
21796
36553
57647
25585
1110377
8430
13740
128665
32990
5584
11
137
6600
4283
6
21902
2134
7219
211974
30805
34817
8375
24067
87939
14437
78563
137
3236
31652
140
3177
3389
11164
682
28165
373
35662
3877
14128
3066
39610
18452
60956
17993
1137
137699
29157
165702
363518
13657
40240
882
281832
3347
885483
36
341684
97654
122732
10640
8821
194646
7611
2963
68289
7238
256639
17637
222019
119083
78890
154710
66173
1053
15527
8155
61406
12137
100
301
7389
193
63
314
336684
3592
11808
26084
752961
16970
227
3
17531
11220
5095
1547
36042
54
9374
27502
156393
4275
14
3014
9
8
230
26560
204395
762
137096
280
19444
0
1400
71063
161843
11
5455
3773
106827
625
163489
69514
11041
43295
180099
42195
4878
23412
41729
35226
30350
542
3528
19641
3362
7732
4481
0
18280
9246
241
0
34877
11975
8842
194457
407059
2844
148455
9579
9240
6520
14645
12333
6088
134793
6647
1256
2135
17
21
119
11213
0
4264
43668
149596
4179
3217
96349
13
4
433164
3197
1595
34023
354
83676
9154
9506
21115
31644
5010
56989
77335
30286
50762
333694
22355
201062
169983
240915
618395
0
169550
7483
51697
105021
38139
4378
49645
0
13922
0
82
165
34489
0
8419
2996
8835
12545
171465
712
22
299
31392
91
5160
136549
57683
3038
3400
0
212688
221078
5628
0
24128
15504
263
374
3668
129
17974
16641
10636
59921
620
3857
63
25016
5735
290
94483
91
51757
48699
5
0
12374
7815
111763
11346
6486
78
5737
103914
203173
3864
139676
0
14279
0
0
906546
6784
18896
34342
0
7056
0
8038
1994
1008608
4942
163972
26093
10798
35924
97096
416086
11573
8855
5090
189
10381
66
12544
523695
92028
13531
15
3242
7261
73371
71546
3755
5805
177374
2515
26439
24465
13
4297
32168
47761
73705
92870
0
2847
6343
153227
185171
59809
487539
17106
253001
3305
77761
166790
184170
127830
144738
92767
22343
27347
12208
103845
838
223
13
5
0
0
4094
11160
10361
15143
1564
29941
0
12
64
3453
8603
52
127516
0
43564
38836
15558
18
38258
13666
33
24674
6463
24961
7096
0
17962
4470
16227
96
38
6556
12264
6436
45653
4068
7
30311
48
22231
27439
139472
78337
564908
104319
530
282366
19147
11131
16373
26689
285648
30804
4954
15645
7202
46576
4432
0
22531
13326
9575
164927
198911
18743
27254
20206
38201
6822
26993
54921
7740
58700
45293
2341
316805
138
4216
297165
571704
42380
150839
76987
180915
19035
1391
282
17500
0
6294
0
18935
15087
65233
144744
89323
15264
108413
9814
313139
117600
139809
38806
2646
3799
19759
924518
1017386
54070
13905
298954
18928
3645
83853
8998
154222
352481
843405
10
160208
23
11865
13765
8907
3224
360538
1230829
211906
26533
158393
143653
96790
65941
99843
3313
55782
287
2266
176336
993686
7533
177289
89384
213
50252
12718
147352
112004
13427
140272
49
60095
109454
3148
9957
29991
14091
76899
112741
118933
192210
22767
309254
28949
7407
511028
12525
190542
56411
329
3546
10499
7973
11124
12611
37359
31388
20147
18769
59133
20803
363788
11912
141306
28024
158984
96770
16789
25602
12560
255766
25352
52501
38944
2953
33295
13058
160118
25475
129658
63420
379690
249789
10302
4374
248288
94452
140900
71775
28272
68087
167354
2984
24262
2885
101888
117205
2092
3995
37471
11304
32143
138792
2678
105288
248352
197176
971394
15501
60039
1144616
19154
139369
308514
543153
53827
377438
277563
62183
361847
18781
579955
17164
412688
276245
168070
110608
191351
40229
129353
192527
99058
427
150036
66
4381
396645
359342
123
413923
6358
38457
120440
54083
113565
231699
1307
182842
3272
12754
22678
5773
15295
5088
9853
157
10185
7743
15300
24021
608
497
10325
13075
137492
1275
14715
13514
21665
39
72306
17651
21918
13713
0
94462
5578
107476
1928
2008
8285
3518
41979
14457
44227
6670
759
66095
48739
4428
3238
114507
150
9931
0
59711
639
137192
0
11150
661
9212
3375
187208
37939
178
316
19511
5606
21351
34251
28319
10845
364682
83
4096
44151
159128
328
158621
27498
63777
137584
20791
0
243
29627
142879
12
140661
18802
9341
2836
1931
18252
17451
18810
2
1266
16283
87807
11882
3174
10867
42502
1163
244
68948
928001
12332
0
104175
51399
3425
97
160066
34159
2
10762
155361
13
489
142566
98467
3804
144298
97
53431
3
7151
41513
19160
11688
158479
2410
122
48850
2464
2856
9
37432
24438
110456
6594
50774
4
98
8540
0
0
58350
0
9079
128
0
238
18
0
120202
10200
0
0
7027
0
3488
104206
5363
13788
469
12704
6630
10
6036
493078
99981
520884
134837
172
27
23583
13
7630
24490
12522
25514
9229
14915
11980
19653
46410
10537
14212
2174
6
12556
16996
20896
140635
328648
6786
7168
7898
111
32236
10910
119418
43
5548
3699
1467
1002981
3939
50174
1
271491
7900
43
14357
35362
3594
8687
171
74762
41456
38
75395
321866
60751
29024
201535
250634
33904
117693
7768
3397
158135
15592
251243
11950
26917
72025
171927
155220
648670
35939
235791
25741
2610
3458
1685
5209
496
48992
3777
17737
68507
83
24547
2891
180622
24093
8778
821
32185
12413
10844
16450
6717
100346
10262
69821
9782
48541
143867
99162
34621
55325
4986
9493
77669
24
110
25
14308
29
82795
12804
134881
11326
17758
16121
119
103
112861
20666
22104
981818
557
3650
6213
27086
158804
6310
32978
82374
11555
5585
41852
12373
5119
14595
56826
56824
4151
5990
77946
23708
118806
12564
104396
69222
10551
26504
54012
11394
