487979
76312
500548
15638
166
861619
4978
23094
1821
184395
34890
1165273
270
325682
499136
1
47
23834
0
110
64743
784638
812776
818826
1114541
798605
1451
6
10
1663220
10096
1019106
797123
188354
14
13
27637
148657
1521
398003
13513
12692
35373
788262
191001
1938819
1150162
209541
6
147906
0
0
281165
505269
1030380
286203
788
6887
789505
1011655
0
454
0
1
252177
255254
660
813999
884066
155108
862929
1562
528382
9049
799055
68208
82294
717668
198471
109
28545
236203
255668
66474
1165
103673
29010
707834
2851
100959
786314
0
507204
2
262501
818401
0
516678
1657091
0
227
130375
800854
285
2966
9269
78171
11937
517
796526
794907
116378
2
968
9242
19536
1747
907272
715494
1480468
15
797369
9765
0
3969
9681
503010
515325
12006
1303608
2724
6325
573256
2441
193
763019
1307348
186211
500219
84693
289510
14128
815379
1
210188
136958
1591
25890
6239
310
152280
714
1027444
796568
460
0
247143
801136
18552
385069
860062
397
15264
9222
3
0
18714
411138
488732
979907
30072
36118
14917
277847
1584852
5140
1011729
192369
511848
1802
516657
1263322
873529
460817
776524
474664
2774
48
1
319821
617035
57573
588045
11024
575
0
610862
3493
121121
86766
213753
462
68159
765
3499
0
19083
0
0
1157
441606
1355186
513978
497663
0
716440
1
702639
455
326420
9242
251955
62
26372
597457
534604
1097
27973
0
285068
942
23577
610077
1535501
196997
361446
616
506300
10448
865927
92885
0
3664
0
21
67879
649
62883
844
0
962270
498992
179355
9142
26817
4205
500491
217767
213233
317784
0
797499
1044587
1145918
185531
24837
7431
518173
24800
6223
788957
0
2
930173
9151
3
54898
23500
74922
20
38038
132596
80427
794360
2
467032
7
3290
273186
355
1554025
13
161791
5318
515108
800003
9557
178
507819
1052081
4
1956
77375
253158
23830
581560
0
3499
1080122
716358
0
496
584685
294065
1317487
625
96549
63133
1100
192079
503454
493146
3501
457
2
0
49359
186795
1021542
520462
768234
9707
23717
279222
394008
64274
470905
491
4261
24712
9456
37848
18996
581046
26986
781793
107518
64607
73629
25645
563
1715118
26680
0
1493
9492
800180
75642
153027
5
1376074
1736
105258
784906
29
64126
1853
0
9530
709991
68164
71261
0
0
1509
50216
18
15
262962
1245
2313715
792601
604851
207336
509171
1676
1013970
484591
0
0
516670
428512
172068
796854
207068
1263244
694
9696
9139
1283
1593685
2884
204
503309
945
68681
129239
207923
1258450
235
284787
1053
529387
15
0
2175
564392
1309
785235
867159
939
505384
0
2
1131019
90125
243897
9841
12632
156
934236
29
569
73
483966
693
1658731
215
465669
6
295473
861759
294095
801219
1
113956
0
235
1446
72395
211216
252342
1797278
1508
12939
506336
298561
189240
16
517123
19399
2751
594
136649
8846
14
256486
765
902270
1987
398
1
434650
208217
1509
868311
492646
171780
533603
746813
27
26614
507556
1220
1184200
795093
3478
0
27058
14069
249428
0
220
520405
7
967
266187
1322046
26762
968299
54
196915
793627
172334
801282
501222
28
598033
13728
498116
182782
30643
19413
36908
480563
489512
69
796127
0
1528147
797087
159730
792531
897651
125175
1041428
15342
454
245828
68625
809657
800051
185487
25998
946
254701
516690
1066
0
796335
19663
407459
787783
915
510789
1150319
34218
1093480
21
6583
1283285
187934
793992
190194
494591
37493
1022372
693321
26689
67602
575874
88305
283259
0
442369
847
10000
16
282604
8944
597412
369704
0
20
1210898
26828
210934
2244291
193104
459
2
2441
136361
280829
356
1162
1433
20
503041
4018
812925
9251
493620
914
538260
278582
2384
279321
67033
513118
8925
135195
920016
2720
210406
932
179
619919
1984600
1
782277
10876
1300039
943
355
2008
155757
495764
10715
126252
769
467162
215
0
433515
1609046
526330
68726
14
478
800001
790
1255
734606
17971
520345
25740
361089
3697
748
8339
1019054
1044233
563038
118686
0
517046
1809
509264
7974
797888
464616
80062
435245
358813
1211924
187135
279629
207
0
503281
506919
125
107265
0
505924
506359
7
975279
0
736728
3726
1194514
611060
520446
352503
460658
90696
492067
782246
815214
217652
253814
17077
26036
8614
7421
792884
14794
76771
25442
3500
24320
0
12651
262054
931299
1317290
1073181
1434
797080
28
292118
3182
1897
37284
3823
1002969
345930
7479
0
0
14685
25156
732787
490164
3499
1548
922
0
819505
61000
801075
516590
0
785852
475725
182
802
433191
953057
1556692
618
47
457741
261925
637153
431972
794928
652189
283160
519950
470012
1380535
291180
212
793817
285655
1219
293019
2667
506700
795575
2
256365
0
36
179660
250825
23142
25051
304332
1085043
808068
65554
2210
521746
35181
75502
557625
194507
2234
24619
26561
68076
14
1107
209006
15432
915519
0
743080
505756
0
1076649
887608
586274
199813
283564
8523
3625
514978
505773
15
21013
120011
10202
574605
9271
9226
9367
1
491501
25816
187431
760
25417
67062
68046
228150
497613
5846
510971
489357
1995
466459
0
6998
0
19252
663
506709
859
1411
298239
4
0
1406
0
68009
253558
620
284025
28
538910
5303
59032
13
332
1155
282379
954030
917
255665
170
796097
796774
279448
9074
0
1522053
395002
488499
226618
874157
13034
836
15141
459712
395
69637
25147
1022
767440
792
431633
1
508
37
205272
594719
535082
693614
0
1283170
26853
485846
800000
1459714
28
95524
122
406969
0
265230
0
28
414377
534130
454599
59
10
240493
122
791680
2238
498069
7
592351
137414
1232326
464753
280227
25665
801221
487928
12291
1646
577330
506
75570
27759
662050
2222
970
800519
801573
287715
788950
519333
493834
942
1442
468575
892868
134
520203
906
21292
24831
462224
866409
5373
523940
502224
523883
244494
540456
776203
772223
67512
12636
800993
294548
26328
86522
244951
0
319
68
1598352
129
516526
1630
5080
915
254860
23108
1313964
564743
239145
32
926036
0
518
798488
515263
10202
0
65973
13
468681
0
505371
279228
185538
0
56
977
18
513013
319938
1995
146694
479
456
1054123
0
134
257742
0
146
600
1009814
854
2
2511
797732
492392
10450
453156
5855
1093845
528628
359845
279151
511051
783302
11173
2484
247979
1857
942
539479
10984
540
184126
498334
37081
32404
4968
42480
21857
10009
