640033
1276688
2342672
204717
1782956
1317935
3690074
1237333
1674641
1522646
2203711
1632959
2326711
674288
1535356
433881
860200
3005036
787823
1502483
1402197
469661
1916437
1521200
1942411
2020477
4459141
982930
431223
1285464
2306979
783216
970164
2162658
2760145
1529861
1790009
1957810
1618763
1963968
2100277
2804383
1945997
1204781
1630636
1424759
1565548
2231667
1574251
1944286
936807
795275
811184
1648954
857267
829921
1984094
2406259
2635672
313490
1426791
193227
1426307
678448
440065
860228
2298015
1164777
2038665
890313
1563638
1277346
1740025
2007353
1735880
1279053
827015
323013
2188445
793537
1337645
1325381
1377414
650351
1435646
531905
719868
616566
807096
2013754
1710528
216763
2548808
465954
2996988
959204
2070277
1505579
1228517
1215618
1814698
639196
1497452
1528614
2252215
4093449
3609393
1117012
863749
434393
1662538
534197
1621732
1697785
1191335
674267
1456305
1262374
345867
743259
3099120
1157063
3613062
541581
1257340
1253599
1312860
791883
2507457
2648625
1384093
1383408
1524467
1413534
2692900
1768602
2625683
1496292
2917776
2786014
1851743
2570866
3092914
1488794
2368109
743987
2781957
1820893
1247745
1885886
1499823
2644325
2042407
660940
3105396
2129093
1896660
1875978
1707263
1926146
3086900
2889862
1823100
3336300
1998091
2995730
4135819
2382248
4731155
1371528
3803174
3129403
2257872
1190849
3159458
785530
3141313
306614
1518358
376731
366917
577834
1565285
890857
2547685
1335210
2557933
490996
377498
470608
1797774
1447997
892327
3252038
1037970
2234675
818179
1698466
1477108
538722
397102
2334579
1221274
1174200
251456
584661
544081
1011956
212935
711463
1839284
171601
610323
422286
626318
2209487
1238667
797827
1813159
182044
316373
198181
1417848
958627
1828554
859003
4035674
2942106
2141619
1716814
694235
1551170
2085867
3263674
3705711
1957776
606315
359228
565305
551215
1096800
593768
1487653
550868
303340
390007
1276994
438413
2062764
1217272
2224607
752233
668864
507367
1732585
1005011
