5
55
5
3
47
13
54
63
6
111
95
1
1
52
12
46
0
72
53
0
0
66
2
58
68
99
9
2
14
104
108
51
109
4
9
133
55
61
124
52
57
107
93
9
4
73
9
6
48
64
0
56
46
55
5
3
51
49
57
0
10
103
56
2
3
0
51
58
25
52
4
4
1
0
84
1
2
3
43
0
0
0
88
6
5
20
1
100
1
53
49
0
5
8
19
65
99
4
18
51
49
59
51
96
11
15
134
103
7
5
14
7
0
7
47
7
94
50
11
9
101
109
106
2
2
48
7
4
0
130
16
54
7
2
4
18
41
6
97
8
159
46
53
44
53
16
130
91
54
81
103
33
17
29
62
114
51
125
1
3
70
30
20
53
118
48
112
9
9
4
96
104
1
2
145
2
6
58
3
1
49
118
1
2
60
5
256
48
2
7
24
2
1
2
52
49
4
59
64
48
0
0
1
1
0
7
2
101
2
45
5
3
51
11
6
47
1
0
4
0
2
1
4
45
89
65
3
6
16
89
11
4
6
33
58
4
9
34
84
21
59
10
58
1
0
52
136
0
57
8
50
1
7
2
3
1
3
50
49
4
1
67
67
58
137
63
9
13
0
1
57
2
58
4
24
0
48
5
11
2
44
57
6
8
39
8
91
4
79
6
36
6
132
179
9
74
88
7
51
38
6
0
123
6
0
2
0
0
3
5
0
0
8
52
36
87
10
40
0
8
2
9
0
0
1
0
61
0
48
178
38
51
0
0
54
6
0
1
1
5
0
18
67
11
3
76
94
12
52
2
101
47
0
0
2
3
127
56
115
3
18
55
45
81
56
12
9
41
8
72
52
0
7
2
0
6
57
5
190
0
58
41
42
45
58
7
122
0
0
1
41
11
0
26
5
49
7
0
59
1
227
52
120
9
0
9
56
55
14
37
59
66
5
3
54
42
58
8
43
6
1
20
6
96
165
19
55
57
151
75
71
9
107
0
120
0
28
12
6
5
78
68
55
27
47
4
55
1
11
101
8
0
5
11
81
0
8
49
58
42
0
0
6
1
108
85
4
4
46
0
7
0
7
7
46
30
6
1
9
76
45
56
55
56
40
51
50
1
82
48
129
58
4
25
4
1
10
46
11
1
5
5
83
24
87
7
4
6
36
10
49
47
6
12
57
103
75
43
2
96
111
22
156
2
109
49
39
73
52
4
8
46
0
1
37
24
12
96
112
8
5
9
20
6
7
15
48
61
103
26
30
52
26
120
13
93
56
43
148
6
56
109
2
54
1
54
0
46
104
16
6
59
107
0
3
2
49
130
165
0
59
7
47
12
74
190
12
76
0
2
79
52
9
1
97
49
2
53
93
85
0
127
6
97
3
0
85
58
81
12
55
4
112
4
4
4
11
51
100
121
114
6
114
58
105
15
57
0
98
1
77
49
53
27
8
26
6
2
9
37
3
76
58
173
52
32
9
6
65
172
90
60
4
7
14
67
54
45
82
0
6
142
10
12
66
53
108
57
108
49
29
9
109
6
228
20
59
53
68
64
160
144
172
53
14
10
98
169
61
89
70
0
0
2
75
12
153
86
68
20
24
1
62
143
163
13
2
58
2
54
53
44
109
20
60
62
0
0
0
1
7
0
73
2
82
21
49
14
1
80
3
54
2
7
8
8
120
36
120
52
10
64
108
31
100
97
188
52
56
27
16
1
30
4
40
2
3
3
6
2
9
54
28
73
81
8
13
43
54
61
103
1
2
3
56
60
1
96
6
76
58
7
49
50
2
5
2
2
47
54
54
13
48
3
136
15
3
43
99
0
5
6
59
103
1
6
60
2
2
53
56
10
2
54
89
17
0
0
0
0
5
1
0
3
0
3
3
3
1
45
57
1
53
56
6
2
2
7
3
126
5
26
50
7
0
3
8
0
2
60
129
0
0
6
25
5
1
45
50
9
2
5
47
16
7
37
5
9
121
1
7
1
76
2
17
1
50
29
93
1
7
2
1
0
2
0
2
29
1
1
14
6
3
26
46
56
117
4
95
43
51
27
174
8
25
8
60
136
51
48
59
0
11
12
21
34
96
1
61
46
55
5
54
55
13
48
30
0
74
55
96
13
3
49
98
27
29
77
206
77
54
2
13
50
62
6
58
0
5
36
57
6
38
55
60
5
3
2
23
0
44
5
117
57
0
44
4
53
56
0
2
57
0
2
1
1
0
8
6
2
12
5
43
10
49
44
43
91
0
24
1
2
5
103
51
44
12
1
0
55
51
0
30
5
57
18
54
5
124
41
6
0
8
10
2
1
50
0
4
54
47
1
43
47
