51
36
569
0
0
619
0
0
0
645
5
16
0
14
0
0
3
2
0
0
16
607
749
19
2
2
1
0
1
3
7
0
1
0
1
0
2
777
1
5
0
7
302
8
95
649
8
16
0
1
0
0
466
7
7
267
5
0
2
0
0
0
0
0
263
0
92
0
7
1044
0
0
1
0
0
4
0
0
0
0
0
5
1
53
0
695
102
1645
17
280
489
50
1
1
15
1434
0
0
1232
0
3
1
1094
9
0
19
1
0
4
0
0
0
0
0
0
1
0
98
1704
34
0
0
7
0
1
0
0
24
5
1086
0
0
4
13
0
0
2
0
2
0
0
0
0
0
8
4
3
3
322
3
1462
0
2
0
2
0
45
0
282
11
0
0
74
7
9
0
7
644
1
276
14
23
86
1
2275
0
0
97
19
0
628
1089
1866
0
14
3
6
0
0
0
26
0
38
1
0
0
6
1
1074
0
0
0
0
0
0
0
0
0
0
1
21
475
7
305
0
269
4
1520
0
13
6
776
264
5
0
4
608
5
3
1
0
7
278
774
0
52
0
19
0
0
0
4
0
0
0
0
3
0
0
4
0
0
0
2
0
0
28
431
309
263
1
7
143
102
0
0
190
1
6
263
1689
0
0
1539
32
0
404
1026
1702
0
0
3
2
1067
0
2
0
0
267
0
69
86
0
0
12
0
4
0
608
1102
0
4
2
0
0
623
6
12
0
408
0
7
174
18
1
7
0
0
0
0
8
0
645
0
0
3
305
5
21
29
429
1
0
1
157
17
92
1
2
34
569
74
29
656
903
103
3
0
6
34
593
1015
23
0
2
15
5
1646
887
40
1101
0
2
2
47
0
11
1
0
1
4
0
11
8
1
0
0
1
455
0
1089
108
15
224
656
0
93
0
0
7
610
0
285
1090
0
143
0
0
0
1
3
0
0
26
0
3
135
0
1095
0
4
0
0
0
9
0
2
2
15
0
41
18
19
0
551
0
14
0
23
0
24
1
27
6
4
0
1753
265
0
97
12
1061
0
0
0
1072
0
3
0
0
3
0
13
0
0
0
0
0
0
110
1
0
0
0
0
576
0
33
104
0
0
0
941
156
619
0
490
0
18
4
0
0
0
0
3
510
290
0
19
83
7
3
0
0
9
0
1
1
0
0
0
0
4
0
6
0
0
19
0
23
5
1
2
10
3
1
264
1086
1
24
0
2
4
22
0
0
24
0
0
0
624
0
0
1
594
2
0
1
4
0
0
0
207
4
18
7
6
468
0
0
3
0
0
0
27
43
4
3
267
413
0
0
307
0
663
0
3
0
128
7
135
1109
1
0
0
1
7
18
3
1
0
0
172
7
2
1
574
8
3
0
286
1032
287
0
395
1
1
2
5
1
0
72
1442
111
2
0
0
0
879
7
42
8
1090
0
7
0
0
0
21
2
0
0
0
103
189
0
27
0
0
0
1090
0
0
609
282
660
6
3
3
0
1
0
1093
9
0
0
278
5
37
282
6
0
7
0
0
0
0
0
9
0
1
558
0
33
0
0
7
0
0
0
154
643
0
3
633
0
260
0
3
31
17
12
7
16
1
594
186
42
275
1
13
0
20
14
1
416
424
36
3582
7
264
0
2
9
4
4
0
1086
0
0
97
0
0
18
6
1
0
5
0
1
0
9
3
618
0
1065
50
0
40
690
1739
95
19
42
292
0
3
286
106
2
0
11
1
9
2
0
26
3
0
0
0
0
1
29
1
0
3
0
1063
0
11
555
452
17
0
2
360
46
17
41
7
0
0
1
0
0
0
0
0
0
0
0
0
0
107
617
19
0
0
0
607
0
0
2
0
1075
2
0
31
0
0
0
45
41
0
0
0
0
273
0
1
0
6
1
0
0
0
12
0
0
0
0
0
0
0
0
0
0
0
0
0
0
0
0
0
0
0
5
0
1
25
1063
0
0
0
475
1090
45
1
5
0
1
293
6
0
142
0
0
4
0
263
264
6
8
0
0
4
0
938
0
424
442
5
0
0
0
26
0
1
1
0
6
0
0
644
4
0
142
0
0
0
264
286
0
5
1
0
19
810
0
2
430
484
4
92
609
0
2
0
0
0
138
4
0
18
0
0
1070
280
3
3
0
6
0
42
0
21
0
3
271
101
39
0
653
117
684
44
1
1
0
18
16
41
450
0
0
0
0
1
0
28
629
7
1
4
19
1
0
1114
4
0
0
4
0
0
4
0
112
3
0
85
1
0
0
0
1
0
0
330
3
0
0
0
0
0
0
0
3
0
15
0
0
0
0
13
0
8
0
0
632
6
0
760
23
155
0
0
42
0
1
111
0
0
0
0
2
0
0
5
0
2
0
0
0
568
16
73
14
0
426
2
9
1
88
304
7
0
726
7
0
0
6
4
0
5
1830
10
16
1208
9
1
4
0
1798
0
0
1
11
2
0
10
72
0
48
0
643
8
186
0
623
1
0
0
7
0
0
9
543
4
4
611
4
1075
0
0
0
0
0
277
0
0
2
0
1473
1070
0
0
7
25
0
0
0
0
0
2
287
20
118
91
29
906
3
23
1068
611
0
0
6
0
0
669
0
286
0
26
136
0
0
17
0
563
19
33
660
1073
0
0
0
0
0
0
2
5
471
0
0
0
0
1
4
19
5
11
265
23
24
0
0
0
0
179
0
63
266
0
659
86
0
12
172
582
1319
0
207
140
0
280
5
21
0
7
1090
0
0
4
5
0
0
0
591
0
8
0
9
13
596
1
421
1087
0
0
0
0
0
2
3
4
320
10
8
3
0
0
1066
327
4
26
0
0
0
624
0
0
3
0
0
12
6
12
0
0
0
0
0
0
1135
0
136
0
272
0
0
0
0
0
8
0
0
827
3
94
0
18
1328
3
35
12
668
45
445
0
10
1
20
4
3
1
0
330
0
0
15
1
631
0
0
111
0
0
2
17
3
89
5
0
763
0
0
0
22
644
0
0
287
0
0
264
0
0
0
0
0
0
3
285
0
22
0
0
0
0
24
26
0
123
0
1012
355
28
0
2
18
10
403
0
42
7
0
23
0
0
0
45
0
0
1
731
0
26
20
1
15
0
2
105
648
4
0
259
0
1
0
4
4
2
0
22
0
635
0
14
4
0
601
36
77
0
676
28
23
24
32
41
7
18
2537
932
0
2
0
1045
2
102
0
3
19
1034
10
22
1058
563
0
7
0
1
47
0
0
35
43
0
1
605
7
1204
381
2801
14
5
0
957
0
0
0
0
0
0
0
2
2
0
15
0
0
1073
1
1
0
0
1055
600
49
1003
0
394
0
0
37
0
3
638
0
467
25
0
19
2
0
2
941
606
141
665
640
1234
19
69
6
1
5
1072
0
9
90
10
0
5
575
0
1
0
0
9
8
48
0
148
1
0
0
266
0
0
0
0
3
5
39
0
0
0
11
0
2
0
6
0
0
1
35
5
0
302
0
4
0
0
0
11
1
4
0
616
16
435
12
2
2
5
0
5
1117
34
1171
0
0
558
0
410
1
0
3409
20
4
9
214
21
253
651
0
7
45
0
0
1091
674
664
376
0
632
3
2
0
0
0
0
8
635
0
11
0
0
2
610
7
14
276
0
6
46
284
2
0
0
1090
0
6
1
104
901
0
45
1
102
0
617
0
0
2
0
17
1
0
14
0
7
1
0
84
0
1
2157
47
0
0
3
1
0
676
0
3
278
1
0
26
0
0
0
0
0
0
23
1035
0
7
134
578
16
197
0
8
0
1116
0
1008
2
0
0
0
0
404
0
2
414
1
0
0
0
0
0
1089
0
2
0
0
37
0
9
0
0
0
0
4
0
617
21
10
160
2
0
0
0
20
1
1079
645
0
679
1
809
41
0
0
0
21
1
0
34
2
19
0
0
0
0
7
0
35
42
669
0
0
935
0
6
135
52
277
544
3
139
5
20
697
662
5
0
0
0
9
639
1811
2
769
614
1
0
0
19
0
111
47
27
1
5
0
6
11
4
1
22
101
6
0
0
1100
1723
1104
0
1
265
0
0
9
0
0
1
89
98
0
0
282
6
1098
12
0
0
0
1061
0
4
1
0
0
1090
1
574
0
0
0
0
1
1193
0
16
0
0
0
0
0
16
0
3
9
7
4
0
0
25
2
0
1
0
453
11
0
188
0
0
1083
473
0
162
4
0
1
0
0
0
9
0
0
0
0
0
0
4
313
0
0
9
42
0
0
0
2
0
1091
17
106
110
1
0
0
0
0
0
0
3
3
0
0
17
0
0
39
0
618
0
0
0
15
4
576
0
2
0
0
1071
15
0
32
0
0
0
102
4
0
0
0
2
0
0
0
0
0
0
4
3
5
936
0
0
0
156
0
0
610
0
3
7
0
1
1090
34
330
0
199
3
0
0
0
0
323
0
0
0
143
0
0
0
1
0
0
4
286
39
0
0
0
0
0
0
0
0
0
0
1100
605
9
34
7
1
499
4
614
0
653
293
0
0
0
0
277
15
624
7
0
5
83
11
25
435
564
0
57
6
6
3
0
2
0
0
0
2
1304
1
25
0
5
0
0
261
0
2
138
1
7
4
1
1089
28
0
1
0
0
325
2
0
1058
111
0
26
0
0
0
0
0
0
0
0
561
4
0
0
0
0
0
1189
0
287
0
2
3
0
0
7
616
0
1071
600
1864
0
0
2
15
4
0
25
0
2
2
4
2
10
194
6
0
15
33
552
12
0
3
298
1
1
1
10
5
645
1
3
0
0
264
7
1
0
38
0
25
1087
0
1
18
0
0
35
0
24
1089
6
0
0
5
675
2
280
3
7
2
1751
19
1226
12
0
0
1073
0
0
22
7
439
616
1
7
0
19
4
3
1
2
445
109
100
267
18
0
0
2
395
5
1034
0
635
415
44
0
0
3
7
1
34
601
1
0
0
631
0
0
0
13
430
2
80
610
0
1
0
1
1
0
0
41
0
23
0
1355
0
1
3
7
0
0
609
4
7
3
0
793
93
0
0
0
6
0
0
24
4
0
620
584
1
207
6
0
0
376
307
0
1252
1
5
3
0
0
357
1
3
0
612
1092
0
103
146
0
1268
0
1093
17
17
0
0
1
0
0
632
5
22
122
268
29
687
275
4
0
0
4
0
0
695
7
268
7
21
0
1
0
116
403
0
0
0
0
0
606
3
16
86
0
262
1
0
0
0
0
0
5
1066
0
0
0
0
0
0
283
0
15
0
3
0
287
0
483
1
127
1
3
6
21
123
12
1
28
0
0
30
1086
0
1
88
1
2
0
0
0
12
5
789
155
1
0
5
0
0
3
0
7
9
1092
1079
1085
14
90
4
0
1
1
0
0
0
601
0
0
18
3
0
0
1
133
0
39
0
475
0
4
3
0
304
656
5
1
266
7
3
581
0
4
0
278
11
0
0
4
0
0
0
0
0
0
5
301
1088
4
4
285
632
111
0
115
17
287
0
0
1
19
0
1362
2
48
0
45
0
1
639
0
4
0
10
48
23
983
3
2
8
1035
0
0
0
630
7
0
0
0
0
56
408
0
1
2
634
2546
13
113
4
0
60
148
0
0
0
0
0
0
0
8
19
2
0
31
1001
2
261
9
1092
637
0
0
2
7
48
0
1005
2
617
3
21
83
1087
3
19
1
0
0
0
0
2
0
0
0
0
2
0
1
0
0
6
401
0
0
0
7
7
0
8
21
3
1
1068
0
0
0
0
102
12
0
1
0
281
0
0
0
0
103
0
12
7
1
0
188
1551
3
9
0
0
9
0
1109
0
0
0
0
0
2
3
0
2
0
0
0
0
0
0
1090
37
0
0
0
1
1
0
0
798
0
1266
0
288
0
577
57
0
1304
14
0
1
0
5
0
26
0
3
0
646
4
0
5
0
0
1
0
574
39
4
2
1
1
18
35
4
8
1092
41
0
451
0
1
119
0
393
0
3
0
0
0
691
0
17
263
3
609
99
2
4
1253
0
0
5
361
713
707
1121
0
650
3
4
651
28
4
0
7
42
0
406
0
278
0
483
3
17
0
3
0
829
0
0
0
42
0
0
0
0
468
261
276
3
0
0
0
0
0
15
19
3
0
637
18
2
579
0
0
644
1
6
0
18
1002
0
2
0
83
20
0
0
3
0
0
7
3
101
0
0
12
0
466
0
0
3
0
0
0
2
772
64
643
0
26
648
1
0
34
39
7
237
0
691
695
584
749
672
33
615
0
486
0
0
459
531
0
1
3
0
948
0
3
0
0
455
0
626
32
39
1267
49
476
280
17
0
28
145
235
35
63
88
1182
18
19
98
2
3
0
613
602
1
733
114
3
7
4
1077
0
62
7
2
1034
4
39
715
17
0
0
5
15
2
4
12
0
0
0
630
1
3
0
0
616
0
0
0
1
638
2
0
637
645
512
1085
898
368
1
1059
25
7
604
662
667
2014
1057
617
2
6
2
1348
1
2
21
0
0
0
0
0
66
7
439
28
5
4
2
0
3
0
4
1124
371
23
1
0
3
47
1
39
1083
27
3
688
1074
644
0
16
0
6
0
0
0
0
97
6
0
0
0
0
4
4
8
4
14
0
20
6
145
5
0
1
29
3
1
0
113
0
0
1
4
6
0
0
0
0
0
0
1
0
0
468
611
641
10
403
0
1330
1
12
1096
0
2
0
615
0
3
0
0
0
1
0
896
1600
13
0
25
25
12
0
0
0
26
706
1
7
0
42
0
25
647
804
19
15
1560
98
1090
1090
0
107
1
2
0
778
0
0
0
1
936
2
0
1
0
1134
3
5
0
289
1077
854
0
41
295
1196
99
299
1
1
0
19
2
0
0
0
1061
2
5
0
31
0
0
7
1
1061
0
614
0
0
3
668
8
1
686
0
6
1482
23
1155
37
2
615
1631
1
0
617
0
0
0
0
1113
0
0
4
4
0
0
2
574
0
2
3
1344
0
0
30
0
0
0
1
0
45
0
0
21
0
0
1
3
0
19
1153
21
1
3
0
1060
0
12
269
3
0
0
6
3
2
20
1170
23
13
0
9
1488
44
10
440
0
7
6
18
4
0
0
21
2
2
0
6
6
356
4
34
9
4
4
15
12
0
2
48
0
1
0
42
4
100
0
4
0
0
88
1036
0
0
0
8
52
330
22
6
0
0
0
0
0
1
0
0
1
0
1
264
1
5
78
3
2
417
2
1091
2
10
39
0
0
0
0
24
1087
164
0
0
27
0
0
0
3
0
46
144
0
1689
1546
616
2
0
26
0
655
2
6
0
156
0
651
18
452
3
4
3
0
0
0
599
5
9
4
0
11
0
0
7
0
0
0
0
2
0
2
18
1
6
0
100
0
1074
0
6
110
0
0
0
0
4
0
10
12
9
0
0
0
0
0
0
1
0
0
0
4
4
312
3
5
45
0
7
41
1
4
0
0
0
5
0
21
2
42
0
0
0
18
0
1
1
6
261
234
0
0
0
0
145
3
4
3
82
0
0
1
0
1090
0
6
2
0
23
0
26
106
3
1
0
30
0
566
1
1
0
0
0
113
0
0
14
0
0
0
0
0
0
0
0
0
0
1
0
0
0
4
0
0
1
5
0
0
3
0
0
3
430
0
6
0
21
0
0
1
0
0
0
0
629
0
13
0
108
0
0
1
0
0
0
0
0
0
42
0
0
0
0
626
0
2
458
0
0
0
611
0
18
0
623
0
9
1
0
15
403
0
0
5
0
0
5
669
26
577
660
0
1
0
1
27
0
12
3
1069
0
0
1090
0
0
0
0
0
5
1
1397
3
0
12
0
1090
0
0
0
14
1065
46
0
3
45
0
0
1
0
0
0
5
0
0
0
124
0
0
0
1
0
24
0
13
255
4
22
4
590
55
288
0
1021
1032
576
8
37
2
218
0
0
0
0
25
0
0
0
25
0
21
0
0
0
12
0
2
0
261
0
0
0
0
264
4
6
0
0
34
38
3
7
3
43
665
0
0
647
0
290
5
0
5
1
0
2
0
1
42
0
937
0
0
0
0
156
26
0
422
1
1089
0
0
0
168
0
1257
1063
0
19
0
0
186
1
380
5
673
7
887
0
89
0
33
0
1090
1
0
0
1095
0
0
1090
0
34
0
4
4
18
415
0
6
1
0
0
51
42
2
106
0
0
15
0
618
17
1070
3
0
0
0
4
0
0
0
0
0
0
3
139
0
324
0
0
936
0
0
0
0
0
5
0
0
1
2
263
143
0
287
0
0
0
0
0
414
0
623
102
1
0
3
0
0
1
4
1
0
19
0
0
0
278
3
818
1073
1
0
7
802
20
417
1094
0
0
37
432
0
1
41
483
0
0
305
0
0
106
92
1090
3
0
1
707
0
0
0
311
0
3
0
1
0
1
0
0
0
0
0
289
0
7
12
0
85
2
48
5
2
1090
16
1
601
18
0
4
24
2
8
3
0
0
1095
0
117
1
1015
45
5
1023
6
50
0
258
519
2
3
0
3
32
4
0
5
631
0
0
0
0
3
7
6
653
0
13
281
0
7
1097
2
0
0
2
0
0
0
675
576
15
0
0
0
0
1
0
3
276
273
3
2
13
616
755
17
9
8
5
16
23
1
9
0
0
14
674
645
11
83
1
3
113
11
3
694
0
6
311
687
625
450
0
0
1048
1534
26
159
684
11
34
3
1065
9
67
5
12
1
0
630
6
3
1654
42
2
30
0
448
4
1
370
0
0
1690
0
0
0
0
1
147
7
0
0
0
0
0
1
0
0
0
563
12
26
665
23
21
2180
2
1
2
626
2
0
23
7
2
2
0
1
15
22
656
1189
0
21
1
0
0
0
43
0
0
2
0
268
0
605
1082
1
0
2
4
0
5
0
135
0
0
1
3
0
0
268
0
1093
0
4
0
0
1
0
20
0
1104
7
0
15
7
0
18
3
108
4
0
0
1
0
3
0
0
5
0
0
222
0
84
1
0
2
1
486
0
2
0
0
0
0
0
0
436
21
1
625
108
0
3
1
0
0
0
0
0
1
26
0
3
0
0
330
0
0
3
0
0
0
22
19
1
35
1029
108
0
0
21
0
0
0
0
45
0
0
0
3
0
0
0
0
1069
0
554
0
0
0
4
3
0
0
0
12
286
0
0
0
0
0
3
2
0
0
0
0
0
0
0
0
1191
0
0
6
0
3
12
1
0
289
0
0
5
18
10
0
1169
8
0
0
23
0
3
0
12
2
631
0
0
2
4
0
9
0
0
7
78
1039
683
1076
16
0
23
28
371
1072
155
0
0
599
444
1
0
0
1870
3
42
7
0
0
0
0
6
0
20
3
0
0
0
4
222
118
0
0
4
0
0
0
0
0
22
22
0
44
0
0
2
0
0
2
2
0
0
2
0
0
5
5
0
0
0
0
13
0
362
4
9
0
0
2
214
0
0
42
0
1
0
0
0
9
16
3
0
0
