4925112
9833574
10948454
6392204
10688572
9686841
7448310
5250583
8529798
7959077
9106903
9144349
3035973
7141140
9191708
2458554
8957241
8361267
7844896
7129050
5322004
8092335
9334232
9407299
6535398
7923576
9933638
9581655
5483525
5852383
6697697
8684279
11031720
7382341
10648447
6580613
7798289
9025515
6654036
7970448
11510284
6387444
13133771
12554632
6917167
11575172
12077978
7440302
6224713
7541407
5341282
1748673
8507389
5428562
10570018
4177060
9114843
9229574
11503342
6785811
5584275
4149799
8709874
2397520
