87
1
766
0
10
12
3
1
0
830
22
5
0
14
0
0
0
0
632
0
0
4
147
21
0
1
20
225
0
5
0
1
3
0
3
0
0
844
2
138
2
5
711
15
0
49
2
6
0
4
1
0
709
4
1
2
0
0
5
4
0
0
0
0
0
0
1
0
1
38
0
0
0
0
645
2
0
1
0
1
0
0
1
0
0
80
12
994
97
0
783
5
6
20
18
1082
0
0
1073
0
1
0
1073
295
0
21
0
2
0
205
0
24
0
0
0
0
0
4
1803
115
0
0
1
0
2
0
1
4
3
1064
0
1
2
3
1
0
3
2
0
0
0
0
0
0
1
0
1
0
18
2
971
2
21
0
14
0
2
0
143
0
0
0
110
0
3
0
1
893
0
21
17
693
19
0
1194
12
0
1
0
0
355
1071
816
4
1
1
4
0
0
0
13
0
0
0
0
0
0
644
398
0
1
0
1
0
0
0
0
0
0
0
71
722
13
850
0
7
0
741
0
7
0
249
0
0
0
0
249
1
0
5
0
0
17
936
132
180
0
56
2
4
0
0
0
0
0
0
0
0
0
1
0
15
0
0
0
0
22
23
706
4
0
15
3
0
0
0
14
0
0
0
1332
0
0
392
1
44
7
38
489
1
0
0
2
375
0
0
0
0
0
0
66
0
0
0
0
0
232
203
99
1712
0
0
4
0
0
249
0
56
20
120
1
2
647
45
2
1
0
0
0
1
3
0
886
0
0
0
9
0
13
1
21
0
0
0
4
0
2
0
1
28
646
45
6
77
34
11
3
0
13
760
2
222
0
0
95
2
5
261
275
0
383
0
1
647
2
1
3
0
0
106
58
0
0
0
20
0
1
18
669
0
1065
9
7
3
47
0
2
0
0
2
893
0
3
1072
2
107
0
1
0
0
0
1
1
648
0
0
0
0
1075
0
0
0
2
0
292
0
3
0
2
0
0
22
55
0
21
0
0
0
6
0
1
0
177
1
1
0
1015
1
0
205
0
374
0
0
1
401
0
2
0
0
0
0
2
0
0
1
0
0
0
0
0
0
0
0
0
200
0
683
95
0
1
0
848
19
931
49
132
0
6
103
0
0
0
0
0
1042
11
0
97
1
2
0
0
0
621
1
0
1
0
1
5
0
0
0
2
0
0
0
0
4
0
0
7
3
0
1
0
1068
0
5
0
14
0
2
0
1
62
0
0
0
311
0
0
1
29
3
0
0
1
0
0
0
1024
1
4
59
0
126
0
0
0
2
0
2
49
0
0
0
16
2
0
1
17
0
488
0
1
0
0
3
46
1125
1
0
1
0
1
316
2
0
0
0
181
4
1
0
24
1
1
0
191
155
9
0
0
18
0
0
2
1
4
106
862
2
0
0
2
0
303
0
4
1
1073
0
662
0
2
0
11
0
0
0
0
0
715
0
0
0
0
0
1072
0
0
248
38
103
1
0
0
0
1
0
1069
0
0
0
77
0
965
2
3
1
0
0
1
0
2
0
1
0
0
24
7
1
0
203
1
0
9
0
25
946
8
0
7
0
1
0
4
221
92
2
13
13
1
1
8
693
18
0
1
0
1
1
0
17
40
750
3011
2
0
1
12
0
1
0
0
670
150
0
0
0
0
1
107
0
0
1
0
0
0
5
1
349
0
1052
134
0
0
617
807
1
6
1
108
0
17
110
3
4
2
103
1
1
3
0
3
5
0
0
0
0
0
0
0
0
1
1
850
0
0
136
29
0
0
1
2
0
9
111
115
0
0
2
0
0
0
3
0
0
0
0
0
0
5
249
111
0
0
1
280
646
0
0
1
395
0
0
624
0
0
1
4
0
0
0
0
0
678
3
14
1
0
0
0
0
0
55
1
0
0
0
0
0
0
0
0
0
0
0
0
0
0
0
0
0
0
0
0
0
66
490
0
0
0
722
1091
3
9
0
4
4
702
107
2
39
0
0
0
0
2
114
6
6
1
0
0
0
540
1
95
106
1
0
3
0
3
6
1
0
0
0
2
0
247
0
0
4
0
0
0
0
16
0
0
0
6
644
797
0
0
23
72
3
4
246
0
2
0
0
108
0
1
0
0
0
1
955
16
176
0
0
3
0
692
0
2
0
1
0
0
20
1
1002
666
376
33
113
176
26
18
22
178
737
0
0
0
0
108
2
123
931
1
1
4
0
0
0
1801
4
0
1
5
0
0
0
0
0
0
0
1
4
0
0
0
2
0
0
16
0
1
0
0
0
0
0
0
0
0
18
0
0
0
0
0
0
19
0
0
126
4
0
806
4
16
0
0
0
1
0
0
0
0
0
0
0
0
0
1
0
0
0
0
0
767
0
89
14
0
43
1
5
2
2
707
1
0
697
4
0
0
1
0
2
0
1074
0
30
964
304
0
0
0
1805
0
0
1
0
0
0
0
108
2
1
0
889
13
105
0
355
0
0
0
0
1
0
13
1
0
8
246
4
1082
0
0
0
0
0
1
0
0
0
44
257
375
0
2
0
179
0
0
21
44
0
0
9
1
4
0
2
34
3
0
238
246
0
1
0
0
0
48
0
4
0
648
0
0
1
4
0
21
7
179
51
374
1
0
0
0
0
0
0
5
22
0
0
0
0
0
5
0
0
7
0
15
63
0
0
0
1
112
0
51
15
0
500
0
1
322
185
24
349
0
1
0
0
7
662
0
0
0
1072
0
0
0
55
179
0
0
24
203
18
7
5
92
2
0
18
1715
0
0
106
1
0
0
1
2
8
0
2
2
0
0
852
16
1
121
0
3
0
251
0
0
1
4
0
677
0
56
0
0
0
0
0
0
1093
4
0
0
117
0
1
0
0
2
0
0
0
1452
4
3
0
1
1142
0
694
0
451
28
734
0
9
0
54
5
0
1
0
16
0
0
18
0
129
0
0
1
0
0
0
602
0
3
0
1
22
0
2
0
108
888
0
0
9
0
0
1
0
0
0
0
0
0
0
3
0
7
0
0
0
0
0
15
1
29
0
403
1
666
0
2
1
7
17
0
0
0
1
123
0
0
0
2
1
0
0
793
0
4
2
0
18
0
0
594
15
2
0
1
0
0
0
1
2
1
1
119
0
704
0
12
0
0
687
42
30
26
325
2
637
6
7
45
11
142
1148
35
0
1
0
947
1
11
647
2
9
288
5
106
202
27
0
0
2
13
46
0
0
771
0
0
0
96
52
1069
17
552
5
2
0
32
0
0
0
0
0
3
0
0
96
5
3
0
0
1069
2
1
1
0
220
31
0
287
0
11
0
0
7
4
644
262
97
138
14
0
10
0
0
1
278
880
56
1524
816
161
0
112
2
1
0
97
0
1
1
10
0
0
24
0
0
0
0
0
3
1
0
0
3
3
102
17
0
55
0
1
0
46
0
0
0
0
0
0
0
0
0
0
0
99
791
0
0
15
0
1
0
0
0
21
0
19
0
737
0
27
2
1
50
7
0
36
1174
113
922
0
0
136
0
17
4
0
835
6
172
2
2
1
2
50
1
0
2
0
0
1067
32
22
3
0
373
0
0
0
0
0
0
0
730
0
1
0
0
0
893
1
94
9
0
6
1
7
0
0
0
1072
0
3
0
11
273
107
1
103
0
0
914
0
0
1
0
2
1
0
1
0
0
0
0
2
0
5
2027
106
0
1
3
2
0
519
0
2
8
1
0
649
0
0
0
0
0
0
229
210
0
0
0
28
4
0
0
17
0
1148
0
293
0
0
0
0
0
13
0
0
68
3
0
0
659
2
0
696
0
7
0
0
0
1
292
0
0
0
0
643
2
244
11
0
205
0
0
0
98
2
0
1068
639
0
27
4
834
0
0
53
0
22
2
0
10
0
0
55
0
0
0
0
0
102
40
37
1
2
313
0
1
594
1
111
983
11
56
15
0
679
889
0
5
0
0
651
808
577
0
23
245
12
0
0
635
1
110
1
181
2
0
0
1
1
0
0
113
0
0
0
0
971
132
1072
6
0
1
0
108
7
0
2
1
0
1
205
0
15
0
1121
0
0
1
0
374
1
0
0
0
0
1067
0
28
0
0
0
658
22
321
0
726
0
0
0
0
2
54
0
3
0
0
4
2
0
11
0
0
4
0
127
0
0
712
4
0
1065
139
0
2
2
0
0
1
3
0
0
0
0
103
0
0
1
0
17
0
0
0
1
0
0
56
41
0
731
0
1
0
0
1
0
0
0
0
0
0
0
0
0
728
0
0
0
0
233
0
0
0
178
6
23
0
8
0
0
859
682
0
52
0
0
0
6
91
0
0
0
0
0
0
0
1
0
0
0
1
0
840
3
0
0
17
2
0
1028
1
43
0
0
108
1121
683
132
0
0
0
0
0
0
0
21
2
0
0
1
0
104
0
3
0
0
0
21
0
0
0
4
0
0
0
0
0
0
0
911
241
4
122
0
0
1041
1
307
0
403
10
0
0
0
0
645
0
394
0
0
0
1
0
9
31
23
1
0
36
0
1
0
1
0
0
0
1
336
49
622
1
2
178
0
101
1
0
36
1
1
0
3
1065
106
1
0
0
0
129
0
6
914
3
0
691
0
5
0
0
0
0
0
0
136
0
0
1
0
0
1
1065
0
16
0
5
642
0
1
16
868
0
337
26
334
180
1
3
1
2
2
19
170
0
3
2
2
3
0
2
0
0
0
20
1
0
622
6
241
0
3
4
1
50
5
2
4
0
0
1
15
0
0
7
735
1065
0
1
3
4
0
119
1
6
1064
4
0
0
2
46
13
3
0
3
2
1089
0
781
4
3
0
404
0
0
74
158
113
239
0
1
0
59
0
0
16
0
23
15
0
0
0
0
0
0
14
0
421
0
305
122
648
0
0
0
1
0
28
697
1
0
0
27
2
1
0
0
22
3
1
893
0
1
1
0
0
2
1
55
0
0
0
965
0
0
0
1
0
0
883
94
49
1
0
1053
99
1
0
0
1
0
0
9
1
0
309
29
0
1024
52
0
0
4
18
0
1174
1
2
0
1
0
9
0
4
0
280
1072
0
0
715
0
246
0
1070
22
3
1
0
7
0
2
7
43
9
9
0
1
897
1
0
0
107
0
1
0
627
101
134
103
4
0
0
1
3
2
114
2
0
0
5
282
1
624
0
0
17
0
0
0
0
0
0
0
495
0
0
0
0
0
1
10
4
2
0
2
0
16
0
72
0
107
0
1
3
0
4
0
202
37
0
167
3
1066
1
0
1
0
0
0
0
0
0
20
816
1
0
0
1
0
0
24
1
2
2
1067
1272
881
0
4
106
0
1
0
0
0
0
237
2
0
1
3
0
0
2
1
0
180
0
25
0
4
0
0
61
507
0
0
2
0
0
41
0
4
107
8
0
0
0
2
0
0
0
0
0
0
18
837
1069
6
3
16
133
0
0
11
108
9
0
0
2
0
21
1067
0
0
0
3
0
18
15
0
3
0
0
326
589
838
0
36
4
205
3
0
0
185
0
0
3
6
103
0
13
8
15
1
934
1854
3
4
3
0
3
0
0
0
0
0
0
0
0
18
1
5
1
108
303
173
6
2
1087
376
0
0
0
0
8
0
284
6
910
0
1
2
1070
3
0
1
0
205
0
0
0
0
0
662
0
0
0
1
1
0
1
14
53
1
0
0
43
2
624
12
3
644
449
0
3
0
0
0
0
0
3
0
10
0
0
0
657
0
0
2
2
7
2
712
1205
0
0
0
0
0
0
736
0
0
0
0
0
6
0
1
2
0
0
0
0
0
0
1072
0
0
0
0
0
6
0
0
378
0
697
0
2
0
31
35
0
336
0
103
1
0
0
0
691
0
0
1
942
643
0
53
0
15
6
0
13
861
2
2
15
96
6
120
0
0
1069
5
0
212
0
1
0
0
14
0
0
0
0
0
895
3
55
0
0
933
103
0
0
1294
0
0
3
11
279
715
1070
7
7
2
0
732
121
4
0
0
0
0
13
0
14
1
180
0
20
0
1
0
835
2
0
1
2
0
0
0
0
20
55
2
0
106
0
0
0
0
1
0
21
0
16
3
3
139
5
7
877
2
3
0
4
312
0
0
1
1
1
205
0
1
1
54
664
3
0
0
0
0
7
138
41
0
1
0
0
0
5
317
7
334
0
692
995
19
4
206
5
6
14
0
876
938
28
16
16
122
0
0
179
1
0
20
108
0
0
0
2
310
0
3
2
0
136
0
302
694
3
1736
101
170
2
1
0
27
126
0
2
121
0
1635
165
36
6
0
9
0
933
1
1
793
178
4
5
2
1046
0
733
3
1
41
23
641
905
0
0
0
0
1
9
0
2
0
3
0
930
2
2
0
0
0
1
1
0
20
893
7
1
841
786
19
436
38
23
292
966
650
2
129
998
21
1231
964
247
2
1
1
1066
12
6
0
3
2
0
0
0
746
0
732
624
0
2
12
0
0
1
2
42
0
109
0
0
18
1
5
643
655
180
0
1006
266
295
1
13
0
0
0
0
0
0
0
1
0
0
0
0
0
1
0
0
1
0
1
0
10
105
0
0
113
1
0
0
55
0
0
0
0
1
0
0
0
3
0
0
0
0
0
712
928
356
13
31
0
103
3
0
1075
0
0
0
349
6
0
0
0
1
0
1
25
1052
0
0
18
112
4
1
0
0
109
6
0
0
0
0
21
59
611
755
0
6
939
9
1072
1067
55
6
0
43
0
890
0
0
0
0
890
208
0
0
0
903
3
8
0
17
440
132
0
0
16
1116
2
648
2
116
0
180
0
0
0
2
969
3
647
1
104
2
0
0
1
376
0
129
0
4
0
995
1
0
23
0
53
166
0
1076
4
0
246
990
3
0
247
0
0
0
0
1070
0
0
3
0
0
0
0
205
0
2
1
1063
0
12
0
0
0
0
0
0
6
0
0
658
1
0
0
23
3
1
314
2
0
0
0
846
101
681
45
176
0
0
0
0
0
2
1183
626
4
3
1
1068
25
0
734
4
0
1
623
0
2
0
52
2
1
2
5
3
2
12
3
0
0
0
5
4
0
0
111
0
0
1
151
3
3
0
3
1
0
1
39
0
0
1
2
3
10
109
0
0
0
0
0
0
0
0
2
2
0
0
0
18
4
108
0
5
16
1
1068
0
5
0
643
0
0
0
710
646
2
4
0
178
2
0
0
0
0
731
3
13
1332
399
248
2
0
50
0
1001
2
0
0
3
0
889
0
33
0
3
0
1
0
0
280
0
0
157
0
648
0
0
2
107
0
0
0
0
0
0
1
0
0
0
1
0
387
0
2
0
0
0
0
0
103
0
1
0
623
0
0
0
0
1
0
0
0
0
1
0
0
22
0
0
0
0
0
0
0
0
0
0
0
0
0
1
0
0
1
0
0
0
0
0
1
0
0
679
0
0
1
0
68
1
157
2
0
0
0
1
0
682
43
0
1
0
114
0
3
0
1
1
0
0
0
134
0
0
0
0
0
109
2
0
0
0
0
1
0
0
0
0
0
0
0
0
1
0
0
0
4
0
1
0
1
0
0
0
0
0
22
0
0
0
0
0
0
0
658
8
4
0
933
1
681
0
0
3
2
0
1
0
0
0
0
0
0
0
0
0
0
247
2
2
695
0
0
0
928
1
0
0
355
0
13
0
0
0
51
178
22
6
0
0
0
47
648
23
53
0
2
0
1
73
0
22
1
484
0
1
1072
0
0
0
0
0
3
0
871
1
1
681
0
1071
0
0
0
8
955
138
54
3
0
0
0
9
0
0
0
0
0
0
0
10
0
5
0
4
0
92
0
583
1
1
118
14
2
31
105
2
922
297
129
0
0
4
91
0
0
0
0
18
0
0
0
112
0
2
0
4
0
1
0
1
0
1
1
0
0
99
15
0
5
0
1
110
2
6
1
0
0
7
0
0
732
0
105
0
0
1
2
0
0
0
0
0
0
536
0
0
21
1
17
82
0
71
0
707
0
0
0
195
1
1576
844
0
1
0
0
115
40
185
15
43
3
245
647
1
0
112
0
1072
108
6
0
1116
1
1
1071
0
683
0
55
4
2
128
4
0
0
0
0
1
1
42
1
0
0
682
0
234
1
868
50
0
0
0
1
0
0
43
0
0
0
2
2
2
15
4
0
885
0
0
0
204
0
4
0
0
0
176
0
1
0
16
0
0
0
0
0
121
0
885
1
1
0
2
0
0
3
7
7
1
641
2
1
1
18
3
788
410
0
0
15
38
0
110
1075
1
0
1
21
0
0
0
72
0
0
19
0
0
8
49
1067
0
2
1
245
23
0
0
625
0
3
1
0
116
0
0
0
0
0
0
16
0
0
177
111
0
0
0
0
21
888
0
1
238
1
0
5
4
0
19
0
0
0
1091
0
118
2
1067
3
2
1523
35
48
0
12
1044
2
0
0
1
280
22
0
1
912
0
0
0
0
0
0
6
1035
0
3
10
0
0
1067
4
0
0
2
0
0
0
228
24
2
0
0
0
0
629
20
0
2
0
0
0
0
299
991
0
102
0
1
16
4
1
0
1
0
0
136
882
6
2
1
664
0
41
1
337
66
108
53
37
9
123
2
1
883
1198
27
123
723
4
43
1
1054
4
17
0
0
0
0
268
36
0
993
178
2
26
4
733
0
0
2
0
0
519
13
0
0
0
0
0
1
53
0
0
0
108
0
0
0
1
25
0
1
0
60
9
2194
42
50
3
887
6
0
621
0
3
1
0
1
0
55
14
270
0
1
2
176
0
0
0
1
0
0
101
176
0
933
1068
6
0
0
8
0
0
0
39
0
0
3
0
0
0
1
1
1069
0
0
0
0
3
0
647
0
907
3
0
158
106
0
0
0
1
0
0
0
0
0
0
0
0
0
0
0
1
0
0
0
2
4
0
134
0
0
0
0
1
4
1
0
22
0
667
887
5
1
0
0
1
0
0
0
44
0
648
0
23
0
0
16
1
0
7
0
0
0
4
2
0
20
299
56
0
0
2
0
0
0
0
3
0
0
0
0
0
0
0
0
847
0
305
0
101
0
0
0
0
0
0
682
18
1
44
0
0
0
0
176
0
0
0
0
0
1
0
0
1070
0
0
0
0
0
0
0
0
16
0
0
0
4
17
0
1187
6
0
0
626
0
642
2
3
2
125
0
1
0
7
0
1
0
0
16
2
866
804
1072
3
0
4
22
2
295
1
53
0
24
734
2
4
0
333
1
1
176
0
4
1
0
2
0
635
3
0
0
0
0
0
1
0
0
4
0
1
1
0
0
4
67
0
3
0
0
173
1
1
0
0
0
0
5
0
0
0
5
2
0
0
0
6
0
3
0
1
1
0
12
0
0
0
3
2
0
0
0
0
0
0
0
0
0
