203
21346
1706
10
2
396382
377
19
4001
10757
1559
9991
11
20934
9743
0
140
227
182
12
65242
206265
929302
5488
2128
1415
1464
347
99
1309
658
406
1679
446
198343
0
368
80964
267
381508
665
1258
78260
2197
1381
3447
506018
10601
11
663
0
1
652214
13051
28778
400359
17
795
446545
64848
0
0
147
0
27341
0
52006
0
45
104266
87
3
0
127
144
1
0
0
10
4628
0
0
66125
283
156
25961
392510
921005
6874
24255
734676
189501
5357
70
148
873365
0
0
1160909
9
18
269
788274
2700
1389
538
27452
16
0
3
0
346
0
3
0
65411
526
0
612642
65476
1
0
666
455
1530
1437
11
71552
1437
784578
221
0
312
200531
389
1990
1485
201440
34
4
3
0
271
0
10652
0
0
347
1870
209
86861
1
67150
5
855
0
20
33
165950
396230
0
3
73257
488
703
0
337
3940
1146
66689
1554
13425
52867
2
990920
1000
43
411599
2153
710
88312
753209
476374
112
450645
64650
203406
20
0
36
32928
100
1
11
0
0
11543
14
334718
1
0
0
0
0
0
0
1
0
0
105
46168
664541
2074
109496
5360
3024
0
805377
8
54221
266
590560
1505
9548
4595
512
748
1
705
223
957
413
215757
961421
4077
73710
1194
43007
458
64672
0
368
0
0
0
0
3
0
0
20450
65446
147
0
0
162
0
27071
649578
731741
2844
68
12750
437768
96
3830
483
52683
8539
11559
585
733344
0
0
962810
268
1341
172849
100931
220410
0
2031
1272
150
732467
0
1364
1
118
2061
6
67650
17691
8
1
374
0
278
4
1380
759247
522
22
1334
0
12
2066
34
260
127
774200
2438
2102
479903
2050
2132
320
0
0
4631
5
10672
0
4672
205
0
0
521279
438
15028
70825
697396
1249
0
0
110034
305
56476
969
1423
3108
50672
6246
10980
26957
37596
390564
1757
3154
198925
3083
1579
722410
741
53
1399
5454
4322
210964
218540
0
734458
23
1514
26055
193
378
2284
188528
0
69403
4308
22
722
447
714
1
15
124
656049
17
792302
12111
3945
91051
1159
0
784
0
1
378
66155
0
53702
751002
2
476978
2
28
0
0
398204
0
844
1919
454302
1614
215495
8
791294
395
93
1
278
0
2933
8
19
0
1474
2
1
5179
6
518
137
26924
585
481
201931
0
54431
1924
68904
27590
0
97
741716
1066
0
1
93
705053
0
134
1117
318393
0
573
0
0
0
0
27499
2
4
123
271
0
39
435859
9655
0
65448
0
560
212
3
3333
773
5
0
0
76010
530578
3499
1633
741093
0
236
68902
0
4
1
0
880
742733
7511
0
772
97
14524
61
6
0
614
0
108
1525
1
1
0
1326
25627
88
583
492
1
10
489
69732
3
1589
13427
2097
27
439220
1571
784494
1473
70253
6
1175
1398
15935
0
1
53289
0
6
0
95540
480
0
367
199941
1488
0
408
0
1
0
1
530203
519
817
320
49
318285
649
59
17
201371
25718
24
5666
107
302
39
213419
136765
0
363
246186
234
9846
2
300
0
111640
4
30701
718025
532
0
4555
8
10469
1538
771
268
0
0
295330
25303
202944
106
202
0
9
861
140042
435046
29121
1
57585
53
190
1
316
15
259
28235
80299
56617
0
0
579
11
80514
683
838
66744
750978
46
2409
1
777
0
12
725
50
62
0
13
200065
0
1928
371
0
0
756887
0
298
201517
163365
1214
22848
84
384137
698
1307
0
737338
0
3
0
724
33
94474
39379
1650
322
489
169
130
1
508
0
210
0
3
187
524
4563
272
6
363
0
1257
9
201139
6679
1335
98
2625
1
1795
48
11427
329442
113
6746
2
8247
397432
1251
28770
4870
70879
9613
24748
3
10776
5
3
693249
203121
74026
1677190
1327
1538
19
98
1235
646
138
36
347303
412400
21
618
0
0
1981
65922
0
0
135631
617
0
23
89
31
88139
0
740367
77119
17
677
411306
418424
55382
1908
5959
13044
1268
33
662867
431699
543
10
1972
64487
234
386
323
222579
1318
0
0
0
20
7
4642
0
131
11
543
596784
34
10865
672548
443635
12720
6467
1663
112387
11402
184289
73338
72810
0
6048
1309
4
7
0
0
2
1820
0
0
12
0
79440
1344
1246
10
0
17
2041
0
0
1
98
330083
1312
0
424
0
67072
25526
9724
32149
0
0
0
28
715
3919
201347
6
0
27
261
3
0
870
0
0
234
0
0
0
9434
60
1
0
455
0
1
25144
0
0
0
9
0
265
0
105
46748
380008
7
1009
541
664274
739532
212191
5125
484
349
68667
111727
2695
26
28043
12
127
5199
6
1251
219612
1
521602
2101
31
3
0
3162
2845
436634
490781
18
661
1401
1
14246
0
45082
2
0
2
1195
1
194422
380
0
395650
49
0
0
1455
203606
0
9440
1204
1181
4568
555563
65935
46
663426
674953
14880
149349
540
1
751
76
0
36
55853
703
888
74
2
10
667888
127893
6
39
1144
210
0
10501
3
128
1
104
216357
27746
754
413015
101056
521006
74088
21325
3960
3019
1657
65796
5195
71202
682421
136
25931
1529
0
38798
6548
678
653
230
298
2372
399
0
0
758424
1458
384
0
211348
0
0
126
0
434632
259
12928
26564
1372
0
0
0
0
0
0
432477
2489
0
0
0
0
3
0
121
0
0
281
0
2
43
0
4642
0
24752
1166
0
20462
843
8
78625
70584
190364
0
359889
23
411
798
24717
0
785
0
481
1
6
62596
11327
1003
489
110
1482
1039
1751
13845
15866
20363
163
712502
3376
1425
195038
78380
78830
433943
31
1043040
1379
0
26244
1232
2
0
1229
735311
12766
14062
1154438
1513
27931
0
0
615103
4
0
1
199089
3832
0
10633
6379
1269
6
4200
2734
1626
52595
411478
74598
8487
37
0
11553
0
0
12573
29590
1
7922
5157
940
731649
9
0
3
0
0
1531
0
0
26
1299
400617
733103
0
479
235
692
1
12
0
1324
0
1096
55406
15041
112513
58238
4473
38450
1294
805
214947
120
0
0
449
7
37
1602
0
56001
19
3014
674326
400
0
99
2
290
47970
96255
1165
705280
1122
0
0
0
0
37
0
2503
676631
1
0
110
0
104
25604
116
43
452955
2302
15995
53824
486
381
3
0
96521
0
31366
213688
0
1727
17679
0
1572
323798
108
577461
10
113
55638
11
68484
2417
604
59
0
756860
45
0
32
267
11
7
0
4750
0
24390
1
3581
67
2600
125
693268
759281
7
1
1300
0
0
145
0
1069
8123
782
123
2007
0
0
599161
431776
1967
266664
0
1825
12
69514
0
6
545
67453
28
63
0
871
0
0
0
9
0
861
952065
72300
27883
0
674599
2104
2427
79
0
538
740
0
826
551482
13124
86511
34
922
797171
436
10069
1337
145603
23001
683787
0
38
291
2039
211735
0
13765
0
432748
0
5
281
4642
143
1
0
478
1265
8
35
2810
50
54212
9281
26327
1130
0
5060
1
5793
4632
64
0
29232
4567
0
1541
60
452
0
2
2566
0
0
53761
455677
11482
19
0
5
0
437
475879
480
69851
0
531417
56621
69432
4
30
4655
4665
692413
0
6326
782
20
75454
0
67299
0
212759
581
69
2
142056
8
20844
766
89
283
1
23
56893
27010
1065
69
1518
2
964
0
7594
1266
1288
5025
74309
389
54911
1
1699
22
1867
53567
4556
7452
2483
36190
753
21657
7418
7438
5623
9576
31
664873
37517
0
64
12
734745
456
398192
57
1556
5011
279857
10000
5732
193052
1300
315
68
1175
202312
2668
0
6
3465
35576
381
74
1252
89
1263380
455972
209598
4764
89
0
41368
0
0
0
53
0
4
4
1406
54
0
5674
4
118
751694
1370
32
0
0
202810
7769
19046
619868
0
328604
560
27
0
143
57
3370
21
734438
67777
36
5023
0
1
2069
107928
9069
168515
55800
30320
793448
24
5770
594
106
0
192332
2
1275
30835
4946
0
72
98
0
187930
0
384
39
48
19171
1
489124
1448
122
67880
207460
0
32
6
119
498
1314
906
0
0
18
737
2406
7
0
447
0
643
1389
2658
9590
0
244123
21
371
16
7
388
22953
30
688
0
59
13304
648278
507
192
89
264
0
11178
854829
4775
1255408
0
16
751433
0
216730
68
17
112434
5994
2790
440929
94045
779
11875
2726
26768
32
334
0
10
788079
1797
5803
35933
0
73191
0
33
0
0
32
0
375
57455
0
647
53
0
0
66151
9720
791
6653
0
3174
953
51619
27398
0
549
750993
3
1408
64
395308
222767
65779
411013
352
41
0
1952
1
0
718
160
5662
3
11291
5
65979
2561
0
116
1506
1146
393120
1493716
4304
7505
0
1354
1370
0
3004
0
20
1378
67397
0
1879
0
0
0
454588
1
858
4030
195406
1096
3894
212145
2563
3863
513925
1
23162
0
791948
0
649534
1884
0
1
389
0
393798
0
1353
324039
52
0
558
2369
407401
1667
483718
1
0
0
0
0
142
2728
237
2
455
8628
57
444459
3504
1356
487
369302
499
722
0
522
1368
4000
738201
1337
0
393461
1642
644048
875
44
1
0
270
2828
58
7033
259
397
209
0
0
0
888
1
69529
49282
208656
1981
78
106007
1
27063
413806
5187
35823
8142
481
164219
26425
30
174
262934
2
4
14
36
177
30107
1148923
8
33479
13160
2343
72
0
172
270
57271
1331
73981
553
2431
13
27221
8583
0
14
63791
0
63
99
436
740390
189986
757463
34
0
1021
4
31
1313
0
0
63601
29919
416
0
0
53396
1265
694820
201
0
0
0
704906
87
3
105
0
114
691800
153
64615
0
9
1
3479
27
312913
2226
187923
0
49
0
0
10
951
0
29
9
753
1444
376
0
405453
0
0
1186
39
318228
11239
0
199563
546
0
733646
734439
10
488284
1334
2479
14
176
110
1
7164
19
40
67932
0
71
270
381
221164
26197
0
0
23
0
120
2
72
447
493967
1894
431611
435184
12
0
1
9677
0
271
1
598
66719
0
0
435
759
0
1
147
940
10
46
0
24
0
211
0
10
0
0
604574
194329
2103
1114
0
5086
5
2434
765
23
1
0
369
0
0
0
0
273
379
377
202553
0
75520
9
0
0
526196
658
996
3486
0
1472
1
238
5
758252
2655
285165
0
466246
2
50
357
1
1
244251
0
964
0
391914
397
67346
1996
207290
2
5
891
2128
35925
58
0
8
0
1
31
116
388
119
1
884116
17124
2034
92521
776
1386
740591
30
31120
2
3028
6191
40
0
0
0
160022
0
662
655
0
577
1021
12752
286
633327
25098
4420
287
485
60
389
6
430
2
0
70
16
73432
721
642
0
3
245
0
1923
0
4
383831
12721
17637
0
1286
783577
71546
406
0
27
0
217737
26330
64672
666075
498627
0
3118
0
0
1308
9262
0
155
54
0
802897
449
155
203024
0
3
142
785744
69
203189
34
492
57
68
43
6
388
161
250994
389261
1635
976
1223
1602
2484
2259
116
501059
1466
6149
442056
1
1558
1684
34587
33404
10978
24066
11118
189864
52
10328
94
24354
53
637
1517
1336
1401
2034
637
30187
500950
147
1567
33
2
4626
0
1463
288
783209
0
1473
0
0
65315
65911
453
73976
784557
3562
0
0
12
1450
1188
165462
24
958
1394
742563
1851
492126
1434
131
0
339651
0
0
46600
67100
499470
991
142
573
8635
44959
368
0
86099
162
1103810
12942
8470
12108
215
0
916
1362
55214
12
758192
1872
2360
778858
2019
8
1
467107
375
0
3746
63152
510
1702
1
199084
26530
806
2
1368
651135
1428
359
66161
54
2
13
2
487
526
2
0
380
204009
345
741046
3
17
0
3
2
9753
3546
786
290
108
3
750923
14741
3
1
3
398
162
7
2772
2577
34
95228
1063
18
502832
49
642
7
129869
221110
7
815470
534
844
22
203154
13
85730
172
1262
578
2357
751014
56
17
200774
0
201675
57
738625
28
27157
123
16
1
333
20
2823
12094
7881
391885
53503
10775
205476
1888
95
339
65729
0
46
0
412836
1777
213230
258
19187
0
142
310
2231
131433
64349
1322
0
0
400
1784
720
424
67362
0
205882
288
0
234
0
0
0
265
386029
3
258
5186
0
20
0
2673
1999
5651
393
3
0
203529
66127
686607
52
44924
41
129
1
230
28006
0
3237
66006
26404
78
2550
692515
0
1
26838
0
1797
0
116
0
43
24908
85043
552622
43
1
12206
1352
9084
67906
1095
392715
1142
749505
746367
610067
199263
1288
4267
411281
2
7761
66
3
0
213
337
0
15258
1350
4
37
1784
221897
0
70266
0
677814
110
25210
1954
384
203869
1794
992
114
1840
41
9
24613
200
1018
779
1823
8
0
1
67420
2
611
1220
1
0
0
22509
140395
758703
1282
838
432760
153
1316
66
44
4749
29006
61
37
9
0
454289
586291
247
781
1
213022
10
91
1187
0
2022
410
34
35084
3978
598705
18
696
1610
191124
1218
0
184
106837
4039
0
8
214
23
23100
337944
173
2474
2
5817
844847
23838
35793
1544
0
18908
491446
33
1
12
0
115
0
9
23583
4898
433
1295
70503
109106
350
40900
376
786856
72733
0
683
0
0
30566
548
618900
418
1952
859
77776
1606
749516
1354
397
67384
0
1
9
35
37
0
601
2375
23
0
1
453536
97
725
54
389026
0
0
204
376
884
1
2508
795
54
118
322112
592
13
1
1
50
0
0
63859
59
6634
0
0
0
2364
31
49
6
1151
405618
305
199906
1443621
745
7263
40
289
0
1
500413
0
373
0
0
0
4
0
731
31
3
0
0
1
0
32
756849
0
359
0
0
445
9
0
120
902955
32
32212
0
162118
0
489
653
6
74150
0
486
12534
470
10116
0
3119
9383
173
203093
2534
57
155
383382
38
436227
661
8591
64
345
1770
3304
4627
75
0
130837
34
20
737766
1578
0
502927
74
20723
462666
1575
55800
33
1
0
396
723
66526
524
204058
828
92
3944
678
32
1398
95969
3
0
203352
88158
2411
200692
738822
283
14196
1335
0
2206
19165
330
16
256
27660
0
380627
5324
4394
4
675266
165
643
980
0
0
642039
1176
686
1142
411604
2
4
0
0
676623
498
1855
158
779
655
0
34
0
25
98
269
96
1079
1468
67
71802
5
0
32556
65
50
0
5341
112331
60
0
43
11764
67596
0
0
452762
95
0
2831
68
12
0
0
19
4
735308
0
0
732
3
0
359
141
664249
887
73307
0
206872
3005
364
306
133002
1494
1156
504194
3
69068
4188
1505
201393
13992
19073
27317
1011
675288
1214
795
667470
2300
36
95
308
2355
105887
11350
1443
9
19
721229
357
459315
203559
2668
506886
4657
640352
200735
4237
251
26923
74242
11298
5302
9136
35991
67442
29688
14407
31264
393472
11066
2
3694
2414
7
221422
58026
1605
27903
42
738676
1748
6654
5080
328
99033
66786
3
262873
2391
400286
1
233
35619
26
128
4
127
3
0
14225
203
39
20
36
10
0
2409
73
22
5435
11
1
27072
62447
852213
412038
876049
48990
65715
693197
70902
337
70249
205438
1910
912527
686902
162
1282
15056
32
753118
1805
1888
7
11507
1752
56
16
62
5383
760
682216
1688
985
5073
204
0
508
145
787
154005
97016
4646
126
276
65451
1123
1338
1
348939
68533
1
643289
239017
31237
4
1960
2078
528
26042
8
400345
5
0
27213
0
0
59
1193
1
326
8379
1
24309
11022
2388
2
178694
64741
232
68
73915
0
35
0
4
0
0
122
9
134169
0
0
0
102
616
0
429
0
6
652989
3451
85662
12579
183691
205
40078
5
0
757378
4
147
27
74636
52
13259
36
2600
2817
1
24
14759
730259
33
119
14078
62682
91
6
28
96
7020
2037
0
8
5
3
22
53
410978
379182
901
847
39015
119494
757896
692338
7
29380
1847
67
0
408586
5016
0
0
1308
73535
1
258
6
1
849185
1653
63817
1322
62570
395375
1337542
6
0
202614
1123512
433
50097
1080
66319
78
238
1819
3735
3
986
690639
1837
299
69
70845
0
0
371
64286
705144
0
70251
122
1242
611
203715
552
592
1507
45
7145
146354
398477
933636
6210
0
191
688222
12024
0
162
115
0
0
24
693051
1
1881
2199
11238
151
18
42
64563
475
1391
29
751711
0
10
6427
0
7
0
7
536
1369
130
0
3486
273
0
358
11
11099
678
304026
5628
30
3300
0
593582
0
389
199304
0
34
0
10904
34
0
1441
680323
169
309
118
8534
1174267
15129
2115
683374
64448
10515
1386
69
247
6326
15
2034
1178
413
3709
1230
2389
109179
130
8957
2281
553
10224
172178
8744
2
310
73739
155
398
31
375037
646
75683
0
1020
137
0
51818
105338
89
0
0
397060
13604
77822
4616
14
24
2
0
5
7
151
0
284
906
274
4
1538
65407
17604
68922
34
1590
248533
13
752405
202966
22325
1
0
0
0
0
10449
340074
193731
544
1
68414
128
0
0
1
0
278788
437985
5453
733591
967659
315
1968
118
31921
9
1887
4
0
10
484710
0
14486
458
703270
23
1317
1753
2807
2024
1
207
742
1630
68374
0
4978
26145
0
376
66103
0
398550
9
1171
0
5
5165
25
7121
0
606
132
323973
0
27628
436168
0
0
0
0
68024
0
262
14
162
0
0
561
60
387
68147
0
0
0
0
0
25906
221417
146
111
9894
25672
8540
27512
4561
2
0
1
0
270
34
24114
0
10983
0
0
49
1897
0
296
12777
0
464
36203
176
0
526
2
181759
101
260550
5632
25199
230
0
950
0
351810
12
50
137019
0
64510
94
12277
430495
1828
356
0
4642
39
672922
1227
10
6143
2
0
628
261
0
766
0
0
43
3
0
0
9566
25603
0
0
351
3
0
116
9
64823
31
132542
0
96
1
361
0
349
9362
653337
65326
11481
0
72
4
0
6
2359
7
1218
0
4109
5
660
0
434391
1006
0
426
0
0
2
0
1164
1
23
25407
1
62563
1759
12914
10
672
640306
0
0
0
3460
0
10774
12
74905
0
12579
9
0
19
180677
349
0
14
11
0
456
1192
2180
37341
1244
0
5
0
104
46038
0
210
95
375495
0
13
756867
0
0
4
7
1
1199
788
1034916
193662
624
210
0
738870
0
2103
0
13166
668065
72453
0
224794
0
1
444
52
5557
36
4571
478
2565
1
5
69583
156
2833
94
68611
0
1529
0
27195
1503
9907
73069
2333
2080
20085
18299
0
720979
291115
4730
462
26388
3
439709
0
0
0
131
14071
0
134
0
67415
102
5427
116
90
0
1
6
536
2
847
146
21
2408
400
218161
377
57
30
10
69273
213081
8568
449025
55
0
3462
663
31
57769
0
17267
3
0
10
7
0
12
2246
1049
3
0
3143
0
288
1038
2529
521781
32963
0
399524
50
897661
0
39
0
374511
1003
8972
589808
895
56
661
0
326518
161
450920
24467
5437
118
33283
58
58626
2050
72557
453
757893
3
2
0
738595
0
124
756456
8
2618
0
38
1399
166
311955
546
6
1825
0
0
39994
23
570
431550
0
0
392
1
437
19
606566
193186
5109
378
0
203141
0
0
41
1107
741
50
863
393611
207376
38082
32
116
73043
0
2
40
1
955
1
0
240
2
14
1445
391462
3
202873
347
0
0
26338
2
769299
34
425
153179
1094
41
3711
43
197105
10833
1792
62676
1321
59
0
4555
0
166520
50
446744
345192
43370
1537
66064
674671
919
664122
782734
467187
11698
26263
651136
0
99
430
674457
5
0
228293
13
1
501903
82027
691480
33
87
37
883
1
0
144
48807
96
1721
105
1
65656
771
77
0
83
0
1
203918
119
228
44
0
26605
1806
17492
11281
67272
614118
203505
73
546
15555
415
1222
1569
1026
25590
460
2
360
782995
31
4783
9
530246
212977
1510
632426
1636
35385
155
126189
739084
1433
35
126
3
70718
28529
0
765
2009
120
0
223
798
0
582
15
3053
0
64057
6128
49
226
715094
20274
1
3
31
0
0
0
70249
189
125
0
188
0
3
372
1183
93
158300
15605
396
202239
3
24
251588
947
1328
538
653
25
730
411433
9121
780
653
124
71135
29707
2147
1062
518538
2414
12
12940
729
80478
9
62444
21428
20576
62898
468002
239
1272
1003233
666449
209009
58929
123182
2995
3096
3166
732892
65669
238
393
125
21
0
5361
485
0
759101
69868
2096
14279
11622
681683
1469
211
104048
140
0
242793
25840
0
58
1192
298
178598
10356
0
0
0
0
92
38293
4
0
5448
3732
61
4693
1
53
10
1451366
17
381468
2
401
64264
0
741
2019
2198
176
0
290
512
7099
352659
12304
1
0
364
432
18
0
23
275
22
680
7
12369
11
4274
753665
65600
0
51
1588
327
7307
32
378089
0
0
12567
6
32
3
19172
487
963322
0
0
0
0
19
1
1332
0
714951
3356
0
73279
66366
9
5168
142
435244
93
14
491
0
0
354
2
2
254
0
12771
36782
536
25581
501
28
1347
810
243617
6264
781
47
25561
0
64669
0
114
663492
16
3487
3725
434185
0
1186
64433
0
0
0
0
1266
14
2198
0
125
0
0
433258
0
0
13105
0
0
0
67069
718
117
25476
291675
438118
0
0
5538
0
2
984
0
8776
52
4
0
3306
0
0
0
0
597249
61
798513
587
445
0
4
0
0
0
4633
390
199503
202892
1149
405
0
0
0
0
3
25942
34
43
140
43
3
0
782743
457113
0
10893
4646
72
0
71
0
203542
0
0
192
35
25666
391
745397
1440
71
1
169
0
57
0
20388
32
184
68
17
1389
22461
0
8533
8
1
214
377
438960
96947
729953
432
0
71585
14293
106730
246801
189618
0
9
7435
684282
381674
64279
167
360700
2
298
11151
570
29
699
17
2308
0
56
1469
148
798
98
280
37355
25328
6331
112
1215
905
0
3
897
17
65802
447232
12
9581
10
0
3113
1
4479
1929
0
25983
2
454101
45
354
164
64937
0
32
23214
208
13397
437
108084
1930
810
576
7
3
36414
116
1
19548
7
25829
8731
1306
22361
2115
2065
2917
20227
2230
