20882
22869
146721
4404
4626
178639
2905
90483
82176
170620
10563
20017
6527
13301
7491
375
8385
7898
22251
7254
34553
50803
543584
21438
2192
3260
12990
7980
4549
101969
89838
87724
85438
10150
126107
12715
33824
342082
33723
48052
95734
6432
212695
21509
59779
125857
100885
58162
5899
4609
6772
324
375860
24946
10162
55949
10369
2499
18027
140122
1050
1398
937
1142
43985
1938
279799
1499
47051
367017
12247
1449
11425
680
27134
1990
1065
2477
7642
23256
3961
4646
36151
40995
14549
156918
83608
775816
56068
85695
423030
199848
7736
15962
152478
1057439
8703
4653
978984
5339
13520
18533
808241
107740
6621
14502
58542
7511
1419
13190
79648
809
3403
2979
2312
2894
177167
21141
915800
175755
78192
7436
94849
25653
73509
14115
93246
105428
3264
802792
104539
2466
113329
43901
10249
21190
125394
33819
6872
23661
1756
979
18366
2110
36019
78401
30237
18909
180153
94256
499712
42929
143395
28160
95371
7348
66628
5581
157455
27365
16975
893
350419
14502
60738
3290
55751
125953
62054
137946
29003
71491
276500
9154
1190727
22100
3181
32834
175470
37720
431142
897124
996826
23274
48225
71237
32605
12123
90685
12574
271703
13499
26480
6381
1122
1005
20406
29003
659384
6230
5456
937
2196
717
306
62
11657
19
2312
6183
197568
351704
16313
397283
35003
96945
1610
1025046
7630
152796
5935
189754
36932
37790
24470
18371
54266
14261
512
110570
15812
43721
147950
438695
82518
229600
3000
68842
13678
171633
255
79593
7175
396
4029
2647
18442
1578
544
26299
5372
1628
2351
439
13056
1467
29191
273677
351681
33496
14702
53789
172357
13965
8320
10496
277245
11925
10384
16847
801777
447
771
1259201
96117
36408
514826
355634
715414
13233
6666
2689
26328
631180
18688
22302
28074
9371
44322
7129
268728
42334
854
1388
21847
1804
120775
4993
21699
768929
20175
1066
16161
7588
3890
78073
4813
57246
8309
388239
15301
122690
187670
112017
21121
59787
1072
2667
42092
2491
11999
1658
132437
3243
2529
6005
246310
68916
127786
71510
300191
16604
2270
6997
343558
40510
24587
3470
4692
5848
83541
19725
44653
143825
361722
69030
11539
8304
81585
87989
17893
617898
13850
635
4052
51847
74777
708324
109558
42025
483927
6363
11132
41746
137082
12121
65370
43498
14350
126988
96346
3046
109950
108737
93945
12528
22729
129658
403144
3958
846622
158403
13917
90141
107466
1795
68648
9937
808
29603
137563
8144
244495
852414
23007
144009
4994
1584
6250
261
4843
832
14557
86057
13932
19058
80633
6490
802991
1762
9384
5627
10377
4908
110957
6923
30154
2615
51243
1075
24445
109064
6291
9178
59380
30759
27669
12710
62771
7993
206414
34347
93605
52693
2456
5235
834073
32105
23918
29493
19977
566483
94221
7778
55798
657844
3867
3757
610
4354
37036
951
69027
370
1770
2647
12087
1405
2243
8491
2285
2
760
78076
123731
31848
27977
103144
160721
1184
50625
11435
484070
277073
162585
136806
455136
1119
111351
134872
657
3148
86042
3817
74330
726172
104143
2408
117554
38309
190973
8635
17922
3090
38980
12341
7055
11153
63619
483
10639
2284
26898
1307
179003
15297
11745
5656
17918
88885
48735
5069
20615
18001
22147
24425
59564
888644
27586
119492
19333
101619
19394
208245
9868
10427
210084
16004
7599
33969
340693
4617
1017
1774
96462
2755
898
12627
12244
664
5241
5298
564498
85567
177171
90969
27712
600967
94466
80011
16232
52026
14033
3739
175157
28258
13181
15916
125015
178912
6083
64557
254977
9401
212602
3904
29411
2740
101609
96589
160680
701149
3536
3275
46112
8301
116465
128597
118394
92694
16998
21419
239278
97707
90990
88906
32393
15338
23400
14261
288597
184654
119377
9811
309064
17490
5437
5178
87587
8473
28154
206688
458398
289267
26584
3640
32530
5436
306489
81154
70357
109447
755766
1385
74552
1997
112596
15823
33351
123577
8540
6905
4390
11034
188527
8622
89366
3770
11666
962
784114
14646
9253
63787
133768
50375
135984
17674
31676
8876
7282
8866
913125
18838
7093
1200
65664
19573
320455
175489
53662
22534
25084
1580
27495
3686
35115
7156
50916
36
1015
11859
7750
40067
3473
10347
78468
6154
18464
5225
259881
126803
40921
25460
164693
7412
93851
6185
125885
550816
55879
29048
116357
8677
23015
13800
56980
104197
215894
25797
297690
6195
64774
2569
8908
236752
176834
344771
1679492
25807
25191
2705
30644
24609
4005
24422
15883
721341
45224
4702
30506
233
49876
45295
193098
6855
1
1966
39325
1593
1193
43934
28187
368005
18416
881288
278976
32564
22330
187033
661677
307140
46376
29347
362866
6919
15300
154637
49014
94379
34902
107248
57081
7599
17802
14836
193391
25282
25995
1590
3982
5643
80201
64676
11833
1705
22116
30797
478018
11652
35443
495822
400733
11140
38879
8767
126938
46869
107130
180190
99688
4961
8537
11249
6647
16756
784
1479
2777
3035
478
6733
2733
1521
107474
60887
104979
7245
4885
15404
103023
14133
15930
2657
49773
659519
5330
4320
85111
463
12299
5684
61008
30402
1536
5776
1812
54210
51334
4084
68897
11863
8412
6613
34935
7580
1710
83468
5617
2632
1283
19711
631
3664
3245
3178
2727
12563
8
1
2190
331
3946
2686
8967
1391
1254
126936
995
11645
246248
468080
5705
5238
320
362735
706495
101779
29233
26450
110615
14276
274428
18547
112373
92243
4189
3622
2439
28255
44161
113001
67596
176458
15227
0
3595
2092
293387
37140
349193
473170
86137
24428
37073
10019
102657
18062
127234
12420
5032
2193
36200
638
148291
86073
3813
78721
2384
2255
3070
34132
121966
19377
11107
11515
58829
27321
535915
2544
11075
213053
619572
166145
127493
37144
10840
3461
1104
4903
10084
81159
17849
21683
13403
7732
77629
523533
193890
21610
16721
8901
18619
9434
178396
4432
46189
63528
42354
106871
48074
114154
54730
432602
148363
513984
313752
71780
36074
32201
62602
114007
205232
384490
5253
9976
6903
8
28460
51028
182266
214564
15360
19241
51524
2580
7611
15071
929319
19126
569
0
161555
792
4044
4087
313
88419
14288
8437
11028
32402
11464
628
1304
7184
827
2335
100372
88131
1241
6364
9076
5030
2177
7344
55996
7222
21357
41866
1501
3586
22868
948
60591
4575
86697
3427
393
57908
154328
8480
310615
163275
187400
2123
1305
123432
513
2418
59117
6838
6274
3012
6392
3594
560
19436
28147
1497
3862
1627
1818
6702
155915
97827
100128
15336
6510
285005
5698
28147
122332
59336
296673
41201
417
429726
6250
2134
2284
50652
1344
3235
18254
848850
17544
35289
829156
121073
24481
697
3343
826527
4983
6835
1830
48942
26595
2486
16136
123496
109844
62951
24824
127075
65950
298578
7036
460444
10655
1315
2157
29174
645
0
7821
190736
6552
15306
56063
41374
763150
1686
438
3664
1117
11
55715
551
857
20108
39996
1186291
624617
2065
29075
13754
149542
7804
4465
6255
37647
5159
3090
175405
91061
341470
10163
14078
343422
5671
6844
673243
38593
3443
5210
127692
16022
3424
140352
4092
164295
1005
86040
81499
1355
2897
32683
11504
22007
185151
147027
92049
590640
55488
19292
6216
2807
15721
375
7968
21445
395334
5204
2460
27572
5183
5444
12130
11722
51673
64221
70233
137891
210390
31347
4188
2443
7693
433430
3076
185747
104421
8346
179554
68213
22905
226935
268675
23293
487010
22110
3595
117906
2148
145724
45760
153581
2341
15211
786523
1945
4225
80560
30558
28317
20518
1522
48548
9054
73719
19511
183951
22996
17288
24570
237683
787795
4699
4592
30902
6739
1973
2564
106996
2919
139576
117574
4329
21868
21634
1129
494737
112930
14811
212636
1141
2861
1280
132371
1080
1139
31256
3445
5635
17693
4691
88136
4389
2308
259
7965
2391
21709
807335
144227
81459
1409
167309
10728
6251
9205
5744
29966
93674
2004
6149
583073
109797
93180
2032
46170
645721
8848
165913
48171
688662
302339
379469
11388
123709
12579
47150
78325
11163
43303
7871
102008
2162
3834
39685
27660
39743
19425
1698
57845
12550
3029
2181
112180
9226
39306
8028
1287
95430
1462
18186
8889
53354
127265
7685
0
98292
27392
789
35651
2782
9226
6486
2358
2868
1724
5553
156818
10599
188206
4303
16624
7732
7728
57895
181056
8530
208206
7254
404981
116290
264718
6086
14119
44081
181852
205149
10911
103973
121823
118969
101097
678
3595
2
108499
4446
2418
2801
311991
6565
267969
25751
9081
40499
1172
18248
148221
73807
8933
2789
32327
2503
4717
3554
38984
4512
3475
110958
98485
4564
89431
1358
8789
862
13629
84718
6485
28206
6071
90876
7739
26608
26840
56180
61088
11889
37795
646868
376211
17767
2555
7688
680450
8458
147962
9037
8827
11268
673199
23199
81251
654917
127348
10364
19641
4010
91268
59994
1576
1145
91003
38507
10953
2479
17695
37276
1030809
287072
464283
45520
24185
14380
435118
3480
618
10244
12872
1361
5195
999
6892
2996
5401
62293
17643
700
758668
24162
32523
11346
2232
661963
101048
63899
340862
1265
296825
3935
3196
48985
11372
7986
152059
11762
396168
260397
5934
30950
18476
8890
63614
537892
197628
153947
234568
165326
535570
28605
226067
36397
135087
29777
665898
13767
49493
44418
240652
1335
18506
12826
7946
53734
8056
4842
19368
88896
72212
11491
185736
14184
10910
111171
179569
4722
31815
9849
1753
35714
17167
39396
11972
5392
13189
133865
8636
4456
1113
105559
2230
88880
28938
81246
10224
4147
127378
16778
97053
10226
9526
1180
88348
18361
154480
2400
11650
68664
358503
37447
29223
34884
34884
3420
80908
1081137
104301
761737
2586
8297
794361
4333
228020
7305
16711
884076
40828
36344
172734
82643
9765
38284
132378
4405
12461
50460
1380
22481
808155
267935
258821
220210
1182
351416
12361
5827
8837
21650
708
2434
27167
123832
1783
111910
1245
536
7131
150444
11842
194482
132592
12926
31736
176912
251959
22093
77563
12688
780352
6689
24680
29260
153224
185967
112738
35022
9653
12814
4450
89177
31542
621
9134
3070
56051
8814
15571
29470
7306
23767
4379
50590
64706
2731
38780
1411416
114492
1175
3643
5380
22140
1872
204890
1378
29585
89417
51393
7740
93444
1097
2621
1091
5662
10379
753
27721
662009
3953
59788
101201
54820
22944
218199
13094
69610
12341
939206
2651
455304
2734
4587
702
3338
1458
224438
2524
5373
421874
56227
26161
9711
15561
37066
13868
599926
1186
8657
3103
3361
47135
21654
109864
2345
13
56593
3929
9029
157
62546
28861
76543
352577
7527
106930
8741
34269
22029
37979
584666
213625
10760
414918
7829
512640
33110
19664
8001
688
67217
11603
29986
67516
36514
7473
12903
12362
4703
4216
104351
6385
362344
61040
268299
16261
15335
534464
4380
22621
256153
46358
131168
203982
13777
169772
44247
20196
195032
268494
4534
38243
8613
35498
136162
140336
1165409
15942
202747
88602
126382
27675
16326
13841
31189
447544
147999
123747
28368
34711
2234
52540
63843
3322
112931
202020
24568
38409
1874
1
793337
659291
808330
43574
5529
19193
12138
21195
50130
11909
843
110326
49134
11933
15981
7079
207809
4600
831409
23266
4065
16442
5766
569194
168327
7966
22833
1954
8481
645116
2713
149146
9458
5837
17369
61175
9951
722907
5288
80139
8150
5474
103
4249
37905
4864
5080
8940
26153
9731
14621
1057
2181
147590
88735
24071
35793
16782
296685
39667
15236
202691
30339
0
734755
599549
9510
189935
18240
7011
45
6194
1236
1562
46438
4648
61682
112830
376
1333
17789
83133
209483
6881
8511
15776
77924
1661
4712
7531
110074
7921
720154
43213
24383
27579
1158
2471
1567
1599
3815
19345
3754
20991
2643
8
1586
64957
77617
8754
41454
2914
158207
1572
28711
21
45295
6985
17383
471
45716
5219
79
407853
131859
11693
141327
1434
2491
527
43816
146126
986
2048
908
4702
404
871
6510
48349
8139
7703
83552
134739
11415
469741
6341
1454
5571
254968
107290
1672
165370
2271
22611
8418
112007
20979
819109
53329
341296
679
153451
5965
16956
1625
25
4055
218146
8680
37308
3644
74286
14103
119667
22992
110785
2904
17714
85160
92903
37876
1936
1440
121345
898
80305
282
7767
7781
13137
7255
773244
85582
58133
363772
90894
31921
615811
15382
173163
2631
278999
82199
1962
1484
2313
652
140019
8513
118282
123464
7930
57540
55628
6886
18863
294833
202803
79041
111754
48449
18722
4709
6596
22806
35047
838
3277
27229
440308
7761
62467
999
2027
35051
1456
50379
3774
11263
116644
123901
15934
8913
8062
875059
258194
8956
13822
54071
10206
232670
13789
146111
487480
132780
14327
126202
4448
15301
4588
46068
829
5054
2274
789
834558
6744
3804
29015
1660
683
79353
728551
4083
106717
13764
18773
11128
9007
12284
6187
113892
11902
680131
148943
167240
50678
15075
3471
26448
30776
4944
111764
15641
21047
33821
6420
90264
167504
17513
20715
43131
17362
5226
42836
17581
4885
12691
59563
15063
95382
17386
131051
24012
177708
4866
12313
154056
1451
44260
41908
11220
22662
14044
31680
38184
929271
6852
17913
17876
4340
1985
344492
15147
177070
811882
100655
25981
2846
28424
319668
106275
127488
35763
82093
7047
1002302
181014
964396
47392
160456
706
665533
712
11706
170164
218199
467537
97810
15140
108844
6927
103999
83026
19075
24347
15911
306107
71927
21853
27003
47809
4395
22903
43739
158963
10029
612609
30817
134800
522948
143865
13330
3642
16548
36736
590
8621
117511
3490
12590
5464
144311
16841
16838
2030
180382
210808
22683
37895
139932
1768
6029
5406
14481
8604
16671
14413
28511
10588
76268
4368
771660
9147
5625
19993
12667
8388
1129
109158
192216
39277
4966
9473
843921
217816
14952
1930
11388
99840
3831
3852
216796
92989
25042
236996
52817
14197
540381
48503
188609
13058
167144
270181
31935
951188
27443
185221
22822
114746
6582
229679
6164
166533
9455
194589
759909
27808
20642
158729
16220
93960
36643
835631
35272
67550
11791
24969
4419
31077
18422
120383
195903
120407
99319
154722
60484
238296
49254
38013
10804
103430
1652
6566
3853
178647
218813
118557
79126
192503
3463
7893
27320
138298
180536
151378
29474
3245
8941
29543
72854
51096
53397
97696
57605
111781
49581
3563
1509
5039
1936
5658
131618
500320
11850
872
8236
1925
5309
8186
120151
111639
84969
815
15887
2782
107398
13962
668772
21660
65270
14007
41525
28659
73719
92206
8434
67224
98653
6224
9168
61088
659006
567
517
9918
11708
85907
7614
50466
887
50261
81469
612498
190672
7991
4311
15171
9099
167552
34142
20234
58589
39930
765038
801089
641977
48450
212008
87626
16527
21593
97947
29819
3967
18165
33504
46110
3368
82500
13887
3573
16736
49681
65474
7109
171279
1600
388250
3624
13999
11938
5137
208728
194930
94037
17590
56728
12264
20863
79594
27108
75742
9048
115128
19696
9807
780
79700
5143
37512
20337
1382
4022
5905
85479
275205
793273
93003
48007
72052
43113
31540
6174
36087
54496
97763
7147
2168
93622
16718
27742
703249
54783
203424
236
106036
10401
20039
95446
1134
7186
3750
6342
65246
35140
435793
23106
17614
13510
723748
7052
1068
10542
313125
76350
6727
8322
24987
36486
113404
382669
15935
83618
26180
254053
897575
198758
106263
31447
9175
140479
183877
4027
15386
11057
2391
11726
10260
664
94285
41121
24766
25879
284442
643607
22749
47760
62456
884712
355740
27576
82204
8414
8357
224192
16160
359389
18236
113766
11396
40197
120827
745149
7117
9602
54983
3366
5439
9640
2781
8058
4431
3786
92644
31126
2223
4325
54833
14047
107667
33523
233514
3108
16829
25259
132723
44079
580
61134
34191
12417
95915
557394
104761
40407
24759
3283
28390
6726
1896
74514
4670
92255
11309
1060
3623
14360
38957
4890
40042
16629
36340
16811
205240
1277461
16129
38554
62405
10876
47198
1482
758256
1301
11615
1179
8329
5094
10815
19547
2484
23246
1300
4008
8904
1535
2610
1496
787187
33146
11613
15259
6059
93131
13086
29849
11113
614179
8708
278860
614
213414
8438
35967
133145
12842
434810
4820
17996
124226
57192
20951
1817
132344
29594
5246
28467
143912
29358
6124
13249
2810
27302
56204
5898
11993
42645
31028
9098
40328
72233
17835
370510
98452
40269
814121
136844
3692
543215
3303
31472
39972
47607
262578
10786
9193
7145
28503
97644
181114
28171
83308
23005
22966
144692
104318
13636
92443
392156
15992
7377
146783
317336
152469
190713
816842
32912
205908
3925
18657
352867
255690
157878
29025
45505
26163
722
420083
6915
230719
3226
626774
15479
62522
1817
468
5253
670039
7191
10517
40211
55741
5080
27081
1294
2408
298697
79183
87543
53011
11005
37230
402
1085
1358
7584
11140
82248
1573
72472
20417
11461
262329
11957
7676
190652
8267
80832
7327
53951
664159
7908
28472
19972
73697
57536
16365
24789
86106
47236
24820
80792
16355
30592
3485
11592
61885
35552
571173
5797
2021
15888
2364
4262
2615
88968
384676
237587
419175
5891
167392
150361
30255
17320
447371
72189
47215
269354
20984
194829
227195
128096
312670
212828
285865
54888
22285
626920
89812
28878
287262
160182
1480
21528
11664
23282
541236
26473
88256
31689
61666
581210
7920
245792
211868
73406
467951
174974
585548
72800
34761
38662
46034
243505
63834
78731
50613
57790
272807
317795
55944
76877
5442
32530
4224
157927
32288
15739
257477
330776
34234
43357
5363
749509
2646
296056
74855
5381
457049
26964
41231
430167
7617
1508
8485
13414
284961
45141
19451
30226
237
15768
8375
203421
8980
39394
4294
21441
24586
16066
9860
85206
14720
196655
16090
5983
145159
144604
383568
959115
489815
143687
187075
516141
197218
50459
297956
262498
140604
1209426
499966
43946
11913
78017
11053
904504
26873
16105
12512
32790
8448
16039
9729
32596
274823
46694
365237
20824
44380
78128
9354
3478
22399
13008
11635
599537
270190
83033
79951
20026
27555
142944
4937
26994
705407
152877
9727
396653
676658
172441
3188
24427
5587
39532
2913
3171
6898
6687
24781
51344
8308
796
1017
1868
8114
64618
86028
8045
206476
6557
116295
105623
186162
148358
99183
3256
218573
3241
15319
265
56969
464
227
4578
242
31389
4353
6586
5882
6583
38260
4513
5051
662
222
347835
170558
472260
9743
523593
1828
201779
8819
18813
834671
7891
19717
5168
338721
61049
37448
1022
678
91651
948
98016
40808
726150
77126
12690
39013
253024
5501
17400
28225
19251
118827
160334
12219
14996
1825
29959
23001
143412
140415
422899
13865
72721
363887
425786
799993
643909
20352
88133
2624
94528
468
195278
568
1351
2566
8815
495890
34658
13653
7444
5422
493332
12264
154798
7075
440401
729187
489619
11852
31452
119663
699591
74726
278980
16085
154128
12450
57884
170885
25922
5679
22203
520169
4721
36220
25070
290606
18549
1487
40340
53523
569556
2478
300505
2813
18644
17080
355205
96462
4165
171658
5909
23260
364879
91070
859957
161794
3224
52306
522651
62866
5470
61629
12151
3
2786
10323
643586
3006
33927
26533
42121
1839
1611
4710
174777
7311
2103
113121
878338
1408
2724
88236
4737
8539
644
14031
16171
139248
1047
239
73819
3377
1114
26981
23080
17134
30621
727874
16165
5317
11730
1530
487003
9319
29270
123062
14291
12677
10225
14151
37753
24006
138271
652406
96200
213573
131001
13789
962864
105351
13697
360215
137317
8440
11539
64588
20583
5706
2848
56375
5340
548
68924
27338
25639
116039
4310
46730
6381
8903
13206
113144
18990
3074
21964
127552
1279
70107
13502
96694
5837
109687
4710
11607
3498
567
272878
327923
6433
1292
23546
100848
167378
249151
159497
8823
32071
82065
1728
18665
96171
15101
12899
28937
11069
5165
85190
30146
24454
19054
227208
30442
15259
178866
2320
807324
5600
168545
26231
15573
1183
19
3052
111954
703206
102705
30150
17915
127666
11361
2912
2563
7445
249
282259
180625
9733
780882
1257966
42656
7137
31193
163087
1433
127670
4380
3692
3059
191453
6607
139259
128878
353249
10761
5282
3591
20656
10869
2542
34086
65827
39505
225765
1556
180377
26557
1558
27651
118909
744
1326
8352
56
7139
31401
94531
39460
42668
1514
43056
9317
659710
280
51975
10723
61380
6
2673
84031
126885
832
53616
18794
26548
1420
3501
7233
950
14153
6122
13251
8498
5236
1838
53
91362
288458
17682
15804
38334
54546
36521
23459
8774
8261
6064
59619
237
25742
2749
201660
13663
83631
408
8626
790
51520
3246
4694
127095
15633
27996
126607
11063
6949
4437
2661
191429
36466
259207
40287
9942
98737
5690
13566
7126
719895
6472
9285
1540
1063
203446
4494
64662
30871
52155
4387
5
58712
7959
417684
13204
1511
5999
847
247
98265
34521
16956
4641
3004
0
4928
3152
1424
19331
2710
317
1291
1924
6752
763
20472
10628
176
131852
396
1479
29724
16906
7349
18202
674
12671
2747
213173
9866
15745
1
18880
699
9202
23490
14045
2867
58394
1531
274617
1366
93349
83770
5281
5790
608
268
9623
3
26162
10519
919
2215
121969
708
1978
18390
1283
60315
8346
108338
338419
1607
5732
260
167569
14202
36587
28534
443367
0
7573
4314
28
22669
558151
48725
7286
13941
2149
2271
124873
96639
93315
37546
78696
7140
8053
1005
5903
246215
24880
40594
34553
506458
11488
4147
787687
4217
3921
1873
5070
4104
31892
7735
487254
112152
7398
17940
332
702263
1394
10193
402
203427
472870
336036
16297
82521
32677
2175
23771
2378
5333
1353
23530
12184
1830
15642
818
211280
15691
87055
24700
4386
576
169209
7448
104991
37645
132430
99865
11657
18869
31577
87124
11774
732707
664765
86592
25450
31289
2188
250599
13251
8
1157
3319
35493
883
3372
4889
244829
20444
19461
1578
24359
15
48867
11549
18840
7756
34348
15606
41846
8063
4626
97242
83666
36025
14339
36421
131179
81537
24468
230639
5492
9488
169701
1638
4629
143000
515
334181
8844
8175
4219
5950
1921
1805
12285
1136
57535
889
268593
1891
493
10232
53329
251178
248499
2932
344878
5471
607364
6511
7233
272
325852
35426
377043
451405
11481
23128
19478
4612
541568
7913
352446
47153
196828
51430
175336
16542
397206
5054
242221
1707
796601
10289
26048
5563
714421
17821
87656
781466
15767
67446
1172
8196
14961
133074
263612
30267
2209
1256
2698
3
114414
50558
94736
38790
1456
577
50089
4939
47715
22100
397820
46837
642
1708
389
109412
953
1296
5654
2322
3092
5787
13984
73491
25878
107705
77469
19868
505353
1252
613
997
48733
12606
10658
4411
5313
5520
21502
33380
70194
861
122070
16132
14709
16395
17686
1098
368118
722
109699
147199
14640
4193
21022
7794
28170
84178
164703
134782
7726
3375
884
25919
15447
172287
45560
788836
665031
50740
12065
89062
370882
15666
210475
797356
20152
9465
56986
204263
2714
5933
27670
618232
2954
1169
285442
4860
37463
184289
122086
651577
10595
15582
53904
63423
96503
13017
5354
284981
9343
4116
5232
4482
153493
7656
5357
1309
9403
2983
8844
112104
26812
17033
36296
9104
14827
87287
155747
18590
114788
668205
76217
54386
53724
88506
29722
9200
45706
2394
88046
37956
11126
9244
864713
10128
65161
97676
593557
107281
29805
489260
19546
57070
20857
234935
558292
29427
18235
11725
4757
299490
96848
14287
71529
101075
107
2783
7352
3255
4487
135558
20159
209171
1507
51473
82589
10496
14559
804961
122538
15449
1739
31031
1095
1681
28380
345602
20989
1626
5800
6665
1594
52933
7835
15950
36249
164093
77554
13376
54967
14955
37514
285172
208654
266903
10375
225019
45413
77421
14017
15404
24141
37871
12546
331630
157595
159851
64241
79056
46159
27800
9959
7783
521917
8846
108255
159576
332150
184789
295969
23244
44736
427394
746976
55097
111523
443514
24562
7070
35496
942948
44315
148070
28952
5957
24781
2200
151912
45078
107582
668057
188265
25205
58931
33988
376411
39414
9998
106350
4393
8729
745880
26151
7634
790
33112
6638
188643
12076
3130
0
364
479
2764
26244
5440
26527
48913
17545
3076
120087
33026
123138
15459
1459559
84787
13894
29841
120923
151581
3791
46279
91136
18519
35483
1714
1903
39074
42913
57036
113888
839
1400
19764
22763
821
6876
123755
3091
3471
17829
9930
77994
9969
324627
766307
139080
5196
7102
27977
1656
12139
8605
99098
3503
1568
126009
104246
10853
1491
113036
18160
936436
567
7888
1079
1925
14630
1940
9663
4444
585758
12414
737
411069
128525
5756
105228
24746
6002
88531
13865
10297
10543
2031
26048
10
56092
26703
7171
14852
19785
7700
19658
6751
5173
5895
24858
447118
5471
11482
3441
19324
1057
123832
12773
9889
229063
19718
87918
254784
13327
22250
91318
18892
5438
362
12779
765
67279
8650
86062
1202
35971
2339
1413
98410
476
1350
119870
490
115
2846
93094
20495
1861
87838
657059
135115
459
5235
24352
2686
6885
2852
407
44339
3115
376
2797
11782
2
504
2115
7049
515718
18173
817713
57656
8154
295
11345
6780
8005
671
14046
49990
153776
25918
5036
11017
1808
1251
1791
14307
5575
10730
946
1356
87450
613
29393
717
800788
28093
1998
9194
40317
31604
30282
3398
4822
108237
8213
17366
97214
68226
81327
3350
691355
4611
9665
6618
75618
4
31986
914
207598
27164
47935
4
23125
29467
279105
25388
24614
5533
7403
4394
88373
334016
267134
738726
49732
9217
242617
56704
112199
686882
186376
3124
26217
101048
365478
24117
181434
10846
158300
5303
123867
39070
132155
15142
4492
10694
13855
1290
16052
43421
1014
12786
10212
28310
16514
78103
13420
575
28691
2116
3076
7685
10236
1697
80123
102920
6673
39085
1894
17
32864
3294
18771
1805
1706
1909
5915
96688
2876
3353
11419
40976
807
2710
61164
13503
42857
78650
107729
5590
50653
127687
3254
3060
25309
1493
8640
58002
10729
1453
5530
2724
52143
6690
7420
9656
15794
3811
