7942206
12160314
12250571
7391352
9305579
8923282
15103291
7224499
10225184
13737247
11694840
9309048
6248348
4958339
7203442
4000272
6121709
9880709
10853333
3205479
5482388
5336013
9318519
11870898
10210828
8498145
19646862
8613031
6813031
7417734
12963996
6788286
15414644
10565289
13343475
8714664
10022775
12166072
15701150
10846540
14381430
18934879
19898076
12310431
11190672
4780155
13160913
7090682
10301945
7979712
7558069
3132935
5275834
5613092
6886983
4064637
13258857
7607061
14344454
6026491
5202810
4704264
7945545
4738368
