48094
187365
330954
6911
289445
184436
592795
242647
171630
261887
380695
225710
317421
88936
214271
68321
255475
567508
112204
179463
230762
2501
310345
167438
452312
262274
801949
166980
79482
299389
459605
161964
147689
357983
392652
70789
205428
384556
166818
316745
290800
334790
318632
135804
219630
182914
326689
270348
139568
275618
92375
229491
90932
273614
142409
100065
446118
306412
331483
4430
181005
66911
129423
11442
5745
88380
415117
234348
345779
118169
285100
337846
184094
372136
196601
132096
26210
112721
194856
44616
153122
223091
146034
43462
128080
15052
86453
233275
100816
223821
474114
25991
354769
83663
474492
230814
355163
488355
69939
226998
53695
95465
255177
199059
336197
912869
647984
259625
128814
43181
293194
25805
215559
227549
112140
193938
223143
233228
89957
234852
449269
138626
644587
100498
216767
311736
163043
136474
394233
580248
194366
217256
444838
132701
525815
366155
352521
239332
440451
397019
302888
306808
537627
81715
311444
92256
355620
155022
157302
402518
249163
428969
428171
77034
511930
260917
194261
330875
179481
356294
561931
459940
253444
516118
340355
601379
715180
346153
738690
322287
363852
577095
386778
130159
584715
66667
438633
86307
218056
26047
25664
66822
154021
135661
530845
178110
517098
94954
73196
25046
238504
157470
128641
454804
104700
232874
36143
277317
284182
55539
110780
204616
65504
246910
91415
99873
144661
195243
25254
205880
275951
533
51023
43187
180495
317077
161672
42819
373335
38947
121943
68472
222003
81404
326778
166968
715445
418059
319441
160213
144453
199701
430370
436128
676637
198261
36534
26885
120403
132328
129395
65350
205604
82633
168852
19184
232257
25283
205544
203061
250431
118192
12372
44424
247720
21111
