26857
65304
29487
13714
22757
70494
23046
446667
14424
84448
41349
22495
8543
37701
30042
16792
9989
17147
455300
14997
11004
82532
57663
172016
485971
41372
58665
82197
44491
649322
406592
71612
86179
61201
140572
12721
209145
693444
1026984
277294
413970
67641
227024
37234
68370
170053
169870
97594
6769
26597
18483
16973
21173
202741
31826
46317
133253
533852
11400
43782
6874
86677
39601
3645
10428
4557
98215
7449
62841
490002
20384
45210
20710
10112
635143
7123
6695
25425
9667
32519
2905
15257
157989
47471
14909
111313
39455
284097
24174
31095
110761
84046
17326
183614
184452
445557
37236
3742
182829
509985
342486
298830
557611
37189
18894
28525
26146
70554
16606
34922
45763
101072
28917
413068
111186
29225
558941
285592
33531
183791
323987
347266
353438
125329
34822
116084
121340
41754
143919
653472
781987
125836
34773
18047
30938
192280
84902
123862
182976
59881
69004
8183
19395
83593
223897
559682
65565
138932
132099
409732
29138
484862
189790
402276
527170
1067572
102119
263327
32873
32402
508048
31623
33000
65469
191296
309367
512263
234927
92991
116737
112699
128881
24961
91668
124345
409595
27665
140785
71220
54714
163088
210682
96099
448417
197575
115987
84389
166373
141848
123715
134165
29516
20475
57373
253460
13343
61428
242910
662215
68061
11316
51667
42143
15401
21102
15785
12194
426732
10757
37620
15840
47831
19597
200734
20901
62569
35097
15019
202912
5988
32235
15795
18701
303424
164697
116523
21935
20124
29756
82702
552945
54037
219305
43714
601002
21736
23280
4607
29800
40574
11799
246991
10408
245333
6016
525818
532182
20726
556267
72559
8328
4902
10356
69276
18821
89070
6378
26963
65792
9529
7085
15997
3767
15718
25232
510929
22953
94276
5329
12591
515315
3286
8472
27732
62199
32693
292448
13159
228583
16123
19097
3755
3732
27949
9487
26245
164877
12188
119885
4611
89052
23295
11520
3515
7424
18438
629559
17729
21877
271354
33174
8951
29125
9987
3346
40448
18999
25287
21635
214413
12019
29261
11293
34951
27321
47547
40913
54856
23898
8493
8485
23012
81438
18086
20400
38872
3916
16865
175797
66982
168901
299297
18647
7183
5100
47316
16958
17713
19733
13574
14278
26688
91133
62172
27505
112558
52641
12397
24259
33790
739594
147055
37998
28994
91532
105331
105487
188924
25085
22165
124502
304365
74567
226365
40524
1466
78314
16933
104599
79625
18492
4937
20953
10777
51349
130033
67488
115075
360212
12678
432746
6256
111536
31726
281301
8422
162310
11900
1760
81787
21084
7334
33515
163183
26086
31719
16658
7226
518532
5413
111448
10849
165411
307266
2502
60526
837520
9165
427475
51441
15079
122003
14113
121257
494998
45712
78433
6884
353706
24858
18646
397911
4740
259720
815443
115335
545236
17723
546485
176259
75616
25736
22063
18612
431265
16795
45016
13254
57291
38508
34813
418649
20799
182790
166794
26557
124476
13372
24403
35060
21722
17242
19600
8588
390573
12572
123908
70501
106739
38986
8849
11122
22229
6015
540271
20438
41257
12603
54082
7555
385176
21531
19369
49151
33556
14625
65344
80020
188352
62643
79385
658623
105023
42591
173592
158426
31491
125363
225935
151357
475409
57777
53822
39165
58228
87150
20137
16999
27085
3840
13061
4743
105884
22131
248302
12233
81670
8172
70261
195575
12232
53499
59030
37335
237111
47356
227940
388434
102605
81589
582158
357048
426950
48864
157769
35736
47967
155434
12664
8762
110813
7365
3976
3363
61361
7665
5465
10536
39164
31109
76807
8143
271025
73295
139573
31882
45336
539340
10436
21045
20141
147513
237320
25267
285195
170534
200289
51849
361082
52922
62957
677868
98585
429165
23039
3392
57053
113565
31281
42396
74969
400603
107236
3240
34306
25638
447166
504334
36702
94656
16350
280083
23125
287511
35752
736713
100089
874177
2896
26969
479191
111969
19079
130773
11070
278739
74067
248808
85960
62529
7375
701160
21424
103806
3712
15882
481091
42455
411551
162547
150567
25380
356145
100598
189177
10247
68432
123560
51539
928560
58362
9989
606546
706897
470769
13383
102163
9851
50582
9518
342588
259198
14855
21868
31909
51424
53436
13187
58335
23139
110476
444910
364264
615340
28697
15468
32943
46141
195870
125435
189136
57172
36572
38388
67082
619202
29485
36355
972915
14903
2606
65955
11751
297281
219628
134548
832215
61669
169878
137531
69262
152377
502503
105223
95887
116409
70194
4869
129017
94517
187849
34222
269261
114726
27122
133375
349471
156873
17614
20633
55340
13171
17571
47213
10429
231660
157024
287285
469161
346291
147866
17073
179760
178580
31083
173440
41521
15667
21378
52956
577395
131896
66307
33793
309582
44680
16484
27780
119953
23820
11775
25615
146520
20766
596860
167352
43118
30330
64854
11084
52614
25914
35988
14753
438115
78349
214201
247061
92744
189175
257467
163238
54876
302520
380445
398716
518285
38817
138267
24389
107801
115448
151530
24699
27475
20996
30944
44126
82578
59444
76864
74554
113172
47723
20621
8528
17920
17035
9683
20878
12246
21131
8889
34808
9416
46843
27271
192936
38377
110282
15954
2816
79403
4656
7055
29349
82629
13029
36218
676249
163665
53044
78654
31468
285818
410496
35082
24286
253333
8096
20249
8850
45545
31013
31818
2167
16083
22684
70938
20486
52072
8468
22159
5899
21590
12404
6423
33719
37761
90421
123645
6537
21749
19370
11926
26440
122743
54751
39555
50036
441337
14373
18142
11740
9250
3071
13198
6973
10543
41721
25113
15604
125642
22257
5169
20980
37299
45707
48282
27525
241414
8401
35910
127447
88740
27191
14376
18803
142559
20634
21511
50758
45015
87082
14280
43685
7120
11240
11929
11195
9920
15060
270325
32263
36658
10427
191688
639
4873
4800
28319
33482
29269
1748
8009
8929
7725
56866
45114
14966
95906
20530
41540
265149
55694
8084
29788
12292
343817
212954
38324
13176
303970
23970
30337
3722
21999
185542
43904
2391
49035
25187
180353
57322
270215
33412
27109
39014
372451
9652
44495
113028
59184
444247
60502
12884
18667
29444
82590
222334
152833
69939
24930
26904
114052
159192
41807
448352
190996
67561
34267
24114
30456
124177
34146
35954
39316
10699
62528
11423
76966
55206
359924
38124
600345
133557
19122
12869
214044
12389
89748
13651
375939
86112
10259
3437
11004
296855
635645
11437
39196
14063
2637
4589
17045
252817
15629
4245
27888
10104
368106
45514
125169
140435
515261
17375
58502
78243
3316
3032
14402
13635
12039
643582
18135
21648
278813
13760
60406
17360
285884
14672
420052
60925
105924
9099
20970
25091
41418
29111
21904
123692
44306
47953
30153
9417
74276
5413
65458
11633
14021
26550
63577
18242
8038
47701
18419
5976
434579
26892
28396
25579
72465
19989
383549
18143
14284
25030
124843
8243
1648
28870
27707
10577
29594
279961
109678
182852
150353
697837
22225
4590
67442
58331
74351
38753
39219
102421
45995
83382
56128
195807
897240
39302
49857
177987
19613
232337
56096
114880
128478
15235
27997
30641
3780
1770
3431
22506
1493
10489
25912
59451
832592
3072
11080
3563
34921
13943
4552
1703
499893
291554
20201
34603
24532
19949
40452
21538
67947
23233
1709
8091
8041
36522
11221
1990
287158
3938
5804
12679
5999
13994
54890
15039
447171
13018
15641
4529
74168
52808
89418
3071
28053
3643
90047
448679
17413
57255
25792
204292
16880
12438
52088
60778
168938
24712
16017
2473
48846
3748
15475
157746
10803
58272
148618
5483
104391
22488
5071
10766
16609
131449
187378
69961
426057
66559
6860
2158
17145
83719
190968
17027
121634
36561
115606
21864
86603
6637
128239
25685
1593516
42101
287902
54404
709963
17963
173310
11142
73180
10876
291558
256546
16721
28818
45147
12135
158134
634611
5513
20232
312330
99012
154705
45371
59754
13981
16429
158631
466453
15254
74454
12334
315771
17973
26358
3897
43390
13151
124620
61513
910127
26947
32382
18180
46677
3518
4289
10618
5366
2260
32480
11754
4955
20924
33229
6087
11574
14920
19410
5187
19997
8299
8740
12917
18280
49183
90239
59853
24095
106482
4688
16754
43058
1987
13230
7535
29240
14304
19991
12000
5606
1968
79747
343022
35273
19931
17863
178978
63164
116134
33596
23489
498925
16291
366433
39443
20803
6497
30342
121410
69036
7810
50807
9954
149563
46244
28934
41091
61739
11372
27503
4451
14477
9353
23139
14718
7186
29170
15808
38366
69016
57563
15532
4079
18916
11329
56967
26534
36664
2952
2645
14930
2545
79087
9195
520236
215907
189636
4207
11535
3916
7104
175794
9896
108008
5954
817333
194151
37775
15424
16266
18595
78014
196450
12703
18479
316175
7787
10607
10942
14293
5299
23130
16729
9165
9604
13364
304031
10600
114146
38159
16073
53143
7041
10041
4642
24877
6803
16512
14942
64824
2495
18049
10247
22824
21333
3077
4222
13964
4010
12701
3797
11563
2357
6735
33242
74415
114230
17794
119319
371082
13403
19205
9235
137485
139968
23774
2406
95185
18646
671276
109787
28215
7256
38884
182827
307498
44476
31021
4103
11363
8785
58703
4709
52856
36086
10288
3082
47420
21647
143598
13460
736532
19062
123941
113588
221238
88064
37166
1750
76173
2222
27491
813
6465
691
14266
135755
53817
44455
45713
4865
104076
24229
667953
504483
156229
5496
3046
104151
10811
545950
8145
22284
704807
786410
8011
12917
9409
16907
367076
9590
159648
150589
21419
48452
8854
517240
58278
178301
195544
52175
27862
19630
286657
27873
517934
1717
89068
2876
4634
2966
15792
1628
49626
243752
83481
12122
16279
33403
67146
8886
60111
78107
20253
33636
13209
22747
802487
47372
59726
17684
37071
22400
8050
9349
33936
9683
5155
14470
17411
10110
9177
4161
9524
13532
3773
11670
84470
16102
5519
17867
66552
127567
35926
165632
56062
443675
145675
6405
18691
20016
163745
37147
820061
764845
32074
11308
52349
5283
31805
435956
116420
61964
33179
19725
543862
36097
277230
21572
65648
75077
74689
74947
103899
41040
77709
47484
1130191
3531
179207
5908
7596
25949
398137
300310
702838
43600
48545
8808
11451
3754
1988
5454
41360
33911
31624
13954
158813
5557
9207
188673
15709
9460
24215
83600
10619
86161
29548
11968
73063
10458
72555
8603
423190
26946
106618
49491
9345
4763
11449
11284
76125
8962
56152
159352
5462
10698
6744
1295
10862
9208
357061
193576
125857
178156
4885
2977
38997
31588
11593
340140
851864
234250
504794
14565
92934
35375
247803
251939
322924
33522
5322
7249
24169
304845
4799
1850
11797
1784
1886
71499
13870
117066
7636
446050
94356
411066
5477
13846
537607
19673
489384
2134
49831
35051
153074
15074
169219
14551
7288
2716
5369
726107
88501
80507
827977
93800
18978
5002
39413
2399
127340
2300
8867
12836
426143
2154
9859
79405
18640
1736
17090
58030
76938
62740
139785
671238
12660
15891
5865
34960
57940
338473
291748
20700
12695
245912
59978
268194
96326
17744
21930
15114
57312
80222
264249
163994
6099
14035
63988
11621
697285
257645
31315
130658
110675
48197
867058
36792
108506
18438
23398
203856
221865
182806
474694
39011
27298
160117
31286
320379
780803
426616
104589
86254
16797
18506
182293
100795
593858
43154
706824
65078
48816
93563
45330
168341
1400794
42868
58571
13542
1851
14896
17877
7191
530228
81789
697944
14172
3157
7412
13446
6985
42022
3797
244052
3540
2551
11397
21893
7479
15152
8106
83719
41294
4191
1149
44452
36483
146392
25995
642020
24803
42433
719863
71704
27235
82225
53118
585103
12781
240817
195051
149920
40367
327643
131491
39857
139957
15918
24140
36864
11706
20733
23593
147989
375606
6202
4513
21973
16286
101986
66312
9400
7453
10102
112589
475292
664340
35253
25102
26132
120060
83256
11570
15970
14010
39933
22954
13873
4722
33360
20609
5804
15867
5768
22677
809881
398009
29249
47027
16282
27684
22740
10504
408960
22634
3664
67797
72858
47095
23203
12412
47689
208040
9469
9774
32221
56038
12203
5865
7738
5378
10586
3380
6260
11957
8915
10619
37783
20729
6983
6309
12442
7879
524626
451162
24466
11428
13896
6122
14538
46840
41641
7956
60721
39455
18081
8111
56870
16840
5992
1977
23792
35226
5383
2596
4727
6264
16786
173755
34949
197760
6955
1067
20866
23200
97685
6469
18121
17879
91615
11009
2654
7333
84137
20973
34453
22533
158306
5647
233019
12879
38673
4959
39477
5862
16489
9059
2986
153311
96672
21583
281960
292673
24135
32339
63036
207579
109690
36222
128166
8890
159444
114555
763406
23304
81030
13928
476776
20611
41922
209029
475287
14049
49593
23169
260961
296476
27262
20733
77260
52710
28305
4242
32681
12513
46631
27864
54542
60711
160095
175804
192070
45865
106086
68351
25370
57859
297902
494468
607071
71490
623192
197059
176067
33126
264537
19626
52229
10216
56436
16642
189683
28031
84777
71681
33797
56758
62533
44490
273876
45544
19047
240616
100430
41136
13466
445074
14432
10946
42080
9524
53617
161242
3713
21558
29264
16611
3672
8211
49200
5698
67951
15456
198449
10614
6331
2062
751157
66891
19967
10427
36271
25176
38983
472749
417131
34536
35762
16795
24781
29798
77490
5847
65965
54758
82111
91301
35008
15190
130158
7361
93304
15723
231196
103843
104309
86052
78695
9705
76245
32130
102381
34370
96229
27388
69482
81435
79109
47379
24219
59255
27169
596327
67175
1339387
113909
337856
19409
209807
556167
104202
103387
513517
186147
44407
20911
37083
20808
406153
52195
26350
37693
67271
49047
108224
255312
105788
1543221
60490
200213
78805
379154
119165
194991
65239
118470
993574
178298
361684
48667
61138
71944
130425
246609
175513
44079
432772
57348
52685
17991
308841
74476
120242
27468
43543
482148
540543
560623
159482
86415
26891
28424
216537
25020
4556
3565
136135
97337
6195
186659
32442
63805
238982
95583
55361
9831
47058
11742
9972
7616
19316
84694
10599
88609
260702
58075
9348
4614
5948
18283
16924
250648
23657
20602
28448
135484
143686
9145
542299
212874
176274
523638
554865
27619
53513
17262
176729
34568
5955
92527
5539
18580
12387
11978
87908
173364
109829
112186
30735
10719
5691
159608
81979
28584
64311
186215
41070
87554
10244
27131
141117
42924
46207
121293
246426
151962
163210
417061
65528
673823
9692
23912
414998
5666
2321
24316
36986
305005
234302
15509
221099
104869
140435
10607
65901
916706
53432
306999
55016
852638
5673
156632
155521
175988
24455
167319
378264
46159
11094
248380
90962
116756
620540
39462
103925
5560
12829
6453
83317
404251
462591
263370
136936
15639
68989
11396
21335
34666
26019
97117
84471
16458
655515
124258
206081
53308
11426
57336
24813
120619
147766
89048
104033
12807
14239
24124
7008
208503
2871
15843
13754
8406
13352
77939
189171
14193
52963
103158
31358
326564
235223
199163
93963
423890
8397
43494
35092
161536
87384
31064
40164
29779
156284
510497
188191
165790
15132
637177
12986
16387
13772
5570
2582
49437
31929
78482
94301
150254
9588
46905
17205
17198
460433
14412
9959
27953
210913
848686
47128
216976
631824
363238
99547
34337
17347
351483
35773
728591
11856
22053
16630
2132
4874
279669
47141
75670
84770
11953
57765
36116
199777
39398
137430
425276
75972
106641
127676
868009
865095
150977
314400
78890
392907
105258
99660
334089
27437
672563
36473
6593
3894
26012
7329
12416
40639
43023
20913
7248
84706
315856
387902
332345
135519
47708
109639
9269
40868
33241
15820
4090
20062
122924
5072
17949
786199
36632
24248
13847
41968
255359
44932
8586
66287
8434
5434
4160
147793
217873
86694
24508
410474
84155
13972
103000
26391
21730
174077
44410
1903
6320
39227
375694
17146
1438092
7067
33563
89373
33629
69794
514890
17623
43869
91870
17365
2854
23144
5910
3542
16725
9962
23105
474369
44499
541161
23681
53164
451909
70998
102833
800591
192657
977988
35576
47095
33035
142280
147790
57076
229475
80349
18415
64047
3180
26862
8189
457966
89755
453584
24686
4515
31136
97076
12388
134924
276637
10110
95081
30779
12790
4288
15061
99632
40598
107592
101698
28186
112953
75589
242446
34033
31848
50669
64498
762389
115119
946591
258760
680675
15648
593979
3772
3299
16569
42058
41023
552828
111846
615380
228081
435196
19973
370114
13459
96321
1119694
130261
54915
48204
15270
20648
10252
200124
85161
138311
29361
10472
4937
11688
16203
458807
42383
60178
74080
2195
6313
9313
3545
110537
49292
32103
366801
16147
80450
184544
103922
68963
12955
397631
44085
239423
1498
6336
4075
38776
26911
28898
11647
108002
180050
61323
66370
274585
22931
68587
2273
7086
60735
7475
13441
153826
39059
27426
79271
30265
92816
63331
64794
59577
318194
157353
21070
428588
68496
44257
378835
498813
78864
243142
106005
628491
373074
97823
1454969
276286
18436
63635
22158
20565
79751
42300
17993
282688
38070
92437
26539
18655
29339
77145
85256
77943
151627
262071
54851
1034866
26686
295980
123562
745275
832837
298828
87944
594200
20677
107208
22335
46664
45677
32881
15780
21275
38969
218014
55035
260663
31393
29029
114511
709798
29663
134382
160386
18646
98650
224188
91073
2763
29908
60336
80201
133122
884791
132894
93909
4729
16898
21470
33651
51542
14002
12063
33494
8973
80543
404777
88286
40466
274608
20139
28484
29121
14077
56450
468956
860647
203673
54531
29489
328013
22628
155201
33875
219516
321591
76463
379909
663426
4391
66801
23142
791411
36920
162682
10829
443595
3605
142518
104715
49779
8635
28640
223539
264837
67106
188237
114042
80099
321429
330154
830131
69986
93932
158933
62323
229877
608588
980902
590810
28810
29168
212564
58152
139109
93695
166893
35973
42794
412613
69501
43019
291558
305233
76721
669573
104917
258104
53325
203618
615710
211281
1252134
124075
145516
449435
61658
216882
265660
584728
233676
190535
120048
54170
95920
121635
20751
58203
218623
23106
126454
60567
101374
99583
95283
319405
77853
43480
197815
26552
418503
236047
38201
64350
40424
694300
14295
374021
53794
73699
194040
117584
119781
654229
14138
64775
16645
37503
49414
17903
12359
110641
21926
51267
43082
35570
16400
200017
38885
77917
13900
60338
257321
289667
699724
116184
60830
26126
326371
119196
272728
159459
512995
380144
135290
289015
303284
38259
128717
173180
376252
24803
32266
24519
20146
34363
46316
64771
117123
10800
34055
621090
430782
239052
148849
204729
155634
742012
1128130
13335
12958
17455
56359
401040
94815
41534
36071
82989
676939
24097
21761
3904
9675
9391
42647
6588
29658
49871
82580
307223
110142
63757
493565
32120
36026
22183
75451
99531
152187
45911
494816
279450
96059
9586
624945
95412
44324
269480
616130
264765
33831
630640
56100
21336
3542
31411
11473
3779
9301
26456
27704
45425
74982
21404
58187
69773
4535
17057
30450
22107
30788
68367
65732
36294
14298
1343
54509
11576
92614
245726
73349
39727
2373
18884
11509
112037
4155
540956
11599
73252
4633
18588
199371
23141
19347
23692
335542
47931
25928
15567
10745
49596
11400
96045
11078
71466
202597
5586
95347
3216
71959
19954
61077
69465
88853
281319
199196
18018
7060
56144
33833
7250
4703
3489
13683
57099
390872
102256
69277
213307
18906
99607
272456
46210
1234214
36031
341456
54314
119597
7463
271132
52076
248645
37543
226849
344401
50465
3353
196116
15561
193701
14684
267819
168662
710479
84816
215325
105327
275563
39621
61805
51483
198719
26801
250930
22399
461907
15244
595663
105307
138684
19539
587849
151604
111679
58010
1054139
137609
46082
31899
219087
503865
46276
34530
699142
65429
18361
8752
228111
24269
209299
24131
142604
168494
164183
4571
129411
51793
209428
73344
357330
337090
3597
89384
2628
93553
124931
43409
185030
40999
5800
135772
21685
43150
17743
31455
18924
23796
14680
77334
15209
17743
45576
33440
145747
32915
10000
23636
37340
76489
126229
63957
18715
21415
8344
128982
10608
44660
87798
29198
433632
64695
472223
417921
146528
261898
454672
21334
23303
7905
7442
129528
52955
65811
67025
16773
25992
115397
29912
174308
37168
47890
32267
369600
36065
25922
16344
167408
590229
104740
147842
764529
208847
127860
26715
30044
11964
7691
5699
59222
4423
4494
162614
52176
62532
72159
47231
472592
25674
44531
422212
247010
414407
98868
38864
52309
67665
6006
345113
48597
68621
49547
57306
10358
26164
20889
121595
574879
194946
187176
63609
803230
54532
24224
30380
26233
207966
4704
90389
6332
14986
8269
14280
455477
8336
10547
8075
9694
28233
21680
24319
21348
6534
12266
79018
3096
53270
18528
16387
6515
8519
3967
107340
15945
255383
16999
39909
51501
75814
638648
96272
36304
114756
31601
170547
19201
279238
69241
87147
81801
24930
5647
28767
19419
33708
39660
206540
272856
927820
187062
393015
5835
425762
28915
18998
10459
87255
9837
23158
13360
60781
68046
240183
27655
341243
60538
17657
13470
53343
76579
22291
15255
22071
163836
11086
46162
11675
13288
439828
12577
293222
323823
933179
3565
28694
15167
58070
12933
64886
27200
14194
8218
70817
3783
82581
10513
558138
83051
97739
3988
59595
21385
68021
26669
70028
17495
4768
42509
267301
40442
396578
112580
266266
146084
19240
46376
424466
8234
42982
11727
28326
11871
10504
613600
8754
22694
17274
138822
78992
55953
34858
6698
121535
9913
5133
6062
13756
2803
22314
18106
14779
25832
8184
4420
41448
7047
7490
2141
94668
6281
9951
7914
130629
6102
7482
16095
135610
22766
28194
3208
25894
4954
33252
5335
25448
21766
87725
17026
15142
4638
10331
14601
29607
12713
129342
17081
54204
36516
33600
22138
94698
15538
21762
20124
32831
12316
5473
18683
64510
3289
40141
256028
545550
16029
26825
12229
29481
4671
28787
24208
400629
144180
10791
362500
18690
147290
13591
9991
24909
64227
9056
4014
35750
13083
5802
33922
33005
2270
7162
5800
19275
5022
20384
5181
28451
31894
21617
5794
73353
7258
29939
19521
63622
73802
95675
7687
72970
247363
126098
7977
69041
91525
40245
31990
105963
46988
2201
14967
6588
15298
32838
10549
2657
4568
7820
55295
25334
24291
21824
22701
131854
18251
28224
5854
41574
9346
82283
25424
744377
2473
88840
203066
82041
10425
5619
5571
167311
18187
8257
11293
33080
3990
5411
20055
138713
44215
70319
177032
66319
15756
4770
13774
13839
88716
11458
2231
55072
15788
186085
349246
28202
10780
490831
20610
69273
22234
26599
1873
254593
7951
11689
1901
42794
14423
12733
5880
7628
43061
16029
18112
149741
45889
39515
62813
37632
72682
130002
15974
231561
23190
6473
94778
52444
48973
20472
5027
10355
13808
105304
12871
206968
40676
205002
44006
82078
5004
10288
9243
13998
10993
7410
1819
12181
87639
13032
4391
8940
17810
406142
12411
89398
310208
83041
8854
6826
99194
156069
29132
130450
404796
64200
7785
101306
43817
296734
6072
210174
7579
243410
10682
33253
6479
204112
87959
14211
212490
20457
9075
5015
13414
4522
30371
35115
19049
1285
29429
14159
50004
82038
18358
9425
17162
4095
6849
10293
1854
8778
4204
31045
3308
1843
975
19493
13650
6638
2659
12194
14065
2978
3505
254202
33541
99088
225105
33780
209949
73262
12237
21182
41013
145805
42413
147847
195741
152792
61485
75293
267900
74418
10191
55076
3860
13728
207961
170689
20392
286449
34437
29494
61873
71338
162665
18075
101163
81393
304733
334845
817966
12058
24883
29173
33019
406143
24154
280608
114312
64801
19594
108600
131202
68293
136913
108615
392248
22594
25507
155265
14924
26182
594024
1322707
208896
19301
10039
68392
13715
73663
72328
76789
197299
6372
13346
39150
24600
245132
273792
153093
133769
76197
24308
723258
33204
77268
120329
10960
6016
7256
197365
3071
24227
207191
244434
91050
193749
11601
2487
46989
6730
14337
196933
200135
18712
256153
9776
54153
11590
319746
325529
121126
69149
30778
66052
274698
175787
24165
6154
831155
42785
3860
56613
30056
58114
36442
417883
91859
125813
11035
9630
9583
149132
248846
2648
130716
12657
192028
7013
3521
4270
54818
11419
47815
50840
485002
8093
7344
14763
122958
39996
148970
20309
14553
5982
67308
8714
33763
219929
36050
62822
32020
6841
36235
56343
289186
92322
94591
439155
270182
36099
243184
67399
63613
410754
504479
76819
63226
20171
96861
90153
167982
26277
83282
10916
8502
25142
19352
64781
631044
86674
25396
17469
31033
41109
158172
148483
334364
21657
196004
52236
112594
97028
1129523
105296
1531390
72840
300040
48175
146349
40707
60921
282201
18648
12159
708335
10671
29793
25769
40010
190368
58228
231624
67594
189787
65705
28695
140776
442292
570072
207553
115078
3556
31195
28401
51418
22960
182098
593327
67532
29075
16571
9006
74545
5899
99090
34490
50796
10247
9064
17891
318478
28931
93717
87868
47640
446283
50347
2801
35784
33571
606164
62668
63978
25989
20289
115516
28982
11505
204605
66234
124755
456348
163219
23602
157547
22192
123944
8301
295604
21208
25096
22595
92266
11690
15870
85090
323880
255368
50901
3801
36680
51562
197133
49430
100291
34675
42076
185213
49507
70848
7805
253302
14577
768078
169928
231432
3384
468011
11584
3372
15218
11340
298609
60142
27431
163601
5262
4021
6588
12988
26458
72214
324447
25878
28467
17012
121300
648384
31871
17776
20720
17851
43406
52934
206504
17259
29787
9867
186078
84371
5927
10342
4206
11045
11423
145652
6679
9320
28874
8921
18630
21232
36081
18676
373713
28823
26174
8400
14003
11163
34292
22885
6414
7976
27592
157342
34983
124259
13488
3202
7772
20635
26763
284808
108157
79754
10842
59933
38649
65197
34089
358582
90531
24786
16652
2297
153718
53699
278528
57069
13436
266203
30616
24056
1211
18638
392538
125192
590655
115178
81949
8705
85607
12397
15575
1711
24963
8285
18287
14625
11200
27221
35974
9837
84933
31164
59150
16064
22097
91468
166817
14849
12076
48375
392078
83755
817900
12317
62408
28397
80742
306734
78688
17358
16446
13019
7546
236731
37117
51486
141665
4842
8279
12389
46752
50039
11510
7062
27239
29368
29749
19023
211075
203469
116107
49812
18988
3524
33354
11571
153902
445292
112398
255614
47020
33073
123616
18619
551283
44113
81703
20157
57502
337995
184853
15180
105426
44005
76861
8016
203301
89825
65621
33358
63843
21566
213437
410901
14206
14061
1021
47681
13128
24096
42521
94994
19333
11329
10161
144948
22692
28402
248665
5705
49060
36832
169411
61645
49815
21863
276550
10641
17424
34402
74244
73477
65182
131057
24471
48189
10082
9109
19590
13855
129592
17783
50557
42223
37296
78557
32284
89416
85130
19199
36612
38463
22969
37438
171525
38731
49319
20850
72754
78536
33201
35624
24477
23760
