51939
1007061
128102
19379
958427
120654
954415
2811834
37650
3878270
857184
1928741
3710
54285
962392
6669
975068
888837
977723
0
978855
828558
1066503
730236
1212424
2730083
673
2511
993162
1865282
1953839
6775
1718579
15600
1008037
91
1676202
1987254
3796898
981451
869945
2833791
12657
200952
7534
2232124
2929335
1019378
985737
993087
1865
23044
52418
1785
3433
984202
3364
979128
1017507
0
989297
1746785
855347
6574
111870
605250
1795487
37806
30380
890319
27354
976383
3693
1522
1424794
4305
549
643137
1819
759
613
96
2546534
62919
4818
48473
2887
1727629
173
11335
87541
980518
987690
15802
70807
1678366
978735
55
252075
964887
936004
2049315
732333
4631
999646
2867097
1855467
1009749
996410
60624
1028084
1088
1799
994230
812
0
876960
927298
4040
1110931
1955640
110799
978799
0
1336
23912
976819
960584
966943
1684122
1040787
1684
1964
13082
63
978650
1558420
30843
1933553
496741
2519883
15770
318549
1826
2690217
931502
2460707
801369
999156
979334
996656
15717
19860
1248819
1791746
1979308
9145
380419
995675
7238
2929855
1863
1828
977590
996499
285
1963669
1890943
1928221
556143
100032
1867204
4
692996
2595351
18290
2797
908583
1028417
0
2123
1241670
15065
1964239
1471107
3866907
1973214
960426
1001846
19739
1241206
4263
13380
104
987535
0
420
972723
1010683
7
1822
1826
560965
42
542
849
977925
23040
42
98
1412
266078
1747
3014
974707
633346
1434
1959
23050
94
371
10781
42
1174292
989458
119304
967381
19
15835
46017
979077
1
1977117
784
21953
408288
5502
40
2745726
310832
1012509
1047
972670
990898
1794
989595
757187
81
856616
15793
1969708
8698
75419
3227
5170
1513
38042
1031422
860838
54437
18437
1797732
1959316
2452
13139
1810119
905192
995613
0
974
1017855
0
839628
28282
3226
32
886611
4938
2775
974802
557
975479
1953945
34023
41
1059008
976385
1907
1971269
24
437999
2610
2016626
1003588
21703
369458
971457
17627
21116
2094022
978828
16260
1003627
4173
8239
1
5
544
218269
638174
5448
1204
1695
47039
416387
1768757
1018686
1528
975185
75867
9
0
6029
1
0
0
2929624
0
977458
1003804
676069
977464
2
171140
976402
866
7
969181
6596
2149
18429
3512
36605
92065
46
1088976
33697
3620
583392
6563
955386
1188516
1877
0
175
7
2966503
1867144
2002218
1724
1074186
15717
33796
103490
965836
144
982645
5145
975329
1008507
587310
88
0
5456
1012
642798
17957
15747
1919934
1814
756537
531261
1185356
935970
1939068
769
2475573
1875
763
4
16439
977244
6951
244721
12016
20
15777
44
964498
16
2389192
830900
982089
936078
88006
938708
1972846
936424
1711879
1959286
999361
1013251
2904
1786
2750
32
1005512
0
1087648
13265
247
913475
1701
1987479
1449491
21810
910467
979476
2015227
19402
1885395
15221
2942460
1998
1988638
1812
437707
2
17289
11
1335597
1025508
1954103
355654
974926
5298
16878
1730
6458
1972308
1084702
7929
55083
2983
1999672
1840
599469
38
982
981550
0
13
87
0
1851917
1910
4504
6631
84
8132
926018
524134
4
3851
1123
373050
129965
977
1603959
16814
1830328
2576394
980587
994908
49707
108597
219
179
19890
975444
1915172
1941984
978778
2182
2019
976912
989228
690497
211383
45165
284
973305
548428
559286
2814207
31
92
22043
916578
1901209
5249
60379
146397
1795082
4749879
951122
1863098
707944
87995
37201
2695149
836164
2032979
973890
1009175
978214
20191
2835194
704787
979255
455839
647968
12
143
11476
36944
986067
17751
2856350
62219
3
111
114399
1954006
6838
978443
7426
1888103
3199749
18
242040
44098
2036388
1972528
1921718
46506
954006
5736
3392562
16784
1781
988156
566618
978786
661
23
15865
203009
2028032
15773
661
1294025
971605
1733
10299
2020
964648
2210447
1910565
975143
843477
977010
5383
1063952
1434223
2021315
1010035
1016937
1754
5651
1212347
932368
5421
993693
1085060
111282
945895
93724
827999
918359
10
2900085
120582
964588
1969
38
930671
34366
2691525
993813
13490
50
1244664
15725
2937058
32
2484
16022
5241
2782238
1978343
14993
1979189
992724
1967396
56275
997039
13
978717
0
376743
979
1829910
18610
979731
448
16390
557556
21803
961414
1928332
992601
1086437
3840178
1848
40
1002235
487
997945
3217120
3032209
955868
1814
3334
87196
984075
975055
1115285
1015861
2
1276
824899
911590
16168
1968912
991624
17181
994542
1045982
977916
889279
1553792
1966170
2633
4346943
85427
159240
843909
1012006
593300
1968392
891892
951980
61567
6140
1939013
9424
1243881
991411
1010496
984586
2277
984209
5790
979831
1658062
1196339
430743
3274980
5011
303714
36457
430082
2655874
2928068
993530
19213
991811
17666
998675
906839
3620
1023914
984668
2007837
972196
2279
1796
5447
12
62349
2925
375880
978788
966067
267100
21124
5795
14994
15750
17009
1705402
60
58
2956922
663529
1983035
692945
1331541
978868
1407455
999092
1814
2910159
2761275
1950780
1080559
2189242
981104
346964
7177
963334
1232328
67424
1930293
974903
0
18966
18915
23550
974783
115613
451320
1418406
751342
1859223
5533
51505
970433
1015738
965403
3247
1824
989615
951517
1969431
341
1923916
128743
2295934
990868
9677
82
760905
39704
29499
1664
1943
749157
956794
847
1014843
112
3461
1924936
1989308
3635
48
2590
13
30
52
2574655
972790
1652
9
984648
1842
36816
29351
2500367
976134
1092
972522
951749
1232671
5442
2819
5
0
857
976532
1873
13
45528
27
977918
5482
0
1424
1012031
1847
913257
975198
16428
6422
218
1842
2543
324
1
388456
772
4361
6634
50344
50882
1140715
0
966929
17
974628
8802
6088
264319
2200
1838
2846361
988922
5521
5621
630652
775
519695
751333
625
1346
15776
2101
6019
15784
1110
31801
5435
1472595
49853
994624
384034
688759
34
129579
18
595
0
11461
530463
6
2973
2584940
15811
976269
1957691
1168993
976378
658814
26192
2809969
22087
1943824
1001018
2796359
36548
2907393
114061
324787
3323
1001751
2922521
1812
203327
1973345
12
17616
17588
1027292
422102
1108629
46720
107839
12
1865
818
204
978291
1964631
94
943883
46
1949449
1000607
2776494
1712
1952479
36
995046
1654
1061633
1147616
1918478
294135
968066
979978
432668
2159171
996389
7497
987696
5447
786
16108
748406
1794
994551
880
790514
981674
1930326
242
1282919
9062
7398
947369
2265483
764971
1358
751807
2032
819
1927153
1634
977000
1208928
5447
976617
46308
992255
0
0
15782
1796
973938
6461
1922637
15675
755661
3580
1522592
37
1839
537194
977545
982002
976638
2484713
976785
207598
15945
113912
84
43
973394
22284
1413166
11042
31830
425205
15457
975393
760543
1384
1005554
10459
15500
937456
964412
1919780
8566
228
4469
2678
39133
74151
22
314
