49763
22192
297877
13798
8321
198157
8441
20810
122524
299396
12662
51201
5314
8757
22595
11023
5358
8205
26498
6765
50358
43513
678726
20270
3972
6956
19913
11765
4323
23907
238995
120554
127985
4203
233100
48488
57796
470797
23926
53360
124467
8195
340296
14041
20751
181566
193394
24948
4032
3782
9831
27
224023
30012
9039
57654
11618
14446
11605
260366
4097
542
9354
760
43579
418
495469
5
41692
287243
2963
5001
3654
12
27126
3009
1130
1803
5677
63763
7037
2144
16240
52026
7972
214391
47213
1010278
99955
89952
546671
183336
6063
14102
326104
1400534
50129
616
1040605
2321
12852
11971
1007172
76541
11069
17085
26983
5049
176
12557
4438
2119
953
2286
3767
3519
159528
44738
1152550
283968
4484
118438
235173
41688
55917
7852
43563
608977
4750
1008460
132475
2688
15267
57164
7654
17189
122740
33160
117953
5417
1981
608
5225
48256
18655
1705
11883
58938
107003
13895
903412
50848
156348
19338
107059
1484
45817
6780
132573
21610
4917
7471
367199
136690
25971
5124
158677
147514
27443
142953
32830
189840
502982
9782
1229403
16445
904
26676
481497
6054
777006
992255
1570474
20911
57599
149565
52832
3383
6174
16599
133927
50172
9830
1943
701
2791
16064
18644
884142
692
6761
1285
3728
2474
0
3189
3017
1953
1999
18930
141824
215859
12367
393344
19894
87797
5692
1365546
12098
282254
121068
437891
40074
17263
57995
21774
91822
6769
14064
462084
11341
55918
126645
412022
52008
502847
262
166118
52182
270783
523
4357
11338
2655
9242
3595
25400
955
1366
26498
92504
384
2040
915
7549
1053
43558
427858
562727
39652
9306
40229
77430
21972
8304
15764
499420
9188
3962
28645
1063069
1646
1334
1675142
204573
50212
713463
282993
932283
9497
8867
3793
19671
875135
5
14447
5598
21026
63520
4473
406350
33116
375
4566
134428
310
85695
7512
13208
973685
3061
3736
20393
6036
18517
224174
16686
51292
4831
521147
42336
26507
99367
114948
19073
47123
755
7951
58552
5967
8595
6190
143972
3935
1960
5993
454489
131735
367721
119039
364966
3348
169
9412
551677
52128
10121
6340
9800
8578
115901
28084
36763
197572
298243
32810
11145
8502
62733
97811
13799
858603
13891
277
4914
106433
64172
925191
135869
11579
655576
6076
24090
16260
107440
2295
92920
27761
3332
207441
32001
207
113867
330531
120129
5637
11358
220429
631114
2871
1011712
301142
16488
86719
185570
1496
111666
10020
181
93436
449659
13894
144244
981910
4162
221791
3800
4302
1515
4358
6118
1679
17561
43181
11981
26434
55692
21231
1001563
986
19965
6940
6896
5285
77556
22246
61022
4288
48759
812
8053
241596
17056
3705
72673
12572
5818
9069
87221
11009
542824
59856
86148
70825
2936
243
1136165
49292
7728
35006
12738
798496
2285
18314
29622
875346
4012
10948
332
16748
11584
663
83991
1392
3536
348
119408
887
14211
15857
1038
1323
595
3160
122685
77667
32465
50073
446908
1991
58112
3818
800481
190659
178395
55842
445604
4592
197520
193349
23
1685
7640
7670
152177
936396
158036
970
245441
85532
430504
8648
13502
3789
43193
1883
19154
28269
25631
353
2788
7106
19401
3459
36768
251256
7385
10876
219642
306016
107174
94718
35707
125682
26494
22068
46195
1008065
18078
267496
15978
124683
6158
491159
9743
14603
566328
8751
5093
24112
400200
3027
1241
536
123019
6185
3835
15765
11630
776
1020
618
658554
6006
282192
73575
34365
873968
107622
5730
28070
50604
15553
9437
424338
10388
20697
10492
144777
132047
5906
149127
325183
15746
222413
1795
17802
2173
192490
40792
415042
730811
4936
3218
95482
2671
39167
85522
120899
12895
6786
20068
189540
16955
32873
13035
35458
9726
40222
57325
223247
356584
149516
9003
105201
11112
5085
6500
15032
93728
137325
322537
483579
381141
126771
2865
45309
10281
337329
99535
92777
205704
983492
4442
45054
20516
112312
2280
144702
115025
1820
1012
9617
16884
285405
18053
230956
3900
13247
2963
993127
12067
3756
112651
121235
95821
221648
17466
11329
29162
8941
3131
988276
37226
13448
1418
131260
29927
374715
52848
87953
18387
138376
1455
32892
1334
6400
725
29491
1210
4544
15140
10539
69061
9212
12842
223917
7568
24961
1737
162727
149080
39315
17368
322366
10144
111858
8744
341034
718465
302592
26864
57664
23599
20732
24224
35656
340260
172604
47054
539794
3141
75445
6935
21936
192941
134227
648661
1759954
35133
30176
3112
26770
19662
3734
17506
32374
973787
26371
12780
19918
13
135271
205593
327494
6238
365
3700
6564
1192
2035
14830
40398
738505
8998
955473
574511
12176
9538
140856
1018780
564528
107612
20305
630189
6624
20039
296313
79941
130505
23038
81031
136744
23216
21449
12617
382326
29938
1558
1607
4316
2784
5306
110823
7178
2418
32089
21085
370131
829
20654
384572
292475
7803
36026
5161
224254
59969
108923
308942
109139
6677
1448
8122
2589
3546
1955
2503
2477
4325
2789
2908
17690
1831
136072
59691
294787
1106
5114
5543
100307
2656
11332
7111
27715
885005
115230
14043
197528
614
7573
5047
47631
38072
1930
239
1518
126659
77770
6848
55548
2815
17918
14325
23883
10113
3
45023
5535
459
2559
1367
7568
7832
859
2972
2025
6004
974
46
11889
4046
5851
286
4541
361
11116
348552
86
21862
584279
362061
4668
3114
599
218274
942867
82729
61055
81257
169297
5018
315568
17166
60066
82275
7584
2650
7805
9431
54166
110605
52776
315645
19969
1626
3563
741
361782
41869
397961
748738
91171
22614
34318
14386
266305
3157
255064
2891
4393
8227
128311
712
398183
7621
3796
60004
2915
1477
3693
40899
105112
5367
12252
14127
53774
61957
707994
84325
12056
178026
540811
434253
78395
81740
66
7995
2170
3905
1341
73956
17064
25627
16345
12935
219338
451026
431412
25781
25961
5795
21022
5767
258472
11286
46264
15300
37126
73185
41320
349423
61565
738946
199878
784256
654564
42371
92789
19455
70189
354205
244148
239742
2248
7936
7442
3854
42203
62232
168183
128485
135290
52841
11026
2537
893
8502
1046175
14593
917
0
72980
258
46
3356
2362
16956
14930
618
17785
18871
562
716
1342
2945
353
1650
102302
148954
2124
3159
2881
14056
2184
9647
28176
15455
1065
56607
3147
9222
2963
25616
81849
1015
90943
10294
1783
124191
407682
3900
314912
395399
97792
2780
1708
41678
2034
3586
53123
2738
1172
9030
117299
3756
1721
27265
15630
4275
7969
4170
2687
1204
316993
40591
157724
15564
4103
306455
5863
139982
232356
121561
435956
36254
510
288729
13329
7
1141
40922
628
2465
7076
1117201
22637
35894
907823
79623
28168
268
4
1147482
3776
27173
2825
51213
17251
249
11806
142394
111968
43977
47750
140053
35135
507037
9053
781466
4243
3384
0
20546
2749
3682
5405
138827
5771
16533
140504
30511
962812
2068
927
1894
955
504
150039
4
3207
860
49659
1592897
876943
18
33742
130552
177145
5677
16770
5376
47369
225
2830
173416
330815
551333
12731
9904
264747
6437
7510
880983
46284
1434
4239
349712
13029
689
159847
953
119355
1142
43859
61096
1413
2263
77396
3993
41162
533390
159265
174309
803855
29743
28
499
3636
194
620
2852
17091
357359
4922
1620
4686
2249
16773
13871
28070
113698
77529
80796
387253
520505
26965
1867
10430
4604
814571
5316
322025
102899
12552
205620
36971
24502
117616
226254
24657
606897
20112
2028
80172
3413
272156
24882
247528
1877
25212
983763
6904
2368
7555
36011
79613
2774
486
78613
7589
62987
41149
331295
12671
12696
58671
225516
989935
6488
1875
12519
10415
648
6667
41480
4494
161961
286502
9102
8203
1125
2427
394576
95273
1397
230798
276
4675
15205
250625
1469
6397
166093
2054
235
18572
17130
48562
9343
4406
0
3689
10957
54888
1021515
301775
67738
2226
172737
8565
35239
8888
7595
11864
7699
3735
10224
757049
276335
17708
352
47688
573319
4798
126240
44534
1347146
538167
247180
7331
39567
2674
26485
71601
9069
18535
683
92704
1839
10725
52827
68383
95211
3294
654
54567
118232
323
4312
112661
3225
14446
13230
3453
145214
565
39018
4375
103447
140038
4333
0
128790
60034
784
42216
2007
29985
845
1819
3780
1795
2913
137386
9966
590604
6517
1035
20900
2534
116404
435991
12784
503097
10368
532111
81161
339325
4081
13659
73794
373650
179904
17564
40492
245052
25440
108252
152
1296
4147
90453
9481
1470
2284
535908
2287
546814
13786
6921
54643
3008
5013
126159
113218
4761
1238
40712
1345
6483
4199
63147
3196
5971
42780
110354
1395
132123
2746
13380
2325
12258
120860
9097
76454
7219
136382
6831
29024
22639
55151
73467
6542
24998
662824
332179
14376
1302
13001
851752
6947
33928
11919
55577
30677
879701
6400
125625
866571
54456
1771
14366
4573
141748
84038
1522
9648
93177
14065
4948
8853
14410
19324
1301917
219666
673126
149707
34726
766
363216
5577
12908
3948
800
1681
5108
2136
2482
3785
7006
227908
144955
3107
941001
2277
4566
2294
3095
879944
94377
39305
415806
3203
295097
530
1896
16294
6133
14113
233499
19209
538076
569553
6985
104772
26639
1761
215950
822457
233323
70532
149899
237046
688604
6023
176363
72069
227356
31116
882049
8500
49138
16935
256854
1012
12923
13339
5234
37121
2062
1414
11520
190452
71699
4364
109187
13234
13741
178521
102374
12975
117643
6216
4830
50469
20243
39917
5746
2391
16192
116178
8082
11197
3396
327018
3295
105910
33230
78192
5199
533
102930
10657
13688
4463
13674
513
76948
6581
237198
879
16231
186639
426249
113656
15791
48931
42650
5084
109933
1803183
176813
692421
1090
5857
1139470
1210
362507
6245
14747
1433901
30636
71077
160943
182200
22962
53148
212800
3950
17466
25725
2500
26676
1005066
348755
201757
263762
48
386734
3131
4402
16475
9549
1349
2871
86207
154206
3101
118215
11832
1777
12186
439813
27073
462897
141923
3655
34516
92863
280829
4483
8797
23485
977310
10362
9502
39079
38084
351790
220582
35831
12569
17981
3897
84254
31294
4972
7763
7167
223655
6137
139553
45686
3827
141154
5951
18553
115987
5028
25320
1830339
99605
2001
3156
2847
2183
321
197376
2387
37485
139433
134736
228
45037
2
4919
1688
17447
4213
7619
38371
898140
9318
42959
47253
48490
22838
137941
5126
59393
16138
1120395
42
570306
3680
2654
1069
2393
2257
303965
6961
7860
387907
34614
23046
3159
10890
7322
5947
875784
1704
7876
4336
235
16351
7017
76383
19081
1893
115299
12761
10913
565
114413
24026
142345
644180
15638
106978
837
26675
20594
86852
725837
247698
8502
541245
119572
687311
23162
431
7839
1108
189011
9722
92885
94962
47420
749
17538
3791
7740
710
178272
281
784823
57124
404721
24803
4054
824436
4145
7000
281662
33477
140690
267224
111174
69082
71463
30023
165117
521326
22662
42928
14517
92815
129069
125634
1471459
9660
213414
311032
176642
17371
73458
22936
23169
631576
45311
97883
21418
70827
1224
71450
37420
2286
226427
514854
14599
35021
492
4625
987917
956508
993534
66265
9204
41164
453
26068
52215
824
1660
170068
35421
12926
7998
14733
281656
3783
860698
9079
1953
18561
1916
812912
226432
7645
11158
2066
18929
685415
2383
291004
4411
19370
11764
36833
4102
932393
9959
51077
5813
2368
137
1453
106534
6674
625
18870
9805
4364
13709
1341
3468
203217
18377
113316
17572
15541
320178
24377
1224
412040
13891
1706
967393
936238
6347
98484
9388
26259
2007
17365
1832
2384
48018
7533
2653
177160
243
1724
130139
9178
215389
117936
18764
126502
63156
3032
6470
11805
156448
3995
944411
83816
27821
26595
4065
4516
703
901
1046
31349
8820
14079
3393
3836
1238
40284
2341
17560
36751
6693
340379
1300
11182
1076
171540
10256
16326
3
48176
807
4381
386697
141311
8990
55026
1488
6205
1430
86118
399169
1140
3633
10281
3081
1333
363
13714
58951
4788
400
7057
346221
12802
781369
10917
2080
8597
157247
140558
1111
177642
1003
31874
3532
33669
23925
1014180
50512
299398
42
156533
6181
21836
1514
253
3928
283882
13187
20173
5126
55681
11029
181546
15210
25561
1488
7709
6207
86304
19007
747
1323
209753
310
3371
1563
17978
2583
14500
22
1163494
199797
44415
640537
248304
22468
678530
7921
197682
1072
416075
130392
3578
481
244
371
104395
3428
271435
277174
3404
168168
111647
7012
9597
277662
508246
91319
30257
118067
29606
18975
7415
3910
16155
8147
3112
12539
852684
39163
50164
2226
6326
91968
2132
50568
1395
174
114238
263195
19270
3381
17211
1123185
588127
216453
15786
9548
17713
281063
3627
252944
386570
59455
2585
91919
2248
5777
6856
25431
668
13065
3725
1845
1162184
11222
3815
28363
1567
1859
7970
921344
5189
108533
12936
213657
40409
3449
4556
7205
131633
9903
891881
209571
297532
104251
128700
5762
106390
18200
17777
329672
22181
52591
37370
1812
36722
229508
22641
199252
39976
29109
5255
55310
18445
13744
21387
57276
24128
133810
54289
108273
27834
204619
11266
12841
265227
3544
41446
41395
3026
55530
4118
27168
59025
1317146
3295
20356
9504
3331
4526
465789
40503
563907
998626
18197
12602
4632
15823
410763
123782
98495
35948
177714
4608
1070621
485411
1426145
57676
100471
439
892526
115
3792
150332
202602
752841
250482
14364
381622
6745
185074
10933
31186
97473
9761
478252
81041
24331
37758
41992
1555
16466
13716
137797
8401
596388
22317
278794
581887
130557
7762
1818
26138
93378
2181
8115
147102
2246
1298
15985
127116
16079
12530
2918
206141
178461
8903
100313
447780
5576
7374
9441
16180
18171
32680
10315
10458
1882
117257
130
997977
25
12187
27661
13855
18026
1318
123374
458259
39690
11728
6841
941860
527180
6914
426
5466
23670
5549
4502
246290
113953
59101
389542
63218
13684
638795
55423
122586
10708
184758
240304
15284
1316398
11145
110054
4118
30656
11555
131523
9539
62449
12046
232970
992833
17486
25487
260513
29522
193417
30368
995948
90527
37253
17336
10837
2299
83834
16179
161341
423919
53642
201408
71263
62050
362063
40035
75370
15881
180298
91
10456
4190
144054
462948
145971
81539
378517
2021
7322
5815
135341
242704
290546
11112
4466
7225
170116
63909
30381
160366
88264
130034
117288
44257
2458
5870
2515
11635
3461
352279
746149
5811
1813
8698
3092
694
10831
142391
119147
225044
815
10841
4947
101495
89135
689304
54378
56543
9594
63637
42542
143549
310259
10529
213085
131254
12037
8923
145424
722542
4
4207
18576
371
150136
1705
19329
1848
39241
84956
1020190
99584
1155
7013
13355
9647
139851
21893
125236
41967
31941
981358
936989
939884
59064
162208
81982
9721
22194
4796
11164
1852
1239
84477
32913
6898
318711
4675
1635
19453
6915
43872
5890
145489
3
340606
4211
16011
16964
3928
132054
197502
28030
20772
67292
19698
22171
67263
11759
119114
2321
147428
27328
2379
845
194829
1667
6872
54520
13158
10790
4350
72793
251346
990142
6090
29723
78207
103808
149362
7944
63891
101641
124488
1669
2873
231817
4696
23519
826837
167532
277621
10
92343
5344
14446
114518
1890
8238
3922
14160
111904
27557
358558
28415
5361
49836
852668
94535
1377
4258
666501
57680
4214
5129
256755
14334
83633
542290
9984
78658
23620
419388
1057438
278528
86608
77382
9431
229342
98312
14932
7396
11590
1755
4220
3374
935
63240
75816
59676
27267
566659
1080703
18432
69828
55282
1186017
374472
13983
99213
11882
5286
240667
21357
429196
54542
113048
13480
177119
138137
977332
5569
8383
133134
7329
10410
3134
1868
8243
4185
1019
51449
22426
3365
18646
102472
5359
113904
80012
309078
1885
29258
2782
198824
40716
2169
172578
136181
10559
90984
614715
206994
15283
17716
3499
23282
1958
2973
147968
6920
140834
1953
1355
3321
14766
29857
132
104899
5104
7788
22157
408890
1806813
19846
26247
2388
27572
161511
15859
1030766
2201
3236
3317
17836
351
8044
18182
612
36536
4280
11333
5894
1266
10551
1647
983188
10008
10478
10388
2855
6251
5203
38367
9037
1021709
11900
349454
1720
367532
14214
23723
71648
2024
846144
3400
9127
212296
114884
13671
569
96450
31648
3187
29111
168063
11878
3863
9461
1994
41985
15189
4721
14061
51774
79401
12932
65641
371923
15875
717275
9501
35722
1058908
95384
757
906591
7725
38605
65125
26981
148817
7188
2921
2404
18558
99543
544539
50174
105364
37451
27168
167740
131087
21824
14669
607752
17123
882
33665
180063
208569
358687
1102316
23352
371745
20907
30210
571108
445590
231947
8417
169075
22200
406
871455
4300
251338
6905
542228
41444
179745
2709
4023
1212
977329
9065
7065
21512
21734
2460
5187
495
1326
332628
72623
118560
58865
5308
6083
1706
1220
2004
32687
6700
185846
1752
103461
26587
975
572788
125824
10969
245887
7196
56640
9838
88157
1093485
19758
24432
14884
118537
135990
12165
16433
124280
86202
28012
178707
131742
22820
1831
4396
116398
17411
782584
14402
430
5737
723
2037
1254
14816
492100
323008
759789
2597
124279
170075
16916
14724
1134560
40632
159565
165840
7943
571737
274924
212433
236872
417486
570278
42771
29229
553697
8648
12911
326375
165899
369
17369
4467
12361
836427
14546
113174
152332
115193
770532
610
459172
158986
334940
705663
73165
511267
63493
27818
29160
127649
191070
60914
67859
63376
47724
316727
559322
44166
155006
4290
34530
2315
188814
15142
15347
199498
600747
43620
46391
7476
986955
3729
561410
78831
8519
336766
38302
123035
628096
23283
1209
1334
13219
488310
62588
49912
30195
2430
15675
527
218054
20861
43212
15215
1131
19123
83474
13491
21568
18943
471816
105231
3781
127546
170967
330590
1368783
493560
84846
285357
437832
518374
63279
593596
380671
160542
1234656
411404
64896
4902
280936
21403
1016195
164597
27966
19925
131037
16687
9473
18605
10750
574335
91289
234201
20051
18622
91504
10587
1234
17641
10546
6366
747738
198664
118540
5210
41963
35188
46671
2138
11667
916155
252354
18170
427774
892859
304696
5483
35053
14920
71174
1751
3954
1997
7744
14808
71458
1912
392
303
4410
1390
37329
154307
3689
380020
26024
289613
29906
102573
447782
147604
2052
544402
7071
30400
373
45026
771
2547
10199
2415
29096
295
9237
4705
2913
6652
1124
4587
7391
1811
211829
192813
797976
4718
715775
5847
307803
2447
13658
1056194
5117
8636
5203
721063
85292
15458
980
643
71055
1215
26425
52008
949845
7678
2506
22149
629608
10710
27526
9447
38999
157947
150171
5503
23963
18
11111
8083
126710
112908
749485
16961
109760
664283
790488
1008511
690879
30898
120581
19451
11123
957
201039
569
3302
1826
3232
788137
19078
9419
8897
3231
459711
6400
266296
13355
699153
952537
659184
5860
11010
123553
814721
78969
196683
3191
299958
4085
210616
166260
8431
7960
21687
446095
6050
93536
25213
563699
3629
1014
62261
134619
811940
3727
613031
11278
10030
20560
401221
235490
3163
295900
5310
22694
370376
236190
893797
227212
1290
107267
427098
158144
3037
62407
20344
333
2686
4724
684179
1078
45787
31957
228523
2046
835
4022
383312
3454
3496
14686
1000056
890
4951
285765
2352
11549
623
17877
9338
62298
501
1252
57196
3334
597
17235
32232
121993
11541
935172
17582
17374
7622
2391
375701
3340
40060
77101
56659
2702
1899
10927
11511
13163
305918
677246
145522
251893
93177
12575
1184364
68826
16253
221287
278138
5568
27886
123194
23253
1275
4153
23297
1582
2955
67150
48178
28293
212833
7844
54069
12155
17852
11354
116414
12043
4651
13030
233287
2366
93160
4799
77208
10597
128904
587
10668
1285
185
496089
246437
4382
7616
16873
93151
159763
375313
178419
5469
2616
3929
2084
4449
116567
5607
18975
23677
16387
2811
5762
51678
24555
10956
307637
11390
13095
170290
369
987773
9241
78075
10795
4464
1556
662
807
142242
901782
291633
12349
117149
113759
40044
2927
5580
12973
534
402453
67479
12217
1059078
1799664
59052
11096
22341
333164
1065
279882
2223
14132
5755
96913
1834
152668
408131
415156
10756
6037
7265
38014
15329
2079
39647
98043
33036
230837
1414
349667
7014
107
107823
186587
3143
2389
26265
1539
862
17012
238877
30681
45691
583
44079
23524
881694
713
72628
125239
1386
5
5254
14866
188013
777
186653
4460
11518
292
5570
210982
481
122959
5046
5086
18050
351
8972
241
5816
270237
32808
9101
15249
241170
22680
23854
22968
12160
1275
24197
4
16907
95616
280963
124990
73877
15276
2819
493
207412
1936
845
225538
28036
42520
52659
17261
551
13250
3455
111774
160351
286289
312598
15761
135365
312
4159
16732
949910
4015
7156
5033
1644
513243
17140
120057
36746
24064
7096
4056
109806
6861
339289
32981
2313
2378
1413
0
54854
30529
10329
266
1943
1
2961
2383
1
924
1923
3768
2235
1461
10649
1636
925
5792
2259
271966
811
8817
25010
12103
7900
13068
232
7879
3098
180636
4296
18214
1258
28554
1869
5624
18459
14786
6027
26664
2157
187101
1413
49148
2029
5091
4391
1858
2587
15184
13
14417
2503
20564
10330
43342
4221
5593
27719
1032
235508
3428
122783
207735
1185
15445
875
177564
171
29030
11824
775108
826
4287
1966
0
109331
759406
79648
12128
24811
3015
600
338969
127882
51007
47558
140537
3315
2195
1134
19048
549701
23021
202642
39611
416789
1451
5401
994378
4433
1108
244
8819
3153
22953
12167
459823
123340
5431
18342
0
941581
695
6360
383
344985
383670
622585
9410
62490
17298
2184
17643
2853
5006
1819
58871
30712
368
51929
308
509135
5408
103245
4801
3315
538
409748
279
107450
42223
84803
113263
9699
15591
42223
74945
27457
837611
891210
132602
14086
13543
4490
157105
2115
1289
2171
6875
19359
158
2336
5354
569585
79820
22138
1529
9823
2963
59378
6657
34227
4702
50660
23818
13529
9647
3894
96950
15098
30285
23900
30588
611530
59934
47483
207789
3457
14834
161656
4630
3177
168055
3272
614693
22696
14563
2618
7105
12
1869
7424
892
32892
8
346380
1606
5865
38309
8441
156213
268813
1
390298
12795
860420
3859
2072
777
626013
12732
414861
477200
15625
10489
23040
2888
943042
4567
311793
65986
505098
23003
163217
17753
530556
4409
550431
3707
985055
16128
19692
12232
746990
33432
231110
962762
22769
55661
3569
15515
12517
125360
273361
13706
8567
21341
16257
525
223296
36123
31154
30697
2117
263
24596
2433
225155
110026
373229
39952
1416
671
1522
23122
2134
1107
1945
6074
1739
11928
11530
56681
21006
96028
155316
17878
797842
2348
1441
1105
28621
3956
10560
2982
4312
8686
61443
38176
55058
802
109229
9256
2203
1408
17149
2429
476666
1420
127303
48220
7100
3152
22179
10349
20235
6819
76882
253935
12098
3930
35
63284
4185
140143
37941
1221268
886376
50660
10652
97600
534701
13087
214722
986077
33147
1625
27349
172490
1223
9205
10769
532906
6149
1802
553035
3911
92477
331260
41985
705790
6616
10921
55301
94637
14796
41307
8978
152754
161
4634
5417
10165
295133
22613
1848
1356
7993
1039
4346
103337
18989
131413
66814
14254
8577
150133
81245
14412
257489
952820
70761
23273
110400
321137
9119
11332
47360
2217
91711
24999
23174
23559
1051413
3399
113145
223687
991120
95068
12440
440794
26399
91768
17792
271170
801805
45183
28385
3448
5929
574278
207869
6356
67710
114331
2776
4438
1369
619
6115
196287
21134
290709
553
133934
130301
6016
134055
1049765
114971
20556
337
50031
1253
4058
33906
705015
14706
3683
2879
5900
953
17568
20099
9704
28415
115905
54673
7096
35364
16895
32858
404996
288813
442869
10461
563477
59978
294621
11419
12105
52147
8327
15317
675217
275520
249447
107038
163498
30934
19227
11598
6696
793362
5519
191511
252334
637811
88568
326923
9702
21091
536414
850718
128483
117745
619704
16793
9012
48452
1217747
15490
81546
24861
1300
20361
2327
451217
116078
29220
914065
169075
18955
35308
151683
248987
19341
653
89360
10917
4587
956473
17240
6156
1268
11574
3432
112968
12939
3563
1257
813
8573
616
42389
6466
6744
54562
20201
5031
182468
96999
98587
48671
1684443
5355
46361
10940
126293
263634
6639
68964
256519
21351
70286
1082
10466
43238
146396
107246
253412
1085
751
21130
76790
1303
9909
43235
3107
4936
12155
2665
106014
286
420289
975512
277795
12885
1531
39833
2519
24734
11485
88119
923
7569
243698
51016
7197
606
39721
136453
1045644
1803
5180
0
310
10588
4620
10509
13566
939259
20180
529
568386
280543
19564
249202
46334
10630
15027
5249
214685
9023
18
27048
410
13256
18574
1792
18812
26645
7837
115709
2196
1767
9577
13196
424133
1663
1414
282
2709
2179
245806
1283
6877
192759
25795
59778
186521
10034
10008
20712
26017
11396
670
1688
926
61085
4155
43128
1387
168884
5
438
100222
0
693
277679
750
313
242
296130
8813
5592
69545
862382
96198
1026
1926
21141
0
27244
3569
1912
156063
4516
716
8546
7358
219
1634
7323
4728
511796
11488
1149594
27493
2423
43
14563
13577
1233
18985
25306
21562
127730
17027
3910
16524
199
1229
3179
57174
4957
3560
104
7302
12419
2548
5429
1725
991350
31417
1213
7033
68647
6458
17743
7947
1509
106950
5026
15829
115700
218682
83760
2165
949347
4755
811
14654
168998
1324
19313
32
244919
40196
97778
355
22585
17060
455604
67612
15859
13090
4000
3228
136334
337059
226660
954335
21468
11351
430484
38565
93197
907491
96975
1878
8219
182773
223998
20225
365744
16163
307769
3207
53695
62680
243091
38548
6623
26667
130122
2987
17070
116997
2813
643
5160
24393
108876
86453
1381
1236
19758
1040
11148
197
132773
2612
284977
70056
2939
144296
7607
25
135475
594
22490
3120
966
1098
9293
96590
2247
6997
10584
68895
1953
3734
57576
12505
24257
27753
93799
1578
115665
246557
8048
5053
42135
1208
123639
144491
2981
1604
8896
8192
41481
11094
18003
15239
14871
16712
