252489
420175
316174
59780
63228
1115535
48365
148179
380789
384658
303791
448179
16823
678822
254907
5082
648011
613580
50669
38451
63570
1487071
1180442
1749086
1099089
1129869
60193
27057
13506
1547096
142839
312577
1119410
330414
373470
15963
132472
825152
226146
499445
347156
191961
258590
2675982
338806
3140761
249833
368255
49322
926693
9788
5620
666954
477996
1715714
549119
242577
227779
1052518
311756
21396
35508
37734
19050
1222267
416731
654110
1057251
1857684
2234802
934948
36574
667497
32268
1060483
32325
139701
755926
551046
34444
143230
630854
793813
486909
60877
311735
598555
1237464
103041
1334552
832683
390369
225428
409417
832323
1538468
224343
245022
1595956
11521
80276
145666
1023613
125117
171161
140173
108335
566025
133896
1159774
845825
960224
27772
77014
62620
18163
231919
250751
1183618
1050228
17735
1131836
347343
111041
119943
42923
155459
203049
78374
1326887
403711
328576
322776
341574
54026
571251
1196289
403958
345033
750996
532707
261901
1415384
74860
309248
313646
375617
688755
597316
97021
1533048
63081
573853
1038989
187526
22525
582343
1025270
681617
243975
1021351
135272
547349
46049
48344
81398
104379
587950
302412
954112
229948
268149
830920
599029
3562470
95700
1074726
86590
401127
18657
480396
1340231
1782559
491267
536761
276557
316709
10544
171551
680757
1257913
436690
550470
47327
18471
9119
351226
112527
914507
109502
116930
51649
364396
60089
51517
13314
12929
4793
13380
411589
942940
1770324
216072
477093
26595
641854
19001
1641167
390398
295724
38543
528378
51101
371557
785195
1512864
175655
356700
72370
1194251
57706
365878
535661
1219475
471545
961296
39456
340534
53156
1091728
227480
28663
140178
9602
203997
17697
53052
84760
50807
219207
826152
395299
168008
14012
104726
24623
438951
587876
645516
693065
71518
1337805
1068434
1100010
301469
338467
796112
538044
42266
179174
1098140
3713
115445
2563846
201536
62536
870116
558240
939755
396195
528765
156067
355519
1110713
8631
634198
18058
123328
615482
40842
1041045
458117
1106307
358392
287884
1007842
82993
142156
248443
1619422
28342
164628
130193
766896
373700
261492
41731
51842
1278070
665158
42941
76095
965933
1203474
1670290
112481
270443
176702
85333
181572
189810
117579
234601
163106
80292
13372
670068
98148
495772
931609
706398
167468
80704
341616
673872
89379
257150
66631
77391
166457
105593
172756
121860
1001007
580137
927681
916951
1094135
428069
135486
56774
2284231
656825
6523
18885
146312
942468
1250319
965784
81872
1214033
88893
1123049
1154666
683913
1017348
218028
260022
398506
537282
388728
116606
103716
309986
172837
345892
86948
253461
752280
56609
2525647
1005602
1669744
762477
220296
146802
1986369
324907
35502
219995
214106
370632
618517
1045244
552987
270999
111742
120487
95012
107127
1965081
14434
348747
158621
17760
921655
238779
714141
1735246
6437
985461
67225
914965
60601
125348
86011
937998
131599
1209548
1344401
60407
185293
111040
287148
884279
824161
601659
157723
714922
200313
2210214
188875
950499
139915
473159
319822
2938766
43799
231619
96732
1166717
819524
140075
1011471
83480
1235781
20879
48754
41494
203338
868350
475822
2151564
37534
73714
157025
495139
200339
102474
1106046
12057
58648
47145
72506
149100
120096
673077
404320
308447
9483
41033
518969
518968
565058
175615
1108249
764528
38763
520526
255123
85601
357738
236191
26005
1736227
945357
600576
10711
773276
127055
855860
139606
78833
524498
103337
58969
317652
1418579
568055
955731
139166
61851
1036840
244203
1267840
126276
135940
1332841
90208
236479
267616
392850
57344
152366
306508
192023
118578
1249621
37177
713507
1057992
806055
1567716
1857146
895032
1190140
303915
83084
1009444
78140
1130355
1021452
93961
132485
393233
549265
269544
74958
352369
1005904
82278
358335
1348068
57136
369022
899186
651392
1675824
323257
544427
1232458
759569
1132295
95021
531243
660914
219560
424882
682320
585033
191137
193452
519619
17540
1176585
28633
313293
323981
1101908
217067
365028
868481
78608
121986
1306707
36955
305029
2906732
543892
44027
80753
108084
274943
630176
597851
130131
281427
147876
174560
29471
1536517
222060
270647
120791
1023332
306967
79550
706656
927099
446901
137048
948038
1484643
658848
710836
43985
173234
1279577
1645372
98428
834927
257346
1092757
15599
66947
81645
588155
350148
120741
929118
112483
120395
128253
83812
481188
1797487
1158805
23980
52796
80487
996875
59198
129278
1386301
744950
511100
246649
394882
187267
107949
112371
596253
1417942
861740
514098
82350
632188
318456
541011
1315118
1268338
866405
107717
1124797
923247
827436
160618
574551
243058
19890
93965
393913
216134
1066158
180289
197319
265291
125813
831986
25181
1475283
518567
640637
947779
1095865
944137
805193
845777
232586
1458018
1471946
292064
500351
1058223
333220
366841
709181
1305844
634136
652710
694316
67014
322623
54242
269575
847916
2762997
1557267
3079658
149554
1125169
64516
894381
155495
35831
1697439
184485
1102615
1628397
112048
62638
58979
163514
701822
785398
329714
64035
287907
48909
12394
1225327
970101
1093625
518449
74325
1030335
353466
187911
155527
270770
1221072
2592464
157866
166280
536161
712431
1901010
1355935
1152260
386866
736939
395040
336783
1153266
654013
195550
2089172
843482
64994
804567
92918
258156
1032212
242001
99486
85073
64298
1011098
664022
353533
105179
1111769
1626703
742987
88992
64904
469150
57782
300842
213176
249304
11470
1100169
800085
166350
55108
100104
156158
822479
1258802
38320
1363741
178255
22510
1582102
1810508
410804
358826
1030112
35776
150308
377347
180432
12449
219997
958751
81910
177312
100243
30066
36755
19687
629842
136602
126519
568000
76686
267886
193889
393651
722637
140625
995209
371496
79055
825563
11891
106835
22381
8150
18448
189734
275756
42855
521841
42977
101928
233163
35568
26335
64208
74228
649222
137437
548862
61534
926084
411977
273223
19920
395087
1670059
45711
742987
334223
935619
1193429
370796
35230
45884
408558
225987
322765
210956
1873521
221091
11033
34124
350730
47584
78218
347186
88604
885778
158268
490354
38688
20761
371685
483283
739286
900265
1652140
66141
1118375
666934
966241
1018225
1946867
85230
686906
8788
295707
31781
958504
239556
14985
124027
472282
524406
56642
87562
407044
39269
851595
66397
297444
51275
1490365
958486
2368429
525763
805919
589119
1241062
104306
257045
25050
170454
338082
121598
536706
1365933
191657
191628
1094526
1015013
750233
1247563
366259
348162
15723
554452
230764
1133066
78363
491483
88950
391626
333819
1140090
651342
84570
658286
321764
523251
975084
1275615
1996875
1236200
182742
328722
1087905
651219
372600
983692
416270
8480
67587
207877
1960139
138260
332913
67218
251038
49964
78963
112964
1414213
40647
148301
179781
1270193
16862
31876
1334408
321496
64162
48246
87561
199499
776448
22189
167545
790847
111022
9601
131831
146476
141811
129031
1113622
22603
52777
15883
18814
1719426
23377
65429
604133
33405
25604
29322
1065021
63177
398952
298716
845176
155567
262831
556332
46613
2072597
306778
1598950
704944
453058
238837
38328
63457
304250
41494
23410
227869
24191
83734
135259
105468
395331
526278
101343
47575
321856
214498
