3005156
2686311
5858750
2804671
1031614
1825700
4278173
1229876
2561556
4469019
4751787
4157227
679627
1489658
1892592
920738
3020902
736650
3435944
80094
1046676
854703
2829099
2019709
2028416
3243967
4578810
2985393
1436314
1905342
3403957
1801641
6076977
2679621
4403670
1846954
4869748
2267860
3502244
2150727
6050687
3300023
4343284
2661835
3729701
1324733
4454166
3008891
2292995
2279631
2210314
259535
333863
1016477
2939565
3167628
4314139
1855191
2794832
2727715
1206425
2746166
1770620
1337257
