4632197
9229824
9348546
4465102
6791139
4423581
6430182
7487569
9016851
5662480
5954508
8065117
3348422
5208571
7381474
1349396
7447196
2868057
6661573
6386538
4343146
3591782
4369624
6793627
6530689
5667730
7029636
6710806
4386085
6259863
5845555
8082027
10433642
5724300
9763651
5214068
5227751
5472770
7242502
7297360
10048355
4848316
7736560
6561752
3468407
9952124
8267207
4585730
4216776
7350702
2975266
1274096
6428488
5650622
7967492
3032169
5821460
9104780
8522215
5000062
5272683
1724988
7000722
2458962
