21826
17272
147240
8884
3343
179666
4308
24063
168488
129447
8849
47693
8459
12762
18901
2048
9501
8544
15910
19318
28268
47702
687725
20560
5802
7992
11983
7703
5118
41784
56437
18262
180797
5231
119410
2822
15390
301950
10263
185119
74678
3656
186575
14580
44317
106373
143183
35043
7638
4345
3541
745
310160
35448
15649
58164
26244
6324
7368
265871
1773
830
2091
598
40155
1410
435272
779
35657
277427
4367
8337
4734
610
21574
2818
690
3420
15238
24963
8347
2630
21381
40297
17143
206615
48901
746600
80324
71110
543051
226184
18810
10209
248874
1195255
6353
269
836441
1118
12600
16720
809555
70827
4466
6282
29384
8173
1477
15904
2279
1263
1889
422
2259
5194
106742
48719
877370
307273
10771
7216
75986
33493
46201
5743
39012
163335
7638
807285
208855
4836
15719
87336
11419
33316
64303
74826
8085
13551
4264
3465
23366
869
37928
5238
20917
17056
121183
31505
598527
11946
92290
8521
51175
1275
81725
142111
195298
42027
8832
1673
250614
15820
29759
2082
50710
77909
44039
92825
43937
57328
438432
5696
1258138
15811
3246
38972
196340
9879
496277
804612
1244733
23040
69430
87313
135086
3605
8085
10931
182183
9672
21722
26036
7243
1097
14486
14273
676521
5354
1537
441
2765
1275
835
662
769
530
18488
13514
111797
292925
9079
281203
21939
68136
7918
1056514
32381
265114
12056
385524
36137
32559
20320
50882
45908
17287
2456
226278
32615
76126
149679
421698
73446
282824
3929
119061
9331
294888
438
7594
5670
1015
911
945
146097
2024
936
34340
7777
833
1670
1128
5373
16359
42181
272310
401136
39983
10994
74086
80992
9713
10001
10076
434566
7430
16035
17948
801672
1005
1157
1358184
71380
26734
589464
276286
734851
11464
17384
3342
12524
686541
1835
15515
5347
12006
49001
3952
416952
70505
1078
1518
9566
638
27901
4451
21339
800266
5724
1645
13237
3055
3236
67033
12014
27349
9351
550274
20722
50729
173666
90307
26642
43361
2348
7409
43715
932
18216
2259
98352
3356
2061
4852
310991
169745
154023
66717
314302
5270
681
8120
403867
39327
23932
6326
4576
5911
65073
21134
34058
188025
280904
31162
10009
11138
101049
65064
11332
586536
34816
545
6146
54654
50412
729584
152373
12484
636899
6815
9605
23285
77932
3831
119726
77815
27392
267287
18728
12448
48783
295102
51560
3751
18545
72256
503828
7636
812002
261816
13083
140064
71644
1536
72311
6030
425
32420
289688
2002
190329
784138
3243
281839
4086
2006
703
2339
11446
891
22151
40255
6071
41508
57143
7594
803515
2973
7721
6182
7507
22309
77059
18801
83656
9401
34333
1405
22046
77082
4541
4856
54277
15262
6783
7249
111142
4634
340589
34681
152127
45560
3032
2361
846542
27208
19112
40208
19602
636205
2789
13708
29655
675515
5413
11470
542
3589
17648
416
64234
889
1244
685
7948
2787
1172
35698
1685
2162
1082
3747
83639
38729
19729
64043
339066
1883
22133
3318
519544
252245
115023
24257
493040
21849
165969
252757
1200
3559
11670
3930
37859
738756
92129
2221
53979
30030
314226
10065
21785
4579
41558
9335
11101
18531
21195
6811
1639
3356
28292
3514
39895
38026
12748
14733
61906
103908
148611
10421
10236
14859
29785
14486
34719
813757
12787
107229
16636
92020
10943
336506
7330
31624
363805
92443
4869
11855
373736
4816
1442
1563
147968
6114
738
50582
11970
1938
674
908
554924
9898
210293
91881
56040
660636
50814
12210
13797
98858
25614
4374
347912
10666
14139
17169
153796
201565
11265
51517
415711
20617
187350
1247
19296
1872
115081
46080
183634
531738
4912
3549
24142
1446
63732
74782
86097
11556
8035
13370
263388
24306
78836
7319
35500
7102
25180
12158
224649
156691
109268
4313
196832
18532
7856
5720
16597
137785
43978
356209
299759
298273
21984
2785
32758
7488
262798
51682
103704
87480
780144
2786
48191
24320
76822
9507
65425
49388
4872
4458
2714
7194
352990
27866
69518
7771
13268
3113
924640
15521
2873
100681
183684
41600
352869
18937
36848
13234
5517
3654
773532
20132
11417
885
86305
16971
239145
63435
62052
19648
17841
1266
23704
1788
7994
864
29442
134
2677
11246
8106
40607
9981
6997
75106
4746
17613
5869
227994
81485
64070
14506
306022
30475
87121
3931
126238
566526
204774
20924
69332
9239
26418
14670
40493
243396
147232
16411
440940
3950
60171
6244
19813
217770
156960
516753
1756789
44082
26602
2471
12988
33083
2352
11802
29561
785491
182742
3027
32064
252
91348
51511
309304
4033
390
2177
12528
314
1361
16785
26109
462171
3063
757553
375006
16653
8120
129329
756850
489758
53427
15348
427367
13288
27140
187140
51026
59405
13181
268898
80023
16971
17672
10140
413569
28572
1875
860
1952
3359
1707
83287
5404
3573
21746
28911
376154
1197
27435
355486
332542
14833
49188
8932
167811
27921
119695
302239
105239
4827
4086
39272
8309
30630
12550
3477
1862
2291
4140
730
1184
3978
76825
38038
153930
2870
6038
4670
83143
5390
13915
1862
18304
680101
3937
4729
61039
851
8330
4893
44214
29348
7004
7322
983
209054
51989
4789
101846
10314
15676
7693
17022
7023
3605
31751
4548
648
1328
886
10839
3719
1934
3060
4349
869
298
576
1533
2588
2956
547
1428
18903
4792
337625
1215
11796
382954
340094
10847
1861
576
296972
741830
145122
24787
94918
150935
19073
238634
17957
39825
90731
6540
2249
11286
8811
46452
138967
34025
309929
10688
435
8391
1068
258855
16595
294308
588950
155129
15630
32196
21687
106820
5410
223539
1667
25827
3687
19785
580
345262
26631
5068
58786
4465
4670
11254
26643
128005
7295
25481
20372
34683
27846
591914
3273
37647
206336
484745
308436
64355
31431
1801
4422
2022
2380
3855
142217
10557
17752
27915
4102
195587
440658
191988
14655
11680
4255
17433
30583
142191
1831
51367
38147
35865
115624
42326
136662
26382
499484
300735
489689
386064
48552
40269
44328
48608
95586
225054
329005
3720
12008
16525
1275
25027
53464
140991
82334
8988
9116
13170
4444
7619
11392
858843
5386
426
612
115354
396
2076
11173
247
11250
7354
1719
40412
28857
3286
16615
1826
1616
3265
1115
74677
80609
961
2118
1719
3889
1130
132538
15818
16509
1788
37822
2869
12924
1778
2751
37675
3160
77839
8930
623
57448
298249
4153
244288
122167
159914
1002
7025
40773
530
1194
75967
2773
1066
2368
4054
1995
1313
151824
22143
4024
6588
2030
14214
6504
155547
40117
182460
23561
13101
267544
6407
23347
119657
209032
219650
59579
2212
386053
17209
423
2494
53007
1695
817
15889
888167
15731
18866
764922
79442
27300
2307
2164
834426
6687
29613
2422
98999
12704
11136
20916
115716
51552
53959
38383
78459
36678
447960
6242
501014
9049
6922
25293
20214
690
526
9191
91338
3539
26756
69546
28175
754864
8878
713
1732
2080
159
162104
794
3023
6975
34490
1292362
688748
881
29870
6334
117887
2451
2970
5734
31779
922
1156
309948
115078
394257
6811
9248
273034
5856
6601
697182
32699
1373
2344
300337
14748
9743
97360
950
168470
95
37892
61941
1217
6070
96895
4599
35253
331052
200110
87122
650376
33254
2012
1309
2729
361
9548
3418
9729
348498
4772
1403
5919
4871
8513
12825
26799
154372
46618
49741
170673
381856
15104
3172
3060
3120
405278
7581
359412
126174
11625
153103
76609
9531
104684
285501
16316
396000
12610
3193
134792
3954
153635
31306
126450
1334
15901
782737
3237
6210
2897
15302
36412
5071
870
47296
6397
69911
74178
142834
8732
19673
26357
241917
826211
12707
4197
11473
11477
545
2162
22814
2727
97283
75914
9990
13532
1081
804
381891
71616
4018
221117
1431
3598
1420
135946
2541
2855
29529
4316
7936
18038
11609
33584
2652
1944
225
2063
8689
14529
885074
274170
93019
3057
190168
7856
7481
14073
3445
12120
27010
4078
12540
630355
258410
39477
2230
41709
566361
5133
99492
52603
860846
375680
313122
17427
43212
4710
26230
113899
10703
15518
1017
78252
879
5821
33039
28438
35846
30611
6179
74628
4220
6604
3130
101302
3618
19547
12929
2540
80121
1768
39981
12354
71873
83511
13738
624
99263
39957
224
31732
6149
25458
6601
5883
5032
1584
2079
169633
5489
413164
6270
1721
14937
7357
165410
185593
6075
269885
3312
401150
137176
237211
10870
13893
41428
204966
208590
14882
16822
60044
20394
70310
413
4330
478
147212
6681
1250
1103
385289
3565
390544
15737
8987
37858
8398
9178
113514
60207
5041
18894
35748
4648
9994
7808
26391
5856
3168
21061
67432
2609
77736
2279
7391
4104
7280
66906
6472
24026
5168
80454
12764
26444
15973
39783
141897
6120
27887
533613
328179
5547
2778
16530
710075
6931
26590
19483
13700
18407
688053
6351
74072
683035
51839
2686
15790
3058
225799
150537
1647
2561
70509
24805
15735
7379
17211
11318
1009526
180964
449339
48101
41524
1447
386511
5796
639
2464
1513
4710
4820
3709
5239
3885
9875
66692
30216
21427
779369
3546
3264
2074
2191
688983
91970
74933
403135
792
214309
1409
2967
27914
6380
11737
162112
8871
538999
356946
7546
33605
19532
3829
86734
624241
140709
80930
139422
115162
643461
4724
131268
56751
82857
96947
693833
4273
52264
23505
187153
1740
24391
12591
5983
81662
3799
1278
18748
58651
111112
4056
172448
8758
7805
251500
130652
13349
136703
6380
3482
131573
9195
30324
2192
1930
26172
54076
5606
4297
4701
292422
6252
46400
17485
57845
9506
1614
136928
11886
8852
11866
18631
6409
82832
7762
104639
2175
54039
66171
422697
40702
14246
12230
26029
1643
83573
1188452
100921
733030
1989
16617
901015
9244
223167
13166
11308
972376
29764
47339
123235
142762
8850
43334
138271
5046
20852
19094
2437
16682
810780
239628
187054
247553
1289
269465
4010
3523
6324
12115
1080
10564
30993
92641
898
55552
2454
2270
5748
288187
22021
308392
84981
4910
21588
68896
244600
4722
4964
32358
780197
8152
7646
30992
41057
358428
418822
32142
9429
19133
7905
85309
29847
1403
6971
6055
63199
9027
22756
30671
5462
15315
32863
16881
58585
2336
34387
1476931
98169
1653
2931
4320
2683
924
146061
2349
43687
77641
69702
2226
40899
475
7505
2186
6014
2176
7051
29009
709091
11091
53042
53877
36336
18938
230825
7409
66359
5860
892874
478
479649
2218
3063
743
1837
1081
226501
1519
5019
282485
21152
11139
3068
20290
9889
4228
826808
1718
109723
6475
7213
22563
13318
70118
32537
1184
48379
2947
17337
1420
62756
27445
169233
525660
14839
44896
2239
25429
59263
35547
682042
146653
2362
356671
6372
583622
51985
5198
5840
1041
61943
7639
35248
56547
28051
1451
4119
10085
3946
1486
144208
742
484565
34494
283143
11458
20595
615719
1998
8469
154280
41138
225264
144431
49683
81335
35951
17640
88119
290397
17558
40807
8559
27253
31416
102370
1341423
14618
168071
111915
34395
19724
34428
15403
22348
526080
65518
160012
10405
56570
1296
45274
55943
8266
69297
327674
40941
102714
1906
1381
781867
713742
792339
37284
5767
19575
399
14229
72005
3010
1451
248726
38483
12409
5804
13606
158328
3851
649566
18316
4318
7397
3252
637758
205601
15700
10993
2437
10879
505091
1954
289289
8750
8052
6549
36818
2621
738514
8420
102287
11398
5209
3047
1465
72001
3906
1368
17495
16198
7376
9320
4014
3652
129146
12422
6006
24821
33754
301579
44673
1233
356665
26819
895
757731
672549
5277
162591
13036
8479
1417
13423
1904
1408
45892
5870
815
262831
8999
1467
11119
4449
380088
6848
14714
12731
67853
1717
4217
3350
270398
3968
751299
35174
13225
31530
1604
2441
1184
3211
1069
113620
2909
22949
3640
1401
2676
27647
6478
14223
21613
3389
120274
2327
15460
458
156402
110154
15038
565
53789
2442
1115
376318
171708
8571
50215
5228
9325
1083
70494
284907
1341
1442
1289
6005
659
674
6439
21609
3914
792
6192
372035
13188
507635
7865
4398
6422
234972
63050
819
116330
1297
18244
2186
17169
149215
800886
44975
245310
986
270605
4938
33007
1014
609
2050
309445
9760
13588
1846
47841
18630
246807
9876
68169
2280
5130
6927
116368
31845
2073
329
184757
3632
1991
579
16504
3192
10170
228
975712
101675
38416
435416
85276
7687
652631
14398
128639
950
214858
81028
4130
1424
1555
802
143676
13715
144735
291929
7641
40621
62750
5903
6871
273252
440940
49488
25672
45209
23215
4274
4726
7891
26093
2861
3558
8396
510916
4284
50073
1990
2959
34065
952
33264
2271
8783
96182
220650
14847
22927
13426
856439
378867
7259
13168
11687
32974
363741
11035
175003
391170
176537
2585
66187
1899
6118
2858
38540
2014
4025
1621
809
952562
3189
3974
70993
3652
8971
9775
761634
8061
126615
17111
17499
37311
2110
6317
4017
91095
8268
713596
143181
140451
87320
16508
3444
87310
21403
8177
128910
11872
36307
32291
1586
41199
219269
29915
17943
68899
52149
4594
37304
10221
7838
24485
55387
20425
38606
16559
49880
47340
145784
5242
13239
266135
2378
30669
34445
4227
19947
11251
15108
83759
1013725
3760
18629
5271
2538
1818
452607
34728
200376
825287
15584
19472
5349
41009
311932
73762
183603
34065
62560
6385
1027270
196942
1156754
139169
44077
1584
678254
704
998
116638
172467
596516
101045
11142
289752
3818
106282
10181
146936
26404
14953
318058
86830
17182
29896
36088
5438
8831
12391
160969
4667
602983
14693
95382
609308
124825
23327
1803
23198
37512
1192
12065
90388
3131
2642
7799
147302
31126
13676
4403
85795
212062
12239
46014
291662
2282
7215
22788
26606
8204
49179
10741
22760
3112
111718
1010
783165
3059
9376
16518
19049
13346
3060
88790
305219
20366
7650
3588
815234
326584
17142
491
2673
36137
4133
4974
110099
70455
103175
361621
59088
49876
524237
89662
72341
11154
221440
399645
15461
751792
12841
78320
14724
72220
5509
170199
4225
67513
30295
190564
792434
14127
15096
318080
23717
129337
28367
781258
73775
37298
11151
7550
3713
38420
16256
105129
189204
41807
223880
75561
42573
381646
33847
61591
142801
241151
2938
6849
3546
136536
317176
155375
87947
317955
1834
23242
25527
94521
195594
281116
51784
8021
5023
46942
68344
29798
34680
78971
216175
142597
31843
5344
12185
4925
1683
2458
333878
603530
5546
821
8342
1900
1563
3851
90831
73492
63649
842
8817
6859
121874
4378
509696
12524
97389
14853
38639
25866
31884
109293
19322
63353
74732
9578
10262
21138
517931
1274
2506
40038
20092
80718
1567
13557
6637
12750
68781
630452
167432
841
2082
16526
6322
196662
31947
118004
71830
43946
782035
790818
718084
99462
131486
72538
9337
11824
7797
12322
1979
4429
33159
21449
2471
104335
10519
1554
14895
11672
56464
6240
206479
1382
338675
3683
16796
12228
3747
171197
148881
22976
13471
62456
11417
16219
77448
13999
84278
4923
83801
22551
2453
653
97398
7321
10471
12498
2383
3734
3537
70435
233461
784584
25476
25802
59467
42300
34921
3136
51372
72057
97335
6601
4367
204877
8593
16665
711296
63417
82451
404
144707
5662
16364
57938
11549
4359
7739
6743
54403
25045
359689
41954
14111
11022
683216
136708
2033
9394
422555
70899
3099
7451
52280
12284
121980
439392
13792
61828
25740
218269
863579
224466
88003
24354
7655
129841
162272
14827
3080
11920
6560
2287
12711
4177
88590
45477
16589
20132
381163
704987
16967
73647
47646
906767
263751
25554
44751
7155
6644
134838
29828
427199
187921
106827
13902
29636
86063
772916
5917
6145
69944
3196
6816
4345
2237
12448
2292
2234
42481
26762
94726
26765
39318
17872
41259
59275
231603
2210
34225
3684
139770
23320
1472
66379
66020
15550
30232
462912
53278
34821
8421
5175
45611
3521
1244
87190
3201
83056
3231
703
1013
16476
45824
10703
69510
9507
8733
17530
360346
1356866
23964
45338
21644
139343
39354
24513
759321
1175
6430
3126
9221
1111
110047
19834
1532
19949
3168
2185
6142
4465
4854
783
927339
17548
5721
16551
2405
34291
7094
20388
5914
901448
9332
228191
2159
457902
18369
21006
44662
2967
503243
5890
8141
210928
49087
164927
681
71999
21270
6368
68573
129691
20763
2354
14081
4435
30896
10731
3997
10141
51196
26071
6929
29912
285761
13973
542610
35840
61071
913389
41266
1044
645188
4496
88155
65015
16800
168709
26057
4526
2917
13355
46010
341706
53341
108644
26737
17857
112240
84595
20905
32058
538953
29893
3662
102345
223233
166957
352323
859667
19042
163356
5168
14665
408302
393930
110064
35554
30740
22208
422
738658
4057
147690
2726
480144
26928
43014
2070
13100
1221
680490
5971
18271
44404
39569
3336
2122
1352
1435
326110
58760
97559
34760
8835
9139
969
6887
1790
30223
10302
49987
1831
53986
18103
2533
365452
23121
8128
144988
8206
42323
8252
45878
717202
12091
25451
142551
62754
70268
10376
7833
158359
36962
27502
72217
23221
67192
2122
3250
82195
14818
637726
5321
330
8832
1414
4671
2018
34684
516123
310727
475569
2757
137525
111421
23688
11167
831949
62620
30505
202059
17232
362095
166809
249457
229057
202913
406309
60279
20074
482042
15560
32673
316848
147638
6605
14969
5727
9437
624102
13928
140458
49425
82316
628597
3534
464862
188562
212902
506447
101869
457229
77924
23765
131951
163102
192335
172381
289800
53828
81819
195806
434579
34587
101260
6323
193601
2550
106455
11004
14529
166659
467279
29515
38980
5986
765647
11688
358039
37064
3328
299939
22197
37266
361466
9483
3397
6110
22151
504709
37705
112088
14979
2875
27266
3380
133611
10432
32668
10455
5179
15897
13608
11548
23169
12825
161029
9990
3456
104331
104328
318398
1144817
488003
96239
276138
421491
167238
129629
390115
436728
87159
1232581
422278
44129
2997
126088
7392
799528
27912
16557
7050
182756
5700
16691
3120
6943
345437
61993
323261
25791
22834
47612
5475
1895
18857
4670
3776
672523
235271
64809
2212
30712
23154
58790
9140
24882
730769
220657
11486
289841
709489
290960
14320
30522
4843
55349
5748
1866
726
6122
31741
45146
4212
777
4515
2434
7421
69273
121893
2558
348877
32608
181395
24725
166212
318689
74675
23117
345506
46615
50050
567
59740
637
488
5621
2646
99102
1386
22360
4819
2309
12669
2062
2193
2846
363
288354
106043
516027
7444
596264
1970
166298
749
12156
830569
5168
8580
5865
444109
48488
17989
5574
3882
46933
888
12690
36561
753909
5352
1009
17438
363942
10701
10459
9962
32897
89133
118454
3126
8351
7738
23112
10665
94808
93942
518675
28058
81784
338967
715662
808222
504850
12012
87211
1765
7700
1381
135470
393
843
2821
3444
519762
18202
9481
8067
6495
405086
30412
272376
4422
567291
756992
502357
14005
23809
140360
617375
63521
167067
5171
283846
2909
43613
77945
8445
6612
11643
420146
6184
34190
53568
399235
6635
5261
123477
79007
640130
2126
400951
4674
27310
16695
433947
207187
2505
105691
12614
20322
379739
242083
864332
228265
8235
52582
431701
193545
2392
41642
12681
1533
996
5660
502750
1756
21836
39030
74611
1804
7168
4796
317804
3374
2088
11566
795219
2096
1597
92481
725
32361
847
10311
14341
45617
352
3200
43090
11447
6755
10369
31126
169290
15157
749618
14114
5356
8575
2864
388245
4089
22260
126816
15742
3733
1235
15895
24114
5725
186966
550440
112393
79114
68536
16370
1013236
71410
27711
300863
277402
11602
48038
88139
18137
3630
2464
28102
2231
4900
34932
56610
14887
160062
12358
18206
7559
14852
13586
116520
14533
1955
12360
281741
936
35632
3729
124305
3946
75864
361
7537
4009
463
438336
230171
8320
4262
18706
72329
136365
421084
69830
6803
3788
8381
678
11737
29833
6482
20394
28071
9309
12663
3864
34262
17698
38822
129215
16116
8761
230535
1777
807315
4084
124876
21631
8152
1154
556
951
80984
746964
280764
27744
13910
161869
46689
2075
646
13437
9046
235335
86776
9831
802638
1351618
37896
17869
13375
345293
1322
112224
3826
10776
12965
162523
5223
111178
154658
366439
16865
4896
2623
8589
9297
1711
30947
71131
39334
300405
4272
127532
11409
2203
31749
252622
834
1533
7772
109
1203
17043
75190
16175
41045
490
47882
16783
678329
1910
46272
29344
181
1236
9112
3608
270330
1363
47099
818
21789
2663
15549
3645
3702
10241
1488
6607
6245
2722
7772
1005
5754
458786
21972
10338
25635
83787
37881
26117
10799
15484
4008
19425
381
27289
129975
208932
19338
68932
23345
9463
1613
42507
8118
1132
345715
10367
25276
60696
12596
438
9647
1327
168572
192125
360421
210403
24379
73070
13971
12726
12783
760514
24841
9923
2082
1136
321361
2285
72113
24293
193871
4161
1586
61977
10029
381265
45381
8075
3078
1322
3344
74271
14093
5128
1000
2257
338
5314
2924
1086
1291
2594
2593
954
461
6695
1024
6248
4753
2194
269572
1040
4396
105318
5455
24981
14353
79
14233
3166
219026
4305
33995
1322
11810
467
26654
18953
14530
7174
27784
2916
128160
900
44345
1208
3970
17199
1226
353
5320
509
13737
3266
6097
1951
34255
3441
2055
150850
3604
61794
2544
69317
281371
835
2851
319
105493
3475
29025
12437
492986
18325
6022
7661
1529
135669
620171
38307
5635
121765
3812
790
324132
67984
42224
37351
71792
1493
1931
627
9654
402756
10722
40148
28650
378764
4593
3644
785500
1855
1264
5377
13980
2246
22734
4793
432456
153511
6205
18388
285
741334
1317
7224
454
302041
385495
401193
7009
104085
13306
6586
43781
2708
10694
6014
20734
25531
1076
69220
3550
268345
2694
88495
3423
7192
816
308108
6579
108703
36248
40275
69538
7576
16855
30854
81517
20533
691339
690294
80081
15716
26705
3155
146021
4014
137
1395
4888
15546
725
1741
3371
355013
13666
18541
9810
5753
358
29982
4694
21675
8122
27948
8515
22121
7241
3805
118964
7306
29811
17976
18745
368740
105401
53264
202543
8834
8563
122023
2866
3497
100455
305
407866
9365
8010
3053
5896
3639
3032
13863
1028
48015
505
238679
1129
6484
19914
9224
226772
156387
688
292030
5630
807146
1112
7139
651
522687
27861
290924
359638
32310
16498
16046
3231
649745
6409
351836
30410
171130
19482
190007
11772
462612
3516
370945
2255
783571
7369
166942
3756
540303
11595
206945
779697
8106
49161
1225
12577
8240
80903
259854
20981
4596
2947
733
350
122111
41722
120192
30035
2098
386
21995
2432
51602
131624
368147
116635
1380
742
410
87732
3039
1749
5078
2863
1840
7520
14987
56712
38181
128173
140273
13895
529398
4590
837
1378
29134
2642
14029
3103
2593
7217
15652
26159
49690
789
134821
13315
1132
6524
23400
6417
514572
2122
83359
84338
33472
3357
12007
13459
30752
29647
65376
260618
4632
8413
1112
22716
2517
218192
28698
914766
672669
41200
38812
14694
376112
22032
240189
811770
26993
11079
40426
206893
2867
5622
22314
480389
11497
498
438949
7753
25212
295333
63998
511481
12732
5613
51604
40354
10985
11860
8555
159445
966
6782
6187
8292
291200
12298
2238
1768
13501
1292
1891
124842
7226
7722
35401
10082
13138
81184
116936
16055
302171
739296
88936
17450
48410
112338
13358
9664
52542
3373
78229
20426
11895
6800
845587
3972
77010
207746
621980
144600
12964
393299
23265
56737
14272
171288
690355
23827
15316
15121
10110
394530
123967
6560
53816
84441
1630
2805
1714
4423
9161
151498
14689
207645
964
77522
79107
33100
18596
779625
61219
10136
975
20587
1138
2142
16900
455072
16471
2148
22079
8847
1259
11864
15032
10621
48976
162771
48554
3776
82443
27200
56851
518142
101991
354412
8751
516320
40836
100142
12891
8114
17005
11101
12810
415709
131637
92949
191960
98789
31049
58143
8026
6052
501069
4635
176051
193459
398058
78827
318097
10936
26802
547932
727550
162721
125290
541421
146117
6991
45127
877244
31925
67533
26340
1241
12385
1761
141418
43949
42309
555077
217456
18842
24900
174685
332345
16265
1603
140095
4673
6919
751353
29738
5740
3065
31730
2859
168579
21688
5189
1210
493
2448
1177
24487
5489
6514
43309
15819
4139
99992
35747
78242
48357
1294050
2955
7453
13644
104775
274475
1665
56062
55113
7883
49413
2045
3233
25501
28305
59283
233139
1403
2437
7575
33163
1045
8008
42682
10729
10646
11407
3029
62111
1379
223495
772157
278049
11342
1937
49925
2122
8833
2306
88660
432
2865
255630
3339
9938
2352
34424
22870
882571
1224
22447
1444
9053
10085
909
12310
11644
600857
7578
4022
419726
269751
6608
79075
26289
27788
12694
417
18727
2713
492
23130
776
15046
20170
2256
6201
28352
5661
97374
23783
7406
8765
147114
410108
10102
589
4496
3282
1079
165830
3840
25615
232576
31003
59318
135149
14771
3031
19589
153631
3464
546
5066
6809
42369
1725
37271
709
33480
324
5397
75714
244
714
255674
433
514
119
94720
18032
2190
80986
687422
89564
2242
1074
14687
332
5957
2476
936
35723
1616
942
1678
8378
159
917
2848
132836
411693
23365
906861
30081
2811
236
9525
12531
12344
2201
16102
20015
154595
62356
6208
17405
3360
2063
5890
13693
14942
5034
7528
1910
11334
2340
5054
451
793861
32565
675
13388
29843
11782
20385
12081
5155
133156
2916
7371
153044
57782
76021
8655
764657
4011
1827
7146
121817
175
28731
142
83198
19519
36735
435
30722
16079
410940
31512
12600
7586
4059
4167
74649
339920
214734
753788
44698
6191
153991
21711
142539
729111
169595
3671
8123
95735
302066
40481
306558
12548
257137
4318
46743
37795
96368
47920
2067
39091
16977
8968
17881
74746
2093
8828
5783
19878
68433
135228
3800
1604
22151
1440
3234
4737
7215
2285
93177
70443
553
31853
1296
602
15720
1346
26898
4951
2926
3906
6399
60193
4324
13396
13669
201207
539
1285
116729
3834
34901
24582
145018
1717
156042
89209
2311
10922
48156
1206
5852
36524
838
3189
23355
6663
101990
8763
14730
8282
50281
12826
