122789
512630
167691
63756
481823
249655
552178
910997
178313
2071738
569783
540285
38690
316089
573091
156644
89179
436006
571885
74727
184846
426883
160469
737628
741245
1100964
101105
152915
454349
928287
933303
333236
1491448
195555
393977
329564
792198
992044
1857841
537670
567200
1157028
439727
462841
239143
819398
452899
392509
285479
984613
138412
475504
84911
309416
243621
319885
311164
580387
849517
129921
543727
898533
438884
181103
23715
46895
492245
552889
105449
437975
18595
272693
264372
12373
806166
29583
49399
233002
100887
91704
89839
39229
624652
72553
59397
157998
173462
845609
251119
253415
696196
123946
188737
199520
478749
550663
563834
59124
232876
500515
462681
854954
515396
539387
503478
469366
1341646
733049
350150
79445
354839
342663
55536
327503
238868
24971
559938
415686
71612
294919
804889
490363
985240
181566
70899
181985
359948
334115
288376
712746
1391776
416076
135349
95914
73425
341475
694590
127978
715895
485771
1129484
277246
581461
253519
988225
544502
1601723
557210
450628
414275
865926
504705
512924
633669
1003549
1214166
513716
757740
115628
145320
1326896
126891
353599
649568
972638
410753
1147847
385667
708951
213193
581754
678051
57290
181650
1175091
501813
212538
642897
383570
96023
300076
727447
193575
461872
569659
454792
1255616
406996
200687
274864
253050
48159
33907
27294
312345
135366
102064
860816
700957
426221
67964
115249
110970
11609
94622
135854
87013
596036
40872
68271
162592
65148
317595
320015
96588
146647
46086
47894
325538
181251
72962
49177
258804
370133
616751
333020
119149
86395
555106
466353
566789
67068
442965
322244
674074
122518
89930
250327
846308
253382
526539
408063
593508
251468
48740
571354
620018
46150
552921
310218
588188
129082
123905
134277
203651
82751
83684
469384
311598
131860
46912
673345
714640
249478
292374
1011262
300254
289114
49909
35256
882130
32815
713208
125090
99051
10614
276412
39141
470541
140876
92376
588695
205491
174077
68708
205729
297582
153293
773885
128181
288820
423143
1685188
1032358
260766
498532
766500
279187
269443
649007
329315
113045
928146
99448
1132
29515
43550
12359
99619
230876
46950
119806
28404
509990
304351
416740
357691
210065
251845
151176
31162
94378
110541
41051
54937
78135
769693
11620
427187
1007969
241997
291448
15522
41834
429497
68538
14397
108709
113864
28063
25893
333357
510598
280088
105396
675897
576331
65250
163860
49360
914901
411549
29890
25195
297098
179052
983322
493802
1443567
22896
536982
565735
433738
397876
563904
25708
434517
143149
159773
871529
114881
37310
26154
41897
130965
161431
652256
145493
1580872
106639
513512
597023
443761
306585
1041198
129488
1231007
42357
134575
98741
174319
171773
120884
515282
48748
235655
188869
33897
741379
12754
1221517
522380
738618
342838
18440
141734
886933
444363
424197
296552
672628
1166577
56168
120846
372452
66921
1003483
37039
728876
448824
215551
520046
70159
997163
1018836
401534
744721
509129
1215198
285395
1207561
369392
1416257
18680
1200720
14803
213242
21578
131654
27254
769146
742557
748721
493632
747388
59375
521536
40606
136131
1269938
141348
79408
38849
95098
1071105
139036
299482
189595
179680
76967
34269
13578
33181
19757
912700
129805
196494
160895
81277
957
377931
58931
106851
68082
205153
348908
51267
82317
584958
327327
219110
940394
457472
770195
558453
171547
89235
103613
586782
311691
1317391
869153
307338
199907
163977
325285
278735
357447
208559
52374
42522
240584
833461
87972
954784
90981
244132
130469
150741
590236
240497
190796
274458
485498
1610352
857727
607115
356750
205804
606245
1715335
651432
1670924
166956
930982
357069
216285
1547806
293314
207351
344550
357521
60078
61033
366960
60317
363086
645517
1182667
251488
81612
55182
330394
258006
329267
209439
401435
608220
1058680
98551
589942
352209
1036772
1154327
710901
532355
724017
143415
1096871
150691
193852
993055
73844
387636
41472
217718
267782
269737
704483
525736
276577
847095
783891
49607
206647
117806
517035
987006
1211430
374941
691142
369428
217810
290116
626975
2067719
549967
934416
15025
158191
664117
597349
83447
103160
776988
347645
90308
427683
486288
349216
69755
1623187
177872
707884
3482
67411
908908
710790
1583530
305390
336711
46262
1061189
118065
463144
33101
304117
520999
263821
1739866
1145153
86781
1483918
814775
1330437
54431
333162
32100
788509
42429
411298
403347
369935
213877
108542
265907
183964
114028
319092
267522
488629
889204
744462
2289570
335220
121778
526447
111507
386591
1329903
1956657
547141
65931
255595
339404
850331
540604
163492
1100420
52065
69150
654260
277960
556652
876873
592135
977624
732510
992365
602386
250278
574633
1387916
295103
2319488
193944
350448
455507
1208573
635301
1921498
753391
1291537
395682
274189
284541
583607
771616
787974
405494
969570
80194
136026
120030
326920
385161
891812
852923
1176485
476368
335866
125490
796075
916033
1990792
331179
272798
677374
46783
384818
521246
227829
1128532
609754
957231
602112
51818
80587
176254
14872
101524
63460
506585
112969
556436
187150
351772
60532
231968
305903
169080
497695
80848
152343
507932
221576
1566865
295258
904115
221031
451309
946925
474189
366232
886189
972576
1269843
672667
777086
183065
512533
162312
922775
217824
475545
117186
81595
136088
301219
40771
176486
122367
507789
1318413
379211
176964
239173
279483
389822
728783
1276896
31914
36297
233467
622596
894298
226129
452314
87912
903902
864510
249785
200688
355940
21790
67258
103160
33949
306033
711260
327741
481223
161448
39268
1563060
549954
42295
155567
901836
203101
219519
114666
942193
883790
158222
118287
658672
142055
91673
326934
769438
274932
43467
615568
212094
135928
28942
83374
50463
41923
111598
124208
50377
41961
112519
40339
134462
49330
104795
129796
692357
94849
426022
560228
81149
31631
98373
41635
55248
151748
297284
391704
365792
215361
6899
65811
68700
214283
89800
663656
455742
107516
89742
232191
255032
86376
105281
394304
485675
270778
31216
44835
184102
192729
275013
259583
55817
252042
331492
25706
139562
21218
875022
247653
637511
209686
581814
209618
467991
68804
88290
90190
59619
6709
31929
19396
117282
187855
567245
75279
411843
443856
131422
313075
299880
265111
1410910
60461
840114
305114
600927
232817
1676546
101581
350750
129167
714170
847555
265274
230390
695057
42495
344668
340158
739234
478402
777888
149977
549646
186148
459449
148735
170287
417787
192119
166563
222723
98611
699993
684342
826422
220501
318788
173464
753203
404173
550142
1284003
1745285
345978
697061
217886
437493
534331
864660
114438
748527
132723
137821
289022
556228
89042
759431
195643
627460
259900
451615
130276
537906
76164
276165
163342
946310
790152
43379
487492
21205
510151
670270
162889
215910
317609
24193
98644
40624
391420
45480
85720
406896
17796
362584
157231
430278
188390
459137
96882
1272414
307127
40613
72868
147162
91588
214829
1064540
563075
156323
340041
85076
66278
144875
517403
51077
667732
229196
686349
442582
321392
457400
471220
80724
90320
134522
383668
191598
383726
177675
317175
113865
127974
331287
124184
236100
194708
115215
