204275
232652
230301
21358
30340
739159
44531
172755
231738
285343
318517
322701
6845
347444
265726
4931
42332
74253
23133
39942
30676
930810
768477
882665
834615
854710
52485
9804
12805
1176820
227982
213819
840733
159932
235652
9436
53144
500194
315029
233850
293193
144739
188025
980336
75998
1750958
261940
201209
18137
315503
3905
2345
360888
387135
877141
330102
145381
139312
907718
431775
8286
85790
22615
18097
840071
172162
31035
852900
909337
374058
719136
34744
425822
12860
859711
21464
127078
603604
235894
35262
115340
72303
571951
112065
32093
185159
72041
790752
89482
372867
558271
199726
183914
262129
427648
862203
34357
340336
1008295
4660
60916
44427
818546
46803
118092
151931
51740
221503
160951
848738
684518
349984
5756
49847
15183
11694
274140
301291
785940
688471
7161
862313
150033
112652
53994
22888
61230
161185
63300
970306
186837
350090
405618
136964
20693
560730
993160
254621
318558
196678
371125
124849
867879
43495
230967
269851
115939
361925
147955
14626
405155
42654
599070
832906
273454
13506
306111
815802
238855
136764
788213
51059
409139
28239
14018
113083
91678
282866
178224
654998
56457
201184
72065
288329
2048606
48637
520930
68843
175970
16329
509385
1144522
526615
408466
407536
365798
65011
6124
117181
354094
588893
119910
540034
13303
8454
6928
378206
84295
308954
52436
122908
75362
148870
81175
45787
6092
10729
3935
4014
22533
415128
1143990
290571
345679
11230
543572
15784
820912
119636
260562
59424
299280
34548
165013
463837
788635
152308
15739
57417
619930
26749
166329
294770
1349029
226379
668650
18632
279261
96888
860481
85674
7331
44500
3529
88962
8208
93699
40847
93231
100644
391394
161356
68091
11131
76712
14361
309835
347113
585754
330449
14366
890930
772884
769777
106991
345375
140774
533049
22341
118589
900022
4500
126093
1022064
176226
32699
121422
44931
225177
19449
60261
70816
213381
927701
5473
370680
10044
47622
372996
20286
817930
103423
631566
22633
303638
798383
66682
145428
298466
1075998
16328
146409
158805
418563
261159
287651
25305
38962
899313
532469
27455
68327
401050
624347
1299805
66872
107177
115305
106817
72105
134990
42071
205025
159513
89136
8832
190089
32497
287198
653074
577500
178529
73833
141184
308673
35615
136562
46334
59305
134906
73219
132177
58212
600053
45191
712272
270214
296732
180872
86936
54000
1684513
38784
1970
10883
117437
712886
213724
438954
31236
954519
121684
514565
717505
137326
158774
257619
80673
28640
273962
144803
82229
145536
11655
196406
163244
32905
98695
517312
62401
2040030
712190
834525
286718
80112
76653
949903
276715
20056
334243
227040
349058
266911
804082
351218
234389
132218
104182
51297
23202
1515424
8018
213467
224780
9460
199748
82370
171729
1367470
5972
284836
53952
542936
24617
50891
10331
528160
141380
852172
791888
22625
256751
28015
12856
707345
236298
431997
83832
362190
225706
897040
53493
269543
49065
386067
28801
1717455
32504
208026
29632
914827
665882
103155
810091
91414
410478
8878
13236
30403
21397
306886
262211
1566664
19353
39933
143352
309180
111083
47380
529440
19616
47302
30891
34953
213137
144487
350470
258088
245503
6601
64686
79045
457673
321717
134907
883651
450430
32188
258199
215646
39134
152774
110762
21333
1325847
749333
303375
5373
266651
42253
369453
160308
61933
557171
119742
36900
96303
1224765
381061
674949
75003
38512
725247
93027
906260
39582
111461
570839
102531
168811
219056
41796
42219
110686
116868
266433
94656
943009
21538
686213
830297
406913
819249
556424
297291
800438
265896
119317
515868
50663
705122
803102
158799
90684
160955
448605
230430
31995
112079
791319
16648
357224
851216
25660
337989
929810
228616
1239404
265025
69013
1003235
373848
859473
65367
300594
371791
193457
349529
274991
102316
280391
150780
387187
15194
317948
7723
316882
142094
649090
86774
281848
579022
14629
19003
578243
25366
139387
2115463
344297
26574
79176
25814
252868
353257
262015
92272
138098
129270
208202
23762
1026719
191561
213092
80158
751944
132875
12601
423917
167186
482201
30087
301953
1045386
73639
118758
24946
169891
754831
1290268
153743
622512
173846
968933
6890
57384
9870
315331
22573
107181
352330
52277
176315
102537
44143
278316
1404587
646186
14302
13661
8839
805803
27005
44099
957693
142599
526034
93910
170664
135811
52101
93989
656162
903489
468404
175993
123602
341463
175580
531564
519712
809801
478044
35463
423940
615894
551585
47213
330426
179438
17336
79776
409367
245670
430772
52072
197840
158977
44288
646889
7480
902383
288416
679222
484376
423492
572996
464369
237048
70577
1008225
998675
106490
204617
293362
38564
247678
131752
1010803
71370
397952
51196
20114
185277
118266
269967
537772
1059976
1007681
1666568
82835
831155
38923
471334
89078
17884
151649
92758
659081
700560
10230
25325
43553
76554
34724
301507
353938
39369
8496
17269
5228
913523
185075
831393
526673
42408
817135
452471
172379
11362
171934
673760
1552831
21037
132507
488851
458857
821687
698998
852824
338611
421647
456661
174931
1088196
392863
30194
1043338
469023
71138
528040
23784
336003
857285
119810
53374
53475
31373
324607
352040
181995
26074
775650
1051140
538035
28314
31031
146371
92498
134428
295978
227673
6969
41536
42177
116297
8782
77649
68508
329231
885387
19403
704567
196389
6347
1213046
904668
415906
127383
564891
15848
71493
386701
263716
13051
167787
322344
47341
151353
44293
13575
23522
13976
481895
57140
33320
20532
97565
95022
58215
147345
305031
31407
503090
352104
151601
460367
9776
76321
12172
10187
13734
264670
6631
19314
229784
23060
52534
179068
10971
12026
41777
54934
461121
122950
546891
7037
287868
11544
114201
13795
343778
1001673
12440
412953
204563
759447
828811
140339
77676
124470
313956
183829
260766
123998
1037763
134265
5742
16649
442847
70184
47402
143339
60850
579609
23282
437677
16669
15691
221436
204468
403462
547318
935071
24314
792118
255448
384965
810128
1452593
55001
309371
43285
196618
24608
535213
76065
15016
78146
240142
473527
30185
75036
190915
26630
601883
32867
300037
42545
580514
401978
1473050
265518
577120
167918
945978
135093
119705
16581
297323
137707
63212
21396
839140
103800
115750
848543
943150
466980
721708
429982
224316
6998
86479
265260
854819
7701
482150
17710
131474
140892
659053
240244
73749
563897
261455
543218
278960
788573
912131
853318
69711
351597
748194
319028
66790
269395
157372
5475
49442
190699
1413160
129466
338169
102700
105981
59706
44261
93494
1324017
77153
77740
24761
952924
4804
22005
925861
398567
17599
68586
26440
45936
509712
3815
242684
426087
75711
7497
80432
180795
5562
123644
393406
8996
36152
11825
73431
1086161
9233
43563
242317
40491
13413
11909
845822
101745
144419
111576
739369
80851
103999
221328
21716
1198551
191510
353671
420462
366459
306195
21664
12795
171684
16395
79247
196351
11592
24652
78501
122699
80430
183315
23990
100716
23454
19595
