1
654
0
6490
4138
6275
1392
17424
4
29175
4324
11091
513
134880
13248
553
254
475
203898
1
256
322936
499
7879
66075
1903
29
5
70918
134287
141653
0
3753
2083
3
0
283692
124525
1113589
899
130578
3199
27702
73306
539882
314
54
28154
722
30340
98
1463
258
1183064
3542
826
1446
678044
3064
28
1504
1169
27432
1621
223
0
1379
132534
258
141035
0
115495
549442
0
201061
6
260
0
261
0
0
0
0
132185
246
6908
7
351420
0
702
0
1364
0
1510
857065
2
132788
0
0
64877
451
134661
4069
1595
2434
28
7
0
1869
0
169
0
0
203747
106194
1
84192
915955
1381
12008
211402
215862
114322
66
0
0
0
0
201531
134309
1510690
204917
201606
506
249
762690
1
1130
2914
0
379
0
0
329
1
1283239
133311
0
1420
114732
0
634401
74698
561687
1100
1459682
18033
2315
1211
203
58269
132778
5
11708
170998
848349
426327
1513
530181
38653
11075
198
133
9922
55
102094
18
551454
1254
1637
0
0
0
134407
27336
1
38
1218
555749
27355
20515
1084
649
27372
344630
0
37411
822880
988796
756
98
27561
2
27398
0
0
1439
792862
0
133007
0
1
1233
748938
119663
334370
3301
0
861311
220
131580
4
0
1733
27457
681973
52
1
5076
201450
754886
2
1
673640
987513
251
11787
0
0
0
544854
285513
1074
1387
2502
688402
8
0
27436
197853
126265
255
1532
73652
11266
742214
0
0
28
1798
0
0
0
0
0
40
0
1380
0
0
968687
0
241
0
12
1
139014
238
419
12
0
0
0
0
0
0
118022
133265
112043
0
560235
374
0
0
4
0
195503
0
920
200864
1392
0
398
0
0
0
262
0
27452
0
0
1
261
0
1525
0
0
0
0
0
234
0
0
128108
0
5139
0
11
203
0
111749
7278
132393
0
205
1916
220
13
210
102572
1997
0
10427
13323
139
529324
2479
5
194896
4
484668
28
17412
10445
31
48043
10374
3042
0
2569
0
990506
2525
347296
0
0
2032
0
135452
270
3773
2
5
0
1008
506
208449
75068
895078
2
1381
0
11281
22
80090
0
242456
132763
15
0
508
194406
439
0
1475
0
237
0
62359
3
0
0
679822
427
0
37825
141470
680
3
262
0
136830
73598
309910
45899
2
0
0
801328
2313
0
1259
31
4611
963954
9
19051
610
345519
530
676
0
48
1710
205916
0
0
0
0
0
158
204140
6
198246
660070
0
0
1179
0
279
0
0
0
0
204140
0
294106
381
1
20138
0
737
1
0
83172
135
0
1
1
1666
782865
132816
270
68
132995
1383
1
1
11764
226
1371
493489
4966
136503
279405
67
30
132777
524226
102708
1009942
531666
0
66
1
968
186
0
496
0
11832
3233
0
5
549395
14
0
0
34452
608329
11666
330354
3733
499
5430
196208
134816
2
0
132231
651831
654763
862237
22
212402
4655
1
580375
249
1
201673
0
0
29
716
0
1
248
78
0
0
1
785996
1324
1233
0
3
606269
1369
8535
18
3
1418
131375
784255
1703
36684
63
394399
549055
393
155502
2
159550
115415
2
0
55397
489
0
128398
1047739
644
953
16
1312
220757
138836
200
201451
0
996113
2105
287080
242
1135166
508
1168865
0
0
1595
26937
19
40304
0
660028
2592
225215
7622
1892
0
996151
503
8137
0
1565
634255
1588
308
223
74684
149
549802
6
13693
0
729
542
551105
553650
209859
12
483987
997908
5484
7
17252
0
1
0
2207
62
1211
1
0
74896
0
6
0
198
75613
144679
598063
553203
266
0
132765
1
2635
5
76013
1
2584
32
132810
195970
0
514
1294203
0
0
1617
0
848552
119747
1003
1283911
1591
1
3
3
1513
455747
244
150779
530306
38421
1588
2558
4
41365
746
884387
153344
7705
1332
1036419
212
0
0
134
0
31
0
0
9932
55
196543
14144
292601
74667
0
42336
225
29
1378
9933
5452
28839
1
10996
576142
1250
0
134658
76236
1554
0
34
1
0
174
74828
0
105482
191
0
107
0
0
0
0
0
653754
1408
6440
167202
1
158247
2
1310
1
374
59
1263
7152
865375
25
1290
0
262575
73
631629
1
546815
1132
0
0
501
27355
697
0
19831
17831
2124
51
66
0
3
198
603
355
87317
0
0
27420
0
344229
0
1101
0
131284
0
0
0
175
37421
1
1959
448959
424833
90870
1585
8
784892
204138
13621
0
4882
14
132556
348
69765
298
27601
0
0
28
7186
0
11
1
27452
0
1255
1
0
0
7354
1
222
0
434
232
0
1422
23
149043
0
0
792959
1457
27216
0
132694
521
236
114026
1
133262
0
380
0
253
0
0
1
0
9703
351
211415
874
433
708538
39536
585
0
0
507
119168
132608
0
0
201738
1650
1551
0
3
0
31
0
0
861292
0
1989
0
219
0
0
0
536702
0
132450
255
0
4
0
0
54293
92514
746
2
0
1383
8
345
1036
0
575470
346
133265
0
336076
551004
1023
4
41
61
0
0
0
1
2
69371
625173
1307
0
1546
861483
0
487
2060
0
747844
2
244
0
215
127467
86
1580
247
538425
0
180304
132557
263
613636
375960
0
0
0
251
0
20
35640
0
15580
10097
0
25938
3660
634827
8713
562551
501571
0
0
0
0
1297
0
547451
0
0
0
0
286079
170807
0
0
1078
0
132748
2
1389
2
405
1702
1398
684773
1724
40
146
1379
0
33
0
0
0
0
0
3
575510
27369
0
820948
0
130116
132762
11605
30
2142
126021
9930
0
3971
0
27483
4249
386
250
89571
9754
71789
11
1139
1972
32032
190379
723
3285
236615
509608
556
14199
21
558
204524
1200
258
69960
28
3481
180
270
2
0
2885
26317
0
31783
3931
0
0
1699
1360
623883
0
134682
0
5
9838
3
80836
0
0
0
0
350
0
621490
894112
10933
4
1
0
397
1379
132687
1191
0
0
15
0
0
0
0
0
0
132785
201687
1121712
0
0
0
520
0
1173
0
44
624499
0
0
0
45
0
4
235
11
0
0
1124
0
129835
0
119951
201
434
0
1812
77
418
1863
992360
4
3074
0
43298
1
60346
194740
5
0
577143
46680
15
45798
0
4610
9
0
0
0
199263
0
5
0
22
0
0
0
0
0
115871
0
133326
0
186
1384
0
418775
1212
0
651800
10125
0
28
0
26752
1236
8981
198027
550074
458
0
128856
350
335382
317
2000302
1575
699522
124539
996152
1439
270
1833
551655
1636
93
0
69
1
114315
0
74573
190242
0
0
851050
0
195773
1612
4017
811
0
0
445223
50
14427
6
136066
7
74828
0
0
252
166828
372
872473
498
0
0
0
0
0
0
1
0
0
0
0
0
132820
28
1
0
0
0
0
0
27471
0
0
0
9711
16
0
0
0
0
0
0
538263
0
0
0
0
261
0
0
66068
661579
1352
0
3
220
1776
0
24594
0
485390
0
357
0
0
0
503
28
1372
0
4
103552
1861
3721
66
96440
190736
5507
9155
541
3
232
0
0
18
0
0
505
0
1195
16
0
126815
0
1382
0
0
4
0
68
0
42740
0
95353
2758
199808
0
0
63
0
203
0
9434
0
1199870
9966
2
132
111108
0
180
59
0
0
7217
0
0
0
132617
0
0
0
0
0
0
661358
195
477875
0
28
104349
186
16
0
2
218
5
79
1921
1
9759
2256
195
14
247
0
2210
103375
0
28
204
1985
0
35622
45196
344798
0
10428
814321
6
4434
0
382640
12974
39
17
0
84
539770
14
3590
7
8
18499
842409
1120
475
0
1454
0
34194
1808
198441
236
0
0
11
0
358759
134
498915
266
9
1616
13493
595
37
501
17223
3
10262
0
506
3
0
6
30
0
0
0
47537
0
514
63
550138
0
0
20
0
2874
0
0
996115
1000005
1867
0
3
706
1378
0
4254
511
0
0
0
1009003
12
827521
16456
1146
0
0
344333
8
6026
0
118613
0
0
0
0
0
6
784334
8979
1
0
6
316
0
32982
135911
0
0
0
0
998477
1
0
98
202213
1
0
0
132802
2
0
5
0
0
0
0
0
0
505
2
3496
0
506
30
0
0
334525
28420
602
837559
509
0
0
75034
285490
1
970108
129328
246
0
8633
1
5
4
6
1380
0
0
850682
0
1590
9925
19732
4
5
1607
201426
129720
4932
171
249921
267
186
1
0
73049
438112
5792
612260
0
132890
265
1037
556
0
318
9970
0
5301
17
1385
0
507
208
507
0
194788
1
145
0
366
430
2
74590
0
512
103063
34
73
1147
1445
26
0
0
0
502
237
0
0
1
3
0
0
94429
72
90
47023
59799
270
0
445
22452
1188
0
623533
27870
58
0
549756
0
550584
30632
853727
4
1
0
46
402
505
0
1
0
0
1239
533
35668
0
134868
0
6376
648
30
2727
1
433
0
0
0
1391
507
12124
504
0
0
1818
996124
145584
0
1000960
2389
74283
6
51
115
303494
0
503
1
271
0
3
43867
0
13
27
695
1801
503
7
992155
0
2
0
0
0
138671
801286
0
276
255
1108
145603
0
1
27
0
0
289051
705
503
28
511
0
0
996061
14499
0
4297
2264
2
993081
965
0
548
1
827198
510734
16885
29554
16129
2473
205
4377
822361
994282
336207
9789
29227
0
1
507
2
1092362
605
340397
884
27236
1385
218014
73502
1118502
2599
18794
3448
0
1577
74768
345
1297197
2109
347610
21
4
6
0
54
0
0
0
0
0
11
1
0
0
0
0
0
0
0
0
0
94553
1
1696
212
1769
988080
202784
7
134119
7268
267955
0
747282
1
287080
0
889291
765522
0
2102
1
0
6
0
1
0
302
1778
2985
0
132
2
640
33151
1041
504
28
1168
140953
996110
534510
8312
0
39
201453
0
70177
0
0
0
0
0
1
0
0
2
270
4
1000002
204142
3490
1403
1
0
2727
986
431578
0
0
460
0
74845
0
0
202426
50
1
6853
44
19320
0
368
0
0
0
0
0
720
0
327
132831
1
2
0
0
0
1938
709945
4
132807
0
1175
5
137
0
0
186607
379
0
0
104141
1
0
4
1
0
0
0
1439
227
0
0
8
782891
0
0
0
132816
265
0
1018
3
68
0
0
29
134720
1359
2334
29
516829
0
1383
0
533
2
0
0
0
29
0
5
0
3
389
12685
0
1
132669
520
731
1138
387359
0
79269
1
434946
5
354
249
4296
940
136365
212211
627948
0
147
195664
513
83234
67
0
0
0
0
33
0
0
74828
0
91223
132371
103321
263407
523196
1797
81848
16
19726
1384
916347
960322
40250
60980
125019
1331
933
529487
39928
1387
242
0
0
65
1361
2
75136
9970
0
8598
1
0
2350
10947
664
357833
1569
0
2
647
0
1
0
0
493
8
2
0
0
1378
0
0
11845
0
1372
14
4993
3081
27
0
862663
0
0
0
0
4
547074
2377
1523
0
10
0
0
9939
2740
5619
146095
2531
65
0
132686
0
10225
11
24844
4
601813
28
35229
0
1015
17
194839
18059
889
131567
303705
24868
0
8816
9570
33503
1547
322946
26
129372
4190
412618
75840
147
3259
1043623
671092
3872
133882
142581
548247
260
0
33313
197
1147
28
2
0
0
0
84549
290702
0
2047697
233056
4046
382
783212
4568
6255
2397
70332
1451819
550512
38526
0
22
2
755
371929
542268
27635
792838
132750
21878
0
1401
575243
14743
538571
11948
831392
692715
324299
279254
430
0
1
211655
0
275
0
137820
85796
0
201249
387
0
0
401
0
0
5214
1
0
13
8
43
60
505
1976
0
0
0
2
2
0
245696
508
446
0
27959
208
133250
391366
6
507
721
336208
1758
0
0
661249
0
0
193691
741
133
0
0
1
226722
196685
1635757
969
0
0
549395
1014
511
517
3819
1092
0
0
0
1751
0
250
129670
1
2
171874
503604
1217
231873
1127
2309
21
0
16
8611
1642
212
5
8
236087
3611
34
0
0
1193646
256
3604
134808
1126273
1820
1253
7
129051
2123
737555
843927
1
41
47299
15826
1019
37213
0
28
0
0
0
521818
132371
1377
1
262793
548247
501
37
1010
520
88960
700
131372
177
151984
4
4225
70274
56
0
1259
7424
891
150337
1554
0
115102
380
0
211416
417
0
0
0
31
0
1
0
0
148338
3
299
338119
71
0
625175
0
87
0
129579
47364
322
0
16150
41348
1082540
0
3285
579
174464
132758
512
1300
33
0
548060
363
656
9930
4547
1455
23102
1065
5699
279775
2881
446
4044
500
134665
1388
366
1526002
438
0
0
0
229321
0
624102
0
4
1119
0
1820
994223
3322
256812
577409
1862
0
5
0
0
287080
550899
28
1069
129480
1136840
1814194
5245
32
45
851121
2108
1435
149317
0
1033231
0
1
0
0
0
19
9737
0
538771
0
1575
46
19
379
1877
3723
292833
0
18
505
16
0
38259
1401
54
187
996234
0
0
0
0
660000
29
0
1406
11868
1185
250
356410
100499
48313
1
3625
5800
294
34464
7
1161
2349
21
311
0
0
604
0
1992502
0
0
0
495
8
6242
0
7319
334
628
0
0
0
0
0
3048
30
633907
346
2558
1
0
849066
1
1605
180758
193
808711
69
14
5396
206
766
74968
102843
1194
0
1
95324
0
267
651726
549788
204975
46
506
830
10
1
436
14264
1829
12318
0
504
0
27
990
2
0
132721
1
293382
509
4
29813
556
521216
4380
996162
2
1096617
302593
1136134
74984
813990
10
0
12
0
0
97207
202804
407359
837155
996993
0
1778
1940
2426
1001929
8688
272716
0
1
7
1795
9581
74845
268
7156
368
0
113
0
762865
1178
191027
106402
0
0
8
0
511
28
2101
0
28
4
1142
28
145
0
269
1211
6
0
0
1
88382
10
685
0
42239
1425
74899
9970
358626
647
0
0
13
5307
1539
0
0
0
132068
27
690
699
217
203
10213
452252
73644
6731
143410
34456
28
170939
336534
5
592646
54
1393789
134442
1099796
1003490
211411
264
0
401
0
80
1
4
250137
133059
0
0
0
135
4768
6
2765
1333
130078
245
239696
1706
133231
3829
1305322
996558
801383
31337
1767
521932
0
40
90786
1170
1633
1780
254
0
32
3
337871
2
1235
9961
314316
900
558569
7554
70739
1885
10940
0
0
3
27438
0
129046
1164333
519
14861
0
538399
0
0
16
0
191
1
10521
285347
39
1625
314
657
0
0
0
1556
4
849083
522005
6252
1494
96371
625010
863
1464
0
132975
297607
2365
848900
999439
0
1022
570
1198640
1790
0
368
631319
8
3
1189
0
0
0
1387
359173
7112
0
698
460954
118365
331232
1760405
379
91
718
166
130675
244979
1566348
2814
92329
3
205231
544668
637
26927
12228
1006
18
613
307
1584
12729
613181
2336
980564
200649
618372
1
223388
1208465
102
781176
220527
1235
51
31662
20719
605139
1018
768693
696806
642318
681
204646
17536
150428
634
525026
51
34988
1
206
18
2514
979528
260517
2403
181
497
838078
2302
124120
28572
0
994244
0
336137
4
705
600142
68
0
116999
1837
0
40
27401
33629
47
0
1363
0
0
1
1
0
472
0
211
1
19
655
9930
1090192
932
202
1076
895562
0
277099
0
191872
337291
1303
214005
191402
0
229125
31
384
0
74397
27277
0
503
1379
26
555021
0
904
1068742
747
1350
84285
1685
155260
169188
1794334
8287
0
10
2825
30833
201071
21295
4437
20642
996290
1600
4097
1016
0
0
1387
27452
0
1506
41
337553
23000
74762
10858
21
324
212
11680
576073
587053
587
1137922
163774
170775
0
560813
1770
2647
133339
455689
15040
1659
113300
21
74710
0
17857
1
0
0
0
6
0
550114
7
27
0
1
0
27366
89
74
42156
0
0
47
0
166
22
189148
0
276898
0
0
0
3
1359
0
102046
65
0
185
0
12
0
4
1
1384
0
106
0
0
3
0
1
0
25006
445
0
0
0
3
0
0
0
10
0
201
0
0
3365
0
0
0
0
519412
133187
1390
0
16
644
0
9929
6106
79
1731062
200
90116
604751
0
2
74901
197734
169
5
159284
1676
70436
0
110
1024
893929
0
4728
0
996168
1858
24
0
484096
202070
708
1
71
0
6
5
192037
0
684959
398
1381
12014
339482
6283
61314
641
1066843
363
67976
0
134407
11306
203125
0
864886
550074
189983
3
0
0
384326
202214
91
276359
27399
1
40
73
32045
207
84017
1516350
0
558066
15
207442
546577
135
132802
74568
195
2052
0
28318
1
0
0
0
0
2
500
0
6
0
499
1381
0
0
0
27381
1
528424
0
27370
0
0
0
9768
10450
0
15920
68
853387
1388
214928
18671
3453
1374
1379
49
0
14
3
1385
1624
14
33
83403
10
107
10508
1349
6616
5763
35127
109105
147
1150
68932
130344
1629
1084204
154474
556896
28863
9985
118
992
0
85715
0
260
131947
636
11
226151
134029
4508
2556
2127
229689
795700
29787
0
0
734904
0
0
349651
0
90134
8005
2513
9
1915
0
13229
1387
27365
575946
0
1282568
27351
0
0
0
861405
131193
28
73047
0
0
0
9
0
548089
0
0
0
0
0
0
0
169
37422
0
201
1386
2
27453
0
0
0
0
1
2176
103051
18909
530098
332297
75807
11623
352037
672
136544
7
279524
12681
22787
15
1470
87
74760
6
5
0
801324
813
982903
10567
204157
0
204143
0
274
393
16155
0
0
1393
133335
9
90223
147
287072
0
499
13845
15
565068
2622
132258
2647
583726
350
228
86
1239
610900
4
590619
430858
320715
2
548357
1076
0
617
169823
26963
0
0
445
0
203
0
556569
1015
1685
28
74828
0
12235
0
477
10
0
0
133337
0
282303
195
329831
201029
0
0
15090
0
1521
27456
74830
1
178
109404
0
6583
60
6
1393
44
75676
0
18553
149
0
0
0
0
11
1903
1835
14081
19
0
7266
55
0
0
1
0
132961
0
253
0
0
0
507
0
3
0
1979
0
232
0
707
0
549103
0
1011
0
1152
0
143
459
23
132600
252
0
0
0
147713
0
477
0
1384
0
0
0
0
0
27389
783033
11294
0
26421
0
1503
1503
600
1418
1096
26748
32358
626762
5
90708
0
11
4
132692
0
0
132808
520
1
45
235
0
113205
201
4
1168
5
159
0
404
22
0
133399
0
0
26779
188607
0
868
19
550143
0
78353
0
199019
247264
0
75080
473
0
0
0
0
0
0
0
0
0
0
67537
235
35126
0
0
1864
1
9694
0
1200
0
1381
0
298886
0
0
211480
59
6
0
0
479311
0
18
565
417
864
0
39353
668951
0
2
9
39780
1643
236
0
16
580
503
3
8
0
6
14
28
0
6368
0
12
12
118652
0
782889
0
0
0
100
132583
0
0
0
0
0
0
7
8659
0
0
6801
330539
146
72639
9
1913
0
1473
2
143
0
761
0
503
0
3
6
23941
409
0
69
0
0
0
0
30
0
0
0
0
28
1
0
0
992109
0
134686
11808
27
0
0
1307
2535
31
16598
823293
27849
7
32
17567
1392
0
515713
54
0
0
0
0
201
1383
0
0
0
1
0
0
1030
533
535075
0
0
2
0
3234
132368
0
0
0
0
0
255
0
0
0
0
0
4
0
27
0
0
0
19
518143
0
0
244
132941
53707
1
91
1389
0
0
3
91581
49
390
3
680
633
2
10224
2409
1380
0
2
0
0
1383
10469
0
1
10
5802
132728
1
26435
622
752
33239
1019
170363
1523493
548060
198
2
145
863028
136109
52459
745
1028
16694
40416
546795
427
137613
75826
0
1
1
521
0
429
426911
336865
663007
0
0
1275521
549081
1586
0
2
176
253
0
5
0
31121
479
128286
30921
3
925
2858
201
131820
4322
70130
234
380
211831
0
0
60
625172
1382
28861
1023
0
1
1
1854
6
892210
0
625172
3422
258582
5
1808
628596
6
10
0
10690
0
271794
0
0
996235
0
1855
2
1546
0
23
861483
0
1
0
0
0
0
478943
0
102859
0
230466
3
1581
27
14
0
694
0
675483
0
66153
0
9078
0
74846
0
133265
0
0
0
146
6
90022
9972
214
5
132112
218
4537
87831
0
332942
211434
0
254140
4838
1279
1402
697181
522093
1798
0
9923
633
83064
0
5148
537910
198
11243
10
5
501430
12672
0
18904
4087
8
1383
138209
1005399
1015
26355
92206
1147
348
1574631
194829
1059432
35022
393919
1832
25978
33589
434
1018
2761
5
188380
0
652
0
0
659
940
0
134684
125291
0
26
527888
12084
886483
1310
218745
41
0
1385
23505
11385
517
735490
124781
234
15066
0
550074
0
9645
22
391717
0
65
2
1387
2
26137
0
3
0
3504
0
2
0
1080323
271934
1121
70489
21
9971
210755
19
556206
12544
1131
270
682372
190427
84867
27411
111478
0
132958
56
0
0
1
0
960
10132
5709
1386
435
3
603
10340
1167
696
1256
30939
232
357730
0
1092
0
74271
0
596333
112179
859819
0
547084
0
0
201
2
235
538798
20272
410
15
0
0
0
0
133122
361188
3574
1384
0
0
712283
0
0
135
0
2964
0
155713
0
74698
2
191
1113
0
140
57
0
132996
507
1548
0
0
0
2
0
1859
0
1391
27884
683
0
13
0
1
0
403
0
26808
550650
65433
74937
0
0
894
507
1209
202334
64
480661
1257
9
461
20
510
47
4756
0
0
0
8706
2920
72866
142
246
30
1
0
0
0
142690
27
838139
45426
1437
0
0
1
1
0
0
0
0
0
0
0
0
0
0
11
1382
539
4
26867
1020
547067
0
1
1425
550
588887
1077033
239
0
27404
1318
0
0
27417
0
0
624027
10
198196
0
0
0
0
102104
27926
0
0
9415
133021
9956
0
4369
211384
19368
9955
5311
0
30
3834
149824
196401
13323
267
2459
0
125948
0
865053
0
310
0
202214
1388
3
0
330206
42
13390
201488
217103
0
16442
410
196
1170
37762
2743
201
1002
0
4541
1307
0
25462
357
0
252
0
51
733
2
704637
3
1265
16
32
8598
71957
1
163087
57
1
0
11
1407
1010
562499
81
47
1449
0
741
289
221168
3765
196283
219
1981
202217
194450
215940
743
267
628
0
14349
161
128183
23
559859
479
195431
322996
21
7809
527956
51090
