0
2424
10305
0
0
10198
780
54002
10162
14237
185834
2720
0
2
0
0
51
1516
101
0
901
325033
182447
16209
9347
1820
30246
2
67035
44957
496434
12811
525
369
1510
77241
643585
22219
1115
66644
162
495559
1490
185729
38
113964
14693
0
170
1941
31
940
0
129
3
337
46
874
1293
918
347
1
343
3
40
170
24854
0
612355
0
216390
0
9325
1
31787
9362
170
0
0
0
0
502959
4992
0
931
7703
66402
321832
0
186520
185574
0
0
9750
191501
0
68551
9433
430
35456
330
160224
69128
802224
451
184602
59363
522
5
429
0
21
0
71941
0
0
1
194352
444
43212
23
1291
20
573975
4
11600
503166
946
598
27308
247315
36
48
0
0
185894
0
161
448
1446
195
0
178
143915
66
161600
505770
0
3564
70688
4586
87108
6411
3001
0
2093
0
64033
161
3629
0
0
0
83779
9226
712670
782493
838
3731
2809
68939
485
9256
19
185577
65760
17
22619
0
0
2
429
798755
112723
508770
0
18964
0
0
0
9
138
150
68419
17223
0
186398
797070
10579
53599
987
32
14752
541
341
0
10176
491500
0
2
0
0
0
0
0
121
1
0
690
0
5
227
30086
137671
342
25785
4
0
0
542
3
514223
124720
103863
455035
0
0
504767
0
0
0
2176
0
185446
0
0
1
0
185243
0
0
0
335
0
326
0
9
24
993
924
9457
0
0
0
0
26173
1486
24084
0
0
462959
0
0
0
193
613316
0
0
0
0
0
1405
747489
215874
1
0
773820
350
19848
0
9372
372451
1
174
0
68347
562
1
30900
0
201
0
27
9304
5
171
0
0
0
0
4
0
0
800000
849
0
3
0
169
1
504982
0
800568
0
0
0
503909
185538
4758
67793
1407
0
0
0
0
0
2410
1254
119
0
6
0
4862
6334
2
246148
1074
30
947
21
318519
969
0
3
0
398
767074
57
4866
20
214923
42346
186522
2
2
29
0
19611
5944
16
503835
0
49
0
15
9475
188091
189746
2
20796
0
9285
511584
1121
117228
283662
7573
0
2
897
29993
9331
0
9948
9
0
27965
580523
210715
0
10
0
1
1369
9325
136960
108091
1425
65
185
0
69014
458
313
803360
0
9566
513691
117632
451
4
800683
0
187788
1169115
1797
67250
799693
35502
23
15012
0
0
58
1729
0
171
23
0
430
2
2935
215874
0
28778
127
0
57
0
11
0
0
68694
0
3427
0
912
0
0
0
0
0
0
0
0
0
1
0
0
1702
193814
719473
0
0
409
34
1338
0
71781
48145
1
395
759207
25016
9
1289
0
9335
18138
46
937738
20
40
3360
574101
0
1
185511
0
0
2449
0
11235
0
17
514611
0
170
364
127887
496726
12110
91
190
4587
37
26498
0
68516
32
21083
24576
218391
0
18150
0
0
0
46
751818
0
5
0
0
0
1
521
0
68518
0
0
727288
186254
0
64
0
9352
506670
69263
66
211
47
572433
944
208732
3466
10742
0
70
800000
206
0
506636
0
0
0
0
0
2431
0
372093
175
645559
0
513441
69824
332
164557
46
559
1136
14361
201
143044
0
16534
512599
673401
836
0
647
0
186
592303
0
351324
12455
16572
30242
53332
182687
18504
29245
0
1018
2
85776
858
5041
20595
0
0
1760
2054
1332
8
185547
1202924
508475
9314
798
0
6
4431
68205
186221
769607
141
0
26281
91
37125
161
1287
77998
500324
113
3352
728375
1593
1786
0
91865
2672
3350
0
215595
0
1
0
504108
0
0
3
679415
430
9225
21
685451
0
18833
988811
0
717359
784163
7
865
2
1075
511
0
68550
173814
29544
4601
16748
1291
3188
39445
26867
112646
453549
492542
5763
66232
0
179485
40927
220700
337
0
53
0
0
21
17
3453
417
253656
0
0
0
801
64476
1362
283799
4
513369
405
21965
156
0
65
515258
146597
0
0
0
2274
0
1
19
1
0
428
1
0
0
800000
0
2287
0
0
0
111260
0
4
4576
505513
125874
125
0
53
0
201
98441
533962
112691
1
0
204
0
0
0
0
0
0
0
8
0
15074
0
774313
1424
0
10
771381
15132
176635
1343
9654
968
919
503055
452
253682
0
20286
0
0
103
0
530398
0
0
1
0
186688
950
1453
797133
170
5176
69385
2781
1306
0
52026
25159
0
0
8
963
0
0
960
0
1358
3350
504012
14921
0
0
0
579
0
341
0
0
0
0
0
0
740
1359
10080
111
983
0
0
523903
968
0
0
0
0
0
1241
3
2
21
531716
0
190
0
0
0
0
0
0
56998
2
114
163
0
10465
0
0
0
24
164
0
797196
25290
25016
0
0
0
1
94121
0
182
647
178786
314
65
51505
0
0
0
0
5
0
0
0
228
0
501701
0
30137
1500
68948
0
136395
54
270
193
1268
96601
0
286
68292
87574
0
65
30190
126
3361
176
505169
9761
0
798492
736
333883
0
0
624
333928
9899
0
626
0
184153
330
114
926
700193
1
309222
3521
1
1
72481
1645
34490
179741
87387
371091
495
0
1587
0
185261
74461
0
474
0
0
0
4
515082
28
68347
0
0
185577
327
0
1550
115
0
0
58955
0
6
0
2057
0
776330
0
26154
185681
1269
0
206
0
0
0
0
0
0
0
0
0
0
0
1
0
0
0
0
697584
34596
0
0
417860
1
0
0
63087
175
419
0
8
0
0
373
126
1
1475
66760
0
0
0
0
1361
746
133
2
1255
0
0
0
488
240
18032
0
24
147
194
12014
933
486831
1610
11462
0
69
1156
341
0
171
9286
0
0
67187
1253
60
9245
93493
0
0
0
2
0
249
36
0
0
42
9585
92340
2796
130
0
790481
69578
0
23333
797032
513083
5
0
171
0
341
0
0
0
29501
252
384
585258
0
184890
0
0
334
802
0
1347
404260
0
0
0
771757
20397
0
173
25
0
0
614068
170
710751
0
1262
0
1289
3
150
938
0
27
14121
0
503841
0
0
0
0
0
0
21
10
10885
0
3
9501
746140
498008
27
652
0
215874
0
0
348
912
0
0
0
0
26261
1
0
769199
3360
185509
2507
0
134036
4422
68550
21765
0
5
0
69039
729801
9376
171
1
4
102
0
373458
582480
391
1090
700137
651
922162
1780
13917
1058
18729
18
505926
0
68347
0
38
29690
112
215604
1
26166
20
512341
1401
69225
36994
27782
479804
0
0
0
0
0
4
190
147893
0
19
0
3615
0
958
0
632341
204
0
0
9289
15
923
0
0
503851
0
173
68436
0
0
355
0
0
0
773
1055
37346
0
0
0
0
0
69
0
24901
0
0
4
0
0
0
50
46
0
1
0
9331
800000
338992
633
132
218
1
4519
186842
0
2
0
327
0
6
185352
335
0
0
0
0
3
0
169
0
358
0
1
0
18502
167
498138
0
0
0
0
1
7
10990
790669
513091
0
0
0
0
941
771479
21190
170
502060
934
0
0
0
3
507921
0
347
0
0
185520
4546
732281
0
0
17224
123677
1
0
13
1409
420
0
0
0
976
0
0
2
2
0
0
0
0
0
0
343048
0
0
3
0
0
0
2085
1
504886
0
2410
493587
933
329
720700
255
430
959
0
0
643
0
9739
9305
14048
0
0
0
4427
0
0
70174
13995
0
167
1
10874
1802
0
314
0
3
69995
1
280196
68
425
15387
1742
0
0
0
16
30
1284
1469
10138
59
21
0
51
21
503657
26074
30489
3671
266
25251
1613
68140
166
0
5
1
3
182373
0
324
0
0
0
0
48
0
357
63
198563
0
120
769866
55
0
3
51
902
398
227674
493265
85
11
0
4585
3881
11
13
215317
13835
59219
529137
13604
180680
11110
179495
0
0
0
2
0
20
0
4
2
0
0
29
0
0
7102
0
0
0
18939
0
39
1351
517951
0
185715
1083
72700
712284
0
504768
9255
251
0
289
29571
0
0
0
9315
47
0
0
0
0
0
0
0
462
65
0
1
65
9272
50
20
211522
593270
30391
185527
26
1818
29513
795586
1573
60
209586
1
0
0
0
171
55530
0
0
0
241519
0
77147
502958
50158
44
551387
476
5266
84571
3104
709
159345
27
0
0
411447
0
6
1516
4575
2185
15825
0
0
5
2
0
344
0
890
379
25725
183156
785799
18697
30869
0
0
0
9655
1
0
0
0
0
182
430
1216926
0
0
0
9
0
65
0
4
0
27409
55
35
46
171
9726
93
570392
26325
184706
0
4
63
0
5
3
528
0
135167
128952
1
0
1156
1
2
1092
1250
0
574542
0
200408
185731
9302
391
30
0
1780
66097
4627
65893
171
106438
1917
0
55
0
99
94368
65
2
1183
4
360
54
546
0
1282
214934
435
11809
450
68588
488140
2
478
0
0
86
313
0
11
0
3360
1501
798499
0
2
4584
37
153
12909
394
2484
3224
186458
1015232
699253
926
15
100905
15194
1
29696
55212
186073
471
13397
379
1085504
494
220300
725564
1231
117398
505213
185415
726946
215141
15635
184852
48
177
666094
4363
704116
3917
2006
10869
3199
10432
478797
166678
39767
68765
28466
1547
771597
183808
19985
48608
647
21
0
22
0
1
15012
26152
4584
17
0
0
3527
16
50374
465
17
605
0
82
148
0
1
183992
2052
66
1
0
1
0
0
0
68516
0
0
2
64
21
30
0
4
0
0
0
601
0
0
0
149906
2
83
205397
0
29943
9
553
280751
3587
0
1
256284
4
888
480
27193
0
0
0
18321
65
0
2
2
3141
54
40
7
0
0
1026
0
1824
513385
5426
0
13484
0
0
0
1
983058
0
0
328
133
1305
68694
0
258254
485
0
0
895
0
1224865
3239
8
24
0
515091
0
0
505674
0
0
0
3237
509962
21
0
202
26
0
0
1486
768002
0
1803
0
0
29637
0
0
0
65
0
1
0
0
0
0
0
0
64
0
0
411
210524
9331
0
584561
0
215479
0
0
0
0
0
0
0
0
0
0
3457
456
180605
0
280
211692
7847
716722
0
3545
65
0
2
0
0
3360
0
0
0
963
54
839
25
98
0
33
0
0
1333
501221
1
0
0
952
1
1
135
29620
40931
4
503986
46454
46005
56
9
3348
0
375
0
116303
0
1535367
3
224
0
0
83218
530951
171
0
27196
3016
130
0
29830
0
187184
0
5
1522
0
10266
1801
370
4
29983
15006
0
3676
0
0
797046
797082
945955
4612
18675
134
21
68660
1283
9200
185894
3360
88516
0
0
0
1
4427
610
927
573174
60
0
497619
38723
1083
519
97501
6
184902
185697
9271
179
0
1317
428
53349
0
0
0
0
336
0
0
2534
0
0
252
133499
0
955
267
748479
10879
0
21
0
0
0
8831
68115
0
547024
512582
48
699859
9811
450
528346
24847
0
8
267
29599
2295
386
562180
2
131994
265
2609
0
154
499008
5155
45
208638
2703
79218
15881
0
21489
4603
3
52
507138
39968
553891
68058
49786
779
116063
1147
401
0
8
25821
0
56
170
0
6861
188392
123
95282
869006
30078
1
1321
1
10393
502995
280674
51
539
1553
15583
32698
7965
852
86108
214217
5043
67034
0
2067
82
141
86065
137
15296
504068
2
1
0
139323
4
0
1
0
2504
0
0
1
1112
9287
26214
62420
21
0
749985
3360
186607
175
0
148
6
0
107
3
513213
0
67809
0
1062
3562
179044
1286
0
3987
28923
0
4
15
182970
512213
336623
29897
9520
784566
0
18043
31
1899
103705
60367
784782
50993
114
1
0
30096
0
0
0
0
0
723409
0
1343
760883
9336
186254
0
0
22
1848
3
26
49
954
119
753588
1
0
0
1037
21
784961
9331
506530
0
1077
504568
166346
320
1285
861
0
30068
522
105
524
1921
1214373
313
0
42
352
185906
95677
0
175
572403
688917
426
510
88
16308
26191
510202
179733
210573
0
71596
127
798513
511
515152
2315
0
0
0
0
127846
131
71749
0
0
8
15056
784945
1290
689689
3549
27181
1
951
0
25374
8
1932
508103
54
0
0
1313
852
0
1244
502966
0
57339
10675
24
797637
25016
25357
179468
52802
0
501911
69782
259
99159
131556
33675
505084
336582
10
184248
186249
189034
4579
183068
7
77276
9335
68377
185898
61024
5
617172
1391
0
0
0
0
513274
1
170
390
67670
0
969
1255
257
12519
1708
314
0
68445
104156
259
76
68136
68095
797037
171
29501
128028
0
408445
1463
52
756
0
1088
13565
503848
21
163
462
688
912
26261
0
139664
2824
68518
5
57
681404
320306
524720
114
26266
581580
513494
0
148783
1508
520759
0
504770
68436
353
40621
0
24970
0
96
9332
1198
190746
329
185363
0
3
357
9319
0
9521
0
793490
9506
3235
0
13973
17240
7
17
2
0
346916
3
494837
486811
710384
652
33127
4452
75269
2959
314
33647
2550
0
1559
72
57531
92434
171
182531
0
4
1238
51
443904
4592
1
533094
1005
0
0
0
0
0
698039
73650
150
29801
9294
0
469
65
114001
590
607
185604
55488
211030
92688
572401
22684
29687
457
0
341
26126
805679
0
0
506075
0
69
0
9
65
8
67491
1186
2224
186096
0
5
1970
54
308
387
1299
1182
21
0
0
9
2454
884337
8
450
1085995
29499
1100194
142
28559
4256
478998
154
35597
0
26148
10
2537
180
184499
0
68345
64
8
171
152031
215931
69016
260473
952
0
3286
7
1440
15224
0
768159
355
186043
1
515120
0
3366
1
769553
1465
66
65
0
71
211010
800000
0
0
182823
26167
3610
0
0
65
36
0
952
1
541363
3357
9331
51
161
0
0
1501
1287
20
797002
2536
77847
370
1068
0
498949
282922
9461
90
336
0
0
8337
21
143
698778
513242
29671
11291
253
2301
176505
22998
1102423
72049
1366
342
10168
731
514681
36774
2485
88624
0
575943
140526
1
2642
99098
3373
185961
108
512323
184122
3603
512221
366274
451
700150
1
0
0
762109
1872
530
1
1
1
100881
7
1
186254
1914
692259
508018
28
505756
0
68346
0
694446
26271
3434
2124
0
0
54026
256
620885
185893
5
147569
35855
0
415
68
12855
9871
281
29501
379
0
21
0
68392
1189010
581462
0
0
25066
495
3
9353
215785
14015
3
1680742
32935
169
1742
0
1238
0
0
614392
9772
29219
259814
47991
812032
504922
79
255304
0
710
1
700453
795587
2967
41645
1756
0
215539
0
705764
214
3516
1355
1009333
0
1
505734
48
0
0
0
77474
411
81
185964
1143398
515188
36976
717486
35530
11543
31860
750116
539
184175
686350
574101
692855
365
88679
9195
29447
0
3349
24619
435
3180
4
10817
46185
67756
17798
2204
190991
507625
0
482
986825
34274
560597
575585
1461
262
2490
659115
866261
40443
82024
30233
483296
28072
50380
4779
754566
418
29006
134
4
0
1
29741
970914
2048
29686
421
436
739
224206
543
496528
379598
18762
112653
13
44233
3688
84
21
29502
68292
21
21
0
187
0
350
0
0
0
22
0
0
0
0
0
22
0
29620
0
70012
16
176
3506
1113277
210198
27618
0
492
392
30717
185508
586661
9163
407
0
3374
0
6
0
430
0
185234
0
599
0
170
0
4
223925
0
3540
9277
60181
58936
13581
677058
1043
224419
185469
253771
377
255430
3703
18684
18
10359
0
615775
0
0
405
13
0
0
92
21603
42424
0
109
3696
175
14
3360
52
17
18943
360
87
149
171
212710
730
583582
3125
701
210429
1691
0
0
86
0
0
22
0
0
0
0
0
0
0
937
187
1290
0
0
0
0
3
0
0
348
19
0
0
0
68346
171
0
0
0
0
0
0
428
0
22
0
2
0
2
0
64
1
340
0
21
0
0
0
98289
205
701535
1
0
0
9
0
67
0
2175
4
0
0
0
0
29571
515079
0
49
0
0
3360
0
179798
0
1674
0
0
8
8
0
644
4
234893
1
0
3288
5202
0
506082
1
326887
931583
0
205298
128552
56
1335
0
26411
0
18677
509
0
253660
111
0
72
430
1468
0
0
30111
5926
0
0
29669
68981
0
30014
689364
109772
29954
1120967
206580
3724
0
118830
0
401
0
1
0
0
1
0
0
244143
0
3373
252238
58
4
0
0
3
0
359
839
0
0
0
458
0
211630
33677
432
0
0
0
0
185219
0
5
336
0
0
0
0
17690
0
2893
0
65
0
496969
0
18
0
169
15056
0
0
0
2
9255
4
1399
793125
219755
417
1340
39160
62
2
437
1
338
0
3195
977
778818
0
1496
503
1032
55436
15169
3492
12290
41946
180139
0
1593
10979
476
2852
555
187235
494791
12
1953
3
1991
345
0
827058
41609
0
507253
1301
2
185159
0
69084
184652
452
3780
194628
68488
21
0
185525
71
67626
2902
19864
13
741
0
9399
42
9239
17
284
0
5
0
1047671
1570
0
0
0
737
0
26358
513513
102259
503849
0
0
184901
323
1
0
144
0
1133
0
406
351
186213
68346
64
0
0
4
186684
0
81811
186490
156
0
502
10
1667
56
401
581489
215803
20345
6225
0
24929
10163
4945
899
9
3
1040
68346
107
5
529295
335
698663
0
1114
194
3073
109
14
8
0
0
0
372
0
53279
25442
10
1851
166
0
0
9784
505324
38
0
0
18437
8
0
0
360
505691
69274
887
66
37
0
0
108
176
49
0
0
24196
10493
212135
0
332
334
185961
3095
955867
0
579518
514216
3273
3350
503942
432
0
503751
906
0
170598
14536
5781
107235
1289
21
379
807
0
0
0
0
0
0
2
0
509
47
28209
6
0
0
766522
1429
186240
0
0
0
290
1512
23
111
2
0
0
0
0
0
0
0
0
0
29637
0
0
0
0
0
0
68947
2
0
0
0
705
0
0
112
65
1244
739
9309
0
959
111
187
0
0
0
983
1
1258
0
0
0
0
0
0
0
0
34952
421059
63544
0
0
0
956
0
0
0
1
341
0
59
0
0
0
0
0
0
341
0
0
185224
411
19
0
0
210119
360
1240
0
0
9331
3
0
0
0
1
0
68689
526
176
583539
8142
500484
171
29614
215054
0
425
0
171
2185
117730
0
0
0
0
0
0
0
0
0
0
0
0
0
335
0
0
1
421
0
7
0
0
0
0
0
22
56650
0
0
2
0
0
0
1
1
114
0
0
0
1
3619
1
311
380
16
10284
0
180708
70
1
0
0
63
131503
0
55
3
3897
26054
182057
0
24
0
7453
0
0
713862
164
0
0
0
0
0
3655
1448
795635
0
427
65
24816
47
24726
98098
480
16412
0
945
205
1
0
701535
0
0
43
97
0
1
238
1
0
3360
345
1465
195
92994
0
0
7
9
0
0
0
182
3316
503833
38
56518
331
178323
3395
9
3237
9351
28422
189636
65
0
4606
3630
50278
0
96
0
0
0
0
0
0
10269
10
0
0
0
0
0
59
0
1
29512
0
1
516470
4
0
500985
0
0
49
0
1
0
0
0
0
0
0
0
226
0
2
3360
950
0
501461
0
1
20
5
108339
567091
174
66
30201
0
1
1014
1496
29040
1244
68272
0
696
39814
5
4
0
0
149
134927
504091
0
28
44748
54
0
1856
9769
76
33822
4
1281
674
142
0
185269
513673
1
230880
29510
68979
141
0
1
4
0
102
0
641
3
67825
459
3608
0
10196
1049
203342
31425
0
0
0
0
587
755472
786661
505533
0
30193
1
0
97164
95
16245
278830
799962
0
133209
9
174
0
0
0
504634
856272
230121
1501
122545
340732
4593
195588
226
0
0
1
1462
0
798294
0
412548
504786
0
27172
3100
328303
26202
1508
40256
0
65
0
0
0
17968
0
35
602
1532
30643
0
330393
503021
0
186180
64
186315
581182
53
0
53
0
4
0
625
21
2
2398
94
1
184454
0
0
0
11115
515088
0
14
1498
186319
2
4
9331
0
926
370
215224
21
513349
2645
44288
10410
86
199
63408
185503
122210
14472
0
3521
0
0
3730
0
3348
26270
854
0
68108
452
0
290
3
72356
29868
3190
795605
38
504047
822147
0
194738
595383
762979
179181
195120
52664
136
89924
2848
706217
2811
408251
461941
206215
127
1967
751
12850
6
68196
0
346
0
0
69896
340933
0
524190
3350
0
185094
175
9361
207996
204
261327
0
0
0
0
3360
19888
68616
193
0
0
0
0
0
0
0
0
0
0
1
365
0
0
9
8
0
515079
3360
1073
0
239381
587
1002
44
0
68203
74
1244
4668
503877
68971
53
0
0
248153
59
379
0
220275
0
327
0
2390
497314
0
0
29507
37735
455
973
161
1118
0
241
0
464
130520
0
0
0
0
45
0
299
58132
783
342
184896
12
179
185927
0
9263
216
10
3
0
4
175
0
0
0
2403
0
0
0
69233
0
56
34311
185898
955047
504546
0
75513
809
0
2
26636
0
185899
113
3
0
0
0
68949
0
0
0
0
0
0
0
531
1
339
0
0
185217
0
2
0
0
5
7375
0
123012
0
0
0
336
0
0
0
0
0
0
252
0
0
132515
0
0
0
0
0
0
17041
944
0
144
241
900
7
0
563540
3529
231328
8281
1
0
10575
0
1
65
0
0
0
0
0
21
497627
0
0
0
5
0
0
0
1227
697662
0
4
106
329
41426
0
9218
0
68114
113
0
800000
0
0
0
920014
0
41689
0
1861
503920
503000
0
26
905
0
514153
185908
9331
931
19073
63035
0
2
451
170
9
0
498727
24191
74724
1861
77310
0
751408
178
215419
0
197
0
0
388
13
5
436
247
1022
0
35960
2493
29531
127
70
33618
5
1525
425
221
0
3
67916
188016
495427
52
338
67680
0
2
338
2
131194
0
0
1
262
0
142
906
60971
28
1
0
968
6
1291
88
9170
784944
1726
496198
883
10462
161
1
69348
10990
399
1
99
136
33302
263
187329
1257
2613
0
57598
0
15168
9520
73716
98
11775
3358
4118
0
