24002
375174
91248
62524
204218
111954
649425
942739
16640
2526754
534017
404735
2160
132489
516630
62182
309768
418816
417789
79749
298290
363946
411787
540081
593623
1399326
51348
1909
703520
865075
586761
388230
1847370
239766
253437
21566
738304
1448231
1503080
544786
1018345
760056
170460
728474
483199
991814
394791
57330
115701
726141
241249
74469
81578
68556
333690
978698
604382
450298
1080378
509
374696
656548
595218
264157
209639
184661
625132
267916
698600
587406
117606
122628
180088
855
639302
149158
3483
272127
79887
341
1874
74953
968436
49538
4061
30726
103756
870752
58966
214292
487071
350853
375864
2521
145518
770236
440868
34268
293039
437042
252067
1154009
452902
543472
817205
433270
1425928
568237
252429
138828
603497
230660
811
248956
113552
456387
389523
398302
133987
623486
809397
244470
578409
110270
994
108691
381932
330618
252358
645926
1204820
493423
1644
108787
2293
302023
625857
8086
693715
629494
722365
124873
441634
76845
1315995
580899
1440892
463299
611930
371819
699017
724977
365563
634744
836426
972610
161973
703971
67335
1419
1077612
39941
272966
1062886
1098348
286124
1069236
200330
1824049
588165
69592
526062
114350
204171
1118073
357614
648199
828112
1268437
106798
88021
606460
255031
674453
1129023
958789
800380
301247
54323
69373
360436
101107
56720
30748
173850
1320
505935
563908
636836
283701
74405
684
412995
23057
48060
56490
598
74923
49447
52027
138818
158902
157704
67250
236724
266131
25718
225024
310297
275053
199
30829
52360
995237
512540
214167
250630
567898
104348
299668
373076
190974
314528
112031
814895
206801
116789
148480
1028204
176963
250315
164277
416216
239597
87440
302450
423236
78
381640
305910
729749
461975
57441
705214
8088
26691
35560
505902
355823
227786
5613
786585
1199953
121167
236783
827215
175998
333446
5
82281
1081662
1571
430733
319823
502565
1670
465481
50253
241735
47549
99731
491155
313410
348731
1640
324388
123320
177673
738996
725
189208
13875
1878791
800371
67105
347201
421619
332327
147208
438529
1228491
54321
663318
293805
30699
3957
818
0
130901
394064
1006
1032
88901
273900
303229
393215
247401
87234
239442
3364
17075
3856
106287
79899
99448
47156
934319
253
271754
832845
407746
362300
25023
21688
246061
38
16816
51891
127952
2251
5600
253775
261862
247300
64585
489409
373833
138058
250037
980
557181
684524
100364
14227
107535
183468
1394178
691908
1516850
1391
434031
432764
408044
235331
525226
110712
87593
351398
242453
1132652
191309
58711
272
117787
956
203752
675191
131972
1172663
17959
619626
421596
684087
298646
1319291
323481
1141675
293504
8512
2913
56980
336777
128233
376510
170911
5229
310390
788
551133
80878
1584432
374545
482435
263652
486
354484
1155042
358683
774016
626220
655608
1039641
224008
1208
468896
870
589364
239
996814
657463
50581
335423
34295
759569
1129233
143717
840976
330863
931247
239852
1318159
722124
1614443
1993
839250
58005
432401
16185
27331
10295
1071726
560242
426731
593241
376597
335281
360234
2767
9391
685767
392734
174206
337331
2961
1248916
113316
378459
112633
56478
95552
455662
1365
58270
262
836733
1382
66751
2682
43937
1286
349219
124553
130480
49077
4904
224185
118964
300062
1168830
4335
357282
1467109
369124
465621
441765
190807
131641
50294
379490
128802
946937
678095
305379
91130
16014
871581
325338
373790
305247
86011
4723
920335
608857
63054
1080023
951
269818
144463
240831
219529
155550
77817
69064
539649
1954428
418095
951991
391862
4678
416617
2079515
517607
1833630
159618
571887
980875
535881
1350347
446741
121894
223970
275442
2028
2349
160122
58582
378918
425473
1381518
268376
24
307737
655504
120786
10525
66995
351931
792907
1180557
48364
757944
39370
1031260
1319318
638485
376955
587505
106310
1777472
49789
110020
643591
269702
104970
82339
210466
476759
98430
746704
244802
7638
954697
448296
23330
676341
528479
365087
1507118
792338
754300
381069
169183
148461
503046
463652
1921614
256311
1386480
6057
139112
610812
338338
188395
253119
622398
193242
124098
322064
453230
362714
52858
1666988
175812
527526
3312
133689
1094096
413553
2035064
268696
262114
162678
770573
21059
999929
6661
265850
225548
16898
1877071
946452
7581
1382278
492150
911526
208614
227026
463
424153
770
274986
476299
419041
343913
135190
116370
136633
309752
43119
1642
278948
732594
1155964
2270487
158447
49785
382707
200517
287571
1642455
1977864
607763
3381
490585
335367
1043359
291525
209682
1366705
5413
49220
416056
169875
490120
1132920
531524
837051
387402
614402
422659
61698
385697
1956474
114903
2462637
101574
358570
471548
1289397
464027
1541299
613910
686751
171621
100744
350784
107833
852852
515571
548445
478851
50786
327908
111004
241540
444798
832164
571754
1114708
424760
427713
483113
452942
1132518
1774398
941198
93113
531722
192834
801034
398700
137801
650804
493380
1403787
935859
63868
51759
171970
47759
188634
78977
322501
300820
415430
162726
293828
154101
24992
276600
236031
449585
138965
6489
915912
252826
1763508
520703
1077381
296403
578236
569766
269163
677459
988684
713527
759094
592047
890222
277420
490000
392127
733342
177954
981404
62557
1245
99586
784592
57355
53675
166573
405389
1436734
394031
483898
156390
308639
424631
489382
1081627
5806
64967
341666
194956
1064734
30761
365452
136969
1031513
583709
268277
2189
479276
103387
667430
279529
446
330648
595086
298665
649676
134649
88143
1500015
607829
114563
50290
378548
136184
971
108082
1165192
540418
6503
111817
484097
5185
31471
243205
2053412
254399
553332
473659
359763
186515
6488
617181
764
666
105652
56135
25380
1413
115918
34
59158
124694
404
47879
369719
1464
535770
422031
51528
64027
77533
1933
53515
2246
28739
341433
38950
343443
1057
95937
125952
239590
353
701746
158119
48334
65385
163226
249541
13934
229463
1238070
475373
59439
361
186476
202356
161133
504276
88500
20121
160833
292563
2694
127927
143760
728777
88966
596763
533029
790235
231551
582073
999
108520
111602
113039
3
94514
2503
369
290602
757009
96395
248412
1040189
336221
759465
388667
63494
1131394
65300
1091435
383074
903366
62121
2015471
246386
183730
1938
525462
1280415
93793
252812
655998
476219
231220
38723
740303
365289
597087
121390
401191
72391
458452
7524
57836
429080
348920
49794
418039
104823
816647
636871
786411
51901
368043
34060
496329
62770
143475
1242237
1421336
385474
447828
331739
406134
567392
563403
152764
897668
119820
45237
294197
466931
185918
629991
6568
715658
732172
1098433
55564
892861
107787
161337
9594
907765
627665
16002
507760
47330
144858
712873
986
710402
520672
57531
79110
69275
296561
20
3094
227255
1188
291772
263282
1123152
7112
594076
17290
1398497
660371
76332
51054
6279
296950
39517
1031340
296102
150245
253595
134688
179689
3692
610579
7456
675262
280063
421658
478735
551682
715521
400126
1647
243558
114762
138965
364272
856441
310646
4610
99528
170990
126377
68957
262358
81791
21148
