34095
37584
44338
26599
11059
68091
15268
264047
66043
103070
102472
34919
16684
33895
32208
25732
6561
22452
184656
16072
14930
167954
224481
127527
249357
18016
130492
20861
72072
403398
412212
175887
113949
87276
166012
249910
181601
741435
609252
349770
198995
299763
409121
136762
31983
201200
200867
96703
18328
42322
18156
48534
8075
173773
25646
20059
48640
360893
44313
13346
6999
78149
66237
27330
15181
44305
115718
13643
527537
333089
402182
43632
67683
28186
237432
86737
60784
35707
37660
127052
13748
39083
160783
39493
26912
94649
53583
264852
32157
176878
191016
115475
126015
143443
453893
52815
121251
56746
69700
365860
80722
339936
290552
838467
124123
451855
282186
122460
60732
25227
60437
40679
17054
541381
75523
51239
51890
506445
22178
222800
388094
271721
375017
110710
68697
146917
154841
24975
161225
296125
645886
151827
37826
102811
85772
162032
61913
154805
178881
71698
122714
30045
148915
194785
27435
324655
77202
49029
233128
540127
53015
486920
155579
303335
101406
717370
79646
321699
78807
150835
156175
38720
133525
165165
248296
384601
815758
286575
220936
123983
163560
156920
131492
133604
107999
195188
38425
55062
71627
62603
210794
49800
798506
424711
133647
122765
230190
39237
107091
49845
93039
108629
56585
68841
272153
33012
325104
824322
728592
110202
8228
70263
42395
16345
55473
39117
26601
484154
39641
41327
27873
28803
27500
127224
57445
34505
4745
32807
143928
4162
52965
11911
139291
295478
31725
210296
41785
84269
34922
122979
355147
76584
289818
269136
608722
22913
30059
32698
20693
18193
25301
220853
17722
213739
6357
394784
74849
19116
83603
78464
10750
4902
15677
55842
23495
107179
5728
3542
14432
9899
65091
33196
26838
16785
21108
48414
25695
111533
6881
9632
468820
3356
19103
22818
29121
548019
215795
6061
117740
18725
38263
3203
765230
400468
9859
18634
615742
14655
92335
7361
50485
114295
6076
16174
17059
29860
217012
25660
98296
41396
67704
42029
42822
42748
22566
17665
68529
21456
14123
11341
51288
31778
14019
797521
29089
26123
30043
23063
242805
99237
58545
17329
753046
23566
26554
18708
26927
48720
196188
84896
12895
229133
36737
7920
14404
37635
50074
7539
49670
19171
30800
15405
82550
28121
33528
179177
86243
17519
16506
14666
419850
42750
69388
38557
74643
69668
480591
19910
29963
32500
381764
410163
190760
97220
88461
3323
94059
19062
139108
145336
57070
31149
72809
13012
56448
127883
378995
448039
185241
14499
42342
94344
164054
51308
250827
374179
162446
30499
4511
58574
124761
55147
61759
60088
31506
80560
123553
318349
411248
44750
36086
8053
120782
66765
4314
66754
592296
12042
30014
14640
3339
277891
101318
34587
946259
31653
96075
77070
379290
47993
82297
829174
25918
647654
842731
94665
168240
901962
671537
211318
69163
32908
21398
36076
574071
37087
19361
43714
27145
20684
56890
557913
313687
100588
105920
18936
28798
22833
9749
24730
49859
22750
15909
18532
505661
28991
131670
24141
44958
19861
13064
10886
38643
42351
49117
12886
20933
8056
40919
14185
298127
808626
39120
30399
47589
4270
11042
33261
278346
27388
25542
275712
900237
73132
178951
93768
32717
115946
354560
145285
1061398
116421
86134
39768
44519
87088
11453
62090
72722
73432
8181
6804
165423
40044
203760
25019
49602
44054
70392
97102
23356
56374
61444
68536
313430
77719
230812
36101
116210
73903
398904
311006
345843
83556
165498
35705
58248
72411
17319
750431
28582
16575
15336
19289
76473
28346
25236
11075
128361
29904
43672
602833
224449
82332
85847
53592
112509
183109
15763
13943
76226
161726
523648
44318
634230
238709
138518
17501
313512
841655
122224
232104
49767
293062
29561
23278
43983
33656
102416
57985
351923
180893
155846
17115
177181
113498
140461
363394
25976
172227
22914
224345
33730
127526
20087
802881
160096
812280
8874
33770
48983
22803
39672
434212
20876
180868
158421
251268
142261
128024
333297
754138
215071
26148
67915
43676
463781
113980
318509
194894
145117
72591
165397
73294
188773
19497
154842
478097
176682
449189
93713
14836
276341
726344
170333
47780
619188
27693
68661
66441
100735
245585
35463
28429
272482
51736
54256
42468
443189
30716
202436
266606
383987
228712
30398
34434
376834
17347
195665
129376
201913
48575
33558
75087
669485
231522
182342
30900
869388
51056
9916
94042
14794
381581
594187
76756
715132
31700
119973
133025
49139
223375
624776
113088
192540
152030
58642
18031
171194
115086
223664
89359
361912
142009
86845
148013
629457
114155
484757
14851
92692
61470
54770
63984
36839
130450
161438
81705
510820
101015
54359
15290
69028
150378
22232
764435
49493
158861
35323
74177
72763
51809
65043
174634
324888
35068
11696
18549
75197
65629
13137
53361
207843
7969
143079
11436
28600
36607
751297
24352
90812
20794
12608
7389
412530
48918
250012
147462
84944
230960
250250
36083
43948
124935
332039
550192
664660
29189
162000
10846
80567
27571
66823
14551
97351
8679
13098
18627
51328
41578
142591
32561
733936
27017
54402
17456
825682
89007
73062
12550
45084
13266
288482
84270
63908
225043
148596
315700
56961
65711
122101
30496
197938
12302
14371
9662
69721
333764
71702
247211
668121
77206
134040
61936
253100
574029
27511
49998
207939
25478
21656
7998
48672
60889
39690
222144
77876
104991
65487
12479
93601
65145
33226
15063
39780
29631
22200
10621
43298
59964
87414
9308
43882
50225
56147
28949
79274
36567
67230
53501
436829
101772
88302
16262
28513
6743
4704
11664
15351
108991
82223
350639
86467
176516
6659
8863
12022
30896
67058
14595
231938
50095
25729
89308
59310
52038
25135
78792
253886
61234
26681
4725
816103
31956
18667
9752
16336
15437
67016
33375
6934
49387
240854
361972
54152
55368
169462
2137
9386
9627
26117
49361
49295
17760
5179
5943
16264
34608
49949
166393
39631
58495
33050
273942
88297
18620
68848
263577
461789
72670
70354
47491
360902
32431
110008
165820
36994
62591
69674
233102
83539
105474
844673
24375
180750
92089
31639
15604
249160
104514
11976
68745
16891
488747
87132
15620
30369
115959
134343
384743
155345
201447
49554
167235
94440
176889
108230
549535
284045
86579
33472
44203
72005
180925
66455
28999
33317
32193
24587
29186
22007
49187
352558
65773
85824
143355
53441
10573
18402
22016
65464
15687
92399
130988
7000
3247
6862
245685
212622
633448
154142
82937
18609
8545
9806
250855
24524
10335
17016
12437
169908
58611
78962
154008
31106
21435
40776
65144
6262
5813
20145
26881
213368
60977
19611
28220
211457
25913
65441
78145
422860
41359
531092
60265
97850
2766
9795
12548
71202
118523
18231
265632
30756
22715
75026
19992
132039
14294
66050
17875
38849
37380
162201
36506
7265
30206
29436
3916
139978
9676
15312
210361
98077
17126
102629
24140
44981
7504
18374
2902
9718
33929
36158
41169
67448
190012
137139
254475
129601
336017
22085
29666
27337
52007
56430
25168
52689
62296
25171
26485
6462
204113
464425
34858
72175
709478
45613
30351
68845
880431
126364
41323
25100
45539
13182
8123
19276
37879
2753
52430
43703
68707
812344
18487
19336
4750
39688
5982
2439
8496
34580
236287
8643
18266
30249
530747
21743
17691
23987
28867
5050
23646
554022
246071
420259
4171
209194
9051
6302
6539
5602
4996
53668
19538
304685
8756
37366
29605
50244
85690
75233
3575
31000
7348
23405
108498
8742
25598
47935
883752
108721
169308
73799
29076
423006
10400
12454
6789
28127
29287
27380
23736
6188
50728
103607
15031
618319
16807
117568
36095
33245
118934
192299
88957
292354
52205
9953
7230
68704
634654
37226
44448
113093
33136
65386
11378
249635
164729
184544
47239
1644934
15967
403243
22219
755802
21185
190661
16002
100667
8283
80549
32571
18926
129632
70970
304605
180044
502177
7734
92982
230204
138399
219094
70756
162645
11817
17967
35959
131064
9237
45014
59711
429320
15712
55864
3128
71385
18185
88878
16225
773530
20362
16274
5713
90439
11128
41255
75615
95265
87047
43552
29229
105003
13919
49097
164484
36568
33377
2753
9158
25823
6545
10908
31276
67780
16697
14211
21963
14944
24395
23634
25336
88721
17762
13226
23610
32909
46083
37716
32912
19264
88305
822107
238096
23823
46630
35726
44647
60608
188597
17729
28586
122596
24377
39357
23940
292850
27804
8981
33476
24617
14082
18725
13202
406746
11414
29781
34074
127844
56644
25929
174235
91141
3975
12214
36784
7436
31819
45141
61564
708734
67514
15396
3689
26868
14897
66113
515655
19038
246890
81422
4317
9964
32976
8925
126995
313360
82945
13184
8051
18678
38078
181611
598598
35181
24837
828323
201875
66144
18036
15123
17488
92489
18633
24805
21295
218014
23290
55601
26132
80171
12991
49350
8346
14347
13228
12229
175482
20020
105784
75242
3355
38759
17685
154662
6878
54815
13438
56549
75730
85205
4289
456715
44098
86182
36243
72957
46036
17330
38149
22617
48166
24694
26272
47348
18485
58256
25496
19840
46369
340141
21658
10616
9017
47873
39948
38124
6602
58583
45089
74778
17737
424540
10425
54048
235549
248227
48262
12018
4589
14408
30101
27800
33348
83026
26208
13954
8787
49621
14080
251334
48646
283569
44278
74210
121989
33966
61701
82617
30556
38922
39781
21164
260771
43169
7781
31748
112724
33883
62060
59904
8985
108334
32929
235614
21859
44654
508732
14571
17220
12893
44972
8495
28417
947173
974764
27301
3716
12494
53237
384593
13372
108915
515406
29295
308172
110437
510736
181731
163043
217376
38853
28995
17090
132093
23409
160331
1499
75972
52992
4834
929
7032
6235
25426
166766
99545
5850
18675
39997
24876
19296
23490
282659
26770
295902
28049
362252
856365
7354
30673
54443
126006
99835
48474
109684
43482
17593
57862
25815
19807
103160
6136
21805
11123
17583
25265
38683
94074
7983
17228
16035
37844
135337
54883
238087
473837
426599
129535
338752
93635
27730
109392
824249
280547
282368
94773
16579
30838
21125
63445
56813
72715
46179
33060
32533
523022
19980
150146
56605
64076
31537
59452
77652
91886
77459
30104
48125
859700
47738
62936
9183
936346
54299
68878
74653
414870
23608
59634
11499
76917
13618
2323
6048
36390
8972
41119
9338
86686
274035
493759
177147
142249
10933
11247
37569
54699
49831
67625
6376
64135
31249
44660
10312
737409
24429
67268
22363
55787
9414
13746
5918
178529
41173
74645
123910
53532
20029
140873
129679
18497
66842
250445
201201
156723
46052
18628
5364
78444
17476
3758
11747
333374
247548
23583
14929
113572
19544
118377
107449
265701
12145
298403
13942
348119
193852
6919
17365
10709
9298
6102
33812
8516
68791
21406
500253
58373
101519
12308
4570
48523
25828
75773
5421
24825
21457
111489
20227
164981
34642
11607
217322
16741
776716
202350
255875
941695
55143
66612
18002
73669
74803
36778
6131
5905
11287
226211
20097
741139
22588
32628
11429
17072
71040
154058
111491
122739
651383
37285
95064
486689
41178
71328
253053
199409
67033
298830
183659
151241
378682
72728
43386
260494
96260
526047
679876
63202
416189
95633
161797
369105
553568
793971
416839
111338
269529
225495
51224
872896
106334
79076
87155
41297
199974
183411
170615
235865
155840
151027
175342
819776
236641
893941
504170
117627
123718
28483
205049
30970
94173
410350
97566
180174
61819
26664
66581
51770
180619
1026146
64106
83996
5327
1263
48128
24595
8307
349972
249243
900118
35220
25390
30102
57493
29012
4951
15500
21963
9835
8358
37554
28451
40372
30489
68231
42474
21304
11806
1854
147945
14251
87081
26441
572659
12751
41193
1086524
65220
196001
143933
19706
679337
24085
124824
23643
110582
5227
138003
90618
58073
239144
17793
23984
50009
6975
25632
34279
76938
365088
14621
13666
22590
20071
50322
20065
18302
23932
192187
97839
78588
715421
77454
5690
25910
32912
868515
31723
35790
19783
17859
9027
43367
7105
267643
69130
37025
95373
44983
8892
923116
495009
18047
12200
22576
22383
28955
14188
282899
27191
3684
27782
125447
96166
40783
34527
73872
76033
41422
12706
99320
595200
40791
12922
40036
8143
255556
4075
40129
5992
58714
8108
53767
26661
32053
5975
36410
18285
64262
459230
43405
9639
14862
349370
23289
35771
253841
16111
586158
10929
94020
10073
41903
6951
8999
17430
17134
28599
5767
4589
31109
31502
20289
18398
174460
152659
790524
10022
39909
60342
84559
7392
40912
13373
45140
14844
85811
11459
86168
24379
76150
8578
92810
829
11469
12582
12616
15119
15391
64888
17786
3314
29973
58119
61321
24179
192764
315377
73178
32635
59181
187979
48360
46750
109019
9123
86614
72694
518588
61562
1500923
8639
262807
26776
32620
252408
455181
194129
36393
44043
138225
221541
28562
268676
33778
280886
25333
5622
64232
65335
90662
23034
42190
56360
304269
123112
96226
100695
106980
39939
761335
863560
850943
386755
158652
132634
227127
266612
170079
71472
179712
28122
87210
18031
141572
26116
62107
47909
64462
52820
46688
29640
70143
18433
247729
49344
21977
478274
163625
14963
82067
134854
29121
58248
38625
38165
91863
78418
55210
13973
120268
7914
6363
22288
28012
9033
63936
10578
181006
28794
39519
10371
914940
65493
17306
39046
32180
56703
50353
177894
342950
28680
113469
34797
87494
312439
74722
20599
102647
19901
51723
30183
41195
143184
66623
33015
67946
31167
176861
10551
176102
70964
95069
35301
89813
16855
100136
45109
137504
52698
50177
76324
84329
39448
62676
315652
261765
497583
296241
1075381
380648
391238
29350
178001
371124
145855
139597
315300
73547
54204
45401
24747
101332
37291
207353
837542
476369
96049
17006
51256
412803
63421
997184
39266
169968
178873
143903
254445
152825
119384
138178
694436
153328
300024
79206
61204
86587
130483
350850
91667
65114
445912
63524
10706
28969
395191
68331
79523
94428
31818
429678
395271
62197
147608
7282
86076
34162
230968
18207
4108
750997
76630
73003
16753
26038
63632
12590
15909
13586
16906
50021
23949
72350
10620
26498
12303
173692
6509
73961
42591
249541
8551
21648
36316
310184
94453
542524
147928
99330
466921
110173
177229
12100
220177
208570
174414
659048
653328
32684
8455
22681
107263
67269
12247
47671
9048
2755
606200
21375
49221
659309
104923
213016
72307
7740
15216
102566
61146
104691
33898
164481
53842
753900
21821
20642
138985
127513
58516
952619
163526
93387
78574
217562
76678
437014
3827
25127
27645
16819
67722
15192
92582
314155
120416
392496
292746
73016
109894
26428
200604
719928
97090
179044
300656
851696
11443
60508
84785
198901
79640
245668
592797
389256
17825
190753
59449
853451
107525
27003
72358
4392
17116
8721
19723
470120
298586
338345
100093
20039
57489
69017
838794
31839
507064
142284
232976
47552
203840
160091
166692
41628
173862
61092
54482
58066
134553
95704
145286
20197
9657
355662
3747
284951
67063
105815
814719
19576
23786
375682
158068
35036
21980
98439
52316
706995
215268
225981
300474
250522
12974
197291
93308
400522
145359
296337
87813
15040
38544
446799
52101
203661
10241
614107
25632
39692
22261
4892
14358
183221
60360
75571
100583
343164
10834
31992
73359
9051
161518
19504
11429
22991
192866
459122
41696
80125
586518
71187
857842
55512
84542
406589
42740
184016
5649
28686
21847
9002
9288
232245
114746
53301
22730
105463
35420
20681
48150
38010
136041
238363
97670
56446
93737
938691
823860
156446
59384
184016
419699
177550
83332
294107
26413
593178
33095
200062
104361
93430
8005
54155
47256
75102
66464
138156
131516
251855
49696
252972
45636
41369
121758
17812
30060
39481
11591
705488
12765
227729
10231
24766
763317
24816
17108
11977
25693
181390
32165
151704
163530
507950
92568
35290
72221
221167
44815
32071
262690
80885
14856
100309
55231
130890
183991
56471
283516
44306
69207
49683
4789
1453542
11821
46792
236323
23181
19033
120294
10285
18805
47323
453015
270116
66620
115649
104011
30358
32734
48963
540370
79417
132823
70179
84794
331863
80276
157630
454568
332205
366944
66892
19566
82768
631632
80553
43411
239208
37263
73628
31469
13797
99793
33810
267290
122675
298102
127032
4139
28639
60740
11661
83121
261806
27880
112014
65778
15575
34566
13924
145167
515067
41018
115617
290949
208432
1014575
222944
67568
48961
177161
58525
839955
97100
478039
215527
683153
27342
753098
50346
23420
66512
123686
140263
593618
591234
427185
150962
386080
38038
434878
11621
74220
757002
51312
539361
28964
55417
64027
21118
129365
142510
39173
622592
26321
133805
40350
20432
459272
378514
809115
36262
19552
34451
53429
63714
69571
61838
37186
91780
65581
55740
159850
155162
62596
61642
178527
62712
86259
21284
17278
21101
46216
773544
42631
229724
35608
127947
43624
39320
513203
172301
31843
15244
13549
32578
128245
70791
113441
405418
34004
171337
35662
128687
76087
89224
74697
889006
402875
31045
282640
36822
125718
392607
575995
188566
150476
147810
609558
438998
98461
932524
332473
13560
47133
11936
73412
160876
61524
131592
656686
46987
534595
34099
22751
22804
715947
40866
150541
96763
259839
75588
395420
26510
229523
190108
537681
808685
241533
28789
68763
10679
93325
68948
677151
102112
198574
108383
30110
69342
225509
60900
805828
83475
293819
100940
512106
28935
106777
232725
44908
306936
281134
142179
5925
68483
40816
35147
146719
889180
239171
57875
19298
120144
102550
33395
36625
491837
20685
21053
645087
46122
212936
93875
67746
29544
14807
17975
418965
62544
200416
379264
733111
611015
125641
72410
361100
7125
120986
41203
617051
1001548
104427
361968
668890
35369
534051
16066
899779
73470
136084
57165
1556667
12627
106573
82444
55533
64405
31682
109589
392313
127159
129709
137299
547068
188044
417266
852235
104061
82221
191505
632974
249982
350088
961468
85432
591653
82005
268759
78305
290207
19944
129382
81315
25423
175851
23129
93499
303979
227809
100804
636000
194301
263803
54794
158537
815727
199403
420425
463381
213118
32471
76853
286926
658043
288033
184496
154555
374256
66296
212411
75610
559822
67374
248274
31521
122052
53236
144587
148314
1209068
328562
182193
106447
33494
36415
351350
88779
195662
667696
233421
986943
35714
465424
32753
90086
104974
272466
150424
246425
17267
78950
126725
15281
94492
8775
30650
109593
188224
56472
68169
28907
19135
27739
71012
141703
91356
44199
338660
173414
587411
126224
1147025
313019
205164
14466
206734
126450
223736
431866
386608
235879
249031
30054
86119
35354
77862
11280
54030
16454
54063
21984
106860
82525
68884
10934
67221
381710
89038
148799
138313
210846
260984
328499
1192242
11795
452796
271035
614638
265541
143259
74067
167199
133910
773188
39805
322893
18100
8350
35029
51927
1542
69656
64369
92286
390942
25689
30831
85746
17416
23138
29468
70381
43901
92279
17755
285076
215141
98582
404200
440863
184809
61465
311845
633784
473833
40953
157915
89711
66884
18886
31326
15204
9878
19937
50563
28812
43417
69396
61961
69791
112390
74709
12873
12315
55179
28092
15238
52633
45522
42632
13084
33420
94646
122931
44501
97248
50628
3893
10483
15764
120137
39636
129781
146395
26180
37143
27322
51034
11625
32845
31698
334772
25548
64136
40239
30158
18153
320661
21282
439117
32974
118641
6512
73644
13488
115689
63481
52766
20285
146238
15023
26189
14239
87126
26783
31938
5802
2160
1580
5264
45123
692007
62922
76169
113090
37017
115680
79963
50619
1036714
59805
330544
26676
8333
107426
202931
32835
79939
72994
516410
1178173
12881
262683
289267
14661
140097
24208
299490
65739
757544
65939
63384
337339
116072
44876
59767
118495
161223
16281
44939
272855
439756
31232
165245
159296
237405
24262
660944
98986
223201
133256
1119296
326849
99707
24909
98737
126704
120687
10347
521922
21913
12867
21188
20392
26946
155645
30653
102891
137541
25520
2680
29818
16433
68038
20395
76866
215611
3749
60318
6921
50603
64217
143417
112184
81332
8299
232836
17389
33465
59405
15970
16244
8303
22284
15715
12066
18361
95270
16760
135111
24832
13287
14926
65022
53281
105306
18431
64270
68485
12309
16847
36263
40524
168525
46812
108582
762464
398288
307144
57964
233991
98087
27416
56328
14340
14650
17025
79057
72763
859434
25635
34997
95770
30689
141223
70938
124681
51459
215096
148611
38774
17915
141784
128108
95518
157190
690027
460035
81528
36449
8609
47703
4588
33051
937277
127969
149985
125349
57847
53953
357765
28680
353407
352055
40675
569527
296868
267226
131510
92182
199876
107059
41504
147045
117586
54464
127693
84836
37950
57854
101732
48098
341901
113105
90521
36683
1811769
40826
102870
46906
24768
128446
32042
207450
83332
239795
38113
22184
19571
10211
21566
8822
3109
22687
7899
64761
5353
23712
7961
102237
6625
97233
16275
51842
33405
261474
5361
368852
53868
82359
37685
66795
43869
83929
220022
93011
324243
335486
72685
187855
60976
212999
119445
79935
34925
34000
58468
18133
51296
14837
32098
219837
75905
958191
40330
502064
48215
523725
18564
10400
9015
70565
15472
9609
25917
71693
27825
126595
30626
474089
58508
25703
22310
32721
42689
63099
38911
37670
74694
11180
7737
19631
19152
209669
10054
199061
244335
420152
10883
77856
28222
54901
33189
49043
22369
22758
51042
504972
89759
71838
8090
667323
91368
632588
17659
264084
89570
138467
18791
84755
49110
26102
11558
315118
17426
443911
89196
243202
218324
114732
99015
427574
25262
58491
13048
71820
20851
11716
151844
8955
20177
21716
19895
237177
122846
44248
11805
684074
28123
14216
10329
77840
9869
11407
9199
28435
21056
40571
36798
96519
13415
20201
8836
53463
24118
69320
58623
245118
9284
36654
10694
241147
5922
12305
74828
104377
10694
41544
4670
44260
20166
91050
52756
88949
18963
34122
27228
12066
32899
150426
29219
66242
31677
98091
25559
59579
9872
36991
8260
160810
20948
9369
13185
54837
11675
37984
229421
563897
6094
85304
48055
47157
37737
30323
38150
117406
48571
20899
387462
24084
71213
20669
14197
52357
80818
14467
14558
40768
8542
12880
43787
15572
12124
338216
3317
27763
37309
17261
15072
26301
18036
33061
33476
82299
117180
114789
17121
86284
258875
119585
165842
76104
155186
645727
7240
96349
51329
163644
58961
47230
24593
21344
43540
41600
1851
9152
8808
14892
4606
13866
26675
29103
12687
26460
9537
127866
10161
64337
34090
35881
12464
58980
21771
195042
14788
162615
222751
20080
6748
53247
5669
101166
27344
5492
2946
41338
36482
8385
43997
66810
9507
63175
39827
80114
7187
43286
7643
31789
25512
28069
4227
63283
26961
206539
48158
51634
42138
540486
77173
139762
38003
72055
917
170952
6607
9247
805410
104891
46240
16170
4573
27391
15545
23041
13930
899102
34588
38087
60533
24185
36414
200438
326463
16853
24446
8576
9308
24561
10895
32492
405237
52465
23360
57782
14664
33845
8551
58363
19503
41709
152018
21281
5099
17273
23328
6633
27271
45032
91167
38911
6502
18497
33537
415311
54777
62628
334095
70451
346091
29072
213391
164014
102425
184057
383949
105237
33669
74224
54508
317240
17401
135102
1612
4646
3613
4738
8809
23261
73986
29215
7537
15833
2048
14123
17248
5474
20927
14411
97930
4500
33140
46322
17897
62713
32403
15898
7165
14153
51526
24805
12378
12124
7014
17466
5709
5780
2613
3655
9758
12855
26478
16775
13803
14266
4790
118611
35358
70596
166687
248597
372745
46425
158530
17245
48021
115998
29497
147694
109979
97986
93841
74930
238530
91507
13635
70156
62438
10949
212555
213513
14570
134091
61449
70430
19669
33427
131868
45906
111418
84501
133730
572093
570649
9248
126852
439379
25087
344272
97023
378244
102715
119662
12211
41152
20064
6549
81014
67584
21669
26970
29948
150571
28847
81168
286561
890665
96420
58828
15885
55550
14591
53150
779224
867113
177568
39421
141694
77991
34254
171785
134693
186885
381444
840436
15970
623788
33798
40400
123374
29547
14367
189124
1047197
289318
46647
291165
211800
128293
226354
169616
29870
57612
95939
13965
35176
956722
27594
187971
57680
29384
61011
202602
180588
201104
65460
79424
75533
72069
212914
15778
12911
778191
40236
107050
43079
27327
181309
31246
237199
37302
53002
406200
105370
110907
135914
98183
4232
98445
12578
178356
4772
11471
34674
34174
41419
54687
50227
552477
47877
13310
74010
286246
30425
106383
61377
22973
85976
47979
97497
49754
33323
47125
62886
254357
64173
134515
90913
495542
274520
140156
351042
233660
216320
217772
112066
67458
112068
256318
41621
162541
45529
194735
194954
230593
56549
74994
46716
9061
49584
29426
170135
551943
65243
902423
34828
59178
946007
46325
135244
339245
647589
165027
299530
170666
180867
980747
70956
837279
62931
504854
277131
295886
79263
165384
84169
148585
38177
318973
21741
38637
20324
47453
275877
395632
47934
406954
133303
45168
147373
56943
168585
552548
109483
152083
4780
24697
29796
30444
17058
93597
435458
107158
40904
20974
15343
54462
45356
29144
106241
55325
23345
4288
21855
300091
46954
13276
92350
48341
18203
36038
906
46381
46770
533606
51557
42868
23034
34354
88058
24067
48844
98583
23982
74712
61684
142050
17141
150036
6903
98774
5444
192544
28136
15201
4077
63970
15611
19539
28291
208334
224675
38501
4433
28874
47895
70054
24103
135401
48389
314413
143735
18490
61186
71338
52285
32390
363009
229032
130350
12173
23410
2436
48165
57388
9744
134072
36253
28658
18959
2884
14831
33165
7291
37436
43470
390672
31820
71835
17882
49465
237701
18166
14858
197216
619173
124110
12059
194132
53336
48812
9129
173605
76845
30444
15435
88940
28984
20024
230871
89709
11198
67523
7365
75606
17676
53387
17061
352351
43137
54569
14508
43771
16536
22217
32633
4757
26963
18505
105577
31478
57015
3729
8027
13004
16604
31301
131188
17006
83360
17742
8487
49225
13232
44517
220273
33321
11452
85029
8730
85022
49348
145121
15108
17258
53351
41203
12266
3961
23206
424739
209526
651856
183794
63282
3913
87136
13020
12923
10689
21793
14425
17382
11009
18444
36112
56059
16974
96435
19254
94660
29484
58472
65596
211698
230572
21274
85356
12468
8846
275310
18279
186563
46007
60988
248069
92970
824074
30325
38920
12778
244026
32813
61718
29980
8600
13346
35934
60875
110665
39993
17509
145985
199728
75939
99210
386206
242750
62454
136763
15494
27094
40661
48186
270106
335543
123285
79658
169482
47360
643877
39486
453656
34707
37830
63641
35359
297126
68139
6365
79743
46343
24942
6701
176353
67312
185268
32022
122413
24282
187580
33769
24966
19768
15256
150016
64024
34330
26138
65997
81706
96771
20751
174405
39253
38018
151427
11631
7969
4269
38070
28065
65505
32234
379382
12069
23067
23104
72199
111371
180318
58475
116149
861121
14200
10282
40166
90039
162638
22854
67266
58647
42193
67419
48916
71588
132714
31311
48121
62684
17985
28510
158970
67059
130043
79316
120727
99641
105379
49047
59095
80561
