10960849
10729875
15483859
9457378
5430486
7046098
11500284
7454347
10176049
15070050
13433155
9232417
5606955
3547779
8393285
7536302
8088323
5404709
11596650
4119626
5341716
5850365
9273602
8358591
7314525
10789707
13324532
9835033
5846127
5057152
10582254
6368771
16981318
7324020
12454313
8338978
14341753
9570719
14352632
7433905
15909136
12208967
18397130
12691387
11519025
6270474
15315257
7368655
10665775
8031398
8429975
3207052
4163781
5429882
6201589
4656977
11782502
7699458
14144079
8782412
7412768
5625650
8189923
4629333
