702384
1122207
1002370
715017
160025
2959114
1772886
1188263
1595165
1009911
1584834
1803312
392397
2224318
1153629
62509
2254061
2135733
1025258
1177357
891683
1261996
1639663
1702302
1231109
953866
565807
1912966
75391
1837449
916748
220062
1193384
947794
1897953
1547704
1080992
504476
1363342
1886125
1067439
629524
892108
2940772
695292
1834386
668248
1792302
596736
678807
483402
58996
2071096
930423
1113153
993830
1749107
1140927
2101553
1101028
293498
196137
684883
289375
1780971
2720446
968568
969995
1264599
471719
1064980
583907
1014978
1587652
1563386
783966
586794
1811954
2518960
600240
326533
211443
1233191
705185
221203
1044288
1420864
2182165
142308
1742192
2163125
681403
895880
549095
783008
3573799
1224159
478075
1727137
251032
1823621
680234
1990358
594396
2182897
150559
1382946
1783911
330447
1879373
2417095
677524
925305
1885072
1150855
105486
1203368
455048
1696540
1205534
499367
2234040
985987
433235
2326445
1135804
1723122
339235
368075
1280156
2487621
1157991
2388306
1083598
1279119
1076369
2339191
2112036
1495818
913760
753818
939471
1755057
678203
2803494
728566
756737
1368339
1053356
1109317
1456011
914351
2024026
912070
838361
201291
2406275
842582
1727804
570302
1760043
808319
2181000
1784751
712471
748112
255217
1965178
1866690
2073755
1462406
1228232
721355
1050665
4303680
1546140
792161
927753
686926
61221
2181761
1147899
2170957
1010125
2847626
1843548
2108504
932788
939846
1266945
2777872
228940
693754
170285
1546504
1008971
2802946
995855
557922
207819
640868
137137
891191
1507260
92377
150806
678874
127235
1065039
333385
1944207
2276361
319998
1469175
237386
1014237
292352
1506348
1958868
2524101
702154
1337589
737727
1169324
1137425
3595389
1063489
553656
2052640
2619896
379583
1118748
1432967
835144
2905614
1683281
739089
1761483
356219
1209345
1117806
1087576
864729
824478
177157
516912
1324329
742448
1266791
967052
1671703
1610017
336284
170062
346506
154203
