5645014
7805337
7863648
5326023
5633912
4793566
9575869
3776266
7456332
8591813
8192052
6750446
6004837
4222114
6481794
3171006
4929425
5094377
5764405
4395993
4171868
4834555
5587149
8120085
6689621
5902745
11209430
3830845
4317615
3923687
8663149
3943489
8612325
6808457
11225197
8917867
7585020
8604591
8205991
6824123
12015854
11256207
15055965
6983223
4824983
3518907
7040052
3688488
7532504
4127115
5212106
1283108
2843296
4537008
4335278
2177652
9494660
5542900
10964768
1562997
3043755
2270247
5450493
3533960
