2884
9702
34888
115
608
58771
110253
16947
52970
133954
73774
68341
2734
185
3543
249
3524
237409
24229
24175
68708
851
57769
56505
135863
209221
246935
562
47887
6688
119923
67619
90523
67688
1232
10747
1327
159914
28264
70756
92429
192483
41937
53242
2906
182380
33018
6117
459
182042
24171
109879
199
176
92
88323
222
43034
166809
3116
624
66534
238
541
4017
42310
109654
98556
128109
969
263029
174838
66696
42557
2742
145
24241
1472
153092
587
151070
73864
5388
44
470
90
928
940
6925
34571
268234
457
48242
30782
43764
43665
89720
194511
9827
157775
490
64285
43477
153149
18781
256750
435094
88755
26200
309
115887
24186
30529
5301
154
43049
297
140043
6067
152328
146859
42867
224902
44442
25035
93514
42779
632
8584
46410
48392
42318
144817
1091
43068
168394
994
43295
193501
154675
24253
323
35515
10694
45302
1103
156536
535
1755
140660
155422
85654
97099
6871
58556
2783
94283
69231
1198
151994
1405
86272
66774
136316
157658
16460
111556
48479
84891
80988
45559
105655
94384
27477
11963
1130
155003
42809
21182
411
133
143
152828
29531
55791
22358
178763
68072
42269
178
71780
156111
325
74875
63835
527
25342
152623
97095
343
24295
1075
153
66851
127
423
58327
169937
190
217
90213
149
27691
618
92692
152287
136
35988
76742
28994
394
139
78596
20702
207312
57638
137018
42858
208901
1016
43787
52112
99651
60247
138524
32120
23
658
3350
279
428
32
137454
43053
42337
201
27
24026
24910
68061
35378
335
10174
198
493
574
185
552
1315
3581
174
7178
37502
43284
42409
69830
150072
152693
24089
68439
115730
24760
107734
107054
283
129935
73519
302
1749
42403
30395
349
144136
109489
258
136872
106386
94075
55367
102195
637
25112
183864
5470
53940
126393
152458
6355
26250
10515
20941
463
109749
284
699
602
736
24172
295
68160
42562
1643
215
162729
31654
249
43581
256
575
199
768
971
151301
2
148082
4908
692
69040
106537
32097
6008
425
361
93
346
42658
659
747
84708
41759
7935
500
1851
4758
358
78525
6613
950
871
42241
69002
121044
6013
25218
979
68580
50032
427
168939
3050
170756
280105
22642
192
25621
49
160
154
25187
220972
328
107775
465
510
9710
72449
224354
17017
230569
1290
40662
162994
1664
24692
80085
262864
5332
5764
112977
107453
224433
42605
11240
57179
949
474
24708
941
200691
280
19470
246
465
33319
363
1018
92517
484
1373
24496
123851
104377
42978
111
152664
3255
54104
68703
42003
170563
45131
515467
219070
131648
168329
67465
105229
305728
33429
22510
202076
753
66066
9510
27374
25215
231
42673
119
148
59724
120885
111183
289
24334
205
1067
125
32860
5033
243
176860
192
82933
143439
283
84946
531
300
26352
66900
83907
42640
488
401
69636
152897
200
236
653
68350
163523
5837
5830
68642
9633
42794
68043
89822
33541
664
63447
296620
86962
9404
85489
42839
590
138216
261937
243062
1215
1253
25269
25173
48172
127470
64663
204
24307
68930
18721
222379
348
2558
69189
7403
83832
541
36721
93910
4469
7826
147469
237064
588
27777
93537
308484
150220
50041
42476
98054
734
110635
19958
42610
43250
143948
212620
87493
107
903
581
98737
32297
217745
51935
229424
24274
30868
101429
232852
179
687
145602
195291
10480
20040
68607
58335
92064
45247
135721
187340
70767
152934
45
90757
153019
114341
92613
43034
52885
1741
204932
89193
9997
387348
57952
90285
204
70169
102
1155
10279
669
44881
153455
111670
68827
837
21295
402
8635
192096
20791
131161
1403
111041
41276
1302
1027
148296
6999
502
78751
13471
83125
226855
25638
67810
130188
24209
167141
10601
209301
40494
189803
223511
12448
462
2025
30440
1499
42793
120819
302654
6544
81599
45860
42747
169882
1465
81466
467
69149
42870
222261
92568
6040
9962
43025
482
110687
25283
150931
705
116300
87982
238013
110953
42238
168941
144473
2228
157649
154757
43509
64025
135336
9781
211334
47681
185462
70380
94005
337
134194
111181
149654
144435
631
305359
319845
2946
281592
109869
56196
227580
1232
60798
196880
235221
143887
159544
135969
11852
161568
12045
226592
11972
20067
104483
191247
78317
273398
33388
183206
33901
168302
335
194
23230
345
105775
414800
10529
158611
424
945
24586
39583
851
94101
248283
39649
55036
9932
17646
42807
15310
1255
151529
64648
285
163
433
1209
24209
246
25147
194
71
23038
41816
648
1206
152750
852
225
158
78315
189
29743
26592
92692
20480
281098
134888
33499
31263
15052
97233
114744
113028
281745
6716
2888
245
91233
146
153
14
67427
5413
24228
169
472
173
3971
158
200058
33662
207
209
148048
9001
37199
29642
57686
2627
260882
24950
136488
32196
26210
15627
58795
3942
179963
354
52388
62
269
10425
199
25246
87632
767
152090
36233
68309
769
181454
32655
469
54400
444
91
1112
42498
42685
24450
197
150551
26279
27528
666
228
63105
1280
42849
26
93101
110928
24069
357
24434
42555
88697
346
10562
102
58333
42697
42735
861
66631
19
127447
423
291
133
707
24120
761
111455
83
93566
2148
105386
167056
365
205
115
142
69
366
184
48939
1157
40924
991
549
718
67895
42915
69079
375
138515
39
152425
25611
69627
45115
46684
181
1148
313
41262
66
25841
73360
183701
89078
31133
69
7265
0
78377
809
42509
244
120
103
68140
107
34975
78260
78429
29483
139
54523
2300
23167
67551
160021
98404
233
42571
21864
100650
342
296778
74833
110591
232089
42593
257863
115959
361
152667
90570
64425
9987
5530
116405
593
37437
9854
42721
47931
43888
804
33953
24387
140247
309542
69744
780
49695
1597
57600
222925
153981
258878
161862
192994
61170
67718
1855
97276
31396
34358
87
1198
86
25106
776
729
207
530
24338
68541
26169
5648
77
126059
383
1355
126613
973
451
677
24115
841
39591
284
51481
403
153422
24225
15110
42485
609
24417
110880
32647
113
58
100
18805
61
2949
149
227726
162
440
101
23842
569
26110
25403
625
153351
67637
42445
42775
49766
77759
914
13246
158210
32370
713
647
83731
1344
641
519
9860
33357
93
9379
736
174105
65653
7592
363
1450
7296
5268
7067
