21571
29643
55774
17447
3487
36484
15212
166070
70087
392257
53971
40952
9081
19177
18381
6675
5012
33797
135891
478
5746
91669
88258
426540
264846
37743
471239
24772
113440
231244
287442
59046
104934
80794
410935
226700
304978
1183232
734382
581377
200404
338134
372014
123126
58311
96878
400205
113691
18479
46855
7864
13962
20586
175892
912
13192
37070
489394
15472
13564
1383
54258
37859
623
15264
19821
62782
15664
795714
338867
579083
60222
107382
23899
257723
209570
5681
47399
122724
75851
42190
49446
79800
5490
5965
301290
50310
192925
11614
69120
95184
61438
22663
438375
353169
61458
89150
152959
66530
548555
115729
163472
222789
1060745
64394
328807
903117
147562
23807
6738
123138
36750
6635
654800
158475
38930
48576
363387
20066
147541
246153
309918
333174
67406
29021
116391
83336
17513
145366
233116
1275925
111708
13506
135072
54858
96726
89097
364724
91483
68166
91121
20024
129565
204780
79448
586167
62685
60046
129566
1247210
60445
768651
454892
491544
79197
1166710
63929
556673
40324
57265
304474
7400
121881
57904
279151
534959
1140745
263357
140986
130063
281810
113772
38796
69270
111616
158170
44227
41983
46043
50398
71158
34917
1024986
227585
441835
51139
188637
15917
139268
61204
67788
95052
33927
67645
258239
191
237694
1325219
909380
400404
13404
46061
40870
21135
27468
10664
56062
723557
2
11405
32164
15619
4918
173015
47951
11827
11080
683
263294
128
53140
5564
501434
125227
34416
132899
16743
29819
13676
175300
489438
105571
137253
219116
876595
18893
12640
91060
60509
34013
40193
283405
4731
439356
1378
489619
62255
12259
85662
32631
14613
2553
3390
102453
8227
147041
4420
587
9638
12333
158647
8121
36700
17012
21773
338989
17372
54686
15
13024
788977
2966
9945
842
27205
871829
103231
13094
236632
11363
24679
1546
985905
545495
3828
28493
934357
19696
160992
10083
93834
52800
6340
19250
10502
11834
208881
17340
50080
22176
23817
5156
34257
204167
5913
1570
42177
253
14855
8395
86181
7791
18682
1076936
18028
36943
16437
47706
121286
64091
144730
3415
952952
11532
2255
8810
40538
17539
134925
92809
8481
120633
19526
42112
14058
35048
82892
5665
6254
75317
15146
18691
290798
27013
34051
107584
94602
15322
23169
7905
381975
5757
54326
37570
55719
126842
407358
19781
63167
664
593995
718867
95356
227912
78822
15
106644
8027
123640
50928
59669
23406
63085
8358
61617
480248
214882
630812
231512
4405
26845
75798
147797
65708
184468
497728
123119
126
6236
112809
368506
158134
47333
144579
31182
13456
37605
393232
630558
1158
27878
30695
136849
84156
5992
122071
702289
5774
28278
5791
2776
212591
116930
63165
1206547
14633
91856
137931
350045
80273
94024
1361122
12993
331722
1068569
338376
448866
1390551
784014
104495
100132
58767
23989
14299
628916
11510
8848
43540
329629
5680
20937
648895
520648
156118
211995
5893
8807
30473
3201
2362
17735
24036
2448
15547
619963
27424
157456
20851
79523
14607
87
10984
33169
61179
33012
3697
32487
8728
16118
7260
295210
994282
31522
31077
12428
820
21684
330525
494852
35473
39860
438057
1044903
13773
230186
79005
29699
211826
245888
145632
1261503
150010
27719
5296
19059
52533
6161
50897
12985
45003
2872
3461
121375
18998
90596
24943
67004
21556
67629
144243
85903
114441
72244
21644
249311
82918
158655
25493
120025
12524
675200
945068
376677
37378
162428
68964
33862
125068
17942
957122
10826
5582
16422
5038
96932
34800
27155
67
88690
17287
61763
922034
127009
58264
44308
52959
175033
200254
5149
3815
23411
386128
583648
34284
786169
125311
175001
15687
535991
1103911
97162
230145
20257
377090
9129
6529
253177
67936
129778
23791
234193
185149
166656
12644
386037
119298
118747
191717
48888
227231
19802
322922
44717
271431
2955
990124
428437
1047212
19235
51803
20305
11722
8123
478803
11818
256911
88652
259207
726891
655188
195170
933792
420609
22635
54521
4695
786166
84089
688115
418327
126619
60089
71047
352828
136484
29831
123492
406055
211935
623424
147854
45455
409952
892550
183826
6291
948670
20377
47783
346129
405211
186021
10702
4980
351687
65274
51116
4353
713560
14958
195445
333894
342433
310863
13294
9294
555908
6393
109878
264177
391712
13925
45374
15991
943885
233088
85882
23565
1124982
399764
16386
77740
1489
590429
856440
80579
989146
12406
63962
180035
21557
163118
731795
50400
195282
384641
44520
7497
706503
120381
443850
138709
398762
146565
68716
48554
600168
404818
334592
6015
332415
32592
14425
16003
40595
53136
184540
58363
341491
178411
41272
7737
70078
84736
24170
816797
54772
230954
10710
72985
63647
28075
89866
203685
202705
41614
4347
30494
91613
27576
4837
77509
150557
179
177205
25049
14297
20086
991543
12023
50208
8836
9632
4247
226170
6695
177067
446980
64338
146699
104877
10957
11677
49815
245184
1047152
1076813
9071
106697
14529
328559
37695
75281
34364
126638
5810
19740
27310
109876
30219
73698
11533
790351
42289
34940
37245
979845
48030
31134
8290
16305
10406
195601
27745
33108
178887
60283
296502
51189
19842
352407
11822
216266
9036
143
4031
37242
222529
49109
397046
1006527
99962
152525
122495
508924
689039
8361
306726
180813
11852
11035
108
116340
27473
15998
122173
22901
89951
78519
6135
97408
15460
6227
19
16956
10462
12
1038
26580
44766
219620
8495
68287
3425
28101
11093
74095
21281
11835
61464
770949
6860
9464
1233
11007
4432
10
3615
5553
56892
82034
605143
219742
135422
2733
38689
65278
67555
36006
472
237376
9137
71673
61173
41706
161944
11861
91648
170845
128681
2159
344
1007340
21380
12003
13230
2341
67855
32708
27203
7709
44299
636374
221087
23674
79573
98607
0
6426
0
15064
80515
48894
23812
158
250
7365
184895
49693
535266
80215
337890
4478
207382
26517
20418
47746
190372
625306
38804
20603
71519
512811
40836
73342
524999
7492
64134
39360
253916
70300
81407
1065914
29741
529127
34854
4742
6557
312621
300305
3082
237078
3004
361189
50229
387
19985
168910
61001
216496
71635
111278
88226
88172
168355
170973
44582
759106
233697
20017
23174
25338
37910
141068
52760
33878
9444
16197
33814
20946
23060
123464
312846
105462
92026
127467
40680
3094
38370
5530
21821
15799
146666
105773
0
34
34
426683
287058
608790
61644
404526
389
6147
5937
438397
42899
286
38390
4156
183549
59955
47240
307618
273673
21270
17687
37891
1824
5445
13003
40955
378673
54672
3362
2427
542929
54418
41432
17317
313052
119466
627828
62273
42874
3741
16738
6307
17548
51952
23326
165533
63663
36244
95467
7707
57752
4540
25330
2520
16242
69482
126633
56580
2341
30172
11716
6504
96786
4575
19942
171603
69600
16154
167767
19053
3836
1208
16047
751
4313
45926
125119
33452
52396
147780
80498
239681
61705
168586
12897
39131
23960
27003
20475
48816
27807
49285
55630
16024
6280
508074
621906
14330
69843
968450
16007
11736
37117
1073293
202553
12937
2131
77699
15892
7028
2707
36574
12586
341849
19934
90917
995756
51769
14371
0
45239
117
6448
0
30761
544977
7963
13503
920
873203
8994
21292
13069
20086
27
12335
875464
128486
712683
85
104945
162
1495
1705
22305
12536
18065
7870
559882
2498
20777
13090
81170
48190
46486
62
19099
10729
20021
151808
2522
31231
100851
1039032
106552
90926
32158
332917
589221
1334
212
6771
23315
31273
23188
11903
3543
345761
73610
63
907981
8604
66804
20856
25742
257602
140509
65211
598848
78976
11660
3228
57686
947333
89429
16132
93264
14235
242590
3640
119735
319962
132553
56952
2303949
27299
621999
35018
928707
12422
453809
30386
65202
1167
80990
5176
11447
380730
23671
439106
319240
718778
309231
142976
234072
110596
432562
85038
138516
7200
3575
345
131557
5171
40149
24635
288058
7001
156594
5670
24953
1236
113170
4369
1000966
69610
22488
31236
192393
469
10012
20324
84054
121260
3941
8855
194445
5495
44587
54864
44230
50
259
6
3878
0
7331
15261
36391
127716
22219
30295
15762
344
64887
49503
139812
90
7613
50
343936
30637
9025
11852
28203
34971
1020245
384965
4029
28277
9753
20055
40514
96821
39448
6612
132631
17036
58627
139974
179870
2504
42287
97298
266026
9739
8680
77
207300
11544
23967
72129
24949
80170
22969
86532
149345
162
6397
8807
1163
7970
75043
14665
988643
100856
3015
2627
54225
5653
25330
806344
9083
108568
89669
1345
15764
51899
10730
156288
215115
113229
4118
5724
6950
10671
136337
924793
9356
14944
1021073
242297
49
17944
6865
9022
70106
13332
49611
33609
139642
28
68766
17580
11969
0
87495
22277
7434
40619
21265
215870
14052
41210
193734
24381
4070
708
55504
1042
160047
49192
11257
94224
55379
62
840042
8117
68368
90710
29237
84159
1435
15458
10829
9718
53020
4834
8636
6292
45385
37461
13129
50343
512316
1027
32390
2722
77901
22715
9499
3689
46253
24317
35858
30015
571724
5043
25283
155089
796567
39021
9077
323
680
7945
68810
35528
140838
4190
15132
2389
11466
1110
266081
370778
608623
22295
22056
388146
47429
21213
83852
11271
18362
27445
28843
163520
14624
3731
8944
102259
19228
31846
81079
50
169618
26228
164468
21726
36454
420209
38548
7321
3616
56226
4793
13733
1370762
1087969
67547
43
2495
2520
583288
30532
97385
607092
27318
775537
418223
743388
111960
208085
418033
280514
26741
5350
255057
6089
218297
150
181684
49354
319
17
312
3386
16343
225225
101504
51
7396
11347
14916
6059
30808
272451
84166
215831
13404
224243
1085821
10590
5559
140738
125824
84612
18031
376356
13496
10019
13326
35301
8195
73119
2
22
4096
7928
2793
47245
37750
2747
94
27119
11499
503480
39563
141556
628842
810010
746964
218169
63697
63311
381969
1008873
308650
547428
80750
6587
20281
18765
24973
75515
118956
18202
43227
66902
1069078
39531
174145
71540
78876
15258
107721
36330
23165
79994
32818
45920
1426494
28852
139592
2785
1615343
85109
21628
62764
506298
19629
40189
610
29622
15651
8
13076
38764
45445
83650
14830
347514
196620
784479
417527
383359
137
2941
25001
169177
12802
46258
2850
20941
88332
37990
8510
791058
48059
51526
11677
23468
19388
2854
1937
135557
10453
8066
351181
23215
39652
99812
243713
24338
108480
482468
127582
185157
87204
27482
3218
40350
4734
5068
3992
587258
165328
32295
2699
104592
2
270579
90334
527349
4596
314239
6227
185735
161903
2588
41137
3919
3737
16945
11358
2796
122277
7214
583031
361394
138426
4495
3106
64182
84354
67695
82
37810
12853
42206
13927
100284
66751
6814
447590
20326
944456
213709
156149
1106129
41695
50191
26286
64221
149154
62466
6
6339
4177
254071
1759
948706
19945
30679
8095
34140
25076
186916
139362
113518
1075619
13140
203121
353726
58018
51204
247470
242028
10158
467663
262257
163097
344834
71789
7197
356541
96410
611476
952403
115019
1174256
102867
82945
662078
605052
943379
273019
42019
432494
186835
50978
1066523
114461
61834
46906
10413
508208
113441
353165
264498
729263
396935
369705
1316261
620773
1050014
722518
123164
134760
4122
91820
12338
19610
530070
397596
363247
35706
21761
98633
39991
190248
1124782
60474
143696
4939
73
48929
91284
2838
330890
233925
1237965
1116
44134
6568
8715
22586
467
16674
15220
44
204
2932
57439
43314
12605
33590
337636
53866
9190
52
78394
3261
50158
5774
771622
7610
2276
1069543
82083
462194
74254
72684
823450
64853
88267
47380
311529
159
286423
160351
58854
174633
3236
7138
13704
66
15982
9974
20343
471602
1317
29475
21048
1308
17167
15627
14586
22693
228493
57985
73284
929949
40357
4039
77444
17523
1084373
14865
25642
9587
2939
1277
15429
12881
214293
14653
12557
61036
21204
19344
1237696
596376
30870
20913
34952
82675
37094
64
554172
11412
9816
8667
82925
454097
52808
28321
44192
120074
85807
8663
84380
558110
22690
1924
66675
73
463523
18
15173
33399
50939
13728
16831
26357
51428
33
66648
2279
30646
385679
24928
2912
10687
634118
31823
37203
411042
4811
632736
11168
70850
4471
63132
11
4683
10467
14672
29898
2544
3364
3588
21766
1624
11389
428915
207033
990839
3225
32029
31341
51720
246
10813
1341
347485
87433
113821
560
28363
9285
42670
7440
345531
10
13415
5303
24810
10600
13736
6122
28719
4043
406943
50077
31204
6327
566653
225555
27446
111656
129398
483698
49230
9432
110412
851
132499
52464
625175
17116
1852593
4744
283776
36655
27894
239270
672797
70685
37439
345693
445349
476742
4896
505541
43670
266687
9417
73
43034
56839
236235
23815
109098
9836
497886
93322
35324
115038
106143
33596
976339
1034416
1387404
528902
127227
103550
214384
327395
312178
188581
96751
998
72535
9002
91484
7500
45936
45963
355509
53478
11532
19893
37394
17692
137883
57288
7400
929064
60506
36220
104144
68818
23805
4786
11565
27798
142250
27376
15708
13011
64373
27482
30723
20085
11550
3115
23797
489
140080
2016
6031
6637
1528881
74747
45203
5544
25797
55296
42042
102995
225911
23836
98830
38520
78266
374328
83011
32896
209982
51843
22535
301936
25870
391709
76266
34462
104800
7553
497006
26460
105481
22058
29212
76980
66011
5871
93392
66617
139871
67773
59616
50257
104885
16616
73155
158842
602903
324264
329956
1624736
445435
522887
44509
179118
498701
86738
84254
330479
144178
139703
9467
12371
55719
14704
521674
1053871
742121
109850
58744
15631
409723
25327
1622780
21763
86367
163723
261750
434711
733510
60820
118990
889189
237019
151321
30409
36095
30140
94257
332054
121450
57124
729068
24935
10873
280
318961
34680
58199
52788
3320
730435
498112
43263
252451
5196
197688
335858
243858
11517
10614
959694
51039
126228
2808
13542
33707
10700
964
1497
45753
109359
13642
139600
12467
1446
6808
111672
9841
106558
28480
395931
44324
44318
120993
204622
73931
570881
443092
141376
455489
55857
412755
774
290743
145362
389551
835033
799180
11768
1682
12565
191603
22211
895
56433
15954
4557
936612
6043
68643
910191
215090
110694
18420
6900
5617
74496
26525
102792
1422
126343
67182
966379
8870
551
114076
125385
27017
1111469
145434
25898
306847
235889
57408
345076
3002
49077
9818
151
373770
23200
110841
370352
66514
473898
301481
119246
399627
2512
178452
718259
133913
283411
403926
1022735
2893
40348
49556
459655
327643
276554
781064
614675
7320
207271
35861
1023763
92994
98083
88821
1529
5993
8811
14201
271637
117038
325950
363077
9023
95379
43286
993345
9128
335177
69396
459715
17540
220253
343781
102069
82024
126393
39119
10032
45027
276627
50036
117703
7035
4673
329548
6020
247277
114678
169215
1019064
3527
20512
436671
98558
51480
186304
102601
98159
820364
469366
581851
351133
607067
306
114020
70361
244845
204130
118099
76261
37932
64817
415881
20681
183312
1558
1061352
6572
39783
7868
15
1202
323477
12438
135268
42927
221225
4269
46989
16796
7590
202532
12087
2658
2962
161336
237725
11559
50345
795308
37992
1106524
81150
375361
306093
46786
543396
5988
24833
15766
21
22542
334042
87932
37576
19462
127978
11728
5990
339057
15407
270436
490326
73495
45878
247118
1120469
1153275
443552
65165
369870
771093
468587
12533
189621
16358
972219
10953
125360
191202
54090
158
46735
26682
157596
331497
40594
118104
134886
21063
172902
302544
53523
111241
6611
10674
56156
178
909179
36042
131266
4163
27396
941986
9690
3166
40499
31525
213940
166126
153117
145104
854399
44022
49072
62700
180329
55572
14916
449555
356854
887
87886
12686
755586
427054
35273
169456
32526
97109
65269
4794
1811576
4153
65239
737820
61500
7352
200422
3695
11214
19733
375960
217258
103949
386519
51481
1074
11710
57622
1117523
64077
141365
27162
155699
698774
127429
146464
1127206
646860
465585
37900
63049
351523
1184402
44971
99522
281544
37305
100944
20104
16484
80948
41055
531195
87531
378223
83027
2303
8355
355365
3062
76798
162555
22838
110666
98482
4038
5923
44603
87855
376316
14011
275256
362907
496751
1012013
399919
127284
25469
191279
84356
1118757
11461
876592
244613
920572
116602
619023
21118
19852
59853
72613
81830
795166
661860
394424
291011
459622
6885
489552
2026
28297
973174
29070
525541
16710
8843
21161
112258
390674
371952
38704
634543
53961
77953
48593
43424
393518
657363
1009246
57153
41123
24001
349451
48330
30088
69156
30384
348040
8744
132459
108594
198456
30751
142144
227813
29760
35522
4899
6114
40444
27081
978396
17452
319429
26321
95191
45104
47694
970256
75162
22081
27783
8762
6936
182989
26789
67299
447341
97095
697443
28289
77904
31571
34323
63488
1011991
493675
17702
397540
3467
175897
410235
838002
121929
213765
20983
979688
280078
66728
1380142
764022
6467
26348
621
133494
107489
40348
126165
672784
14334
422706
11497
17323
47125
897393
29748
116117
58354
157196
252812
313113
30066
384397
251287
662232
996093
268444
12081
60091
2922
2692
17797
749401
55457
105757
75024
30345
24895
127393
236566
1431193
98571
111278
128450
944388
2200
76120
144108
91729
201826
135616
375220
2110
64004
21495
3329
135788
1167490
264223
92246
7105
443121
91317
18798
16841
561075
21040
185235
980724
42614
92248
83144
96562
25926
35135
11783
711654
18525
406023
755332
1477874
1220404
187607
53265
633512
183
129079
35079
614204
1403006
165652
680578
868131
18073
595018
1423
1004634
43772
328111
22681
2006226
5894
50949
186907
19523
44215
19948
40070
519910
200484
407980
58829
423646
300353
703521
1093716
517906
47519
100479
880897
380133
377838
1165554
45710
411962
125781
514399
151196
478544
11548
93787
21748
146431
72409
12429
66995
889395
550635
64805
833103
348672
320657
43951
508831
1115772
285118
621654
411708
149339
33725
118327
552656
694669
295187
185362
161050
436369
332036
484517
48675
513279
41331
498482
10799
84643
15883
60298
673873
1294091
411391
491696
315299
305784
28342
747965
76424
278018
481684
89416
1117996
23356
701405
22179
34531
148883
487194
336948
547160
3653
69975
99171
9926
57103
72
13946
44731
78057
15284
22255
46292
8572
15321
46374
51536
375435
12611
583092
77915
643295
131291
1619040
244122
492010
34798
241064
102278
440332
438168
465179
261439
361303
14557
336541
90718
423922
200
65258
49480
47764
24690
114449
35323
49976
14952
92541
775469
36385
70920
305535
185348
163737
576501
1492768
24455
673126
172625
418335
146765
112584
50550
126833
98677
971744
12364
343494
22227
3507
18275
10216
6167
45915
52175
119883
611692
35597
94244
55847
16878
3007
20926
23467
27486
145552
18887
322090
147631
71023
516842
554424
318161
53611
527173
954097
268673
14850
198178
411604
25308
18465
26564
6521
4706
923
44739
43571
33886
21630
90365
70109
58888
39522
4948
11838
30542
44755
44611
8564
19295
84292
5413
290268
47260
50361
29842
109370
41644
3744
173
126
44441
7375
168880
83239
2986
6469
7755
43158
278
29646
8677
469778
52575
94611
6049
41359
9059
623752
12296
367732
16077
54088
8
59589
10018
132120
10791
288063
60349
73535
39039
4037
14910
378226
109662
6436
8947
464
1052
3281
12016
498132
338289
24159
41464
5888
56310
23111
46385
1335372
36429
374348
17748
3662
84105
562225
36207
97452
17323
1407869
1253243
97674
160256
213764
4302
179370
12464
428757
19629
935486
52639
107112
136066
226976
62929
19740
66056
94203
3337
38735
509960
358847
12897
109081
380036
105036
2961
1066585
402683
312214
352118
1525518
207402
325938
528
98588
174462
29228
389
603865
29066
3137
49678
23885
270
655135
48898
306635
268359
56158
577
56379
17277
357388
28062
153182
425876
834
73641
151
128830
80527
130896
72009
74592
2217
216139
6563
24954
16162
16669
45154
8252
6766
24165
10772
17135
70560
4991
175436
32365
14657
5232
29144
22567
97354
14129
22088
43531
9963
5977
9288
17072
205903
126843
119484
917268
795984
427292
57807
130258
57113
8449
24473
9138
16748
41939
57481
31622
1133206
7510
14759
163988
29007
93280
88796
83823
41038
111998
385114
12884
3043
412430
163087
31565
354325
776206
367607
86447
29920
11447
25466
277
20019
1366530
195893
78416
109512
299578
13244
195583
10326
304056
218894
16803
664464
306635
241809
113445
11603
148541
61407
39387
215887
81308
106768
62374
103551
24236
42294
91885
57133
152960
65195
143259
7496
2631447
40626
67762
10986
14795
261790
11436
122358
148092
187969
129641
22365
16302
9885
8500
111
3041
3837
500
94667
3917
17982
483
75223
10
16678
4094
33585
56854
150949
200
248522
6127
33432
92715
161268
43051
67691
206001
136696
385766
587281
85555
169958
41000
443787
132961
100069
49610
9591
49735
89436
110211
23753
21693
349887
43441
1403298
11057
611509
47538
622492
27690
18352
3244
36316
19277
2451
1424
46230
320861
310487
26807
453144
10489
12428
3915
21189
110724
37620
17644
34228
133333
6
6278
20138
11521
170083
11085
235189
605256
370372
7878
88622
102816
31023
13052
54191
6213
4380
75526
560775
37697
17370
2273
750003
28534
897631
24336
378759
167592
140400
4749
58426
60165
24152
5296
527791
8318
329445
336811
433086
221244
48647
47271
314925
4837
18678
16966
106060
8424
3968
192500
4009
4154
8957
5815
864472
40998
71436
41
614706
11363
13115
12227
16314
6243
4869
2146
26746
927
15365
23766
73535
2470
29
14139
24983
10201
11856
34789
645814
24957
8673
21112
170335
40
16079
41358
122713
6274
56196
2073
55592
4975
38708
31758
43433
29210
19119
63729
100
35435
69188
73361
22288
35693
22709
39391
30953
16112
9206
3470
120047
2926
2369
7055
23659
38074
22136
611061
766717
12670
9961
25035
10077
25078
15889
5110
102259
6792
41291
345439
6966
84200
1832
2636
28239
64190
18770
2709
9167
4436
3900
82453
2413
20190
625779
1271
3580
12591
3876
30552
8818
286872
47789
11478
34378
70245
96669
11695
64472
376338
373450
186853
96654
384302
919233
21
75000
93139
96984
133394
43779
31530
35627
2445
35523
3737
37755
11377
3437
2403
3532
26936
265
97384
87
42490
49182
25633
52322
9269
10194
4660
26723
20059
271832
5731
83238
239055
13095
9293
9087
80
63300
7614
19009
606
93955
6141
5593
10657
62194
16306
22013
36240
54685
818
106126
6811
55478
23480
42225
21
28194
29714
136003
52322
39607
62833
634489
353215
67325
21056
163119
5
225216
4194
35133
1030376
52634
3787
250
288
5920
3274
21664
26732
1271531
72919
33346
56181
17461
14046
142246
688520
7231
20641
11
15049
18097
3472
2788
357881
18427
4664
284494
64437
3445
7406
39226
147
344194
81678
4539
15944
30825
92020
9077
41563
23451
107028
7171
6392
11929
36395
754913
85608
92130
276954
47770
220506
9884
217487
111588
57121
403592
949905
104688
6783
101464
41763
174175
12248
377664
31
3443
516
37031
33
2901
80991
21972
666
17360
43
5295
14630
8317
43388
8557
369186
16
53961
148001
19581
51380
23394
2822
3462
19343
46823
12612
5783
6192
19881
10099
24
2553
14
617
4663
14
401848
7629
13119
24751
15
216504
14884
60230
108939
278785
157483
294551
518979
9934
63559
87779
18367
563846
29799
45356
84029
356215
131695
32997
170
55204
29594
10719
89142
240324
46634
63641
46280
135093
8553
19597
392772
37542
138986
63139
80759
758616
683162
6732
60666
516331
3693
363624
364436
304087
113118
58454
5494
19118
7968
684
56816
100489
8119
41601
2637
91118
86293
126640
331231
1275263
188854
13693
21933
61445
13227
91124
976082
1056839
87172
52346
465739
16631
15081
246571
74351
768091
709076
1067361
10077
406005
9180
18971
51086
108817
32
208092
1275207
155452
27436
179855
542039
113796
140677
117586
30844
11752
21303
11060
16365
1219968
41814
536228
55187
26463
356436
449852
536755
403887
45790
30247
61610
17601
450245
46169
47
946015
7564
110528
35311
1440
422936
35753
344937
54952
64451
313038
95634
95008
204766
51052
6385
167833
32596
335456
2306
8002
21660
10638
16068
30890
18579
451098
14597
34603
23487
319601
82856
97628
31791
2850
110878
16144
71271
148457
36223
22215
89716
494655
12601
154053
73353
781860
217530
36284
231374
253255
147811
111594
46668
45170
93951
142504
14737
61026
16544
148640
440937
168837
48938
85773
42502
11226
96734
41102
60070
1095485
84659
1150721
33286
45089
1475525
16399
84762
488960
1160508
91405
293319
350287
211837
1504267
43436
1187475
68353
489185
265560
162713
86153
113163
84645
72466
11879
571030
4658
13351
38401
8769
303824
632257
4179
412584
277404
170426
87827
75157
247756
833955
52415
101041
4269
4036
6697
26860
9562
67773
539112
28589
62827
4127
16305
42008
26890
55499
333523
51779
3713
9362
14428
467241
41733
7289
63054
58438
17981
109370
22
15925
44055
898545
102407
321053
78001
41981
117466
41631
32363
102931
22676
35957
266016
109556
631
304751
2778
179979
8618
107685
20289
15547
289
45727
6061
37690
5858
467514
122770
26913
10557
13398
62792
339683
11961
64485
9702
563710
360511
26687
71777
47868
115805
6520
284109
339856
260299
2750
16487
926
93508
33169
36
70844
18185
57390
15298
68
9244
7057
7686
35369
22499
564760
26278
30084
19061
33134
386956
8091
30863
140931
607575
79254
4750
226747
12909
43356
459
407756
103710
6779
5184
15589
10
34774
147098
59703
46025
42459
3258
40155
2946
32968
4877
563967
30506
46045
48158
52516
8594
13978
79
2998
22722
6114
411946
127455
117849
5
11654
138
5660
28557
147980
9483
38394
39396
23046
25593
7977
57132
179347
18441
4553
34749
218
313663
59446
171765
11181
2889
275525
31317
28698
88
7134
414740
254561
1168811
108381
47211
2672
82729
17182
11387
21043
12218
45705
6869
2521
5054
10924
27076
8069
32356
12798
80301
11680
74676
38556
158422
351236
35781
33970
9944
13673
225433
16473
188075
2744
101420
139630
14488
1012759
19941
25160
7008
586826
34424
30170
55204
5544
37795
5517
19097
68905
10432
41670
151535
173617
129182
46078
351383
237903
81421
61298
47424
84593
157285
14231
292291
472392
127927
116724
100368
11441
879417
77698
813827
12219
16057
35276
316860
455084
54264
29
78554
25855
19605
2482
182971
46303
402341
34004
39562
50906
95659
52337
22674
19444
59
90570
93158
20084
48117
49054
9260
52598
11973
142052
65792
2740
568890
2010
11852
12210
61629
83152
112404
34496
225059
5109
28693
9166
12689
86529
61532
94657
181366
1002608
6819
5171
11179
91814
130669
25721
53281
37825
16291
94316
26335
137760
88031
38101
57919
33776
62705
64625
118978
75915
120134
25987
141589
102678
79436
93052
35193
38937
