121102
616830
2439301
1497856
978279
2136754
404331
1354778
2655559
3190519
2876384
262252
2121775
732818
2579369
1816786
752098
790450
894890
87866
85359
1632635
819613
1610915
1617103
1250642
2529871
1307809
1075232
219545
1379317
1418981
3357780
738538
3185779
1677544
3938296
2366502
2577965
968751
1240985
3304620
2654518
1697275
12335
840218
2406304
392667
117398
2147255
2477
1778294
294751
1467043
175197
11022
2195985
1042716
1026134
777286
934226
1473725
2409527
644990
285040
1278370
351630
1640005
16729
799854
177335
897462
2205743
4246239
986609
2462739
2402
171043
100641
1030195
18252
167685
1907282
93231
8401
1334694
2307241
1084529
30106
2615603
2842811
563882
1088443
315013
2774738
389746
2066565
262152
326730
771436
1482070
591502
2904030
607994
2287303
2607186
3179563
3709843
2213930
224484
4181604
972323
987368
1444248
1648662
13880
1128219
93167
1034386
247505
2104659
1095606
2810693
443143
907643
953078
490699
1057199
2276279
1114011
6039683
2988544
911058
7262
2998208
1314644
1445728
1446047
3565821
749043
1927932
814641
2348691
865571
2683490
852019
5336266
715479
1221718
1042847
2525286
662254
1767583
1421314
3911979
4265406
1929269
1373056
1663054
1349457
4336454
1655010
2553277
1433831
2719375
592067
5105643
3898029
4758244
4701674
5546041
1324323
2159094
241354
2559087
2385982
3055364
1520527
3455587
5923
663503
378460
271697
483311
3298321
1873034
3678806
3925494
214131
160634
2169416
1278000
2010385
1886649
170498
1130211
630992
1219570
3239948
536872
2670047
987181
1494440
188982
3332
231280
19711
1767008
111869
91993
1773884
412722
877498
728191
406711
226450
29780
315570
2513600
1465938
1105
604791
671031
254113
2685339
2590207
1163307
2094081
1460006
1935516
812813
861837
1717157
1733097
4971007
631872
3669342
496286
3654445
77280
1044246
529441
252776
226821
312134
305398
2847555
793115
954357
1064305
1569935
2766765
10008
1676894
1293002
713506
