36457
601541
45026
29689
72447
666537
98430
701698
863568
1236428
28490
18118
4723
468728
808071
12794
402
569873
264989
950
16457
634540
638736
269902
20727
118104
70429
79551
994542
25154
797695
710180
1555686
262795
745154
15419
1092936
1128968
1727627
778389
42049
903321
19942
81338
7098
106624
33341
3344
229343
1460425
4044
676861
236525
340122
224712
102402
18348
1042549
1030731
2009
942016
884407
21253
242204
10904
243
1335
886689
796
564556
2722
2221
22186
94
894267
575
24407
748
2263
1291
534
6269
75106
2063
34051
590019
219792
189208
376900
646402
1580588
8875
16876
25253
965779
4924
734127
233
3055
25131
37094
868771
4728
485487
138289
679835
1620576
1021250
951317
79829
1203089
23584
185
944568
678153
24525
3033
13515
9207
59804
503466
904632
1852127
14178
375
100598
627327
226050
312238
91943
2010818
495321
4047
235611
10556
1206657
237672
633086
335982
1689599
783719
21331
241943
7439
407418
1084440
2177103
9390
50443
236214
971160
990189
1784332
111944
673034
1569653
16844
213075
5717
1203744
765801
14760
608844
274877
1155619
229242
1514344
244935
889402
91418
938303
869365
6472
9282
117519
79852
446550
592477
121907
214603
13597
219164
17712
33449
1020358
87015
1265797
20576
563
25777
26328
1365
922
3433
252960
14807
25870
570641
1598016
121558
937
716
3873
522
29619
548551
33352
688482
1690
9933
544739
212321
225089
324651
27957
7882
2239
276
235141
75197
5438
12283
24137
108372
94059
879802
2376
1368
748400
242776
823854
323
38697
378286
987648
2559
28708
18054
474511
774
27782
860073
228724
93569
5887
874936
22954
211990
4583
687397
338626
1382
26814
45319
19683
227820
2303
76237
13112
4097
3203
860290
105848
738840
12521
932222
7086
9263
102748
233
1212126
1231
664555
649
516
2233
67061
3693
1344165
921
78850
124659
40821
265947
2886
16547
90755
225187
143666
601138
213657
568257
2215252
1118285
653871
4293
784480
563390
1295120
30271
465445
14085
1146505
20220
1734
2289
593
24021
753
576
3087
1983
239
110765
10226
6426
35375
216502
219987
29458
3428
631406
618697
100922
365
351
422341
6391
30872
1197692
79606
65810
1154
1587
32179
11974
604946
3736
5972
1075
571712
179958
315880
131324
92626
17433
540068
616
45268
72
330101
7293
81982
26
19098
390658
109046
7103
1976241
631106
1367596
966450
243786
568118
108445
190
31097
75121
22079
1013914
24727
444
153
105
9646
21089
1073060
34324
1148259
630831
5443
896768
9339
11285
509463
202483
1404102
2261
632174
4689
649288
52870
631283
864946
7045
11816
632791
6766
390899
853
348122
81138
888496
9282
1146
20834
857494
7138
38877
167894
977785
1628368
3862
107416
385379
635561
2019864
3546
360685
125333
15883
1368366
14494
383792
1623845
1397732
107551
1328797
1947341
23453
1296713
902309
1183041
18329
1264272
1175
1645
3334
618966
82056
744748
1848203
340584
495007
262196
599957
733208
77940
19390
354411
221344
215193
16697
3887
1944583
2700
847476
9209
77317
9712
24880
6
694
88
952839
7466
18130
86839
7819
304
5333
1496
2123
16401
19861
31241
312
73680
616280
30596
22115
595003
501715
896986
842794
9998
26011
88552
774883
457503
1648287
779193
674227
5853
34531
107692
18067
1576
4475
488
760
125978
983578
373
100036
599712
684842
642270
8095
633503
22754
235113
629275
129652
831500
1261096
770639
987
71615
275816
1435463
2312216
1016948
12394
1075173
119502
63582
2077591
233595
3062
636359
934
628
696
243261
388
653970
1133126
1701685
30442
600780
41327
823609
17683
370345
593994
854626
240048
187238
1461
894101
643592
849579
1047114
345896
24016
883030
20128
1210421
21721
17062
834730
867
598070
3563
241367
82090
29418
956952
666620
154460
483598
239227
7387
8736
44847
77883
118133
338846
328789
666026
850836
86920
309267
1453891
2778189
1162527
1567910
1490
3260
9630
249825
732444
9278
1059191
34434
6385
216559
17803
47588
12864
1961756
15509
186175
2305
2403
1001119
878139
1309949
697113
1492854
595146
1100958
14470
209411
7544
674529
129849
1643135
2529839
1273211
624247
1569781
973239
784329
5540
242434
483
1047907
289
31790
193845
362086
2163
7592
68681
17906
14099
1293540
626483
330006
798931
997137
2813646
234861
788
654951
4465
763578
230288
1848871
224710
32766
105595
879689
296541
97232
5108
2547397
2742
742641
28300
93695
878387
1436815
269482
2072502
978725
789462
878585
43017
106896
1373901
638003
1730258
678910
1053694
138662
2524118
974394
1611943
751450
676168
283164
504734
514247
859534
914107
972313
1013731
625042
9159
8470
20360
90518
431151
916720
860520
576668
734275
2560
44514
896293
956581
2026771
494949
49557
960929
5284
948750
31882
640196
1145432
1081862
1744134
181586
1901
5219
216338
1559
14536
5495
15049
7698
154997
2915
1011665
1490
31433
700668
12324
613317
1444
406032
44036
92376
2013095
963585
135383
82625
87584
988103
1724736
2547
533576
546765
1336960
22863
883449
2505
517783
79719
248283
22431
28999
3198
22001
1700
647739
2813
5875
82768
16796
1658972
162539
39498
824741
103626
45143
737313
1264439
3474
479
32096
16865
817477
268055
259397
1310
111066
1191451
315398
14106
838
781
972
21580
24638
544
399151
392121
741900
11618
32118
1650776
1883464
52001
3238
1572397
1494
846368
654
1110862
240979
186257
1036
882367
14079
3622
638386
1129287
79553
32008
147411
5789
9284
23995
27774
578
4234
530818
4410
3017
16763
2152
1691
214153
32655
46
10361
782303
3457
5702
959218
2575
1582
822
4430
6179
17701
23654
17571
547474
18188
1601
840
85555
239294
18319
416329
234492
9589
3743
216397
93034
20503
11413
98268
1013837
23427
1131
3292
598389
33938
11057
642284
135
23456
83339
155
623282
15982
329207
6817
956188
59419
139433
1775
633600
601599
5075
2064
1730
216
16449
1132
19097
451991
90661
27159
667722
109411
1089
100458
97196
35692
1710880
34475
377167
28898
3065
3997
2212198
222158
434300
978
82285
210959
10320
223772
753373
1664
13133
743557
1361601
243603
1042958
5609
257882
8652
852710
786347
1261444
272660
223909
77021
12624
6198
787801
238968
377237
242841
434890
9954
717264
216350
300987
2458370
1607346
323945
173460
8102
826851
5480
938490
4246
2157502
566
19604
932304
630727
1813
517131
8285
274620
238355
37842
4179
109569
95884
6681
20043
116359
331019
146
17352
4485
869232
214307
310
27496
7727
244
4436
842
106119
814
6366
32040
22459
297055
6058
102859
628671
641219
5574
1084503
656782
1956
1932
216092
3183
26518
11021
94938
8195
686049
75043
603383
228419
303760
3427
735651
216010
1518415
1558635
15178
59671
180405
7621
6070
14387
33350
40711
734024
8082
30527
223291
219470
849714
11151
99418
455930
47116
