275652
406432
288201
10235
1340
817863
159176
548704
554682
406693
603878
519147
806
5955
527025
1127
1330
27775
150
80
245
998578
820539
1043781
1000251
1016250
154613
464
70
2714335
18483
237367
1043000
37177
526730
0
841186
323138
524446
9447
613807
195455
82242
1333690
530243
2747608
22230
3519
317
400922
41
21
50617
119090
1127335
331257
193184
339854
1543109
577955
2
526995
4
965
1333517
14143
13221
1210118
1106850
587877
961820
557
176181
149
999429
1818
195702
689642
121818
138
192679
600
95278
126398
8854
190852
23285
973513
76394
609078
934046
33194
534278
509455
271079
1050615
33948
193191
1531909
142
32951
1815
1000591
22340
158848
89247
182813
285782
532086
1043851
952374
454740
2
11411
61
0
830395
418513
1572083
1303285
139
992389
21254
2375
6433
1853
3366
226794
154036
1076757
582428
842469
762656
195162
776
653175
1893156
513306
471285
901
533210
418176
778441
3595
1103653
600607
335314
297673
7872
1263
467031
1765
392784
1036265
667948
299
232443
1003375
199253
551722
994420
7619
619138
17
1646
184388
153792
208904
168482
786087
23166
226373
33471
44854
2448833
1422
623677
7520
573142
479291
996154
1689991
896412
660350
19067
541042
92880
585
76575
204626
185744
9188
582863
411
9356
0
720913
230646
396978
1216
213
520386
692
844
509335
17
14
19
17
250
731961
1002248
530571
270459
22
541582
39735
825585
38480
435656
1781
490881
275
1738
648115
810961
196462
1348
1220
309520
147800
370958
82223
2878449
155379
882094
991
747127
39592
1036007
3014
0
10706
1810
1023
435
527761
856
938
228892
700751
719
99
998
3031
63
479324
1075422
1093694
5229
3159
1017136
939730
1044608
10212
740586
391376
993402
0
7569
1287703
0
2749
1348768
126040
3739
145782
22675
425318
246
35734
32936
226664
1599366
0
235693
556
280
501646
76041
1009245
131040
991543
626
352142
1000471
1065
190229
272117
999383
1658
209333
19759
204092
573158
204706
4
509598
1192638
688475
40629
1776
656627
344933
1923116
6866
3377
938
97386
844
31060
10310
419304
7250
11528
11
2353
139
629217
990744
277570
17966
75665
9739
667315
211
41108
2680
10322
220253
141130
419175
200758
457692
19217
907728
492629
482563
10749
35104
1801
2324148
18820
0
1105
76274
1146939
414496
152963
52
1627724
13263
871443
1333198
80167
200547
253212
153013
6174
536966
440
8461
496461
520
48656
587
410
2810
271832
1871
2772840
825639
1189607
533258
33134
5862
1210532
224172
634
188748
199995
611042
517968
1001735
87279
530658
221615
75386
182302
9753
2143357
3552
240640
43572
492
212825
198098
366
1594933
579
162454
36328
1175694
26
16958
4920
895180
501546
1297977
963065
15971
256786
7217
89
1093235
307540
500124
17810
486882
381393
1246740
165913
605725
8858
994353
7328
2228838
672
10611
4812
644009
951584
3574
1185252
109565
405327
153412
1533
659
4476
95236
225913
1765381
1879
249642
534157
674529
1136
150
801134
0
8207
666
345
711890
186561
434310
536337
414650
830
8075
311
803112
547595
225829
1037658
394688
4
531532
533351
2693
2066
754540
0
1912586
806102
398079
258
18997
231419
229010
2637
547
1000736
4019
1892
29095
1614839
613479
1073299
36223
2101
826498
320
958894
3913
190354
957165
7205
77334
665709
14693
149768
20185
225002
516916
4995
994957
815
1381770
1033494
546375
1150068
790910
407744
799080
320196
526836
754575
75180
695680
1000335
344
175451
193026
514167
194259
6533
7569
999324
6
649258
996938
486
1119014
1498524
662469
1313494
508232
154793
1221101
423750
1003935
152743
322462
157323
530012
610920
82744
22835
20584
233256
522096
0
499296
77
184504
1091
810090
149967
273303
536258
8261
1813
839143
1681
585995
2762799
700835
78037
189179
17299
603399
235435
178513
153519
185786
203498
518501
192074
1149302
102362
234328
1529
1169493
9831
13478
434176
206119
934107
212
188120
1741758
164352
555
1460
3232
1304617
1380881
20690
600308
373189
1011632
764
36492
1190
735222
94
39231
374142
8300
8021
62965
34913
226407
2007372
1173669
761
3961
8120
999535
25
227245
1295418
188793
1001861
548226
38425
199208
2174
197570
1299943
1003467
534016
7683
498340
200890
384898
958800
601174
1009458
720279
22
198768
807949
839726
5447
233748
12844
506556
385343
951451
571136
555641
160031
11808
73364
6810
771678
100
1228968
230661
1137477
583517
610640
807802
233437
316257
36128
1024191
1198079
221314
131989
421837
12757
416252
158530
1164672
29838
455927
48865
4053
261892
36073
423948
397065
1037455
1607196
2294777
194813
996611
165792
169480
41193
3512
97437
11384
1138764
915663
784
6197
7601
301509
37018
572564
696444
9988
1077
478149
0
1223599
297872
1001560
997414
34961
1165406
709306
116422
9282
151191
1019404
2087577
8296
204939
840166
197469
1099053
602107
538095
22588
237081
960270
7770
1902009
312356
162806
1686131
618083
191928
467402
5733
718074
994860
76403
2181
109901
1138
365577
400511
2929
153640
1079845
1020441
533951
10224
2443
43087
949
80950
24317
482426
2582
20643
35658
75810
1087
10469
7334
83593
1011787
460
830371
525818
3
1813264
1223119
355805
3159
273075
2334
220936
809542
530023
638
332776
392890
11527
534301
1693
325
17
33
681436
294956
730
817
1128
555145
2594
10320
527833
40156
632372
690734
531913
247585
1
519086
3
10
6
535213
1070
161287
3395
393
262655
704805
3892
337
342
718
706109
223345
1003757
1726
184201
143
330191
414
741966
1203679
56
213520
499094
1032103
1002261
1497
573
9270
641247
405032
112902
176599
1485681
6990
1274
17357
689411
12811
6484
1306
824
650290
42521
792369
5138
40224
242167
682
607356
1182086
1149392
177678
832991
298534
1002281
999261
1517566
34742
94295
6
310284
20
541058
188
25
155683
531509
835008
395
1271
4675
332
725227
2746
528470
0
734474
472218
1754804
3208
806306
2188
1224682
193574
69233
2200
21358
649
1140
1462
885363
208002
135598
1117225
1021753
428439
861079
761787
229139
1440
251157
71302
1240757
8433
1270523
2107
13285
470
770959
80987
507876
1713919
55011
998453
683957
302389
1322869
1090289
8190
278947
1289359
44021
124
464784
857
22
40716
302155
1948195
194248
570561
7561
392996
2608
606
2894
2282817
5141
4721
33109
997255
31
929
1072906
615580
5026
4198
735
8939
614793
13
688317
493929
4926
0
37341
971
261
79497
352849
6499
589
33938
519111
1183871
126
28
2683
987
446
10
1151470
799
702
204406
998499
2230
254979
455151
3802
1336600
118491
279057
272388
924841
535491
9468
3415
2302
2215
202
78768
3246
40
39513
152644
6403
527207
202
1504
13977
28
