10592729
9689004
13626934
12628457
4735445
6607542
9243965
7226540
10592059
13727338
12430308
6846032
6758148
3338804
9382794
8381296
6411097
5036242
9719234
4977193
4472235
4895987
7178028
8336623
6559049
9063399
9526358
8675742
5304699
3765362
8506036
7204341
16921844
5950518
11410452
7448472
13367373
8426868
11556112
7078103
13972352
9855808
19131819
11671866
10244638
3695374
14531853
7945132
12826063
7337204
8908909
2837934
3611646
4053579
5735320
2185067
10670372
7827794
13601412
9276821
9642070
4830563
9014391
4808147
