0
0
0
1
0
9
0
12
2
5
7
0
1
0
0
1
1
0
0
0
0
1
10
50
5
0
61
0
9
20
3
87
34
3
0
95
51
60
5
269
274
136
3
3
1
3
125
3
1
0
0
2
2
0
16
0
2
0
0
0
0
0
0
2
1
0
0
0
352
0
296
0
6
0
1
1
269
0
1
1
0
4
7
0
0
0
0
44
0
8
3
0
51
3
292
2
2
3
0
17
0
4
5
437
1
375
147
5
2
54
79
1
6
5
74
0
0
30
8
4
58
4
53
0
0
87
1
0
24
1
64
18
0
0
2
15
2
0
0
0
2
1
16
628
1
72
3
0
0
7
281
241
5
4
6
0
0
274
0
1
279
134
1
4
1
166
143
84
52
13
5
1
32
34
2
4
1
0
4
1
279
0
158
3
3
0
129
0
10
0
17
3
1
1
32
2
82
439
4
1
0
0
0
0
10
8
0
305
0
1
0
1
0
1
0
0
0
16
0
0
1
1
62
5
2
0
0
268
0
95
0
1
13
11
317
8
0
1
0
0
1
0
270
0
1
0
0
0
0
0
0
0
0
11
9
54
1
0
1
0
1
0
1
0
1
4
1
0
0
0
328
0
0
2
0
435
1
0
1
0
2
0
414
298
0
0
423
0
6
1
0
2
0
0
0
0
2
6
68
0
0
0
0
1
0
270
0
0
0
0
80
0
0
438
0
0
0
0
7
1
2
6
433
0
0
0
0
5
263
13
0
0
1
0
0
0
0
0
0
1
12
0
0
0
0
2
1
0
1
3
43
0
4
0
0
0
218
0
0
2
10
34
3
0
0
0
0
0
0
51
0
0
322
1
6
4
77
293
9
0
0
4
10
2
3
10
3
23
0
84
131
2
7
2
0
0
1
227
15
0
0
0
1
1
0
1
8
0
0
278
0
5
344
0
147
0
1
263
12
6
83
231
1
275
384
56
24
433
10
58
13
3
0
2
1
6
1
107
0
1
4
76
7
289
7
0
0
1
6
0
1
12
0
0
9
3
0
1
0
74
1
0
0
7
0
1
0
3
0
1
22
403
4
0
7
0
2
45
8
1
2
0
433
275
0
9
1
3
52
1
93
331
27
0
0
0
0
14
0
0
0
0
10
83
269
0
2
0
20
1
2
26
1
1
59
18
0
0
1
0
4
4
60
2
14
4
1
8
0
418
1
0
0
0
0
0
0
0
2
1
8
395
18
1
1
0
0
266
0
5
283
1
144
0
289
2
271
7
1
438
0
1
280
0
1
2
0
1
58
0
291
0
624
0
204
5
1
8
0
42
0
23
7
48
1
13
6
380
0
0
71
6
4
83
0
209
1
0
12
8
280
10
13
0
65
0
240
285
3
6
1
0
1
2
2
1
67
419
280
280
1
0
4
2
74
7
143
1
0
274
4
0
35
2
86
1
0
1
136
2
2
1
304
296
0
3
217
0
0
75
4
0
4
0
357
9
3
0
385
4
1
4
0
486
142
0
0
2
3
80
0
12
8
4
107
335
11
0
8
0
11
33
272
20
45
0
345
1
358
31
2
0
1
7
54
27
6
0
3
8
2
4
0
12
0
21
12
136
0
0
1
0
0
83
5
1
7
270
0
271
277
53
1
2
0
0
0
0
231
0
0
1
0
0
10
0
3
2
250
8
0
0
0
0
1
88
380
1
1
0
0
0
11
0
1
1
0
0
1
0
9
0
440
1
0
0
438
8
4
50
10
0
269
7
56
83
2
26
5
0
10
2
1
1
0
0
1
83
1
12
147
281
83
0
1
54
0
2
274
270
0
0
264
1
0
295
0
1
73
0
14
4
7
0
8
279
1
0
0
10
9
7
0
1
1
2
2
0
16
3
299
1
0
0
0
270
1
1
0
0
63
89
10
131
0
1
1
10
6
0
261
0
1
282
153
2
7
1
2
60
2
4
436
8
1
0
0
7
16
1
0
1
79
3
0
0
1
0
0
0
0
8
70
0
0
0
0
1
271
66
2
0
5
333
1
266
5
295
59
2
0
0
13
6
0
63
0
0
0
397
2
1
436
0
8
0
0
1
81
135
0
0
1
11
73
0
0
3
0
12
3
8
16
3
83
7
3
333
70
303
0
2
8
11
0
0
0
0
0
1
0
75
0
1
1
0
1
0
0
3
16
0
0
292
0
0
0
0
277
214
8
283
1
0
0
0
0
3
55
0
1
0
0
0
0
0
0
0
0
0
0
0
412
1
0
69
7
0
0
1
277
271
1
8
24
0
0
1
2
0
0
4
0
1
10
1
10
0
10
1
5
0
51
5
1
0
0
0
0
0
0
14
0
1
2
1
1
2
0
0
0
0
7
0
0
41
0
292
10
6
0
1
1
2
1
0
0
8
0
269
1
281
3
0
0
221
0
0
4
436
2
0
0
0
0
0
0
0
0
6
268
40
341
0
271
0
0
0
1
0
1
8
0
2
1
423
0
0
1
0
0
0
435
7
370
0
0
0
0
1
0
0
0
0
21
0
0
1
9
0
0
2
0
0
1
0
278
53
262
91
29
58
6
0
293
0
0
0
0
0
3
0
0
5
0
0
423
0
15
5
0
46
1
0
2
6
0
0
1
397
1
2
0
1
1
0
66
135
41
7
400
76
298
0
14
2
4
2
55
0
4
0
0
5
3
8
5
304
4
56
0
7
71
1
14
0
0
0
0
0
12
0
83
0
54
0
0
0
251
0
120
0
1
1
1
0
0
269
1
12
1
0
134
270
0
0
1
0
0
0
2
0
270
0
1
11
0
158
1
0
1
0
79
0
0
0
4
0
0
0
0
72
437
122
2
74
0
0
2
10
0
0
1
3
0
0
10
0
0
0
0
0
0
0
8
0
0
1
10
7
0
8
2
0
6
6
0
1
7
3
146
284
0
0
0
0
2
371
0
7
8
0
0
0
0
0
0
1
0
0
0
5
0
396
1
1
56
221
0
0
0
0
1
0
0
0
0
0
11
0
0
2
0
159
0
0
0
42
0
0
8
0
1
1
0
0
2
0
286
8
0
0
88
1
0
0
12
0
0
2
1
285
3
12
262
27
0
0
0
3
0
0
5
0
3
1
1
0
1
1
1
0
158
0
1
8
0
0
0
0
0
0
1
2
5
117
2
0
3
0
46
4
4
74
1
3
0
1
0
0
1
4
0
2
0
0
0
279
0
0
15
0
80
0
79
0
0
145
0
0
0
0
0
0
15
233
2
0
1
0
76
1
0
14
0
15
288
21
3
0
2
0
0
0
9
0
53
0
7
0
0
0
0
0
0
11
0
0
0
0
0
0
0
334
0
2
5
65
405
49
0
2
112
0
1
9
117
1
0
54
2
342
0
0
0
1
0
10
3
0
0
0
1
5
0
3
419
277
6
290
0
1
59
434
3
61
80
0
1
1
0
78
8
8
0
0
54
0
1
11
0
1
272
285
0
7
8
0
414
0
0
2
187
0
2
1
7
1
26
0
0
0
0
0
0
0
8
2
14
74
144
4
133
0
0
0
2
0
0
0
7
0
0
0
347
2
0
0
8
4
0
0
80
0
6
1
10
0
152
71
0
6
8
2
21
74
0
0
0
0
0
1
346
5
0
0
19
15
0
1
13
0
137
0
12
2
0
0
0
0
0
0
0
1
0
8
1
0
0
0
2
2
0
0
1
0
278
0
0
6
1
10
1
8
2
4
229
0
57
0
290
61
0
0
0
0
1
0
148
0
0
0
0
0
78
359
8
1
4
320
60
2
0
4
16
0
542
2
61
93
0
3
138
80
11
216
79
31
12
20
331
283
20
276
2
3
2
2
663
4
1
2
54
1
11
4
17
22
8
1
425
34
9
9
279
0
0
58
0
1
4
14
14
0
7
1
3
1
2
54
0
0
0
2
270
0
1
9
1
0
0
6
2
0
1
0
0
0
0
2
53
54
2
0
1
0
1
1
3
0
141
0
57
0
1
89
0
11
0
0
7
0
5
6
349
0
0
6
1
1
0
7
0
0
0
0
0
1
0
1
0
0
0
0
6
0
335
0
0
16
1
0
1
0
155
0
0
0
2
5
6
0
64
1
0
3
8
1
409
4
0
48
0
3
2
0
0
70
0
0
284
82
55
3
2
54
0
74
1
143
0
2
81
0
63
0
0
0
1
0
115
1
8
0
0
0
0
0
0
1
0
361
55
0
137
0
303
1
270
0
75
0
0
0
0
0
0
0
1
2
0
2
283
11
403
0
54
1
0
0
4
0
4
1
13
0
3
0
7
0
0
0
42
0
0
1
1
0
0
0
44
0
2
0
6
1
2
0
0
5
1
7
35
0
0
0
5
1
867
0
400
0
0
272
8
347
0
4
2
0
1
17
7
336
5
0
1
0
3
0
0
2
57
1
1
55
1
0
148
435
95
5
3
1
329
136
7
1
2
25
79
0
0
0
1
0
1
0
1
0
0
0
2
8
0
17
0
0
79
1
0
13
0
0
12
1
1
5
3
0
0
0
0
1
1
0
3
0
7
0
411
3
1
0
0
83
0
0
270
0
13
1
1
137
2
0
5
0
0
0
1
9
19
1
260
271
5
0
284
0
1
2
3
5
18
2
93
6
0
9
12
1
0
4
65
2
108
331
274
130
1
17
2
1
0
279
0
1
11
0
1
2
7
436
173
81
0
0
59
0
72
4
0
282
1
190
6
6
143
35
67
71
0
2
5
0
38
0
0
296
0
0
1
62
0
1
0
0
0
0
0
73
0
2
4
320
1
0
418
0
2
0
1
0
0
0
0
0
1
0
269
0
0
0
3
1
0
76
15
0
0
59
74
2
14
139
8
212
0
4
0
1
5
128
68
11
1
1
0
6
1
7
1
0
0
395
0
2
105
9
2
0
0
2
1
0
54
0
2
3
420
0
0
11
1
285
435
8
0
3
265
0
9
0
0
1
0
5
0
68
1
0
699
3
1
4
2
57
265
80
0
62
387
271
1
1
327
5
23
381
358
0
5
4
156
1
1
270
0
0
0
7
3
0
81
0
0
0
9
429
63
145
1
0
0
0
1
275
264
296
10
292
0
0
0
9
0
1
211
0
262
281
60
450
0
0
3
1
77
0
2
329
359
16
63
60
5
0
9
1
10
98
287
0
0
74
0
1
292
0
493
1
54
0
0
0
203
0
271
24
6
0
1
0
0
6
1
1
0
327
7
3
269
278
74
158
0
6
46
1
7
1
0
0
0
1
22
9
0
278
27
0
0
5
0
63
3
1
1
1
469
16
7
0
16
61
5
0
17
0
372
0
2
134
1
0
281
0
0
4
70
82
9
3
2
0
0
6
0
1
5
0
93
0
0
0
0
14
1
0
0
162
42
1
1
9
86
0
4
0
0
9
3
6
7
0
117
2
81
4
0
2
278
87
0
0
94
0
6
9
0
0
0
0
0
0
335
68
107
13
74
0
0
2
525
0
54
2
84
37
3
561
60
89
1
0
0
12
149
0
0
3
4
80
0
0
2
0
273
19
9
5
0
0
1
0
1
0
2
0
60
0
1
0
285
63
8
329
138
89
357
1
273
0
17
0
287
0
5
0
2
270
3
2
0
2
3
4
155
13
0
74
1
7
1
0
0
17
1
137
8
2
2
0
72
291
1
144
81
54
1
0
1
361
438
0
0
2
274
54
0
7
0
0
0
1
0
0
35
1
0
0
0
0
1
1
3
146
2
84
0
1
1
8
17
1
0
0
1
0
3
1
0
141
4
9
1
0
5
2
0
70
31
1
280
0
82
59
291
192
21
1
296
59
0
63
329
2
2
0
263
2
76
61
229
0
61
0
1
1
91
1
55
11
0
2
5
10
73
57
15
660
3
0
0
0
1
0
206
274
572
0
1
0
2
59
429
8
5
0
84
54
24
2
0
49
0
4
1
1
279
2
2
472
58
12
0
285
81
0
2
10
0
0
96
8
4
110
79
0
0
0
400
75
286
39
147
154
80
0
26
0
1
53
337
156
8
3
271
3
12
0
25
3
0
1
799
0
3
1
0
0
1
1
8
3
3
4
9
3
3
123
6
78
3
91
68
65
656
0
493
59
18
5
50
274
24
1
0
2
0
280
61
59
10
0
7
6
0
1
117
81
8
226
66
279
7
6
273
312
67
4
70
6
21
8
78
4
43
1
1
2
0
5
514
281
197
0
2
7
131
0
133
294
5
16
0
8
0
310
269
43
21
54
1
1
0
0
8
0
2
1
58
7
0
2
0
0
55
0
5
0
138
25
80
1
521
280
4
0
283
8
212
8
65
1
0
0
7
0
0
1
3
7
1
0
5
7
0
0
2
132
0
11
1
9
3
95
180
0
19
3
296
53
4
0
4
12
86
0
65
0
0
0
70
0
1
1
5
3
25
1
270
1
1
3
305
0
0
1
270
1
0
9
4
120
3
0
17
10
0
0
133
1
0
0
1
8
0
7
0
270
0
2
0
0
0
1
270
0
1
9
0
276
52
0
0
0
0
0
2
1
0
0
3
0
8
0
50
0
1
7
0
1
0
0
74
0
3
0
60
0
163
1
69
0
0
0
0
1
56
0
0
0
0
0
1
0
5
2
0
0
1
0
0
0
224
0
1
0
0
25
0
0
74
2
207
0
0
1
3
0
10
4
654
159
0
280
8
0
278
2
6
0
14
72
0
4
3
1
280
1
2
0
0
17
200
0
0
15
1
0
94
1
9
4
437
7
3
0
1
0
0
1
5
0
0
6
0
0
65
282
7
67
0
0
0
0
0
0
0
11
0
6
1
0
0
2
0
4
1
8
0
0
1
0
0
0
7
0
0
0
4
0
2
0
0
0
7
0
0
0
0
9
0
0
0
0
5
7
20
426
131
1
1
1
0
0
0
0
0
10
2
0
427
6
2
9
6
1
10
6
0
12
2
0
1
50
1
91
22
48
133
1
0
0
0
0
0
369
1
270
0
3
0
6
0
4
294
54
75
20
53
4
2
2
2
1
24
0
1
0
4
2
2
2
1
0
0
29
0
527
0
28
0
1
0
1
0
55
10
1
0
1
0
0
0
0
1
1
84
0
0
0
1
0
76
0
1
80
2
0
70
1
1
1
1
11
0
2
4
136
11
0
0
270
4
12
25
74
1
14
1
1
0
0
15
0
654
10
0
54
4
1
13
0
0
8
1
1
3
45
547
0
0
28
0
0
269
4
0
0
2
0
0
0
0
1
263
2
0
270
278
0
2
70
0
0
0
0
1
9
9
285
0
0
286
4
220
0
122
76
57
0
73
1
0
0
0
3
7
1
294
9
1
55
10
10
0
0
1
277
0
0
74
0
7
0
141
1
2
0
423
14
1
0
0
0
1
2
1
0
1
0
80
2
1
9
4
8
0
0
81
0
6
0
9
0
7
2
0
0
0
0
271
271
0
3
0
0
2
2
1
0
0
0
110
3
0
1
1
0
15
0
9
0
3
1
0
0
279
8
279
1
0
0
1
0
0
0
0
2
0
0
9
0
0
0
0
0
0
0
277
270
1
52
1
0
361
0
0
1
0
54
1
0
0
3
0
0
0
0
2
198
3
79
54
9
302
0
14
0
78
54
0
2
269
1
0
0
1
0
0
0
2
74
3
1
0
0
0
10
8
6
0
0
1
0
1
0
50
254
0
0
0
0
0
7
0
0
1
1
24
262
3
0
0
151
1
0
3
0
2
0
0
0
0
7
5
0
2
1
74
273
2
9
60
0
11
0
0
403
2
2
0
0
4
0
54
0
490
6
9
10
0
0
359
90
6
0
0
0
1
0
0
65
8
0
1
2
8
0
0
16
4
0
0
0
0
4
0
6
4
3
2
0
0
0
84
59
0
350
0
3
0
5
12
2
11
35
0
1
5
9
1
0
0
0
0
0
0
0
42
3
0
0
0
0
0
0
0
0
0
5
0
1
10
0
0
72
1
0
0
0
0
0
0
0
1
0
0
0
0
0
0
1
0
42
0
0
0
1
6
2
415
80
0
62
4
0
0
3
6
0
0
0
0
1
0
1
5
1
0
4
354
0
0
0
1
0
258
3
4
86
13
0
339
2
0
12
427
0
62
9
231
3
0
0
0
2
0
0
0
0
0
0
1
0
2
1
17
8
0
1
5
1
3
421
723
0
5
58
0
4
252
1
437
361
157
0
2
0
0
0
0
9
58
984
3
342
3
5
78
1
78
0
270
0
7
279
433
2
7
9
0
4
3
8
5
0
0
0
0
0
0
0
15
0
0
5
0
86
8
77
1
0
58
1
56
360
0
1
5
2
1
0
0
1
280
0
1
1
3
2
0
7
1
2
75
73
1
56
0
0
0
0
0
8
10
1
15
2
14
58
193
0
323
1
11
2
0
1
3
1
16
1
7
57
0
6
2
281
0
1
0
3
167
1
163
1
0
441
0
2
12
92
17
11
273
1
61
7
137
11
300
59
5
1
203
102
3
275
63
1
9
0
1
136
358
0
73
1
0
1
3
8
145
2
3
0
70
0
26
0
2
0
3
79
1
0
0
0
0
0
0
0
0
0
22
7
0
1
0
0
1
0
74
0
63
1
0
0
281
1
2
0
6
0
5
2
0
0
65
0
0
0
1
0
0
0
0
0
0
0
16
2
0
0
5
6
7
1
8
0
17
0
0
0
0
0
0
18
305
0
0
0
0
79
1
0
7
0
0
0
0
0
1
0
20
0
0
0
0
0
1
278
0
0
2
215
0
0
278
8
271
0
7
16
0
2
1
5
9
1
9
271
1
1
1
1
0
0
2
0
1
0
0
0
1
0
0
3
0
57
1
1
0
0
1
0
0
2
0
7
0
0
0
0
0
5
0
0
0
0
0
10
291
0
0
4
0
2
0
0
355
5
53
15
0
0
3
0
0
0
2
0
0
0
0
0
7
0
0
0
0
0
0
81
274
135
5
0
0
0
7
0
271
0
1
0
9
438
69
0
7
14
0
0
0
1
0
0
0
1
0
0
73
57
9
7
11
328
1
3
271
1
7
0
26
1
0
4
10
8
416
0
150
71
1
1
0
22
0
0
0
1
5
0
0
0
16
1
0
0
18
2
1
0
0
7
2
1
266
6
5
277
1
2
0
1
4
0
0
0
2
10
284
2
17
0
1
0
0
0
2
6
2
438
1
0
0
9
61
1
5
0
73
22
4
6
0
7
15
10
0
1
7
0
10
2
53
95
3
5
9
0
