1276329
1336168
2091148
590668
1000148
3700755
2406344
2673052
1652601
1621207
3048287
4043990
929413
3268620
1853363
123591
2898856
4634475
1776098
1223394
1930292
1974442
1986863
2785904
2131205
1447690
965423
2948698
341258
2643560
2040977
946892
2514696
994402
2065283
2406585
1367117
2049944
2117293
1946865
1741802
746049
2237628
3540237
1502093
4569987
1039536
1810602
402844
2053932
369580
91596
2550019
1073417
2255397
929738
2118421
1636413
3946484
1890813
248107
337312
1480203
362078
2468224
3554400
1755859
1275353
2839735
2535363
1956566
508114
2275735
2804729
1998756
1150765
725628
1564384
3879498
700433
776240
705329
2919711
1263160
691955
1355526
3254711
2701160
968335
2718211
3472260
1839775
906090
785850
1206136
5957451
2566728
1343314
1922659
1127721
2597400
1358179
2532243
1178329
3477606
789638
2844986
3287096
1643769
3214663
3124649
1252532
1264119
2181676
2030273
187902
1252320
833937
2498251
928339
371432
3646219
1899219
974522
3182795
1266063
2771481
1231793
1001000
2239523
4718452
2782563
2528896
845104
1664853
1930514
3115340
2030061
2343850
1718156
1160196
1711904
3164661
1446970
3769644
948897
902837
2004507
1937650
2148426
3141697
2282923
2778962
1317570
2328736
427958
3597595
1130840
2495332
680405
3128636
1477358
3648258
3159813
682791
2696781
1108308
2575460
4008974
3005274
3392583
2718538
1633048
1677195
6050331
2259291
2271006
1797213
1841542
161741
3988711
1807269
4455564
1628195
4372119
2537176
3007871
1417882
1510552
1756903
3253391
651810
550453
1660670
1814426
1532108
4171800
1657114
1472935
865392
937372
1036028
896408
2022264
108155
269137
706989
190100
1620366
1560903
2638806
2382204
1118705
2538947
628547
1116562
1089196
2193398
3650929
4032499
829268
955352
1155558
895317
2563829
3216096
1576311
803584
2985682
3422287
1108219
2207260
2215869
2530372
4694341
2083814
1317779
2436341
1132984
1857454
1634637
2141129
656046
834004
419080
1693815
1767309
355652
1309134
1922565
2680769
2462587
437712
878903
921259
428088
