98450
80226
157558
48359
182098
276419
234934
412608
646687
416245
775468
231904
27303
54709
69797
61109
157669
950559
259237
251033
29628
192976
202541
446890
455178
1333799
838480
135868
110831
366324
320922
144356
290265
343518
198132
531961
117874
437383
125493
377979
265223
1328894
159417
449207
65228
886819
208253
287547
115724
1163345
89824
425840
11971
51896
215407
497268
223363
230056
837036
44465
23771
115283
81608
95602
7238
202645
90194
389264
528858
41433
1165858
472787
106198
21008
204591
57427
93878
69915
948486
396964
755673
139938
96741
28903
26240
23324
195049
224968
132758
426192
586604
70346
143711
149690
685736
130883
607445
142892
133036
649838
228337
362429
182697
965535
266242
975468
1629875
417613
127501
83832
507749
45564
34519
74071
52967
78850
45279
850092
71955
129011
899833
78041
872445
19024
107288
117503
210103
207297
105875
151733
334656
123293
715048
74995
136660
878172
294595
119980
745404
922709
152482
97970
428835
527618
378807
61839
807186
10964
314161
318623
574636
461597
461388
99290
765362
21764
735561
129183
402067
522194
304211
488944
163684
624939
989653
388498
598229
250879
545467
44871
310405
482839
494798
143077
212905
147758
860408
16551
427951
18265
45159
8575
739344
144875
254839
75779
879580
11675
75260
19528
868544
1028095
102837
607965
241208
182408
465576
846204
238942
74422
83442
392341
100545
42640
49395
19336
98424
350418
91787
80310
402426
12336
180792
114970
157388
861668
68364
259332
521559
91755
56590
33523
335067
286429
644136
224785
347795
682263
1002016
299135
321800
205335
618547
246877
776953
213331
47319
83270
86927
52447
231260
20368
820505
22596
227469
68148
41182
12522
199909
312904
504914
53531
241694
48080
168989
198902
22203
179282
347079
40909
184571
134361
417362
20619
79524
178975
772134
1005218
54124
174004
737587
34405
265095
452504
28903
787520
306264
4948
73289
62234
18319
14832
778836
472639
72900
85532
492702
377805
126099
607974
82583
277749
829725
322345
140663
149753
620231
160292
191779
151946
352548
36351
452859
44817
225591
103611
230485
12207
61128
37461
100774
49871
364258
998926
215499
93999
354848
4105
335023
94406
223788
18582
806368
8523
812115
68381
26295
131417
599520
194774
27127
21820
108437
31276
124737
60141
231199
88664
395236
82662
77058
84899
61229
87326
63047
474645
79775
4861
214328
32403
311727
226106
156806
322975
214029
82930
538589
25668
874061
54790
448510
312214
264654
29981
139338
4006
23669
8135
563191
1105827
155914
216243
154815
54322
86883
116852
862786
500681
944999
64542
129150
508090
123201
160403
460799
996458
69045
106998
9323
341236
519629
64742
32609
716203
93499
255978
149344
244014
476217
19437
378804
87412
99523
1009437
29479
106977
317708
29390
26872
42595
345866
797998
219423
18359
859813
52017
257187
460955
197405
666770
332721
1452877
1368251
441446
1101269
107706
489141
921800
241275
286288
148977
78362
259513
76208
461903
103104
13972
57591
127542
87536
345853
629977
544098
84948
65743
14044
115983
16283
131129
154742
79007
973666
30434
398670
862529
33396
104457
228852
96245
622498
45586
168200
105045
99938
142609
275252
828401
52262
11861
65188
138883
798356
56111
151289
68956
10097
43368
42527
220064
180447
196767
274363
1469065
543790
121611
594065
112502
151991
314418
1579982
727263
330721
54970
224701
54246
90032
310236
236436
103027
206880
69278
315681
736838
88581
97434
419124
189116
234206
237725
132400
199485
154174
89490
756046
989756
77666
88854
136372
1529323
234474
388067
253929
430534
161463
478517
509058
120597
207895
247063
701659
55231
21993
78800
166653
195105
454895
1005492
308062
774569
64638
25733
596792
975438
70077
195796
829070
908994
283993
260850
225935
685254
330400
473374
704175
620516
266646
855991
8793
383922
986499
709689
338779
250015
62395
257857
1186812
509676
133126
1145269
548858
734623
57125
590086
180805
224850
391229
45971
523620
999964
572182
150972
48068
80511
120934
103098
927880
284918
669376
324035
127583
552671
321718
40285
722368
53979
162999
679272
168416
306344
370576
493421
445429
207126
24389
931645
197503
498180
341177
475606
437010
219939
135003
489292
56767
29141
96814
528990
1756942
217663
148830
523317
194682
1057196
149448
615525
73827
771536
95676
1085105
100497
77697
195836
274864
37220
977543
213220
476433
244283
542872
248818
1026561
380385
322607
856306
238923
323304
1077153
677751
141478
332680
835965
60542
993397
222876
1063881
432613
557079
17911
906132
131867
529996
729511
69948
778004
733540
419799
1442114
705102
218702
1128247
92625
434922
1359134
723672
869926
984023
239683
133558
293148
204679
1224088
239341
938416
584104
748923
109949
1399103
204030
1276503
140820
283776
60888
76921
220644
61971
402605
1542107
251094
582758
90288
37188
150567
248233
200128
554080
1309685
338125
379237
44664
170412
22955
59532
86964
620677
423172
92205
28261
75276
54072
100506
29569
233656
47482
47653
192752
28312
37835
88870
749651
97616
69417
34708
135066
15898
477349
83329
269378
150893
1334583
450940
64194
471031
67854
487777
248905
337961
1450603
61741
30674
50557
160489
12386
20947
11384
150075
59129
19131
11822
87679
73392
206508
47703
1072147
251128
35994
52900
996949
209569
175996
94332
582073
46571
1163510
328106
584488
278372
252849
216852
231671
52841
1237621
41346
413684
13469
23004
106847
46305
449468
607579
107614
747321
149158
56466
88104
907862
93093
32045
51604
83916
51215
110336
32447
94976
113941
60838
688480
399498
934017
226720
40705
417813
134132
52546
7952
182859
673556
86353
21251
52222
18858
256171
40273
117434
30291
171203
53377
75811
74715
126638
49294
433134
74375
313441
16346
142262
35366
43304
289048
14462
305179
288285
307087
608391
143043
45721
20926
48076
10192
31427
89747
301735
51672
17047
34651
60407
105023
88442
154278
184593
76149
756376
33303
882346
225849
396374
33334
532488
22034
323168
43256
134031
32976
343392
553410
513805
161942
113712
4402
22221
9747
127160
75113
72461
28304
13651
11254
50204
47847
454742
364984
162376
129758
144449
344362
64434
110469
324170
462320
521111
233985
65563
156901
424489
52054
1753364
336663
396931
999983
67067
1526245
523030
408058
835280
235671
184103
173786
110161
372996
215400
704728
48029
112364
100461
406766
385157
187854
148451
504300
674834
648936
147182
443794
55787
136071
1043942
980210
1079601
481542
1253972
475967
282736
225404
707163
210485
196285
65986
53242
76375
223113
61887
23350
80472
73090
136047
95832
69072
64830
8228
349481
53175
116449
285560
97271
173770
85093
198726
24778
52006
77971
841847
203480
161018
55551
181853
118195
134879
243852
63576
69628
12950
91938
8931
171000
152274
110499
25421
918463
16081
68592
31097
83707
117742
438175
54832
342455
853817
243683
47039
166702
381567
737650
51429
345871
821716
262553
31447
74022
324268
111023
92957
212092
202492
75097
30455
210330
127645
1186272
65552
193302
158785
104450
213948
240045
97690
