26034
37010
182399
6730
14997
356336
13555
35229
84186
145051
9677
77130
5280
14889
38111
1446
6739
10663
31237
14338
34954
42673
1006201
31303
4232
11120
27105
5847
6343
34058
79410
28203
87170
3830
285555
3757
23041
295242
16477
49772
77364
5223
201244
19545
89006
133695
170609
54617
4333
5595
3251
3483
523727
79227
8234
67326
74003
3812
8408
168523
995
633
1830
1486
53273
1460
586317
3117
53482
545907
8706
5248
15293
576
28940
5010
987
4501
12117
20841
7616
3188
15005
36530
27913
174383
67886
1214194
84663
84311
680221
330625
29600
12989
188801
1516182
7000
616
1089750
1579
13734
20549
1004430
91052
13954
10005
22921
12961
1805
11534
11074
2195
1128
2841
2920
6528
127647
23958
1128071
266987
10040
20148
75528
37013
94616
8893
74710
133205
5220
1001042
103816
7452
22450
241418
11747
54691
115750
236110
12736
8829
1719
820
10812
2602
79220
9277
19823
24069
152377
30385
626696
15230
137156
12968
73376
2574
90716
9869
367160
31491
8934
1618
315896
15913
35848
1159
50030
104742
34707
131148
25429
65560
589569
7644
2054040
16855
46531
40091
238364
13304
460313
1029896
1615114
28242
91090
114359
40860
3117
18610
11367
320941
17126
31139
11432
6475
237
20672
14924
886062
4572
3329
1728
2927
1762
745
789
3247
837
6686
17368
125727
516957
15037
356913
17536
88467
2940
1510841
14304
186753
8769
465366
44212
28445
18413
99537
79332
45127
4013
126035
16915
80713
355790
373259
84079
238604
4447
108202
14093
184707
572
12084
8290
440
2399
2111
27629
2788
1627
23367
11421
1252
2257
749
9384
6626
88931
541497
510886
80369
7051
266839
122627
19943
15185
23544
583523
24954
21470
21035
1011785
695
1644
1698493
113778
43278
752339
540270
932568
7514
45092
3333
21306
864881
644
11065
6668
18172
57186
5222
349176
254924
1239
10882
17595
2523
43133
3660
31324
982098
6405
4342
17338
4181
13207
79568
8997
37753
8202
652597
29081
65914
339637
124610
27517
59170
1323
2488
28550
2062
16619
2197
116616
7468
5564
6307
533784
83031
146882
75737
567849
3100
798
76580
364738
44238
40851
6662
5935
7257
79262
20920
48839
162275
519563
52974
10396
15203
254701
105584
13618
862760
13862
839
6881
80989
59501
926465
327000
19381
790342
12364
12715
16424
89325
4428
73430
222091
21332
166158
25026
12518
61083
279359
57866
8109
37400
129672
660722
3230
1033726
156153
15761
330879
95303
1166
119127
6273
355
38810
204203
1631
397441
984114
2485
211348
5705
2889
572
2180
12565
958
14707
51996
7902
24551
100198
12738
1002927
2258
13974
4423
9310
7272
102621
5573
47530
8322
113456
1620
29653
98187
6198
5999
71304
9368
19293
8239
284719
6626
231518
42139
70626
53691
3571
5947
1066904
30591
23597
35840
26666
792412
11234
15312
54921
885391
3317
16219
826
3225
23114
534
72922
1268
1577
1229
13590
1173
2548
44791
2755
954
1916
12485
91512
41534
20759
78006
218841
1087
27287
3435
511918
487965
138884
44504
718373
8629
173424
149047
1056
2251
11677
2640
44149
931161
152495
3501
69472
41447
223731
10302
49277
6548
50815
4250
22093
21220
69757
6674
4499
4366
30567
3480
53375
70937
17084
13971
18772
110983
61604
11148
15700
21035
25563
16015
52335
1041249
14265
218729
23591
100501
8331
270540
8641
19060
277573
22943
5389
17846
288986
10462
2272
3686
330784
4750
790
21884
29049
2192
2162
1021
551075
16676
200806
78018
58912
858092
62544
39739
15431
285747
27628
6890
294035
16167
14714
18247
323585
393943
10607
43452
463671
14913
241598
2428
15088
2437
301592
93931
183195
834447
17333
3946
51842
1629
107747
94464
85387
21333
12626
8474
256379
35918
262794
20267
84771
7016
50553
16740
406831
214135
164600
4634
383127
43368
3733
5565
25495
62063
32633
471826
435230
587499
31757
3563
13792
13616
330144
58666
106692
78133
979681
2994
51012
4644
87059
9753
26570
63968
6458
1350
3679
10944
421389
14431
141375
4741
20368
1506
991497
11490
4270
269268
353735
53788
161176
16097
42276
23960
6802
3658
988430
21227
17144
1732
98484
17396
335261
93014
57357
61134
21477
2450
18966
2812
19515
683
27492
525
3671
11322
15005
51348
5150
7012
86779
5320
27330
4029
440654
115697
44315
32781
188300
36329
100262
4075
147546
699724
130250
27512
61982
9246
46979
14945
85207
120682
194495
22214
594291
8653
119313
17399
11502
450728
377107
641429
2503965
36009
29102
2333
13279
50858
3987
21615
93712
955232
45121
5859
35198
253
62039
108676
223989
5676
419
3009
14681
478
1344
25713
33794
419302
5922
967127
331224
35694
11392
159459
974338
634105
73593
20404
388034
8349
26116
365780
47152
97436
37437
115639
103406
19610
20493
13603
218809
63237
2684
1121
3689
3007
10529
154975
4533
1510
22697
24476
632439
983
78576
584820
572025
22230
25774
8733
371213
30008
261736
185410
99041
4224
2615
26488
5684
12456
7866
4566
2143
3890
968
963
2075
5097
110541
42377
192953
5025
20344
4397
82061
5690
5276
1992
19486
887571
6049
7338
95585
521
10022
4719
67887
34187
3050
8403
1526
37899
70375
15130
261653
17051
10846
16120
22740
10157
397
42584
7237
1056
2710
2412
2451
5735
2510
2362
6189
1842
301
330
2201
1936
3578
1053
1763
6945
4383
387567
1494
16868
303232
599119
34505
3919
833
520446
922663
326212
22828
43075
131800
6715
290594
29669
57749
98472
9168
2395
5707
9239
47034
314891
41032
238574
13716
377
3561
1304
322267
13179
536274
768996
310868
18622
41469
18085
159123
2851
132116
1584
9892
2726
24560
1362
394984
22295
6434
104606
2239
1632
3899
43302
302355
9859
19577
39717
45611
28381
708936
2203
45250
452046
770863
243471
122285
43592
3459
6301
1660
2637
4410
346997
10362
21542
36538
3927
97433
689603
389923
16837
16438
8841
19915
12433
186477
4424
93916
80835
29429
290900
33069
181996
37997
470807
229256
481074
321770
71788
46743
30700
82836
135785
178943
563395
2336
24859
10496
1691
28110
68318
132226
111498
17745
12257
18767
4243
8087
5853
1069289
8205
1089
296
225034
1060
2897
6828
432
18499
11792
1930
67636
58701
263
5851
1194
2265
561
3775
104764
94394
1274
7554
1629
7117
1761
13526
24458
13179
2290
70396
4583
7454
2817
2448
37640
7859
106872
4980
881
106293
200256
8481
495601
120238
331592
2615
6358
54565
1801
1800
161756
2616
888
1387
7088
4591
1101
64492
30472
8385
10299
2857
7305
3950
194828
93640
106347
43873
7197
547810
9797
23056
281622
49761
263689
50363
947
646799
43848
1302
1809
67363
1641
645
5689
1284318
16840
30552
951930
91007
22492
2791
1513
1082470
1566
13799
3635
249129
46744
1865
29610
153937
73703
80905
46160
104322
36801
606198
6563
498210
23241
9357
13615
25505
2446
687
11422
117016
4039
46584
105857
30022
955352
6712
486
2332
567
308
111255
1145
1399
1528
46479
1642342
871090
2512
28521
13529
156199
3210
13909
4151
43099
1374
1594
408558
95213
363767
19147
16949
511492
8667
11481
888428
36293
2116
3484
286916
38119
3890
162793
502
364802
206
51813
101292
1328
1559
97090
7064
45014
205410
123147
118405
811884
56443
731
1119
4321
2188
1877
3490
9925
618786
4997
3349
3923
5769
15216
14535
28678
64265
49909
76312
208769
280029
27581
4539
3454
5085
473999
11285
273936
281721
17200
165971
259112
15331
135354
289264
20289
660630
21294
4414
327221
3852
154772
29581
100537
2778
17356
983166
4344
2879
12399
22566
42275
5350
901
58224
5534
77426
35074
171041
9720
31638
34327
509660
1040318
34790
5632
18785
2871
1036
1915
28820
4083
129458
90938
17521
20710
962
851
647928
115392
2698
366834
1208
3443
1852
196242
2039
2579
60589
3447
7875
23395
6908
44026
5362
1413
844
2964
6085
23149
1245832
185731
105747
2910
370672
10274
6597
21384
4684
12477
25167
2255
36144
756700
136038
69880
2165
56734
1004224
10632
131042
39286
774213
319800
535710
23844
46580
3852
37609
216834
8861
43775
944
107007
1569
2299
65784
27298
46557
9529
1243
161597
6970
6153
6403
142870
4402
26031
16300
1912
87147
2191
26245
28363
88527
106901
10504
1173
134543
26769
368
48113
4045
23127
5000
1978
5968
1750
3635
373453
6035
282819
6151
3710
14461
7209
72471
222913
12504
252541
7619
411243
319737
194254
4391
12341
53760
200630
439180
13651
23642
86917
43203
77299
414
2224
586
326975
8697
2016
3866
336835
2445
307778
26191
9020
67608
2557
9998
164316
62603
23364
6350
47938
1247
7958
9450
31968
5747
3973
35663
75921
4499
84591
1282
9508
8139
8014
79428
7911
35244
5940
123394
12481
29998
20065
58915
94821
9345
33337
863038
553000
3469
5016
16701
842998
6728
56206
21462
11501
19062
875690
9387
132573
871766
79045
5415
21395
11390
312909
82207
4611
3325
106345
20990
23456
4359
13671
15190
1246203
254207
713728
68442
14643
2256
635987
2299
795
2645
1463
1600
7668
2109
4786
4276
9298
99005
31410
6292
929336
4000
6377
2551
1965
874561
125435
246403
518947
513
443532
2003
4542
42620
11623
22921
200291
14830
701646
296505
5516
43028
34998
5269
51712
804835
175197
89766
164612
131734
849064
9028
208112
68016
132239
265732
885773
4291
72965
53267
181442
2181
19335
14756
4135
238797
14940
2101
18988
87779
284576
5019
379278
10584
6917
140389
318265
6074
56968
7296
3178
54204
16424
42688
2021
3401
14132
84067
15498
4333
9744
278503
1812
70448
29638
70709
24398
1294
308641
11255
26199
24491
34380
1873
90719
5060
154280
2482
32217
56010
600573
62643
11958
13580
27697
3262
77699
1327206
148333
934089
3232
12516
976311
12666
420858
14939
13854
1218819
53893
75902
137466
343362
10714
50698
155201
3478
19726
45925
1975
78896
1006733
260168
248029
467745
524
313223
6322
4598
23980
6820
2469
2230
38431
119349
1716
60411
2072
1760
6129
203978
22201
216914
120130
11211
32607
122671
459422
3400
11674
46298
977025
10159
8416
57679
62118
422818
160121
39670
24924
45674
7232
80617
22945
729
8160
8257
91686
11653
19930
43557
8158
23135
10450
21802
71245
2567
30030
1807170
125700
1538
5055
5752
2719
868
167802
3240
66635
110750
100635
4337
52317
1254
7189
2743
4789
3035
2934
33594
875935
7257
74391
95812
40727
27088
597162
28774
80059
7439
1107236
458
624566
2267
3097
492
1295
1270
447160
1896
5568
529754
34869
14048
3416
14597
11957
7535
892595
2539
15005
2039
680
42800
27916
87091
7102
2933
69674
3381
11853
918
73222
32573
343195
487837
15947
60446
2673
52498
46633
59379
895618
207446
3159
633352
10753
696902
51145
1707
6457
1038
54821
14521
38956
76904
95357
2081
9606
3838
4128
1548
274055
2341
368042
36513
449710
27962
11868
795033
2523
13946
183556
49166
181952
186574
18337
89476
30475
19132
133350
514115
12568
52980
13462
22679
44554
119585
1726530
20418
379825
80779
95496
25621
43906
23498
21578
774202
63548
81337
16900
65717
4158
50898
68013
6488
125718
271321
35103
281117
2080
940
983038
903142
992970
57837
5260
23751
1015
13686
77431
4187
1531
148116
67867
9410
5201
13753
215303
11806
914814
24160
7725
9857
5585
796266
118049
10508
7700
3788
15395
796081
1649
198124
5042
7336
7901
63109
4168
955167
10144
265389
15510
2699
1449
1198
27206
7525
1137
12807
18711
6621
14825
1262
7882
159888
21368
12458
38635
30540
741864
53448
600
428503
45519
805
938905
866361
15003
331210
14764
10723
1310
10459
1120
2055
65040
5273
7673
144216
3014
2044
17210
12575
456207
8413
63714
27656
64032
44728
3973
4736
90118
3552
970682
54310
16356
63956
2520
1945
3577
3983
2299
33078
5377
17893
4075
1378
3640
38049
15258
16137
34622
6251
132929
1433
14357
357
85119
15652
18522
700
42167
4661
2857
623249
312150
12087
78689
1361
8222
1347
103970
194633
2158
1783
895
4570
231
1755
12868
26024
4347
1248
14761
497164
9798
483824
22802
2485
19722
455129
88240
1712
143183
874
27137
4153
27761
17390
1006229
56809
528004
1619
230162
4479
34679
805
480
2774
458960
25192
33403
2908
84173
19180
143330
8318
55948
10814
6436
12280
321288
33193
2645
518
222839
2069
10211
888
17229
3042
5046
659
1227449
69982
44151
394236
79776
9375
845022
10858
187661
792
295334
116248
6215
923
1775
1763
324684
10007
118429
318970
17615
41192
53153
14770
9658
500445
276558
67276
34944
73676
24309
6610
14596
3741
56713
3739
4814
8793
505551
5248
56564
1452
6527
38606
1848
49235
4225
3647
141411
145756
19389
10540
9731
1079281
318698
10223
21921
53698
42359
449597
9166
159717
691851
94941
1357
110485
5390
21883
4026
52292
989
4374
1043
1027
1029237
4497
3784
221364
10726
7551
19226
943157
3446
301629
42317
19544
62166
2149
6913
6341
106450
15973
895127
177035
193690
65846
16167
3996
35069
34697
7851
141745
12796
70273
38457
2602
76385
149686
64688
18493
129054
177056
5576
32905
11755
6830
28890
58012
22146
43209
8506
77597
19680
200496
9286
9622
171352
1620
50089
35966
13149
19329
4880
34739
33616
1167110
2014
24715
5401
5003
3257
413558
35707
260673
1008825
26752
19070
3269
25321
326237
111519
341267
29042
65709
9889
1453127
241358
1498827
49975
63245
509
890759
1486
1279
130486
197180
769525
91749
16806
168328
4507
114077
16893
30429
21257
14097
626844
289687
54931
37137
52956
4628
10712
9710
354775
7310
749303
18363
119164
726533
164643
10929
2327
31175
59485
878
7101
117159
4497
3356
4718
337369
28613
22331
4307
103771
433511
7094
51263
207007
1656
8914
12733
14903
15461
31188
28962
32247
4593
286349
5951
979276
3663
16393
22150
21209
35592
2962
100853
215373
30542
11515
1954
1034635
265371
45007
9025
4510
39826
3747
5010
248058
84516
30553
270266
92528
37263
498837
99644
111499
17745
422298
473435
37515
1120300
43543
82661
12885
223883
3671
387169
9272
129385
16853
212095
994101
11645
14426
365401
25280
307512
60774
983184
74312
63703
10368
10785
6016
46906
31231
131294
229742
58334
108673
109148
78015
443268
29712
49687
14698
153782
1281
15325
12280
160120
236960
324786
103896
249341
4006
10433
14102
167216
392871
144055
32892
7175
6775
56917
72479
21357
42694
105234
41770
325897
46331
5146
5200
4832
1915
2444
387635
779322
5355
13393
8501
3726
2980
5038
121278
90654
96105
1625
24074
3478
294578
5415
790775
21816
282392
10893
49991
29384
126618
120072
55018
59335
130044
9022
7641
33753
817777
1106
2365
68665
6325
93618
2218
22757
2870
17340
146067
802451
338972
1054
1924
25800
8068
137009
38642
29558
99643
61316
981920
942443
920597
254463
167082
90009
32086
12960
13255
15296
2398
1828
47438
20689
10761
89612
7564
3151
7233
27351
89742
8473
149278
1628
606463
3190
18692
35790
7205
386399
167758
31464
12998
72454
12977
24596
83549
12906
159812
4905
117364
20831
4573
793
153374
7311
13077
21157
1398
2622
4194
94774
436858
983362
19696
28884
76019
52063
63991
4773
43725
91484
130404
2902
4389
108583
4782
19870
838313
50353
113301
579
259458
5499
41428
66881
3644
5707
2841
10075
82561
27260
586560
27566
17078
10648
870644
54377
3289
5204
383756
87466
2095
5557
41044
20118
315980
581298
28683
101446
41369
213262
1125503
453940
140617
31662
27087
330083
355302
18054
6868
10340
7233
4040
22060
9914
85839
62708
14680
17357
332737
907731
16730
104195
134531
1092305
314182
30658
48560
7688
11449
204194
55908
540671
33815
94556
14109
50339
97252
968339
7464
15947
100732
4049
5275
3706
2538
12942
2111
2919
48749
8300
9558
6989
55696
18326
54386
55635
459380
1938
26458
49708
270740
24907
2215
62119
30277
35471
37171
734061
121514
49343
13326
4330
45344
2068
1614
112537
4155
116443
8873
1621
1315
15291
49089
1807
17494
10955
15814
28613
425398
1695571
21764
64056
15199
21310
147384
4020
984982
3695
2975
3403
13906
672
15459
27741
8837
73254
2189
3791
1173
1774
3689
1108
989922
19364
22588
13645
3599
21918
8640
92507
5917
1081190
7815
292218
3652
639325
15503
24063
63101
5280
491131
5838
8353
135982
69152
40243
724
129225
40659
5657
219293
132577
33660
4734
16208
2856
44218
55662
5141
10330
59364
35001
7529
32345
150881
19777
391054
25156
52636
1284419
53493
1865
822985
4092
31708
101832
16949
386445
7875
9512
2872
19548
50292
263921
39766
284112
41191
22500
139569
138571
15362
53182
464327
19191
3138
236375
450518
207119
412344
1072056
19362
168644
6510
43107
355674
329401
137589
27136
49720
29847
758
889984
15989
203846
13026
770740
21450
128086
2668
9542
1982
806275
9396
38618
40956
77113
3852
3657
856
1185
568646
99430
103684
32653
6923
11978
1338
4006
2539
16420
5835
70002
1601
59749
21238
3393
309217
20173
11716
176511
7596
67385
6280
70298
921253
50316
35403
15842
77564
103068
9255
12655
71834
47364
64348
71396
81421
69898
4248
4690
45882
26645
795182
9689
368
16301
1446
3687
3687
25679
626242
369864
452009
5957
353262
130795
28379
7017
548241
55069
29389
418693
11835
288626
227553
116670
452199
188618
336796
71246
37677
814200
20509
72790
558081
170067
4038
15906
8027
13216
808208
15878
72691
95803
47495
781322
4602
280540
391286
134057
475095
104976
756544
128507
35354
30336
96960
231026
102533
99821
65640
216875
252739
545055
39705
261827
7352
60549
3026
136259
11569
19917
199017
624944
27279
36782
5950
970107
5844
270540
57865
7298
542852
22735
59346
621264
23253
2057
5730
13907
582775
65615
29873
25302
2892
30502
8274
238039
14856
59433
10117
2121
20702
16406
14941
21063
17853
218700
11825
4558
126217
132063
584889
1480261
976008
118597
185551
673490
226015
225635
333564
484226
131675
1794482
665494
46063
3012
78368
21472
1015082
76106
24991
8542
35105
7293
18413
3240
8484
269826
81613
534214
27026
44151
71714
12515
3383
18819
7176
5449
1087139
467882
125856
12449
49731
72042
57579
4814
34358
925104
128844
13088
525478
900093
186520
15170
31594
10307
65414
2789
3646
1340
22056
35263
51248
5572
993
1165
4123
1614
65287
92344
4106
512927
8300
175037
72151
362123
252633
97952
8956
291451
7464
21600
222
61450
1294
826
11632
2954
266783
6005
11263
19297
3979
14343
2649
7205
1769
686
508299
134451
528484
53746
761932
3150
202631
1143
13303
1064890
6051
9145
20596
402197
52833
42649
3672
994
69026
608
27595
42632
944759
15260
1263
28772
311648
11735
17309
27035
32100
111437
133483
4964
9384
6348
29160
13303
110929
116840
527640
25609
61704
605552
777011
997330
799523
15179
134775
1851
20466
630
161882
377
2046
1708
3587
494463
14253
23505
9064
3962
683942
15228
178920
7495
768213
942736
985735
11778
32004
325900
864794
44682
229584
12589
145713
4796
103662
132051
19595
6793
23273
686915
8709
46091
10084
329864
10809
5250
218102
101724
797789
1374
348162
5424
19528
20099
502199
111152
3390
138840
33443
19489
561461
111481
1232359
181269
4454
107320
676760
54561
3491
43764
17104
514
2057
4177
797015
986
23837
29607
36559
2422
1837
13535
235824
6453
2815
20073
1006987
2116
1898
217486
494
21987
1653
10956
21217
65608
1069
561
70998
12241
667
15131
24253
23623
25972
956537
18321
9879
10759
3783
645767
3469
26886
304840
17132
4655
2752
32173
16526
53692
134207
774524
91846
110837
73987
22163
1433164
96774
20339
522868
183865
15670
17129
49329
19608
2384
2995
55117
2852
3850
55235
34789
22225
356509
10293
21163
12983
13243
25997
256477
15665
2289
12142
153296
1033
46653
6475
112084
10690
119972
1306
7462
1595
714
589329
499588
4642
4139
18047
125314
123673
520121
140862
6772
5171
13416
2393
16873
25900
9901
19780
50703
22100
7072
54500
49661
24405
27482
194536
16625
10629
596949
1810
1009845
5975
241013
30865
4678
2605
171
1183
84509
933916
343312
45911
25578
84225
22347
3022
2114
14080
3159
430862
124439
11450
1015268
1704636
41702
44440
19104
268794
10853
125211
5742
5641
20687
331187
1300
131693
187923
624092
85579
6665
3196
14679
10948
2179
24252
87556
35184
187984
5741
171868
11295
3259
36897
139389
822
1948
8922
469
1059
31155
90857
35807
61281
2993
50559
19118
885173
3763
51845
19787
6485
1374
7930
14798
152915
744
73676
2485
23252
1086
14982
12245
1752
18235
1459
6570
10488
2358
3028
1562
12638
505776
45035
40574
38129
40307
57595
25119
13347
12012
2166
111591
385
36438
52947
447406
27146
69381
2299
1964
2747
108762
6892
2601
148831
16794
36776
125474
14418
788
15999
1909
374513
101276
422158
136367
62261
97803
3654
24620
14343
972876
13016
6110
3036
2802
268879
2966
96578
29947
40781
5619
2458
141657
7360
652206
23962
8442
1795
1378
255
77373
23085
4509
1617
4920
276
12118
5065
1600
1911
3437
1197
1286
434
14599
2104
1899
5932
2372
179476
749
2380
264024
8182
15564
13744
1156
12390
4610
486317
4516
26335
700
13952
747
27505
20415
16749
8237
56223
2143
177848
1398
51541
8968
5353
19331
1893
885
11653
367
13318
4542
3216
2558
53809
3080
4235
63364
3521
70109
3317
78961
496717
1239
1866
1092
133202
3410
59241
15640
470500
6663
10301
44266
252
63860
813781
43891
3497
26117
4418
2164
377615
82869
56957
42921
90246
2628
2135
991
13993
299484
15911
51734
27798
662198
14697
3553
987787
2864
1054
3499
38216
3381
19264
5107
714717
282334
28136
23169
426
921736
2466
9222
2121
194375
639560
351456
7364
231216
30587
2072
105521
4102
8953
3137
18846
23888
1187
19727
885
296798
11589
84223
15404
3406
1079
219018
2431
139863
48163
57733
76931
8343
33846
39817
128732
20509
827607
875697
149118
24167
17268
4561
174353
1861
120
1429
7558
19851
845
1069
12346
310266
16085
21131
2992
7801
373
33664
5340
25696
4432
32584
14997
27682
20040
4586
294703
16178
33318
15168
23509
228357
262277
32217
346303
6155
8825
138935
2153
3694
129980
752
355896
9187
3035
4922
21505
2183
4484
12676
1370
54827
1703
311674
3326
3844
17268
9440
452462
200367
1555
525008
12050
892813
1031
4090
1821
671773
54045
338743
586698
23300
17503
20136
5140
735727
7743
344741
29333
230043
24639
395364
16190
622200
4798
333018
2799
983611
7284
22520
3470
842072
16033
107866
980088
9099
62276
815
12924
10725
96454
531995
44871
3479
3918
1164
208
141865
45708
38938
68939
2429
515
25402
3427
54895
59702
610321
233410
854
1874
211
235858
3282
2878
5802
2999
2334
6252
24548
90874
36427
322285
97627
15575
520099
1275
1583
1076
32206
14016
6860
3518
12318
13130
18987
43104
81796
962
309656
14244
2210
4310
23951
8764
660751
6740
100241
83717
14687
5332
12865
33196
20574
21269
90502
165001
14074
11525
1101
24430
2462
392566
26811
1065083
883953
34825
15851
23672
878243
36477
452377
1000885
43746
6578
41185
433812
2761
11548
33079
758306
35415
718
538206
13886
82337
234018
113831
810533
12428
7601
32823
51319
24142
11089
6350
215232
1618
11291
4224
7797
146162
19663
3156
1140
36582
1959
2646
296865
9646
58095
45588
8212
41283
94150
377052
23361
128633
963920
255504
17304
59344
92887
14619
24744
67746
2940
97368
23170
11242
7056
1072167
3974
82334
107579
565334
258949
13134
646232
22235
68364
9825
368664
832082
36665
14514
5367
9069
337121
157642
3881
87137
99382
6911
2858
1985
3897
6572
274073
17206
253840
1258
100749
116229
12389
21174
980278
115101
16332
1105
75378
615
1221
71413
403555
14083
2345
9825
22092
2266
54692
25324
11721
31248
323095
61683
8297
242300
21009
42244
710225
126492
260687
11835
451247
79249
107197
17168
14080
39005
14289
19566
360012
148693
129555
63886
115515
73102
69160
18794
14873
480015
9243
93698
403220
352690
123246
564556
11294
52181
647387
926686
112819
156162
796719
51029
9667
48248
1126023
44364
109014
26895
2355
53589
2595
193585
78548
34369
867795
158699
26815
30443
30718
566647
23274
2967
358503
4490
6536
942726
17177
21225
2098
19544
3857
370061
22778
3166
861
1646
2702
2818
26271
7277
31193
61021
18634
4819
123244
45618
89271
26458
1798008
11848
10186
10863
105331
179132
2341
71544
79659
18229
43084
2157
3745
31200
39429
67913
110875
838
4299
9083
35553
1535
3583
61930
11912
2328
23952
2680
83895
2609
254424
971510
185287
8973
4417
25071
2122
17009
2291
128190
535
2475
145805
13442
17706
3872
49010
20594
1196547
2394
8903
1617
3520
6733
1399
16289
7395
963410
10326
1523
358409
170390
7062
113324
30644
16922
20174
651
26336
5400
779
40270
1658
55649
18841
2809
10142
47362
11556
118153
22070
4371
9545
32495
729821
8752
836
10273
2285
1807
151290
1145
13219
503993
19940
88120
178577
17360
2663
25616
65355
4351
485
4235
480
74389
5572
50576
1209
36293
1285
2283
106439
644
773
139214
565
508
468
103735
24031
2418
136806
870051
102709
371
1201
20468
532
9510
3964
711
38558
1204
1110
2941
10624
536
1637
3843
12680
670406
21036
988017
38993
2133
618
8954
11658
14235
2562
20519
25310
366959
216079
6025
14939
7496
2871
5065
17847
11452
6267
4729
3134
16924
4519
6605
1267
1016020
28596
387
19230
30168
13963
13791
5250
5852
327497
8464
56999
108347
93340
87522
9214
829094
5028
2391
8584
133217
840
21074
359
142570
71623
47630
928
17873
12789
486351
38779
25536
7236
5912
7918
81734
591662
440861
956920
60508
11927
207693
26410
352177
911273
331929
2536
32606
126573
525125
20528
234767
23868
189028
4693
67191
44303
104874
22289
2936
13633
18558
3130
17319
30744
1792
13453
12880
20816
68287
202178
11675
1416
26721
1545
7016
2389
12069
1911
97759
96915
1660
31366
2319
478
19153
2232
32469
7533
964
5831
4527
87056
5552
35772
15102
46107
674
43552
275176
9626
37282
72927
351616
2278
69106
102687
3231
8331
87815
1797
11673
29345
1453
4978
40450
3585
266176
11489
16063
4973
172483
20242
