7173
29432
44718
149656
210356
331571
70608
347100
5851
1529478
234818
568404
32637
1188488
687343
31734
134136
260554
756076
521
132203
358584
2067
859060
200132
141095
2585
2137
310445
1014539
542978
0
2051450
970043
4049
732
1416555
750583
2104090
22234
203427
1455028
580129
112229
554490
134410
28612
604855
372651
1855191
55084
794301
133008
1204942
864947
133420
709502
967521
1663347
11976
832896
693893
352251
828964
1826
0
1424
968688
258
141310
0
253529
672660
4
402746
1790
262
27453
1786
0
129835
5214
119953
134562
103744
25825
531960
683854
76730
16164
1344397
2040
139618
1519
1179889
12684
461617
195263
1921
64964
680313
181555
137339
438759
803764
5958
983640
346775
207784
0
403575
661249
279
204140
316062
742
84325
917348
134716
12018
644218
412694
2170477
1035
685
15229
549410
984857
205876
267084
2168956
799860
201956
762
335
792432
612137
10365
921230
980933
321554
171876
1180817
2972
567256
1285300
2305745
28559
700942
239287
1005208
637482
75383
563525
1109332
1698420
23422
2377
76108
204
1378465
133034
78659
336768
1297271
850169
1411967
1520
1137308
42583
1082478
1045965
134
9963
507667
117970
16985
616129
212150
1673
75006
109404
0
663060
326595
1756
873905
264553
1179672
27856
39105
2243
1169
116332
345331
131372
37599
976767
990635
19062
203211
27645
7269
28712
7424
891
151777
794416
160432
248109
633
1
222360
749371
120170
334370
3304
31
863290
221
670075
4
149045
1736
576859
1020353
1134
1
697471
863029
756468
461
129606
853824
989863
251
52531
41348
1715643
0
548973
286092
176922
134145
3517
689730
1413
0
602889
1084801
140076
13906
32566
171547
226607
750289
15454
281734
4008
29224
36402
627262
134688
92096
366
1526558
442
135267
16
0
1457631
520
625726
45
251
1124
252219
2327
994646
47242
256817
672921
4620
200212
27
0
251484
420345
663145
26807
759345
129854
2337578
1824179
555394
164
385009
851121
202227
449622
150709
75080
1041319
0
1
0
132879
0
27471
9737
0
538772
261
730470
2001
513020
379
1905
109936
293020
9944
18
1707
128342
1386
43477
302208
66
10149
1209970
112003
7298
132640
0
1141726
105320
238
2012
12699
106606
2247
431385
825073
406434
142
543386
862380
1948
235835
11
868485
15931
17975
10776
39
48127
550754
3070
1996120
2576
6376
1009005
845441
348436
125369
0
793694
334
170274
998478
202314
132821
5
0
4067
536
1201115
75548
1396558
8928
1395
850682
31576
332761
261031
73333
1068399
134748
10291
6869
1222
195318
75407
103610
2699
503
238
95327
109902
24211
652649
549851
1435004
473
506
38675
141480
3585
439
14526
997944
1149153
75493
310415
45902
735
994477
2
940268
147353
28
294641
540
1014925
996314
828117
573321
829429
1369530
539
1441658
320168
1143600
76694
1654232
64
0
12
0
0
97572
1192661
416344
1035402
1657063
7
2094
3119
36438
1138652
543763
272716
0
3
1204419
5030
436055
75324
202482
27295
368
737
133171
2
846037
1318
191027
106403
5
1666
782900
132816
1286
98
138611
519526
535
35
13150
133195
389748
521910
5928
976662
279920
67
33
299393
898147
103109
1980738
661674
43118
1493
93757
13348
360197
651
504
1380
11845
9923
862690
5
550986
9949
157602
132759
35148
637070
213931
461029
52117
453941
499358
1726699
826472
34657
30
376364
2289505
796669
2119602
821
1740109
156056
1141250
2131216
212087
138196
287469
401
5302
127
2623
4
251074
560426
337450
663007
194788
137
2066430
550411
5950
1763
130085
681280
241318
10753
236317
3866
1337934
1129559
1715369
63987
38454
522920
397257
549798
223236
160994
71765
161565
116052
211833
32
149829
338492
625264
178038
1146360
316253
1853
559031
31319
294538
140727
1526883
229321
625230
999538
837881
287085
681680
2958727
854760
1183740
1
549089
1641
299133
540
40304
996427
660029
14968
511803
9740
39185
337
1993159
503
14514
648
3151
636986
850672
1001689
6475
179037
96520
1406669
1379
28862
531
133718
298149
555982
2398674
2030365
12
1552122
1000867
1287485
1803
92149
483
1068079
8
2713
1252
1628
7
90025
130122
359387
7136
132139
1809
542905
351378
929302
3638705
212079
93
387623
5005
134589
385057
3140828
524908
96987
290
349072
886874
83701
27442
1311606
538916
216
302524
1022
850644
633934
627367
1286247
1001059
1200798
632882
1387
367407
2671875
1363
1951391
844004
40803
2535
1608852
1042750
2216670
53671
2076553
868111
678474
35807
1245876
841127
1147471
336846
723329
29278
35671
2
713
10611
1095871
1176676
749742
421179
102084
1908
1626316
88113
2129134
33859
247472
1003185
28839
339100
109273
588577
1899106
737667
607049
193490
18461
6
550148
27456
43274
243
466545
1363
105547
204
1389
110
26137
472
3
211
3505
653773
2065
16370
2432270
272868
161266
71779
898662
998052
691012
85
883460
364255
1135764
214300
1622346
190428
863647
27515
1632782
765523
754170
30567
1
503
1887
27381
556679
10132
26746
1089737
6291
1404
85086
12027
157070
203233
1797234
40085
87577
358908
143778
1055455
735581
448107
4437
618115
1309922
992703
74274
548100
0
175
39009
27455
2195
989263
445146
428835
24870
74774
1795752
408301
17435
134737
377751
579661
723720
1921
1639265
876355
198376
460
560948
76643
12797
133339
813839
15091
103810
120155
1511
95144
0
18365
7412
1
133218
507
1988
952
550114
1756
132883
149044
1862
0
821716
29430
29911
752101
132711
133328
284
115201
575
133421
215956
551030
528938
75569
0
0
105039
1867
10912
304735
211545
481535
1875
708547
41448
832
514
48
6655
902059
132714
0
8706
337477
74781
1694
1264
25042
514
31
0
29
1138705
1386
842462
45455
518495
0
1584
1
537236
3367
132450
255
0
33
519412
133192
55683
92517
1151
13342
1382
11852
138787
27811
1733849
548405
1052945
605098
213959
553
1434810
1825776
1785
258
191025
3995
206801
212211
655475
1025
894078
889062
630424
282737
996235
3404
861507
0
586687
232089
708
747845
84316
133265
101185
132591
427194
474877
1229103
12397
626965
12030
539542
144058
1127748
1771000
1496376
61610
195454
1331
261539
540793
1108126
37027
865438
565654
402294
1456
27302
3662
1424495
220939
576032
988016
244503
1
18832
11430
34202
359210
670799
1519093
203
559715
15
498063
718691
135
158757
76011
197
135052
2
31136
736
407
718184
1401
687410
1756
5565
11825
73369
1
1026282
1438
1
0
11
28792
548088
1668810
28973
27417
822407
0
130857
152758
245963
9414
360440
128839
865363
203605
546035
234611
41904
5901
27237
303
705733
9957
235204
1419
563637
2482
422335
614837
1643
142768
1078784
586915
