34726
86777
112591
24542
1715
90150
6638
98833
552803
90408
17370
29195
26328
7408
13697
2810
27896
1666
9058
6033
13626
39850
654069
84854
4113
5764
15747
5559
860
110518
257884
11874
574333
4849
539207
4085
13083
185284
9658
90192
548622
9852
131256
12840
16946
84002
543790
20256
26265
2819
1714
388
252491
15460
10307
51276
4055
1543
4249
594697
632
907
2833
606
52070
421
687357
2046
87869
218199
3351
1266
2205
6
12129
916
310
1693
5145
87839
1579
1754
19483
13298
9216
219101
83049
863351
59065
39243
595497
979705
4394
80166
599165
1647473
6473
771
1032527
1116
5998
9033
1086711
52613
4023
8667
20627
8219
1101
31888
15017
1658
473
705
7423
2433
565486
13723
1053462
151427
951
77814
210522
79923
88151
5584
15940
105655
4425
1000300
574229
21695
22058
91076
1583
83926
624628
16980
6186
3009
151314
148
9762
946
103707
2783
8953
12887
94726
89988
348014
7954
561971
7871
527789
519
36786
48548
123523
15347
26733
2131
638821
7930
34750
605
48188
69151
53660
65319
20911
31871
692441
3671
1309121
6913
2629
16061
571998
4803
754967
1078569
1610419
36667
26712
881415
64081
3051
2496
6534
142327
103977
17890
26883
816
5
6484
26820
936174
4158
674
0
1162
1323
115
72136
957
936
1135
5970
138002
247484
24177
161686
10261
40120
4498
1147735
7822
605247
2371
170569
22277
9990
16929
9745
26404
3895
1245
278224
10381
391712
64563
807618
98468
96918
2428
134204
105618
610414
0
13351
13848
55
2112
3468
50545
343202
3095
15895
70510
369
627
1631
3484
1287
32115
142301
703070
22418
5839
21446
63362
3189
14610
3940
688633
6389
4757
17578
1002935
120
579
1824722
36021
24972
845164
220132
960771
4340
27563
1807
8121
919526
396
12063
7801
7843
100346
3655
256391
19991
982
1594
8686
434
19463
3427
22403
992215
6706
153
7094
2500
2349
127778
6670
17514
12862
757798
4531
25077
141016
54890
13984
21297
2070
1064
16338
70638
6636
993
88851
1916
548
1246
116830
561843
80825
39892
318558
2397
117
8415
765241
24784
10747
5212
2285
4668
50201
25106
24161
200498
244823
36750
11288
20884
31848
55211
84085
776598
31212
1893
5353
31764
92049
951879
85175
19852
648010
3546
7005
37013
523640
2063
467408
21630
27610
90885
26347
369
605784
558811
523325
5509
157775
524642
830485
13726
1008305
617481
7017
50230
47970
665
65670
6612
313
181949
130503
1900
84098
990779
843
103383
3780
1174
182
2458
12239
3142
5532
31513
2333
9218
19385
5162
1001123
6626
149811
9918
5916
2078
51249
5138
453838
3034
20124
1168
17129
400082
2023
5104
47117
6458
8717
13817
28096
5110
636196
21189
35635
21905
2037
1167
1035632
26080
5837
38778
9816
899591
10842
6962
18897
934242
2135
6993
41
990
10904
1476
52242
986
1386
168
4094
758
7654
3782
3050
357
980
1698
553803
35607
8106
42653
280540
1367
354727
3230
779233
188821
83645
34947
336751
812
80844
90153
448
966
2956
1018
26386
1046959
64581
1514
188378
26584
623226
44803
29907
1399
90142
529
29386
9516
78666
525
969
3403
10023
488
99113
8510
28511
24060
10813
94326
533121
14009
7057
14858
13363
7092
27174
1037478
8655
95631
32859
676866
4247
640169
4665
27408
858198
45352
4827
6375
673245
1345
5447
1200
128222
4101
144
15163
4930
876
2196
977
878687
17716
744919
71653
112572
903676
529376
5113
8132
91563
12927
2358
141059
22574
5505
3695
61982
87983
72519
165214
168270
9693
477749
577
18466
921
139648
365028
158959
407775
3540
1720
30044
501
149213
56725
682108
10077
2731
4962
81198
103731
19443
11157
43999
3794
9861
8826
97824
101709
74415
8715
122947
8681
7493
6333
8922
128457
40380
132645
230921
174842
12104
1404
12280
7628
159617
532139
72393
520313
994475
941
81493
641
533238
10890
23948
88798
1346
470
1484
2874
129973
3985
44081
1804
6492
8
1032139
6325
917
39879
161432
74618
623625
7551
10739
7502
5949
2497
1023037
9524
7166
1161
116907
8389
657273
57725
104425
30960
10470
771
13830
460
5137
6
45811
1
1742
13673
5986
23438
3298
16475
55390
749
15422
24255
176315
61897
77779
11671
149454
96123
117043
4115
554369
750986
490845
30807
62886
7330
10347
19176
22229
91072
533776
12639
720052
2821
28838
3615
52346
108651
81810
723813
1676347
11226
89039
539
5048
16273
2481
8997
9493
1035222
144341
1339
10600
272
31422
55229
608293
2620
3
2461
5892
1297
1515
16280
12459
731389
4019
906133
753507
78753
4643
95694
890051
725646
103416
18766
725181
28392
9910
127463
27687
194044
3698
426989
533565
7900
9275
12662
661631
27877
456
6544
1064
3038
2971
36130
1981
1191
9094
6742
309338
1449
89623
315603
252598
6164
12368
10352
60643
118028
58707
609819
516933
3470
1559
35362
26512
27842
72941
1602
1356
10652
790
304
666
1271
543397
42920
131783
601
2428
81641
69836
156477
2923
365
10528
937025
447
1813
31826
1547
4556
4961
34143
16241
1242
906
604
56772
35898
3356
27669
3477
4949
4774
16424
8468
0
21485
3754
1
1135
1434
971
73946
2169
3760
2083
149
410
197
2665
3949
1462
13
608
724
3394
595709
823
6683
779606
185080
2568
3328
39
253092
969701
52234
21245
526355
91221
6436
128606
8350
13202
65474
6112
1116
1752
3424
26371
52506
22936
644567
7854
184
5739
1808
186066
5137
236632
800515
388889
12322
23549
8049
402858
3141
244251
730
668
1667
7865
1104
141567
14585
2323
35565
1051
2397
1699
20055
132561
7787
5143
33085
33712
19606
502019
2101
3743
94037
858091
621166
203889
22799
2459
6594
2197
304
2840
30907
5800
12763
11915
130
230202
361651
108819
6214
10136
3018
350781
7428
429819
4776
39510
8373
14784
97066
29653
81410
15070
778358
698945
756750
670933
102987
32355
9168
18345
54625
82947
266529
3467
3310
10817
1730
15149
104861
139546
70084
9316
105404
11096
1795
73669
3288
972547
3597
178
164
33502
0
4033
13416
240
5938
4657
1242
65705
8894
643
892
1304
639
335
2914
65466
522472
1112
2168
2111
2651
2595
43523
434285
5247
331
13937
344448
1427
718
2901
34864
5090
114485
4343
11
42290
273430
2026
192874
58338
68230
763
1115
38407
345
312
97990
1742
3542
1055
5050
1646
1733
58729
16989
21648
4808
1211
4242
1110
213562
38874
546565
10295
5245
214376
5697
13383
554978
122103
638204
23954
393
308490
4482
409
3828
175802
291
87
3953
1063791
14624
18886
991300
59124
21415
620
243
945787
573
4269
1596
164548
18129
585
8169
53875
528349
33594
20499
61632
20067
760246
5735
779672
3837
4619
887
28837
885
1000
6196
72815
1262
11327
41125
14545
975584
227
3
2640
9
538
89008
139
1091
330
30907
1766863
922035
453
80387
6148
69510
2386
2556
1417
24860
535
3351
123697
60619
763607
4450
9546
213184
4317
4531
934980
33187
625
2123
560598
3811
2156
82100
1761
65474
816
30079
20239
153
1023
463787
4503
30290
276707
56932
57234
904547
19350
166
0
708
357
8914
3124
12661
260753
1398
13804
1761
9457
5078
6708
19399
545156
20187
77868
101624
761426
8085
1848
3881
4519
802763
2089
151331
50284
2368
117096
26801
12870
76770
105047
14977
200900
7766
5562
46004
1470
556697
63442
119671
1543
5084
987065
1441
831
12939
11002
51271
2573
1408
34022
5741
140299
109476
643623
26669
12756
11024
113390
997507
2407
2459
83515
3275
1468
3493
14663
6875
80183
226589
2376
12323
327
625
307847
63194
708
567744
423
10850
1600
588301
77407
398
12543
2060
509
11325
6148
20546
1049
1408
0
427
13507
11218
1020052
618298
46072
155
103247
4606
2753
1294
3525
7100
15197
1602
5088
533901
577208
96535
324
20446
382934
1954
73105
30385
1420849
679976
260499
4393
18646
2414
20798
31394
4740
8788
948
64825
278
1371
13429
18230
25469
725
81
96808
6440
8674
4991
58541
3634
14257
4174
1731
65793
2702
12671
4732
30360
60449
28829
0
65042
18115
1001
23246
5583
76475
208
6921
1013
4119
980
63915
2842
734300
3272
2
6703
4831
553953
80050
2997
207593
10019
178609
45269
678713
1239
14172
35844
691848
95108
7508
23989
221927
91982
42408
108
2702
258
52529
7769
675
1212
403893
1710
686544
15643
2621
13559
670
16620
66706
54921
3601
160
22693
2865
3474
2337
12250
4807
16010
94509
41478
887
65586
1049
7669
1223
78971
48750
71781
42217
10753
73587
7503
32855
23170
35346
86178
5369
83296
427757
258307
26153
3196
961
870438
13468
32016
4666
11279
24510
917969
6545
55566
908404
39199
3940
14540
11115
71806
93569
3690
2611
52782
29427
78535
2372
10776
92212
1580821
181659
265752
21622
41172
3676
360924
848
1149
1665
236
25282
6856
24156
3896
1507
7176
37929
6468
727
981886
3301
1635
955
3033
920338
65148
19900
204702
150
170197
683
1297
21867
5355
4163
102410
9056
597905
652500
11952
73051
11032
3051
60544
897472
114492
61170
128480
86436
662183
7081
81823
43097
602363
29678
924852
3074
51808
11581
857885
462
10815
19413
1134
25597
3630
1625
21401
63744
22992
1858
136621
5741
15925
79501
66539
7670
47396
5226
2426
68449
8726
24816
73332
3451
7028
539632
3458
5231
476
554430
2725
527034
11162
40113
5818
2138
73796
4484
241872
5213
1735
1043
111404
2488
538262
713
110203
372076
217567
184618
20919
10492
24004
73697
25797
1814158
59964
970457
2118
3302
1453941
53738
450096
3949
7394
1103975
22471
16113
535686
57147
4021
27913
88709
3737
5732
32036
171
14496
1002583
161444
206172
187219
121
235896
5029
3593
3961
9051
1938
3815
181208
68857
2395
533040
135
2191
2066
129620
35745
623906
63652
1317
21800
67505
604646
5353
27225
6276
990018
4363
8355
18135
34957
161746
148217
23001
3146
7842
27480
54518
16898
520
5699
1560
37274
3065
7224
9212
3169
10858
49297
432355
53169
2676
21673
1860115
120286
9629
3663
6202
2877
551
112956
7006
24096
55305
534482
1909
30770
542
2404
650
4337
1523
939
23046
900370
12890
23986
18718
25197
19970
154024
4925
35634
4825
1128595
651
742853
880
9752
422
276
5
186779
72186
9128
293412
68579
9253
1786
13168
5586
6602
908000
112
45965
1243
733
21552
12496
49891
1583
528
512803
1137
5146
1424
52435
36341
496852
1065802
7791
523306
2281
32542
16660
42249
765000
444763
1470
553041
7512
494887
33864
1659
2464
157
370749
6529
145337
55854
19070
534
5228
2366
2529
2124
88562
1523
1219866
31282
626778
10819
41781
850153
1510
9170
139465
100615
82429
107897
7632
61025
18810
29503
77872
179346
4609
18430
8434
49885
445445
82525
1585561
4913
86660
68479
98771
19911
459805
12545
33425
739951
55234
83450
12329
44708
294
19589
366325
1422
530126
715614
10106
35919
1071
616
997496
924910
999777
29693
5835
35660
281
9051
39543
1033
14557
598403
13512
31522
2672
4437
454578
2201
866614
7516
7795
5968
2580
899504
236394
4410
11493
1762
5005
381426
9010
621528
3752
3651
3746
30719
1139
959730
9885
34067
6882
1091
1161
1082
12962
4248
1348
4908
13933
7110
9890
385
73011
97637
13062
74106
14680
6425
117309
18500
148
131382
5486
571
974060
856716
1379
139602
17240
4429
1162
6313
866
369
376854
3116
1681
80046
234
392
4832
14413
177295
2888
80151
12879
52119
1999
2487
1146
111229
9296
970001
22184
6160
12910
1542
185
1349
3751
1275
56713
3529
8759
2720
293
1760
18602
2232
4466
25885
2914
665468
953
16232
3158
83041
45180
16069
141
14863
1628
904
216830
546854
5919
48428
2
2405
1549
27468
265475
1322
2735
1792
2841
1663
332
2929
355373
3478
317
13131
562332
2259
774707
5397
24021
4868
173766
537500
569
85221
529
12828
1349
12882
67132
1004018
23933
117561
902
238556
4739
6332
1480
574
1724
164482
3928
8392
2028
23183
33252
82341
12058
115040
1889
155123
86548
51395
50799
1870
528
79677
154
3400
357
7420
3616
4025
33
1047952
39043
376349
707613
218305
80733
743499
11990
90750
1717
630294
61426
1687
551
463
568
84540
72905
234048
127641
73137
373484
31988
3881
6192
151437
647047
66464
23696
190493
48655
2093
11969
5230
35326
2165
1593
6959
780394
3418
116815
1163
3243
26731
449
26282
76504
213
40602
599829
5714
5305
8071
1663299
664150
4593
73968
5848
75472
158043
3143
582622
322111
79827
684
54327
3345
3557
2329
13188
178
1344
1435
227
1513552
2834
754
36441
30792
2070
5989
967394
1423
50982
6712
6080
8589
332
4819
4697
79482
4960
936054
77987
130819
41838
12531
4758
34640
14183
1308
105115
7828
16538
14875
471
21137
1052975
19272
10267
40698
9601
5717
21656
6678
14687
8142
43121
15562
92182
6156
51518
40540
90926
4069
8769
585944
1323
24747
15557
3889
16580
3405
26684
450686
1563044
898
9840
3142
12578
2700
719841
81043
126767
1018093
21892
11851
151590
103405
276495
543231
91985
44731
72917
5283
1159585
573621
1625372
416551
192791
289
939939
155
71820
133866
113511
800333
45468
6042
656702
3748
242891
14375
394052
12347
5477
154485
26760
12193
22925
15499
1736
3131
18333
88726
3849
807244
12234
146794
795398
62235
1573
602
10802
188869
1348
6122
66814
1854
3014
5475
142735
35058
8614
25815
1052127
94791
5428
32491
129477
208
5665
15703
1778
78563
10886
5831
18023
2619
40767
2074
998535
319
5921
12306
33288
4110
1748
65638
621151
18819
5495
2165
1022459
669870
27088
418
1040
123370
2214
12792
89873
675335
149436
653720
44258
15622
794604
129420
606148
12223
84373
244692
7298
1031454
9747
640004
83986
44180
4435
74552
4067
57144
10534
111181
1005745
8326
3751
108462
7097
151834
12655
992483
99274
17530
8891
14813
2102
21756
4182
68963
594185
44928
83562
37248
27789
185711
25208
23496
55732
81933
329
2709
1956
98022
622456
91192
32391
633302
1132
4471
3393
143026
84359
602139
63782
73757
1426
93601
192981
11959
18932
55030
58686
57293
24356
4578
2591
1761
2246
603
588629
814427
6439
1159
4513
1743
976
5376
76660
393633
37222
815
4233
469
51040
3287
875008
108677
24628
8911
15674
357773
14867
120004
3915
31814
44129
12170
4890
18430
388807
553
1081
53995
615
523288
1138
433524
1475
15541
116022
453836
70036
737
2204
30142
1727
563486
91200
102954
49391
171932
1014503
1003805
857164
165115
577306
99298
8344
26301
2826
8557
663
1936
23444
14679
2323
46056
5311
850
4791
15369
14359
4246
63832
688
264609
13404
9808
3585
3978
421593
111220
16318
12320
44706
5429
43801
141414
78229
32568
73719
63431
9559
2684
15
544913
784
4784
9998
9
2583
1407
32827
120753
991612
5719
13504
42178
27084
21017
4488
23266
30315
65321
5252
8499
233968
1319
10894
856782
386539
247299
975
52827
2426
5011
50801
704
16496
7305
11052
117546
25082
285377
33360
3663
8968
896799
53550
2821
13459
781598
116299
270
26085
14496
6683
43448
259073
7705
45408
27904
189187
838618
116002
80459
17550
3443
63978
134660
5044
2874
4296
1782
3285
3695
858
41698
35148
9473
24425
665492
1265247
11122
33706
45257
1031505
235089
16032
521880
3069
3166
600013
9787
212833
72839
64320
7709
17872
533588
987397
5992
11834
534075
1483
3604
1092
4088
3291
2533
10260
76275
5791
44472
1842
511424
349859
522470
92198
120093
629
88393
2776
84584
59393
1277
60764
27382
14531
59330
347296
557842
84246
8534
452
16758
521
2675
539653
649
61848
2920
232
915
15585
13584
1105
10445
4382
88295
9710
129920
1779563
21184
363399
2436
47339
27535
341
991875
1017
473
784
2188
737
46386
7446
3106
12714
1168
3907
6
23977
634
2631
1032116
18569
3945
4099
1920
91237
4996
11680
5474
886029
3749
181001
1173
203544
77865
26584
33664
3050
778577
24795
5534
576950
513554
49651
847
55672
9430
3726
11847
87335
8857
3701
7026
2269
17213
6777
3431
12641
33751
23618
5214
23139
972242
17059
801762
16910
57350
1059516
463614
858
813139
28156
358169
21071
13811
100775
1449
2785
1966
10622
522278
167060
85726
42332
23099
11896
85342
120692
82198
47041
742549
11918
375
125594
130729
110188
153971
1091611
18952
609939
2878
7283
694273
688070
135117
28429
88886
7293
1
924113
5228
455004
1978
859403
16366
23868
686
1562
1390
542141
23367
5111
165932
26207
9204
2790
369
338
180457
30243
58464
122144
73701
4603
0
477
127
8510
6928
375306
613
45771
28451
814
660166
92292
5699
175318
3729
37142
3076
28824
1285849
5070
9011
56209
46710
532740
8171
9889
561138
18289
9324
105286
13691
38076
772
2947
16695
5127
818617
6206
347
4769
2851
24289
366
92193
236210
175160
735551
3722
69242
90225
14679
8772
1772283
59409
43194
79832
11305
177544
130733
110068
134495
624709
682914
108013
20015
861653
4960
82134
176115
227187
199
9657
7402
14012
863312
6573
553756
19135
18391
804796
1272
216487
107480
527942
262713
86087
809982
115669
32271
26850
77160
155732
44976
50819
55743
19818
139881
708250
111043
27259
4225
57115
3853
89102
8449
9107
118952
749960
21995
20184
2952
996724
4731
647316
29220
3244
611415
14615
28187
187483
8998
8678
29764
6343
751178
21211
11693
15001
240
5352
4930
91724
9168
22948
8375
1907
12473
42941
5909
15793
7801
574666
11915
2656
86801
87083
331190
1638230
255399
52434
447734
317880
144581
42092
690185
264425
64639
1195837
325865
43952
2694
40038
8574
1095379
19395
82429
12037
62117
2315
16321
2672
4604
661604
478760
254796
14710
8332
39497
4570
1635
31598
5878
3687
808956
546505
43177
7109
14581
21288
40912
3647
20504
948224
107644
85266
162217
932580
220704
793
11232
8334
20231
28332
1505
272
9355
10765
19547
6506
9
24224
1867
1027
21252
390947
2364
212929
3019
589989
52247
64385
581778
527644
2345
751301
8598
8744
32
24976
1122
278
5590
236
32745
2006
2831
1511
4180
5026
3983
1435
1272
1742
245316
80228
762011
5372
848980
5297
108764
407
11212
1014218
2665
10859
6048
716364
40270
9024
1867
763
109849
458
27525
41555
894919
12236
1203
18441
699012
81205
7524
6927
84572
51462
98003
652
6152
1449
21963
2987
122771
70631
776212
9281
496909
213936
1310917
997972
384438
14031
113866
1356
14401
2260
134549
306
448
5960
2346
799880
14703
4762
8658
1244
409349
7548
600080
5042
1149268
973290
277036
29523
18169
61345
921354
36319
83217
5476
614789
2366
25006
529777
3884
7183
4657
318756
6028
34994
10940
666155
5636
2315
36320
533873
907817
988
694337
3168
7011
9152
269661
239400
1653
82646
2085
15105
179866
90045
1041521
591540
3944
58602
328139
84379
455
41879
8060
321
3264
9781
378877
557
17574
15712
18745
2727
535
3064
648065
7400
4255
95913
1001464
627
748
55299
646
4193
108
5168
80647
188055
2339
406
43790
2762
455
6779
11424
54298
8585
946155
18345
2323
4775
6991
323184
1967
13309
54563
9445
2033
495
8605
88819
4410
592194
795374
31116
201660
539808
15046
1037937
54881
8605
251205
607630
76304
10530
18044
10976
590
7870
14314
5322
1559
27577
19618
14673
56238
4408
111068
2697
10602
4750
49936
24269
738
29553
445373
1423
176743
8700
34894
6486
520949
400
5410
556
438
689799
118378
2304
72287
15292
46141
555785
667278
44688
83382
1370
30921
7235
8066
29734
73470
6943
7354
82049
6263
3676
24917
16923
8621
61803
8327
14955
82582
462
993610
10970
37859
18153
2209
407
936
191
34377
953732
97138
5996
9129
84465
14705
12253
1864
74730
410
604483
66686
14753
1000089
1752367
44199
28321
8052
210020
1694
148836
918
4651
1760
138949
164
93128
546501
172809
20595
6323
4860
16008
77266
1171
32621
32177
27302
112885
1647
830546
176297
537
182660
81184
0
650
5675
200
349
5343
393146
22858
365173
648
19209
7340
935565
477
20790
4050
1547
131
1873
1819
90886
876
25917
1437
5510
24469
1553
1499
51
4967
1097
3447
3302
1929
1792
28
16653
276150
8998
9196
21518
17751
373184
5777
12242
77654
813
11413
8
37746
51642
133364
13479
54867
907
1246
374
29669
2260
109
621192
9071
21263
142888
6308
9
8116
235
64620
103155
123654
500797
14737
534174
48720
2295
76182
1027837
1246
40817
3053
622
647375
2346
136288
15330
54695
1921
6592
34950
9369
313428
12485
1158
204
1128
0
30880
13527
2362
3
2140
675
728
2788
1
1710
4040
4315
999
245
7496
1101
1630
3368
245
602038
1236
1586
30270
5009
1020
4044
856
112459
3455
118641
4139
7572
7
29835
1403
2914
8082
16908
5425
20901
583
171682
1154
33083
1901
4460
3875
1860
1722
3160
211
2039
6708
3750
2283
38033
2231
3263
56799
3136
155172
1567
518970
237792
538
528
2681
77855
580
12370
15860
750307
553
5742
1878
1406
64809
867608
31260
1865
54405
5286
8375
579440
43325
32489
28893
51450
146
2177
386
5724
777595
7520
119431
18257
202076
1787
9259
987963
351
805
251
4725
2787
17643
3049
275386
535847
5851
10653
590
969817
2560
4390
1293
630731
302503
700030
3343
27676
22980
413
8653
3201
3812
1604
16913
77019
343
450322
543
196706
3279
116576
1217
2908
9
274530
2840
56415
24237
29826
48788
3690
13702
38764
43243
3313
847315
917338
54331
19289
25115
3062
65475
1854
16
1782
5500
18206
497
200
1276
657226
43358
20664
1908
71472
1018
364652
2828
7325
1150
23686
7607
9678
2329
1789
48032
13025
85774
8123
13715
506669
48962
28058
594705
1560
2839
101719
2094
1272
80010
204
694529
8606
3297
5627
4479
24161
930
5949
767
30726
1026
180365
1162
2067
7038
2388
170421
663871
1706
231690
5913
907574
1102
6372
276
745724
31363
558579
283476
8439
16728
11558
3830
1721869
9610
246476
15164
109851
435420
101917
5693
713425
3822
1009311
163
992445
19001
56386
1138
401371
13521
232405
989720
6285
31485
3351
4821
5516
105506
115061
4336
3335
1244
527
248
81456
111188
68843
10725
335
998
12885
6797
57943
59014
211650
15817
194
931
1190
22870
481
771
2493
790
440
3215
20365
54429
25375
93419
67219
7846
1147578
1739
1399
469
17387
6023
5319
1853
827
1920
9013
23688
19755
3454
126356
15874
3154
1034
51680
4030
390573
399
54355
52493
31577
3288
14226
6099
24992
82497
62547
584407
4731
3442
590
18464
151408
121359
15994
1519013
1007552
17237
18526
19628
186054
9461
136476
999236
12182
5783
50991
118574
538
5008
18114
855037
1627
886
659403
25816
114683
626593
103060
384818
90416
4351
20570
30558
5336
3420
6652
88998
494
4190
4956
4449
612701
9603
4232
965
4271
1139
2165
50742
5817
6900
15096
5697
1848
524047
30571
8269
631417
964891
21480
9444
33199
44845
13964
3906
378649
2160
106060
16595
1816
3262
1021844
1653
38065
232875
999083
50423
21134
381287
33347
50315
7278
160179
669450
26526
3460
3653
10628
669345
52166
2349
24023
56141
2739
998
866
2447
346319
84157
10471
584311
2006
533005
59700
7995
91755
1337404
109178
2199
1239
13855
2217
291
7953
746564
10929
1478
2207
2873
938
6091
8079
4304
18313
82209
42976
2334
23427
130184
17785
286576
230286
365871
4823
814100
17335
68160
85347
6484
9370
4850
9454
707613
111745
412957
89422
541429
67102
37649
7553
4650
759287
7122
59705
94222
691572
77756
211598
8277
15396
293046
901639
75878
112249
810798
55826
5544
48952
1448262
19791
38951
9519
423
5848
1403
103294
197610
11272
447434
71933
12520
24748
58289
288520
8780
3791
49606
1301
15322
972394
14895
2325
661
11028
1829
67761
41099
1298
2006
1239
1590
2322
13478
4123
3104
101178
22094
3152
56778
47295
114908
17040
1372494
12343
4175
7492
63231
630605
968
98960
523413
5189
140111
247
8721
16337
19819
35554
119605
1154
1935
4684
26029
277
1720
185866
5351
654
6452
1622
41168
905
642170
916031
682030
1727
6137
16637
1279
5363
4574
38338
21
453
617968
77619
9506
411
24827
8588
1016012
264
5977
502
2195
6345
1084
7676
4771
803872
10180
2253
931334
259088
5683
389810
12122
5189
6472
1674
1689
1559
2
82956
544
6132
10926
1659
4714
91039
4094
22676
121105
95872
8407
47640
340158
916
126
255
6039
1841
548899
903
33669
126088
28598
43300
182726
5473
1082
20953
56831
1260
410
481
331
30384
2414
30327
1241
117411
462
0
67663
0
2566
579028
253
15
10
88976
7933
1815
47229
912797
32390
357
287
19479
1278
2836
2080
0
16142
1650
618
4731
4557
385
26
6671
43743
369289
18597
1460170
433852
2161
1175
4189
7427
174
1433
11543
12914
61979
8814
1192
35204
25982
344985
5791
8735
1585
17616
989
2574
5634
690
4190
1187
999581
13365
571
5527
23768
86635
15344
1668
3329
52174
1960
4410
570207
36938
110550
2270
866288
8853
315
2728
28160
2
11637
394
201469
11422
32617
5
6754
19812
367726
456310
16209
7314
2608
2892
67690
184229
181547
891787
22712
4743
83545
27391
54145
940141
67516
2296
3022
61603
253429
13183
1110593
31995
158764
2852
118569
17482
544024
14575
3266
9859
9023
3186
7028
16249
1667
303
6332
10991
17286
137134
1217
1565
13511
1117
1008
347
105247
5724
85094
33750
781
14844
2754
85
11739
5210
11670
2248
811
17234
4313
40250
2578
1511
6704
72144
477
1429
34257
7256
15027
18926
51361
1421
565025
538108
2043
2146
28269
900
99607
14084
1589
15308
4597
1938
22788
26181
5304
8086
7886
1713
