16728
14036
78138
7654
574
102487
18910
5259
34607
105488
4162
17935
7882
6545
21873
41
8229
11346
3687
5395
33689
31840
931579
13111
1874
19696
12113
15609
5
22671
10120
2875
33294
85
331107
10
8197
629790
23637
24257
46359
5522
163668
2397
49839
288437
30722
11001
7721
4402
2361
0
231917
28195
7915
72963
11533
615
2291
579826
2181
74
46
503
86328
0
4257
0
26174
25628
4
4586
11
0
5745
3757
0
10222
3451
3756
181
5727
0
28079
9008
51140
38705
961783
12546
80921
843157
22165
6576
7421
17515
1042317
6976
0
1010534
37
13899
6325
1016841
26575
1886
8553
34199
93
2
24598
2600
26
0
2168
95
0
619034
3
912201
322654
20
4092
12652
38386
10599
827
7361
293177
1858
994513
27696
2765
4579
22450
3767
12751
334884
14888
2701
44
10
0
8881
0
39646
0
4750
8252
92868
5157
721085
2945
344052
20381
316962
30
23022
9
88374
20642
252
0
98975
5198
6043
0
22082
84509
290273
123096
9186
25703
2429
0
1083186
18154
2059
23430
50553
34030
706746
975766
606509
273653
24475
6439
5217
6946
5860
4672
44774
7853
8
7696
0
0
12728
3301
379261
1362
2
0
2399
8
0
0
0
0
0
6362
38206
231501
5779
188105
7679
118386
11
770948
10612
376492
2486
371681
343813
8565
53
23866
42416
239
590
27622
1743
297539
143522
506394
30589
576631
7
46126
4148
591809
0
573
7366
0
4680
68
34551
0
2503
22061
116
0
30342
14870
7889
208490
42237
252410
746372
58468
1858
43616
69811
109
10692
7229
5775
526
6360
69258
1006257
2533
0
1118704
52535
26511
146306
24560
281941
11
10086
410
150
908294
4584
8532
580
7143
102400
5749
383718
805
24
2577
18862
0
28214
2863
11239
960306
3729
1014
4629
2728
0
49832
0
15660
14466
789324
15438
28866
55420
67577
21014
38554
26078
39
3713
56
4866
2578
83129
161
0
0
32256
28237
69116
12906
226918
384
0
4503
115806
27930
10053
124
524
3003
47783
5287
7739
52857
23287
36351
4687
494
44237
29489
7970
892329
10782
30
7793
11069
7962
252146
152649
2449
893831
75
6734
26251
5819
7294
32694
14368
0
600342
4725
99
42966
3344
290094
3815
294329
4744
282693
4011
1023162
29099
5274
19634
8327
5
7853
6979
5
3207
345333
0
25491
979437
4036
618446
2690
1903
0
0
4514
3166
5839
27796
771
3951
16987
2304
1004012
8257
3321
25667
0
156
26166
2
7057
17
3975
141
92
53916
0
288
39758
12742
4670
7544
28026
21
287148
2434
270865
41755
7
528
977779
91859
7504
22341
310474
848579
1614
9670
7688
358429
16
16785
14
0
4633
21
60128
20
0
1124
5754
82
23
11009
2553
0
0
0
329550
34631
12357
318470
469507
851
17873
3
683889
141578
88219
19017
290943
5690
287076
594369
4
15
540
27
4494
933289
78485
3338
16287
275
5428
3767
11123
0
43039
0
6345
5562
5124
0
0
640
18426
31
7127
7391
7232
5376
257955
34240
7415
5948
5275
6149
17925
9109
74051
994599
176
36594
5297
323399
2016
62882
4141
280601
335342
288302
7201
14259
642237
0
5290
166
78994
1796
6
6007
2403
2676
0
58
768329
46
594997
333818
5459
952457
318132
3958
577
32781
46056
688
306091
8770
2008
9320
135350
24319
2286
324527
249883
6336
395428
4
8037
4895
7473
16634
634870
405439
2868
4493
7831
530
44438
22798
317792
5858
22597
3772
591684
18661
23331
2783
29712
6565
4249
8435
96445
200175
136974
523
22791
12113
684
3992
1574
2410
16004
297670
396712
18155
3048
6
0
7448
234720
286707
55086
20103
977319
2552
45298
1891
320402
26
29548
4931
0
1
21
37
335424
3083
7972
6772
0
0
985607
4284
2601
53664
83341
4609
73424
13661
159
19768
3856
3982
959811
4847
339
5
86093
5777
140527
12653
7620
9647
5419
4463
5236
41
4051
0
4277
0
4252
18349
0
8021
8192
2838
32360
13179
12332
42
98619
82309
11354
10180
572775
149
101984
1712
14725
759741
16670
17385
19356
8563
5652
8054
26788
276397
12314
3134
22564
22
56950
157
2705
206964
156559
642497
1642322
18222
68687
38
13278
24363
1191
4585
12978
614632
19098
32
14851
16
26107
9194
616816
195
0
1022
33961
0
43
1956
9736
703854
6294
952682
599750
3429
1099
64555
595370
14369
2536
6013
904972
8046
26
159875
7110
7911
11580
594562
6439
6327
4512
1935
80184
3631
3335
12
0
6990
124
19630
622
2013
3456
16532
278028
4680
9944
296538
195426
6657
4191
4091
16739
9515
63007
574067
304660
2519
1586
11300
7696
173
0
30
2279
5939
285
49
30
0
364576
25070
41009
2211
4688
576
61705
5783
6
56
5200
388760
2344
3335
20371
13
6934
5933
42266
6178
0
0
23
51025
81080
13585
57746
7
0
142
4310
3418
0
44741
4467
0
5
0
0
2661
7207
0
1710
0
103
0
0
5590
1993
0
66
0
57
8869
7
10895
365895
161129
1554
3159
40
243822
970525
36432
882
44652
271685
1511
170685
11001
20142
57476
312
9
6022
1480
97516
398215
18317
628813
6290
0
1122
0
147423
8557
136876
563602
26646
15359
16195
16450
368560
0
28291
4
20
0
10118
4
331781
1738
4196
43311
8197
278988
5080
60379
135746
18787
16761
16548
10195
2390
613946
48
23512
200687
625160
21149
30550
35999
25
4827
4355
3
94
7715
6490
16462
14894
82
10608
325056
131386
15391
6725
235
9593
1600
344144
0
21030
4341
9472
119453
10696
332586
325448
772712
352774
717245
124636
33156
25574
22299
47588
304993
610291
238785
3
17764
144
0
17397
48565
71027
64570
5084
2063
14040
660
46
14006
1033530
1880
53
0
26483
0
12950
572
0
2358
2640
0
26
263408
6
2955
13190
4679
0
0
113768
8010
1
66
0
1
0
34600
7891
19
158
42305
0
0
2455
56
30143
1070
57262
5009
0
41328
519500
29
63557
33660
62352
3328
1372
18148
63
33223
39053
40
271
14810
10420
70
2338
255345
18588
203
1486
196535
5529
11733
80160
30587
54840
17128
14907
260959
3202
20642
326712
498368
205791
28873
18
317726
2554
15
5589
4591
51
69
0
1001855
4890
27409
970344
20699
30658
3687
0
857928
104
0
0
24393
13420
1854
17341
29150
319151
17659
7326
80834
282510
17972
2557
706139
432
29
0
9038
2
0
4478
186610
6218
19362
38050
6566
964547
1865
2525
4671
0
18
316967
3343
4634
1113
26581
402935
908943
577
56371
5126
101104
143
18
11895
28444
13214
341
24644
29173
117535
539
547
23190
1727
1225
227737
35360
11703
0
3718
8214
32
16222
0
26434
0
22903
17802
3999
39
7493
1
23823
22040
313090
14203
1158793
7704
4589
0
5
0
2181
0
10013
256089
42
549
3747
0
6395
15970
7256
12049
16936
71727
33616
649755
12974
4437
4072
4378
946306
11
338272
121833
286565
66213
9906
6268
32720
636798
25755
302742
1051
2692
3471
3483
140662
29395
31993
7
17557
979141
80
8
0
16260
14648
1778
79
26343
2835
50149
8636
84925
5483
10593
6592
227385
974119
7982
4398
6491
12158
0
1341
19056
549
87015
13091
4907
2183
9
0
282534
114206
744
362613
0
5977
50
51370
2887
0
6438
4717
0
9634
0
49223
2661
18
0
2060
4587
10494
1007034
312738
42240
160
434385
4822
1873
10404
8023
4717
2525
3301
21717
621575
5913
17278
13
34378
402441
147
68184
22031
1375532
120979
253784
1534
18160
91
45574
26536
12949
687
13190
122415
0
227
42446
21491
19806
60
0
36155
10644
3426
1005
42420
8992
9541
4364
5801
13351
0
2571
3723
13755
80859
2330
0
136151
73
0
61977
11761
36972
1879
0
21
0
0
22901
1707
14740
2904
0
22554
0
5443
42952
8
864736
2775
839104
7016
88654
8
167
9361
94812
201803
9905
14115
15349
2499
44112
0
0
0
38480
219
1134
3388
513667
1005
108200
9813
3334
38392
0
256
51502
8826
378
254
61055
1
126
60
21003
1751
532
10123
43346
2061
53540
73
1159
1161
4348
50932
3066
14348
515
69786
848
20449
6398
11870
26064
3062
11938
479148
31366
5371
73
8096
915778
494
38433
2388
5239
7408
316536
5687
38028
195074
25527
52
80
4849
64335
31416
2644
17
30183
28363
10407
124
5360
8323
1609315
163251
352938
13882
9107
14
23937
10357
2571
8
1513
1379
4262
1793
1627
6252
88
20755
8459
963
949142
1713
48
1871
41
211557
37881
333
501882
222
89521
149
12
2457
1
2379
95091
3221
842383
588964
6162
16188
2023
5324
15995
292731
116954
28807
118974
337238
844167
2368
43784
475
2885
165
192323
7271
16670
853
78781
0
233
20672
3922
23775
0
58
14937
2280
259
28
53249
4985
3635
589299
135320
0
6116
19310
9
28853
4821
3768
0
0
292607
47422
0
28
0
5897
0
286873
5180
29239
1883
3563
146705
244
4982
8230
286460
9956
56824
79
5980
0
13212
41209
241679
4943
5007
3798
20941
2111
33780
1658056
59463
1203471
0
9478
887942
6071
197894
3503
11402
473738
12787
23488
346446
27070
14303
64947
14110
5909
1873
16867
2
33459
1000023
42895
8383
22769
0
126486
10292
5852
0
1902
4426
0
6135
63776
8
292670
1717
61
1965
345051
19088
493996
74438
2337
7643
45289
352953
5795
2133
3037
977341
10088
5777
14995
37657
449011
608370
13063
4370
36145
85
54494
3884
63
661
9462
12941
10248
8051
35606
152
8886
0
3239
1800
2500
5929
1901762
28287
55
19360
1773
1711
0
60652
0
6355
79476
6763
4884
24771
0
1
1
2605
719
127
22066
205804
4353
2545
16605
36079
6109
47530
60
44969
2282
1015308
8
848331
255
10344
0
245
8231
113524
0
643
100037
40383
30081
2808
5524
15
83
642255
0
144
0
0
10694
6860
24770
0
0
7091
0
2512
21
46977
303918
2639
534904
443
48731
10
9185
18207
10914
935372
363053
0
244458
24625
712747
587
2004
4369
0
45421
140
6082
26017
2247
0
10
15113
5205
43
6960
60
420739
295982
69426
5567
7028
280690
225
18847
107906
27299
121473
104197
24673
38001
21787
22263
13519
431348
9048
8611
26
2629
237793
99945
1272708
1888
11026
41568
301
18850
208
9156
12244
47028
8061
292289
9900
178
97
41695
358719
5
550
569210
15272
2551
580
2
937039
189971
1009039
4075
16711
68905
2386
15579
584
1061
10
54148
17096
19256
2778
15
120283
3782
436634
308196
0
6896
3160
851042
2765
221
23
7063
7124
381130
1152
616636
113
368
3963
13201
5326
382685
162
34473
0
1
0
16
6325
1600
823
14510
18210
6313
759
2350
3323
4907
1774
138
11604
4355
169067
7990
0
329111
4656
4805
945113
890028
2166
53582
596
3107
4
1315
1057
2471
275078
519
1
590414
1
7
12448
6407
227604
8165
12812
75
22167
0
4582
1
28626
1807
622078
4414
11935
27201
0
4489
0
2544
0
15635
2900
10939
2120
4355
0
17564
17
0
116
3649
88444
0
283114
0
274169
134
24161
0
292726
0
525
287025
334143
5273
55259
3
0
0
1556
465887
818
33
28
67
0
233
0
17717
0
3562
4772
21441
6362
669449
3393
2301
2712
96115
335639
152
93460
0
6175
76
1472
4462
998461
23000
194784
8
102313
28
13472
3584
13
1788
409599
14660
14601
5
40565
11827
590976
13064
18589
0
2641
1718
109207
33553
44
0
576128
3708
2495
6
3699
8518
1486
30
853148
66531
22914
690461
303286
6168
906688
2531
79235
0
49390
71167
3340
394
0
0
81859
0
41355
4303
94
36996
3513
7242
1229
220769
27263
20951
6782
8013
8966
394
3016
518
16719
3
0
3730
976918
185
54252
23
194
27098
0
61888
0
124
61191
39456
9903
0
589
1004724
658511
6284
2437
18
5204
236775
5682
589109
329855
292624
0
51682
8397
0
635
24517
0
517
52
0
934510
2283
6513
24183
0
166
5389
984534
0
135256
22
10822
2546
1
493
7513
65546
11572
277714
89910
107083
17955
3037
5929
263157
2424
169
76868
10307
9699
28003
302
12714
323032
22630
4036
18445
6098
4687
21989
16003
11506
5208
68977
28014
4927
1813
33238
7685
18472
6631
11049
569223
2743
74015
19266
2446
8247
181
23872
8107
1001188
7001
18258
196
310
115
964588
44761
299595
994525
5492
5314
0
20687
101895
327578
81853
10774
26143
1883
942845
58860
598499
11650
10506
0
390026
46
0
40144
73872
575960
332678
12445
299314
0
42223
3233
34554
22516
258808
284882
43730
3101
74510
21650
68
6
8530
116534
4433
829238
6229
65474
823811
97840
12908
97
19892
16832
3274
3285
62298
672
3489
10429
84909
39659
7311
83
329569
469631
13976
317
345542
2
4645
2067
118
18557
21
1759
0
77
28080
59
1036186
1615
964
83
16395
8663
2563
61231
488683
15704
5407
508
1002524
9493
8620
36
2322
7541
496
6384
39173
327603
255405
646140
53038
3152
745471
333437
319160
2472
36189
270658
11328
1045423
7780
319434
0
19076
0
53183
118
5620
3952
81435
977311
6506
0
310135
10747
53983
18405
965810
8014
39816
4560
2232
4255
18859
676
9137
48307
26647
280756
5473
39559
401264
80352
19224
16
591296
37
7668
23
66120
539075
129756
310702
85789
47
208
16540
60624
22393
582595
11501
2284
327
319743
56580
22078
18333
52139
51813
140385
8000
1
0
6398
0
76
8934
485347
12343
242
12662
2
141
2626
92305
53650
13699
273
5137
5706
148065
1454
629150
9902
5654
2986
42485
16241
2520
306667
280921
55510
346016
16371
14699
17533
383004
0
0
253236
0
3489
0
7732
0
9793
57617
619539
63989
551
57
9948
535
52050
38213
256189
35062
2806
977313
955964
787031
25287
334560
19097
2494
2686
7144
5168
4681
1896
36992
35864
22599
30170
2224
5
3364
1728
16643
3
574771
0
232569
3758
23030
0
10435
144923
340733
4490
70
94623
6686
2752
67430
3037
37879
30
81076
49
6529
6
10929
0
36260
8496
1
4886
0
48321
118186
971265
1633
5213
118274
37984
41303
8354
10355
17185
136064
13715
20
4144
0
293336
910728
45576
24148
0
36660
1683
10782
4007
83
2623
233
3749
53563
6386
294914
1072
3997
9630
197334
1856
2067
2299
671919
2524
0
6071
9945
9644
3201
402565
12
49736
17963
126907
1272167
2881
21216
23807
12085
4431
47596
1622
2907
10660
2572
1228
22
96
44594
8494
13296
17911
659982
327530
6945
77600
50358
1035800
124787
3749
287646
1971
598
380197
8674
502288
33972
55748
8335
32501
6265
975556
17973
9
6768
2532
15977
61
2
2436
10348
373
50522
13
8231
1891
7555
275682
40856
291370
115430
0
3985
3
166
32489
10
24961
37488
555
698
148792
4113
38961
7658
15172
17753
0
45
20400
16005
70257
2644
3
3
5828
21353
0
6733
12254
1946
2873
329712
1778319
13
280153
0
44470
16716
3
624245
0
632
6073
0
0
237
1748
42
1608
26
245
39
0
6460
2
979140
2464
1813
2487
8231
129
210
29374
51
865857
1885
116725
407
76141
3091
23257
12486
3738
711473
7268
0
31581
6884
44327
2
51693
12931
1232
24653
109251
2506
2421
511
3473
22256
219
7086
5476
35433
12257
3163
25637
22117
23314
1234728
6
22622
961842
12696
2
602632
51
25129
39211
3917
121976
2921
135
3466
33247
315240
348836
12701
25494
68156
84
80741
17571
5766
2006
751272
12813
2
18729
52354
83556
305586
959187
8375
17660
1909
256
592056
389359
19179
199
11518
875
0
111070
3534
141864
56
629185
4104
53068
16092
249865
0
743327
1929
17951
1921
6445
134
1898
0
0
232078
377953
101474
3063
8
36195
0
0
2928
4327
1
51130
0
3073
12691
1515
646070
85
0
108514
20074
2331
13216
21795
338324
8207
3875
3812
2623
6759
16026
17978
7913
290908
0
56473
406
39181
69
0
27207
8228
870322
0
0
1891
61
0
17
6775
233147
13521
716656
53
75650
112010
13228
1973
971671
33968
16471
91555
287334
342968
79021
591078
51957
26122
116061
2695
833
627038
1791
20345
227732
183163
91
2250
1743
4575
283664
1994
21316
11537
14455
854101
1881
149926
116600
23700
469000
36176
590531
97266
12197
15359
26236
99580
89208
39177
11584
3820
145237
22644
42198
27530
14701
7555
53
77917
18102
9026
90608
38608
10457
34180
1912
976213
8060
331472
32561
2530
19886
7685
27969
479771
166
830
13218
12299
28121
8455
8412
8434
20
47
177
102080
183
6038
22501
83
7381
0
13446
2799
1827
361256
246829
4228
98604
77778
229147
437243
405717
23063
600678
332426
65282
6100
662302
387127
7510
1555785
331367
37888
443
5143
20677
1059066
175
8184
5182
25008
244
3722
1546
423
341608
3645
232422
25849
14055
29552
4901
281
11525
2439
1749
24384
8421
47461
2183
11956
13167
7710
1787
374
594529
335323
0
191254
261134
353545
86
329
19
205
16147
1600
18
435
15161
41700
13220
0
29
3895
16
40257
355936
209
13594
2415
22841
2562
58012
592376
25596
48
595944
0
516
0
23704
0
0
2362
23
1148
1
0
49
575
33859
0
172
0
0
228652
73540
732421
4367
161256
0
37974
144
13821
992298
16273
5679
1628
717463
11626
4159
0
59
52442
44
5789
88207
949462
16947
1080
19492
587201
968
8868
2442
5661
59179
2299
0
4712
7973
6
1969
13072
61192
568915
760
37843
366142
564777
990496
372507
3676
4878
4
18817
56
138906
6
3
25
4096
706098
9321
267689
13402
2551
286571
5617
584994
2517
128287
435012
425274
484
0
143594
428570
13661
70426
595
612161
129
309449
3923
8944
3772
20776
323872
1299
19963
7208
653401
3235
5868
182
6411
850867
4
667398
1243
18068
1302
371197
6207
397
18527
2708
617
607064
52535
926495
58558
6088
62271
348438
10503
3330
37950
7070
0
0
0
381680
18
1162
13484
4301
1096
2
7566
647137
4521
2053
18113
1039039
0
113
13062
0
6983
0
1559
0
29275
42
1961
18383
0
0
26740
3444
3405
9764
382359
6349
1861
4221
175
284398
74
13165
102359
10295
0
0
6251
3328
905
299201
701951
46523
22682
284
5126
1155073
21736
467
232673
592402
6354
2270
10281
21609
1798
389
13081
3822
2613
20612
7491
9021
16316
678
20662
6173
1479
15303
60829
14583
77
7978
578077
1365
4867
2714
50164
418
316035
0
5956
631
6
2969
22091
3330
3718
214
3355
14477
33774
38365
9061
1789
7659
2149
14462
168
9508
49
13601
2932
7030
6482
63462
11926
9029
40079
181
331
140856
773
976681
441
41751
0
634
0
0
0
31760
581436
302482
4656
24350
290658
18655
0
0
2499
2306
412428
68418
12385
1009142
1129778
35529
10227
7159
320020
11916
66542
3853
0
2181
53269
8
90135
11502
264339
2875
953
190
3103
7170
6238
27842
8735
19118
598508
6
90475
22090
0
3030
592991
0
2471
79
73
0
68
45745
6675
272648
12
24964
7588
381448
0
42825
8109
0
13215
3343
23
593969
16
13087
134
7211
14
4
4975
49
13352
48
6919
5550
5
6383
129
5835
272379
21855
18379
13640
26660
336289
266
1702
37
184
12826
0
26047
737
660
139
31076
2
0
23
3275
0
2568
69449
6505
67971
17225
3637
1
25
12855
58458
286655
622406
21680
69
24685
0
1808
7
615104
4117
49
1032
7
569562
8989
26145
7636
296907
57
3335
16350
63
286996
4187
5
1643
0
0
62845
10056
14
5
4467
0
0
6
0
5
2518
5693
0
0
5292
0
0
16702
18
590009
0
334
136
3541
2666
2493
4
9496
8884
211925
3859
6299
0
11288
91
6046
147
5556
1673
21394
0
123104
93
29109
0
2358
4785
7640
0
0
0
165
8
5018
0
21507
5505
0
255219
5254
47304
137
48857
222671
0
0
0
73540
35
28340
283112
703946
0
4367
0
0
262978
182416
37399
674
480
21
0
8644
9025
26283
39015
12413
10
4668
16
6330
632930
9673
13264
25605
159642
1197
13
990184
1560
1
601
16190
9421
12266
228
386773
325422
0
14351
0
962797
0
3716
6
33050
319623
675130
15372
18743
8521
0
9635
774
107
0
0
37967
0
6741
0
528159
9569
33128
7334
873
46
469297
3327
46024
60011
25996
45404
3401
14549
25258
102764
20528
896377
320987
54907
28580
26609
2016
96283
166
84
0
1224
19501
0
228
0
583777
4391
11045
7
714
3
17938
1374
13141
25
90131
3053
283943
1
90
120209
4808
13763
4544
6247
304658
53243
7078
369576
4555
1859
7566
912
6
72566
0
592186
2920
2707
177
3390
0
2412
11771
336
7060
0
141789
5
0
6299
6886
92824
356876
0
124073
2544
649137
0
3858
0
516369
14407
190583
283987
725
3726
15353
6494
704292
7498
214896
33377
315472
3487
55604
19608
6220
2001
917155
14
979145
4422
11351
43
410554
10057
8286
975706
250
26377
1
53
470
6102
185288
9461
7
5
0
0
67508
18270
28930
18262
4489
0
13251
14
42129
264182
274616
29588
0
52
0
23857
2301
2715
2390
0
1856
7851
2619
53695
17851
134349
265975
3701
712135
283433
17
0
22600
3287
146
2967
459
266473
10339
60079
40253
7
135541
13821
8397
2620
30222
166
810910
0
64097
20714
353
17062
10220
11309
29191
666
17388
571516
2444
0
2293
4900
5
144806
9675
588999
394613
21115
13343
81
359828
10177
187871
997112
28578
2856
30125
203960
4
2093
77
623009
8663
0
161759
2258
24172
317478
321214
376945
9
3851
3984
45470
7265
1996
4174
67908
12
1979
134
20994
594158
26450
1
1
8100
79
15
144000
1525
6055
301058
3408
504
3689
1499
6183
314712
800155
29574
13704
53510
31275
21
8647
35054
1709
72349
2057
85
75
1019809
13
30920
17428
1197505
36359
3214
320053
9024
25387
83
103141
928206
15922
4096
1233
43
670386
30847
3652
19113
80004
5896
4
202
0
689
2540
8310
51280
51
6377
70630
1517
3723
1190017
42236
5
2
1940
2
0
13531
673540
18839
1259
4297
1240
28
24
3536
26862
815
77603
75770
16097
26196
10289
16294
385745
18647
518274
4537
8989
45612
283920
1555
4240
290903
39050
3548
643294
118084
64239
6112
24933
303935
24073
7034
9
716232
3256
568360
25873
110571
36158
225159
3786
19697
318908
895572
17749
60995
90303
16091
5215
14248
1009034
5345
45080
19005
0
12
33
364125
13452
7191
411319
595363
2655
27585
3759
234872
8310
46
12223
5933
1323
303833
16366
1515
29
8256
2600
53993
20904
3
0
2
0
0
15456
3386
1629
29478
31467
8979
43697
10575
9579
23194
1618258
31
15482
6590
71441
601990
0
46775
9132
13378
15132
24
54
3176
12848
11531
85572
3
113
13938
14933
6
0
18187
0
5
8035
8041
85417
0
433866
983306
592828
35
177
6847
85
9491
409
62460
0
3712
28827
0
23810
52
73474
2434
1003953
0
0
0
0
2094
12927
5797
4
363782
7723
67
687838
593416
78
49112
17046
6895
3591
161
4993
2633
0
16127
9
27
14005
6512
2905
7244
0
252258
1
4102
6522
291695
276474
1716
9
6
5689
2961
591080
0
1072
221689
13099
26493
100992
14663
0
26417
256739
0
0
0
0
53029
203
25515
0
14363
0
0
113823
4698
0
6417
0
0
0
252581
9780
516
46883
330100
79024
84
0
6142
0
5
33
633
25190
15
11
23
4251
0
8
139
34683
322978
10208
900827
12231
11
6
5673
13
2151
0
1722
17666
128062
18588
3251
21032
0
0
3
10306
3
8240
62
3720
5165
4736
6968
33
996996
30826
15
8223
7051
10
8721
17715
437
143551
1052
443
295977
7805
52873
5906
967081
8332
3317
4460
44543
4
4525
13
42941
1620
19170
5
173
7673
519089
108
9946
1352
99
1448
11152
260581
86039
944224
9112
2522
48836
25121
13623
272117
62176
2
3332
61329
233139
28777
597643
14154
94868
148
18145
18271
329399
619
9229
369
4591
0
7232
41621
1197
23
13693
21948
254422
49408
1748
1092
877
516
0
342
2591
25
251961
56502
12
24097
27
64
21543
3344
1722
2570
16
11859
9058
45220
71
8298
7906
265441
88
397
9340
224
18254
18748
14473
666
6251
324014
8862
959
15793
36
2154
227824
432
3843
11695
10757
6309
6585
990
13020
5249
428
