18692
24385
23104
13860
7192
30097
5610
231553
9540
68383
21308
19704
5095
27057
24481
14055
3667
9195
108693
2307
6428
103140
19101
123268
41890
4913
14432
13114
44356
193012
408744
44422
49833
44783
125882
6489
179265
759188
671918
201765
30080
40965
144460
26079
59329
211455
173197
71573
9528
14436
7481
8613
7818
224966
2634
16846
15712
455488
3973
9069
4767
79041
13178
2506
7410
3848
172085
2051
4828
355544
5505
17474
16550
10710
147921
3182
9560
16744
2467
8998
3890
9127
195517
25216
7887
105516
31353
151412
14057
26861
52384
152415
10246
149725
180800
26500
21878
1303
17708
53428
6774
302462
4087
9116
2813
21756
13488
31889
2646
6946
21564
14915
5510
407372
40765
25832
9546
273241
6900
218191
157172
339223
352008
114012
8674
87410
79907
4556
85500
306856
728542
97431
23411
19921
20969
61073
29286
112752
209249
27920
63527
12384
9516
5869
8890
440297
27459
22829
202870
454189
10235
424176
116295
452982
36904
749386
55544
193852
107084
18622
83755
33156
16040
41816
90524
301762
354634
160095
56498
94647
101309
93559
16908
79325
26769
135570
15920
86799
19673
15602
157467
26147
36100
467253
101316
143104
131805
22563
68886
54883
90569
16853
21287
70255
300746
4532
57271
200084
691061
42881
7609
34426
21187
8068
7390
15339
6988
450574
3847
32954
17812
19150
11906
195408
15614
22238
1097
3561
219216
1422
15887
6712
5106
282534
18676
109853
4492
23122
16484
57724
465216
16207
244525
30459
551485
8447
16597
830
24714
4833
12876
243902
657
281793
1599
492860
73054
17917
18484
54724
6782
2041
5527
73609
3798
68874
4059
1493
34659
5781
3557
567
550
3063
6956
13307
18627
157782
1807
881
473246
919
1809
3021
12571
1528
231187
3542
120109
2865
1808
904
1393
4527
1953
7339
104429
8791
130750
1936
46343
11042
4317
2124
3857
13418
146841
5211
10605
3336
16890
7789
13316
7578
1164
1652
10636
8855
16313
5228
6500
8557
4156
1275
7031
2738
8421
2728
10811
5506
10255
11116
5760
15739
6455
19474
4534
1968
207246
30382
11157
225615
19782
3007
7296
9769
13947
6457
13911
12085
7643
9474
83786
22725
8785
41325
43787
7988
1984
2580
248531
8718
10985
38395
65000
69552
19821
3046
26445
16319
45438
294959
56492
140143
27575
356
143222
12120
171281
34322
10427
5767
6988
6054
35278
111085
39758
108158
223593
11708
12926
1843
190423
12655
252815
3938
132646
15347
623
762
5544
5316
11509
6170
7263
18017
16656
683
65436
1752
14149
1632
129705
27956
1694
7458
466164
7231
5202
1343
2159
10152
7419
51456
162835
12464
29113
4805
414860
5232
20076
132249
4747
363647
783909
105588
25817
17873
523787
9572
32011
9287
12436
8910
416068
8309
2652
3353
26206
7742
11020
389236
11153
103803
179589
5010
21870
2146
2025
7478
4240
7991
14945
6415
381229
11062
116526
3736
11548
4185
9419
5982
15127
5608
6813
8506
6749
4608
27981
4069
223573
24452
8412
32662
22117
2772
6374
25169
222398
7013
17226
312925
72530
28317
194135
85736
30950
85082
125113
149367
526984
46050
35244
62535
44918
53275
17905
6777
6873
932
6943
1122
80263
10331
218708
4711
19081
1527
52957
191663
6981
39307
51506
30136
234779
16354
253215
11280
49627
28199
553830
348545
364528
27288
145586
6969
24193
135240
6531
1804
15701
7441
3842
809
20720
929
3757
2491
27639
7605
40816
4760
117189
126571
55710
7027
28428
253869
5830
12018
13295
108939
217777
27724
252075
163608
142670
74949
212988
43655
82636
128256
12365
359742
16105
366
49524
97858
6680
7914
13591
171004
19462
765
14275
4254
116909
304049
30862
69345
4433
283581
5085
162254
3861
725756
88719
845496
921
12329
15889
18535
11420
202738
7911
287688
145748
202339
80703
42167
1756
702721
13352
10969
2959
12414
423553
17069
154370
139751
91726
8731
190173
73872
230773
9862
30123
20463
42560
475202
43244
13477
249285
701483
16259
4810
102388
4111
39391
9837
99814
178416
10458
14279
108915
19669
49977
2817
34152
4418
170020
313289
269789
175920
12040
11786
17542
11742
92819
51758
148145
7043
21063
18844
72012
149336
26518
15274
890693
10294
6693
40979
5714
264649
167866
67616
665315
12153
80185
50606
28756
138048
559251
63289
93166
96953
48431
3569
111303
56775
134210
29639
211948
92544
24928
185297
353432
102954
12350
10467
40429
9390
11572
18538
4026
93399
142923
71181
417222
126229
25228
2892
16717
111113
13850
86745
43884
2925
16475
29451
42934
88873
10687
19740
335716
17015
2608
7074
54056
14643
14260
10289
161651
3571
80223
10261
28778
7785
24871
6407
38502
10634
8442
15166
461584
82123
143206
113397
61529
226561
231506
15448
46296
122766
310032
230822
522921
19727
110638
2768
83264
13978
66520
6513
27142
5997
26907
4067
51656
28830
114660
2813
88203
17295
17103
1038
17136
7772
10646
7123
11868
5827
4491
29175
1022
50022
19966
264994
33536
68715
5039
7331
83339
1735
3110
1724
50024
9836
23988
144044
102032
51951
80109
27451
274106
400114
4659
15273
163550
5687
15668
1867
26045
14886
15492
1718
14249
16550
35017
2083
27904
5200
4963
3672
11334
12121
2569
1695
31160
33238
95265
5193
22460
19971
6495
9230
117127
31125
15100
51654
461162
13773
8602
5284
15262
4283
1428
6706
5611
41808
15590
23141
93515
15027
1956
16988
3487
34614
41619
3924
203398
5046
28074
124564
46764
7287
9162
2455
215641
13518
5455
1669
13185
6771
2450
3270
3359
6441
4475
523
1959
15261
267616
23360
36370
8879
121759
224
2811
3634
25159
6905
27348
708
3275
1881
8959
33740
44170
16895
83753
11308
11203
258762
40542
6193
6380
2916
340124
25332
24130
2509
271605
19056
8649
1556
6348
15728
13176
846
25943
14662
10198
14908
256706
18144
4766
5485
330849
5140
12424
98856
11184
369334
9980
5359
1857
12640
59262
226026
154235
11059
17330
7433
73930
13841
19297
401614
171565
21523
26039
14051
12170
7223
28303
15045
17235
4107
10281
230
5658
28725
423816
17159
72142
157241
4947
1571
2879
5394
4257
6483
35586
11076
6032
1356
3781
271830
130484
2885
29645
2505
610
8946
8328
285512
12192
1179
2624
1488
289416
40779
54118
117125
50452
18351
40256
66418
2325
3969
12694
12877
7135
99715
7582
9688
274978
10851
46889
17691
346203
9736
371817
34207
78130
929
12135
11429
34715
24347
5473
72373
31415
43496
27164
3362
80076
971
14909
6556
5793
24529
46430
9483
6002
45620
3795
2015
107757
2622
3723
28604
38760
9016
11814
1346
6824
2344
8631
3806
1027
11243
18396
3295
30531
119105
178823
189450
2402
296750
10984
2180
23818
35498
32304
7786
36411
13238
12778
4693
970
185533
488091
45965
27643
15616
4792
5518
39927
68386
166632
6185
5946
16250
4775
579
1610
5360
398
2851
5429
53225
803992
4783
3554
4702
16132
4535
1027
823
4065
269306
5935
3227
1865
18885
17635
8794
2296
8687
91
9288
2124
3482
11544
513
227481
2177
4514
2843
3708
1746
39452
5496
374381
2121
1696
712
29012
119655
29424
1279
3145
4603
85946
55868
4102
12826
3443
340452
4876
2547
38903
30030
84447
1100
2462
1293
4940
1741
6480
2633
6274
1820
89156
3227
73488
17921
4360
4081
5326
159857
219025
16214
422716
55581
953
533
7428
51563
13710
6347
96956
5971
98825
7114
104096
1773
97283
3366
1590487
15238
300835
15005
706941
16165
150694
4990
46887
3458
21053
16421
14707
18888
36083
4121
110962
157589
6558
2558
243964
87873
127610
26492
56344
3911
9994
20377
258666
4080
44112
10245
338051
3690
24265
2712
38325
5891
80147
5666
778683
15284
11500
3190
22805
841
3076
5108
5189
563
967
6029
2479
7095
17891
3409
10515
10597
1071
3845
9362
771
8850
8855
17106
34463
33309
8750
13315
759
2048
14775
28836
580
2723
1459
24730
7581
5174
14144
1980
585
27170
282444
2091
2039
10941
8957
14722
2272
17011
774
140940
474
14885
29181
3541
7353
10380
6307
49565
7256
51145
13545
196248
13420
17587
19560
79272
8802
32798
4584
13972
1617
11774
6247
1093
20517
6007
11542
14859
21606
11822
385
10043
5126
28708
2493
11945
1203
3075
1571
1038
26670
1505
67560
333646
81991
1380
353
1799
1612
215504
1792
12958
5438
760276
171699
6733
14933
9703
4505
42809
77503
6551
3144
236146
2278
7640
6790
14545
3426
3861
5066
10574
5807
7875
281119
8420
142163
26415
2847
20790
2527
7838
2321
17298
1095
6524
499
139433
835
8434
6850
25117
16097
2137
8116
7186
6730
3986
3359
7418
924
2715
11753
53669
51799
14467
11617
349822
15178
2410
716
70075
25111
4761
1505
43519
12223
42845
2181
17709
5379
38972
138041
322000
35495
4079
12894
10549
2612
7095
5759
33902
12486
2142
534
12990
2039
144137
3114
185513
7078
3536
15671
29790
25397
8076
1284
10995
1622
36660
786
4643
14917
12349
92739
20897
42238
27880
2914
68137
11360
221967
2550
56058
4718
1164
4406
1376
3876
1033
8376
705936
784006
6235
1188
2905
14739
364455
1510
62309
93697
5688
20093
2577
491379
47568
183620
137138
55578
15577
2670
176670
15396
71024
588
38380
1736
4155
812
13388
432
22048
202672
148135
2413
3929
18217
13082
5511
9198
146492
4867
30097
31621
2226
803340
2457
6405
5324
38088
16655
3883
1886
22716
1554
1228
3204
3227
3437
3601
3331
2153
5265
1532
727
53884
2959
1124
457
9709
109140
38406
103190
18016
444532
101937
4158
13644
15769
108101
11656
215246
204442
15809
7537
42088
6142
8658
6651
41653
14741
3566
1506
343818
12048
169914
28139
31369
6944
20714
21261
54724
41888
24727
31544
668590
2152
45077
1045
3633
17655
28682
43429
483852
12477
40482
1454
6361
1544
729
3326
48550
4216
19360
2285
2998
4285
8712
126966
8834
1487
24193
28370
6553
67640
7604
1486
52021
14720
52333
1977
192847
21785
44196
20834
7788
1732
6656
11355
78370
703
19808
101183
4092
569
7578
324
2415
11498
61898
3642
71387
22381
2776
2587
33020
2855
1861
6674
283390
237102
2137
8126
113961
6551
171891
44805
340377
5319
1356
26789
18616
6800
1055
586
10466
521
340
1997
4467
8351
1314
417830
86135
47015
4170
1210
7867
3429
61528
3579
21815
874
151852
1610
220730
8069
1373
3096
4548
706639
104003
80621
788510
4844
10591
1273
10389
1672
54537
152
1472
6458
149849
628
6100
12453
19299
1337
10240
28414
32113
48006
89796
697215
7135
3886
1284
11136
48416
222962
247549
7746
12960
166857
56339
162387
60521
12332
23262
13973
32283
59664
5548
136952
3299
3925
3264
10213
703978
247069
17185
97687
51459
21359
819785
24313
82778
11030
23040
213158
94610
97679
24341
24642
18515
190336
25659
316921
737538
430490
95498
64729
11029
10664
8406
58858
463034
6839
197071
41289
54274
33699
51616
143623
990719
10601
37136
2940
917
11295
16401
4104
447729
4116
684702
3939
1616
3657
6582
1087
1922
4635
5524
557
250
2764
19996
1100
21842
8363
48190
12874
3564
227
43140
5166
73388
10691
449017
8149
41024
658418
65709
3225
160509
7871
224402
6838
160592
11212
174165
3541
240430
166040
26720
198605
7450
1517
21030
7842
11061
23959
14953
266939
5169
668
11783
3829
3001
8606
4742
3846
9367
157805
15754
681460
13693
1709
5934
15316
80735
10740
17672
9784
10387
2343
35450
1371
9123
2713
3804
6885
1790
826
807215
382278
6850
1729
9614
4893
12289
5984
319542
8012
468
11328
62899
20474
8651
5598
46607
13509
3647
2860
17106
103677
7392
3571
7923
5422
6062
701
3309
5381
3846
5829
24554
12830
3979
2747
3883
2033
3572
516112
8669
13355
8258
4392
3055
33452
7107
2675
34276
1553
3173
5558
21148
12263
3204
1665
13844
14759
3659
426
1841
2833
8053
1880
28561
199068
1672
559
9435
21207
16116
1000
19393
6273
56557
465
713
2073
65167
16355
21361
7930
128830
765
5810
1317
4697
2320
10188
5622
3259
717
1234
40965
21735
10003
121227
294090
7537
3837
12611
181148
7857
30933
76452
4526
90179
62235
476993
21903
17176
6747
202565
3975
39859
205015
473970
6700
17677
7317
151108
203850
8209
10657
24747
59419
16822
7913
31096
11592
20221
19085
53499
55251
107755
94944
135096
22228
195858
27088
20486
37614
302096
418791
65296
46052
106266
116071
122067
26404
115230
11845
30925
6512
50743
25061
27285
24654
84639
53107
24910
44080
46202
13910
253767
39433
3518
175793
159778
10829
4765
17408
3454
7133
13915
4391
51686
2403
2534
1143
11691
4461
2966
2293
8570
1063
26937
965
189933
2560
9815
1399
457004
74548
3050
599
8856
14357
16238
192027
287287
15127
19713
3802
18949
33401
30052
3913
41478
7938
77628
57789
5378
5534
75618
4161
11615
6326
248877
2778
162394
67211
50641
11343
30134
10471
67540
39053
84516
21088
37977
50570
60512
26289
10486
78382
11808
352181
47662
963507
64684
398854
8140
220156
446956
79348
176795
356484
49277
27858
27545
24149
4232
3712
40552
13098
30600
18612
12599
26230
283120
30142
1103989
35628
206600
73929
178110
109034
167691
10853
84021
848235
178912
218978
21143
31769
25876
24582
337880
116209
27707
456707
49975
10026
2007
282314
39668
45684
24123
26601
519079
498622
49441
139972
32291
2023
11193
203864
3221
2215
718
87127
65173
3177
10701
25157
2445
9530
3771
13564
9645
19756
6507
3011
3423
1963
1022
1239
62702
8827
19825
4632
3088
1278
6261
1654
272539
8576
7543
27281
44829
125531
7725
209214
232002
148122
10233
513120
19171
1920
9494
180057
8701
1016
81644
2404
1680
3481
6295
27716
65503
35011
82687
17476
2839
2462
145469
71016
17114
7736
119187
16592
1410
2636
6328
169910
28631
18114
104331
135572
86401
143755
67401
24461
399949
2992
4232
3622
1227
1128
1170
13393
105022
43355
9409
178578
24138
114368
3782
34518
750380
15346
153008
53727
845407
9536
68121
43607
147567
14122
150707
418615
36918
8502
181057
9624
67500
78778
10304
57833
2683
16640
1133
86758
354166
265051
154142
143083
8689
44868
4249
20348
5414
7119
70758
91445
1453
118995
79247
137981
24899
6767
2792
10795
56537
121649
110801
88919
7144
8128
18690
849
203290
622
4319
895
7250
3124
62239
121221
9812
31455
101868
14005
281103
185581
20992
28806
250572
2847
17051
10614
65821
58095
17079
15043
11157
37594
467702
7107
19773
3776
137241
12846
1986
1411
742
2761
37561
10788
22018
83546
93803
4099
6400
5173
5620
125438
8003
2642
11415
55767
296781
14225
37861
691473
10968
59530
9658
7259
347639
16419
242438
1730
1970
11401
859
3708
282101
120638
29044
89131
6799
40795
3559
3179
10733
160709
350680
51875
37562
106714
844532
856930
125003
29902
58888
319471
100758
155180
322197
29834
607853
14804
3877
1191
15844
895
28985
41313
28653
19937
4469
18296
16971
6496
13384
60597
40196
109183
1831
20835
13630
9587
2252
8969
197392
1931
7294
709779
18846
5710
9404
10584
279772
28042
2862
132407
5586
9843
3847
92230
141209
17534
11282
6714
76821
5897
53025
12606
20202
26995
1901
1456
2081
21374
8434
1062
1442660
2038
12858
75723
12241
18170
55523
4900
17990
21023
8828
1605
4401
1859
824
7250
9351
5693
417611
22235
12117
16629
48813
339681
10598
72732
432497
48315
425968
12657
15223
23778
131159
102577
41117
168947
38918
19852
18091
6994
25001
6611
276696
110687
320556
18866
1146
2214
79224
4265
81317
372095
3943
99406
4577
7720
2145
13960
80310
16681
9439
68632
19490
81352
9317
156082
35030
25934
46318
41988
747690
70665
489176
227481
693857
18793
510372
2558
2742
18679
42045
38168
483509
100963
236969
241184
433026
12890
281158
6394
7663
686811
16075
47309
2963
8277
2885
5363
189151
78898
17201
104357
7098
3402
6100
3962
526790
35454
29233
33455
946
835
9609
1953
22819
26049
27938
118034
13532
20585
111707
79337
8590
9157
137760
20974
21079
649
2070
1571
36022
108953
13928
9594
29303
14903
54499
39598
178431
15892
8701
2388
1389
3805
6759
2838
64628
24921
9525
72101
3113
125312
23120
53477
39345
312178
196457
17467
314192
23095
29537
289651
466988
51199
197870
30299
626853
324352
70823
1065338
237108
3133
19480
8113
10854
667
17575
4500
291626
20340
38749
11906
8800
1848
31009
21251
71278
162899
154252
47799
354782
1867
119592
38417
581956
823110
345287
21377
29550
4172
41894
6061
33456
22271
15766
18924
7642
9045
135742
43121
191635
18278
28441
101351
147258
2780
83373
98558
22372
60909
267177
64785
2648
110770
25857
5261
88568
836617
120835
56722
2971
12972
6572
22381
30718
6084
3920
32555
2736
48961
11926
47797
19863
5250
5805
12101
5472
5210
34244
388911
613505
130548
43114
42339
228226
4604
102481
8043
127250
234066
58543
317583
676749
2337
22624
10622
714561
9745
151639
7044
510838
1631
59285
33897
13827
6208
23807
42146
124178
7989
100702
132110
102245
219441
344863
813815
3667
1861
103063
11712
265237
197926
967966
24249
15789
5688
163979
8986
86687
14881
127660
12577
25182
2921
28585
15947
239169
265170
58581
674631
81719
269638
29266
94338
608387
28237
364971
54650
91528
4151
47514
167433
184526
142990
158193
124059
124623
11539
96092
32565
26319
48353
139290
13867
170236
21329
130704
85264
104244
302069
62150
38640
25268
3372
432683
42981
27847
28013
25002
707690
4862
411672
47639
29881
190976
46956
96708
109473
6902
56664
10009
18572
29473
3441
14235
176620
10069
16417
25266
11698
6393
7779
9001
134942
7285
39490
186563
103888
616666
30337
69567
25078
200217
2003
171708
7787
104828
350874
28914
242946
263793
7491
50742
20551
70645
9431
41331
17897
10817
7150
29071
13964
22691
3372
24276
472137
35072
151260
125930
138275
204774
254508
1082444
12937
3145
18117
9055
197870
62774
25241
19926
85910
692202
6985
7711
7815
3458
1048
18162
4222
24715
34816
67680
353061
14849
18984
76574
13585
7759
3731
51518
68261
152494
8756
462699
190274
47444
4169
498362
23388
14221
254699
588678
305031
12780
90664
29795
14967
2384
4704
9654
1544
4019
17826
9441
39218
63484
3854
52152
17942
2191
4656
12581
16889
19065
8478
41494
24701
3984
464
35096
5702
111699
14536
70112
21549
1611
2292
5393
173496
2304
70330
7179
14823
1081
2799
25015
10648
31754
10826
232702
19600
10601
1856
4356
8817
3096
6807
4672
52223
6564
446
87522
1357
55133
7902
22796
21605
131011
9005
16318
12537
29875
3550
10539
4481
1070
1008
15787
38161
445313
110071
24237
134375
9153
67249
91469
36221
1155795
22797
297078
33293
4882
371
176006
34257
53708
12878
185234
377412
12775
2517
258780
8332
208530
12043
255885
12532
707779
5700
15374
3315
159889
33374
58008
49813
113890
2652
11965
7772
399785
7618
221342
23992
195730
2769
361921
43095
61271
11782
660573
63474
53446
6373
66905
188268
33573
14998
616314
59147
11628
1459
8477
13457
229400
12132
57530
180830
19455
640
13398
11381
44797
8814
103930
342163
2995
114398
933
70089
65997
30427
165474
19055
4831
203248
8210
18839
8818
25878
9528
12487
1484
1951
4166
6507
25722
12508
98449
28151
1809
5622
23518
25495
112828
13215
5425
25838
4003
11645
4911
29923
61586
9240
69534
18267
464797
204146
63176
258291
53059
3497
11881
10376
1882
4338
16505
132170
24252
9929
13981
114308
11185
100137
41572
33519
17791
154175
32170
28655
1442
141105
55186
79681
131582
776642
144870
96312
20135
3036
7213
2637
4139
10064
5849
4512
170526
50009
43686
50463
11032
8049
14428
12218
399540
253436
241233
98365
29042
32456
34508
6296
141282
38743
32381
116960
33934
7463
18202
8249
17680
375233
34128
129171
44167
846891
31497
14504
14379
5099
220285
8330
95469
4760
3375
6667
12060
5205
3523
5109
6304
1089
9386
1692
5155
151
1178
944
90884
1077
8686
8645
10267
1281
6871
1602
18014
3317
47524
9601
30761
13818
65940
110437
68100
24747
91813
24266
207015
7823
168008
70064
82063
1104
14555
700
37551
656
3136
6915
215845
10775
904868
28030
385323
1156
400170
12970
5264
5043
9574
6230
9229
1138
46601
13662
125679
18623
340793
47008
16623
4811
13589
56461
12660
12149
25532
143208
5755
3271
7168
7990
275580
3081
252808
305708
340255
1439
18568
6809
18075
8930
42263
6365
5047
1468
10787
2450
24937
3553
478164
79608
27530
2876
28232
19659
63905
1347
21169
11972
1673
4677
252425
6699
481324
85000
160843
151048
9129
19563
293473
6383
20141
2417
15505
1305
5451
84221
4919
7752
9239
3429
22434
30525
17206
8997
105490
5151
5806
2189
10640
1284
5325
1772
8882
2376
8391
3547
36013
2680
4180
2647
38156
1950
13731
5394
94264
2617
5663
2057
207744
3238
5213
802
26605
5230
31727
8542
25247
12639
70022
7990
5279
2183
6371
3576
10737
1285
130583
15761
31084
33752
20061
6098
38496
2454
10142
6671
27945
1365
3588
2899
52651
3999
17056
271714
537294
3729
20003
8432
13324
3422
15286
14253
4857
11596
7540
455625
13941
61991
16455
4378
9295
42316
4420
1801
36453
6350
2240
23019
11035
948
8893
4123
19400
1413
6623
3303
9646
27628
3686
6539
69455
2489
19380
4926
26392
89419
97393
8872
70429
13175
97990
12025
60648
58336
50867
30407
25059
13718
1340
7027
1495
1946
20352
5154
619
2141
5477
13661
4818
8825
7345
7651
202965
8361
33194
5465
17427
1231
29196
3884
146715
438
12971
206927
80029
3167
1179
3672
145887
8281
7778
5150
29640
1362
1776
7486
113252
7337
27679
8553
65170
1133
564
1827
5564
13822
4529
15721
57740
8125
215682
4824
12419
1364
424949
11429
33465
17992
26609
723
203658
5065
3716
897
17838
9943
1164
592
1507
1613
2929
2099
123309
36511
6554
4125
5775
28014
38333
14925
4076
20499
4585
4065
4495
5508
10919
2352
7516
17168
63470
11298
2773
21662
16479
16031
57785
2293
8640
1476
7034
1475
1557
476
3865
84609
5911
3256
4033
18249
393731
778
40298
231425
64993
1889
4121
56732
50748
15118
32101
436370
43373
6142
14432
31149
266188
4547
178849
423
3152
1281
9753
5845
24784
75936
7507
2565
15416
1806
1217
7408
1874
24407
11795
33764
157
5802
3254
4406
34290
7566
8089
2200
4165
4251
3159
1537
6959
2332
7192
1055
982
548
2473
1286
10365
407
7006
13023
1818
519
104734
9673
55884
234743
5857
232485
63490
12609
20818
46257
93219
11696
77856
115686
86250
42978
65736
256100
144678
3786
15316
1790
3021
214110
111952
1793
58160
18243
23728
65758
21187
144373
17727
77565
60264
79471
382081
721691
2419
24299
20173
17236
372288
23146
290005
33451
129601
11624
35490
7222
5648
86673
20748
9744
5299
3974
54909
2643
12259
240588
829675
189837
20463
4691
47215
7700
26385
9303
52373
7829
807
1253
12496
7821
133460
97008
127002
50744
36026
16873
584886
27860
39328
90220
13293
1324
3704
199373
6418
5875
257052
251547
43475
229925
7931
820
23389
3936
3467
6876
218604
9899
248362
5192
21458
4374
283830
250007
84828
67613
16680
67086
5545
176326
2942
1771
719225
7523
1954
2665
3909
14787
4204
328529
13921
31544
4322
4363
3313
62824
100686
919
112359
4840
157530
7013
4323
2628
16754
10033
43768
38609
405300
5259
6298
16522
19768
3789
126101
7795
22519
1777
34895
6789
5213
4368
29896
64671
12329
2718
26313
40385
261772
79102
42865
403431
246009
16283
241952
28772
30854
47405
411522
42950
40807
4657
47614
15239
241879
102485
62368
8235
9557
8724
3684
16723
425897
8149
12833
15361
18210
39617
11166
35294
261830
7680
182002
19495
19508
54783
1056069
38564
647201
40708
216685
24382
60881
20943
32321
52230
12435
5494
173295
4409
31214
13120
14990
101874
34834
3171
54006
138004
34596
21104
21555
153021
524478
104995
87896
1561
4830
28489
17548
8849
169273
505747
46006
20767
7223
3178
66977
2113
48387
26977
36566
2239
6656
10168
221039
5146
13923
73503
11903
10484
29283
1523
24480
13062
678947
61726
50097
23079
17036
56815
18472
3029
79521
18099
25550
45873
192359
13668
172320
7317
121831
6543
186068
12749
11590
1471
63189
5901
8945
20362
31898
234451
21405
2110
7723
36436
14363
9356
50718
10517
7703
110145
20310
65542
5993
37890
8572
386812
159052
223126
1667
6762
1578
2583
5883
4702
21354
42744
36512
41370
1827
1035
1999
3983
7111
49994
309381
12724
13789
7766
32095
158722
12778
2822
13630
18087
40996
3301
215486
5577
18081
7764
7810
6188
7613
8458
2390
7024
11452
195034
2889
13617
11716
3142
18548
5467
24982
4331
352477
12556
14990
9735
7068
6761
23941
22399
3498
1684
5951
151310
32399
82202
5163
3474
3182
6132
10280
107255
79018
125068
11583
2296
29179
1128
37353
219493
11148
4235
14764
801
138490
7724
56585
7736
10626
34470
25434
17198
348
12811
278959
80268
454116
56976
68915
10102
85921
8408
11963
969
4096
2317
9952
1707
4840
5256
18204
6443
72657
12995
137848
1130
21161
37380
76832
7601
5541
121081
5229
1747
353597
4856
16735
1276
17866
269968
78792
6889
23620
6266
2554
245407
23130
31627
11131
1622
7528
6997
31370
32010
9152
5348
13971
38992
37155
6161
222433
205981
24619
51254
6544
1740
11172
10183
89524
338013
35563
36237
13240
26494
29488
8399
543979
18209
80332
9823
41768
216329
68888
1683
76370
13187
15550
4610
257805
66093
25468
11493
32462
13103
140254
26538
1012
8929
697
30776
5704
9676
18583
16181
17517
9727
10686
85493
14734
22228
251274
2977
5270
659
24424
37380
23550
23650
274952
4535
12164
11616
66488
144853
74950
60759
6238
64999
4151
1050
7351
15439
67076
6904
17100
17436
32266
65928
29171
85719
49024
9480
21292
34363
9331
17559
120657
33445
51925
5888
49790
81816
29722
17323
16935
23271
