4587153
7149309
7356300
5539001
6039096
4904276
9433123
5524529
9226654
7542502
8577339
6691166
7123321
5178060
5321322
3682769
6087592
6361926
4779152
3187949
3772551
3118885
3906791
8087768
5226423
4196725
11732952
3675720
5723013
5405637
8101686
5057636
7805397
7159266
11552696
9336251
6448682
6328214
8521698
6909413
10370413
11421314
10473842
6928892
5707381
2381644
7577413
3784106
6231571
5297815
7428560
3283396
4208429
4590730
3029637
3822117
11118851
5105977
8505509
2217773
3734668
2726329
6019669
5694551
