167340
3335128
3135100
1929935
3443588
3039794
4117457
3332786
1605294
1645114
5901709
3134374
2824536
801921
1280140
1994644
854290
2863997
2119436
1993668
1214140
2469378
1613171
2447042
2532446
3628258
6413568
1568204
905699
833677
3283431
803100
2393982
1610289
2179957
2148944
2631628
2378287
3661040
826337
4901987
3773509
2336343
3355854
2006090
1671482
3108667
1069628
2434581
3476561
12563
3220141
803641
2433557
1679211
1251435
807285
2006837
1737242
728808
2178336
1215797
2393712
17163
1787113
806843
3160096
852847
2467986
1236469
1744773
23133
1522203
3180557
2591188
1529966
1980287
1430142
823537
795363
1586075
1782390
1985096
2154
1603638
808739
1464424
1061524
1590278
3215565
3751071
148102
3697015
799201
3419254
895646
3047115
909350
1569590
1728856
2432317
947550
4172950
1739939
3762401
6592314
5380802
3671190
2113699
1578681
3431825
759729
2373759
2384213
1635735
11971
2407452
799712
8271
618678
3626674
660546
4088558
2277389
683938
1680408
634939
1135200
4967278
2846661
5919442
2145160
1130152
113728
5097613
1605481
3754915
1789163
3761612
2320499
2364624
1615241
2373359
1788649
3358002
41155
3208590
2240462
2375107
1608328
2629481
1619728
2236104
2459054
6860305
5384500
1793901
1600127
2904533
1050087
7829849
3517350
3035627
2660384
1601544
3255851
7867334
3406372
7338333
3017714
8181971
3132304
5000629
811863
3726250
3007210
5149497
832529
3531425
2340780
709595
2498192
1599342
21897
4381702
3042137
3042794
1376000
881284
2822
3171819
1577205
1664990
6962703
86785
1984099
801425
3364124
3192681
873660
661047
2896337
2140294
890331
1983483
2327641
811576
1238314
815899
792794
1522539
795352
170008
62753
3007344
3690845
906738
2951
2400096
794046
14580
604169
1069703
1395115
2632581
1918230
4862621
1619179
2191004
1656540
1270037
1389173
1072188
2768400
5788439
2398607
2762625
771606
1597829
799456
752091
1545790
1430561
796213
8023
1208142
818800
1203528
2234042
808364
3178260
1561477
790742
348880
1586562
71325
