149039
939830
232010
84463
710220
405504
845026
1615561
366399
2855599
838230
640364
91865
517587
1158206
116154
154412
589477
973777
102444
250264
543258
248275
1138238
958541
1656259
245875
224916
747857
1528889
1391774
314793
2194067
368797
430260
225365
1231001
1256429
2995746
566223
694566
1681869
532893
885106
446571
1116933
591036
584690
421209
1485735
224526
642085
132025
456568
515364
434614
485384
903311
1104282
158982
761031
1396319
853062
257150
193874
46605
808029
719675
124443
570050
74448
309053
423179
159851
1228083
79606
140587
348820
122336
108513
127525
65299
709855
114557
139898
223966
260237
1160286
273323
524415
1136412
142823
421556
218311
738660
804616
672971
140881
292300
727318
811278
1031393
893578
891060
635897
990499
1897659
866698
510550
167431
735012
541840
59495
522476
478348
93874
840194
644438
225525
565879
1173675
525468
1292915
320136
107006
121572
457736
536910
393281
992858
1951987
636834
233708
172387
61733
606545
1099895
182503
931585
866024
1542019
285348
1017024
228200
1317024
924414
2118331
781897
695529
467405
1066177
655604
831365
874169
1658490
2000729
955476
751924
101295
151321
1920281
152728
607006
941190
1317847
529360
1592582
521432
1059809
315148
759783
905571
149329
344827
1658927
781022
272652
1091785
579731
162307
320343
1080283
218097
786857
747860
820747
1580080
363609
273314
283802
377725
206682
126796
55346
469006
97378
175588
1297524
1043346
399649
99769
118057
175524
104139
186757
241811
199368
715427
135458
57792
218568
159543
419341
406327
186758
277348
138449
101915
555116
217009
134147
100689
341519
419372
764005
408835
249093
118735
1007641
619444
856671
116307
643518
469688
861975
235034
155842
406782
1596432
306357
757777
582500
899803
257192
41206
868458
795129
33397
946634
587875
863213
202373
207074
159628
380242
127571
97130
682746
570799
356610
194935
867808
1121911
199809
269956
1694619
653289
379204
121382
62903
1099875
102717
1139256
80246
213093
27825
282205
26463
705315
140244
144257
940273
317671
424628
100913
290492
398171
281461
1074890
96514
518233
408862
2207326
1443274
494632
728915
1096705
527948
304503
1028335
510129
115439
1286159
102952
15729
122131
40865
35687
188411
353179
71801
159083
25345
725970
462401
802037
482857
191373
397875
243752
78623
96034
177623
30830
143765
94009
1224097
16398
490932
1286967
391123
336892
27423
76464
648826
150381
77091
107356
143908
37252
33907
421465
660758
520797
155831
1167420
693429
59409
173792
54766
1300670
654268
69560
46590
343371
179674
1813765
875014
1946296
43288
805056
722390
628491
574715
703057
27976
609471
124035
236317
1258818
167013
69830
79231
31905
111795
208717
858151
168917
2542896
181956
840139
933144
644338
287459
1571724
280816
1801722
90322
106021
360519
233771
213503
113683
720688
135393
112020
250895
30879
1161499
120717
1916566
918542
1179239
419625
19991
211904
1082644
762268
713628
327949
925632
1420473
60233
343643
564853
85953
1158764
45818
1154939
581042
238761
905344
102579
1363830
1392903
485614
1165970
725921
1580723
330110
2025822
430746
1907423
42247
1630755
16865
386943
42480
152194
46824
896135
1175315
1128519
934796
1148241
73123
680982
36186
294912
1694082
217959
130544
136260
126470
1434774
307953
731358
197911
230175
116502
87290
41014
59244
126399
1441540
87211
313694
231292
60691
63927
593323
58641
158742
123879
212985
621265
96187
151306
774830
442579
255299
1233560
641759
970580
797120
229396
54155
168016
751930
418199
2007504
1399212
545642
356716
347156
434637
415384
635181
293884
103202
74634
412980
1135964
66615
1267002
110445
263310
378040
192668
674249
199815
234643
284224
779009
2343745
1292394
867790
625688
258909
789050
2468459
892176
2194463
223442
1286129
502640
238925
2396013
434289
317386
442639
574894
107808
105272
664454
93994
469835
904112
1695288
449913
197368
91437
546329
386425
316701
390825
554726
1092327
1552454
74752
940374
501342
1664477
1448881
1133733
529467
1091610
262742
1359956
214611
228492
1268166
159210
545186
73849
251095
314414
289044
867633
858079
390323
1420498
1078396
20805
318277
303326
649128
1522888
1820436
486596
1137095
454854
434863
590844
847899
2807820
893589
1313119
32641
222767
1071709
782354
87981
165249
1155992
521952
94970
621676
749012
430686
76337
2385890
242581
780162
39063
37076
1460681
980726
2612773
352594
399362
106345
1431098
131960
457007
91759
382638
689532
258325
2685375
1765301
70399
2118037
1229053
1890385
97289
527343
133929
1114002
76405
657846
345509
461024
337473
121920
594090
346585
206495
311441
205028
711882
1195411
1016203
3232288
493365
258917
595364
180876
612481
2072113
2794551
986283
144553
343552
449109
1245053
570051
189932
1500882
121456
92357
947975
541485
813958
1404945
635980
1315811
1069153
1221199
986809
391846
729531
2078275
444998
3228215
365391
422583
767132
1645971
785741
2882695
1004475
1835053
588227
471001
479323
679906
1128078
1111557
494281
1554593
95003
262678
257706
347481
580142
1221167
1219622
1974086
707364
621183
119229
1229644
1351514
2785904
520129
223822
1012001
91432
504290
874098
274067
1694693
977852
1340610
919856
32495
163949
308683
62116
237741
152750
614422
164826
829320
348361
520032
96201
367498
278273
244157
683804
157677
176216
798984
467923
2249342
539657
1012059
299197
777540
1482606
623198
674368
1435999
1367873
1876473
1081786
1173395
262179
754652
339195
1607539
361721
432670
182647
78548
116785
257270
133805
423402
175395
813695
1789693
757982
259043
366404
324341
876943
1178398
1559302
152841
47173
287287
865487
1383661
117774
613919
119489
1502860
1274853
458474
159209
658274
45040
94278
267067
17716
379273
1113641
461351
816242
264693
130079
2136196
857138
111057
370671
979031
242296
396293
221678
1580406
1361424
156670
118046
942834
167935
168258
301097
1071453
498249
60937
915966
278731
242617
84860
44355
74942
122371
180586
231573
112258
111308
165313
114186
258336
89518
176566
133885
1024258
71507
789042
726415
195615
151037
58830
36896
97014
155879
333037
626367
449009
286054
14779
127608
180211
275941
90815
1141776
501002
229802
96781
370966
410050
73885
134011
609424
660572
482593
103860
123586
257825
287530
394712
374311
50006
552385
391086
40462
93865
29180
1120164
208774
989175
246587
621176
368151
678993
45501
153857
128385
105369
17605
43262
24390
125108
348193
612240
221447
622011
590748
158108
432197
609517
281250
2027037
78803
1014304
467334
945919
181804
2636829
223424
537247
103649
917490
968916
267045
269049
923706
127661
685413
587400
1066011
792216
1126914
274321
798161
288204
526300
276833
119810
693767
415101
115805
461641
103921
1010694
887552
1485443
296278
405203
200757
1087937
662251
787673
1818760
2558631
546921
1057076
296458
768306
987396
1251367
118101
1169662
294046
205336
417708
862906
190872
1241275
351141
1088378
527340
542989
111782
920548
116357
562796
316238
1450191
1313994
24826
846473
40038
723776
1035757
92748
298335
360051
21707
189977
60758
503115
50339
50856
552134
45088
656906
137689
589626
350289
710346
51927
1556834
199927
18548
113468
132099
153715
321683
1815159
628743
200391
553559
162452
82972
141368
855684
105719
971816
398393
959898
657255
519390
616190
870774
60012
162017
234012
504328
339075
335134
184012
334280
69331
395733
388037
171824
271434
242205
155500
