4190987
7710875
7715341
5604718
7645914
5865491
6606067
4881508
8871274
5925210
6275255
7078788
2283756
5873090
7882166
1991293
7586017
4408384
6808768
5705844
3497628
4930365
5684505
7377524
5432137
5466238
7187005
6984780
4432382
5854271
5460921
6833699
8665150
6546710
9790785
5315526
6736244
5935454
4934696
6330185
9311164
4568310
8598408
8478112
3813626
9334929
9378497
5250001
3840361
6398020
3896601
1458052
6723006
4824539
7929968
4032679
6766641
8030923
8962076
5314824
5116388
2515746
6409111
1833597
