28303
12323
48226
19087
9854
47880
16577
88194
26733
84992
95408
11550
12109
13005
16716
107534
4826
10724
121644
35938
1641
96557
108777
302813
180608
174729
248128
44829
46120
123262
244243
53904
39892
185637
300374
229162
226213
600632
493234
360032
123800
115666
168881
134795
36103
142348
47766
228880
31669
16066
52603
15556
6979
221085
2973
10942
26386
299550
20264
12737
13732
115108
19004
129376
5211
14293
134466
5209
783221
344790
468489
24304
28118
14123
218692
63756
30093
9831
11167
39515
5939
11656
144117
15346
9428
37790
42244
333581
29085
75256
312916
12486
70008
303215
461836
42975
219698
60426
33758
214239
232293
361281
210603
804079
62703
559362
471056
101031
9802
36028
46112
62263
295
487162
37878
47101
43395
463802
19560
64866
191739
335375
217353
63867
18598
195149
87532
2554
90668
179691
539037
68662
21835
178366
29403
126981
30278
302879
199992
62067
155856
37902
81550
241916
14714
316823
63632
78457
143994
413820
57326
539980
67501
304898
209607
535308
28844
326962
12689
62610
114877
250878
70069
64460
133113
521475
935558
101591
82782
76430
176433
79685
113073
46570
90629
168911
6589
54461
32373
11443
234425
8163
761335
272428
93569
58871
48732
22634
40565
21970
71125
223492
70253
158670
330802
2081
193258
847829
729547
52229
351
28846
81037
37296
28694
7
19161
599877
4461
23813
9
1974
7641
205518
13802
28964
5419
1897
84769
15730
171513
8044
102493
160519
16472
184356
21468
89380
39516
93279
290523
33806
157844
194045
651582
6885
19376
15625
11699
44812
33554
143529
34203
300047
8235
426037
126712
20659
45261
68700
5272
10648
17378
40009
128975
48942
3180
152
18823
2761
35653
22879
20055
2533
36324
53970
66339
91450
2425
63
443805
3322
44419
4647
149667
643683
167138
4852
180672
448
180884
1248
738050
461394
19424
2123
750549
27941
71458
57
177973
174958
2947
12606
6931
40769
202474
12316
44546
12073
12160
12
20869
58946
64492
17213
24915
4773
7498
4018
29775
6137
6608
787788
3764
29760
11396
21890
40497
23377
20639
179192
772542
11319
2894
176101
12302
79507
164833
65508
4907
167518
40068
15841
7364
9173
9012
492
9957
30529
13318
13183
31614
129984
4255
274235
34992
713
5464
13992
503683
4603
59081
15544
19508
47741
249789
10809
16212
4822
549584
694065
338260
281603
155540
35
12947
18145
83477
73602
59923
5243
203688
19876
43596
283789
250837
464195
95366
77
27072
77960
176626
34689
197167
577359
212934
31295
9261
215897
117785
50947
47161
227452
7794
19524
13943
292779
300720
9727
6271
6112
369728
68014
8642
71039
713999
26867
15187
32640
1963
200393
96601
31823
962366
10227
190687
41501
284846
26186
39367
1202931
12859
458227
636777
233434
148487
1021478
672575
87860
57023
25038
7932
16973
575228
31227
4002
171654
14768
13245
206678
462795
203293
121572
121751
4747
48762
24266
1428
438
9617
13355
11132
26682
437219
31384
75696
10846
14360
13818
9044
11
10779
45483
36078
11828
16070
1957
34081
8699
408396
792585
54087
31860
23484
4029
11881
58686
296438
7381
39633
222731
822503
64038
83967
181741
21582
204055
447089
100473
1133174
166468
57725
23551
47383
46691
2410
83070
26445
5227
3940
2498
213309
34621
135121
6668
29091
11621
30521
96691
11742
34316
54342
3219
339908
151778
153288
6702
200373
37270
458535
315252
226723
12946
93135
15525
16749
103002
9647
734258
8459
55211
14344
4450
156888
13551
9582
15431
41235
345
40211
743186
312199
40792
192983
38430
46479
127462
5410
14196
46151
322758
404455
9707
537246
567672
107185
28922
171625
833242
154686
245601
36188
347991
10053
20018
38689
24232
86472
19262
413259
110008
110591
893
124517
165363
112280
364336
7156
82207
17784
193979
12588
121492
20041
773782
110299
807763
20092
21253
95909
11914
10854
376308
28133
290454
51418
280099
237827
62581
211449
768611
289706
43311
90348
4807
487627
56095
265038
283434
202171
5967
227431
50550
210230
12384
121760
589222
102672
736953
21116
28315
249532
704259
136165
4018
472832
314
43437
68864
256774
269879
29851
11585
251321
63312
49987
5952
586386
26996
76680
330790
172864
164358
29303
227059
450898
6377
105654
119891
223494
3106
41684
10724
495988
203502
96335
10799
828044
13686
107
348601
11192
299166
715894
21819
864863
22506
60697
55277
17406
372612
366664
52168
121298
352591
22575
1362
312095
187744
292508
58535
329706
77413
64621
304129
582961
195415
559523
56773
317784
12853
8325
26032
30015
53593
322014
102629
456870
69966
38957
7934
204194
133308
6764
704481
51717
119904
19303
27193
53987
73126
26623
48927
264720
35169
21745
18145
17289
33896
43454
40843
202165
9531
157171
657
10134
3082
783212
5340
24852
6483
4397
2437
266312
56358
74087
117536
62347
254486
88066
56655
18119
39870
368416
386769
662007
50991
146429
22555
134483
20905
37232
3702
32787
19562
9300
2524
24986
182660
60212
6145
593408
7278
33567
3884
792345
231047
105010
56857
24339
2446
245001
30835
37641
193852
66691
374109
215938
35173
28928
4313
164734
11753
62
1562
14607
214075
39738
201699
740461
69597
359360
69209
369097
605815
6923
41250
220225
44942
9017
5207
39570
20825
8157
95313
12099
201803
46679
1252
71128
21197
10588
13290
2615
86585
5188
17488
16228
19156
158126
39
14797
136177
85874
19113
34620
24347
21645
110025
590132
149332
739
7005
3980
30142
6
5047
3215
55775
42100
505012
162894
74410
1296
9033
2887
5947
17567
1386
248959
141980
127935
102229
61561
56159
13260
13770
97788
49974
11601
5738
819048
13650
15435
14286
295
6665
18342
17652
947
28715
278638
162741
23473
21487
133039
10943
4616
3
36462
176228
15898
2813
37957
5492
5453
17763
49906
166416
33852
40170
3179
184354
132887
31411
40474
140203
384306
67803
21814
43947
548825
7245
31025
262493
5611
42542
51103
310285
50401
27195
816830
19316
184794
101608
1072
6041
321611
110035
3775
158754
7318
255264
154884
14261
13337
53411
51550
242675
54686
163217
22260
132930
43410
118535
121595
686369
296618
97186
16478
24023
233240
175140
18308
7946
10644
5919
21591
15584
9208
27459
184338
49601
77392
25941
127982
8751
7134
8252
39892
26908
56816
91279
3761
7938
172187
259298
238485
450453
25258
89584
12585
9927
2840
299316
10950
5032
22651
4400
121228
5992
138125
195155
18466
2819
101546
118200
1800
12
10151
19693
201601
54713
9983
3170
196627
20377
206380
19993
369842
44057
402193
41185
40070
3392
7580
7136
147253
157806
17878
247301
1867
16893
23187
19841
13109
4413
37442
129656
15907
18903
40573
17596
1534
18777
8042
7195
116476
1400
136094
38541
30362
4384
27729
13169
45520
157
6084
98
4969
12410
35937
15463
25986
300668
77512
370308
66768
350861
9881
25319
53158
17584
41438
17536
14479
38961
19825
59175
420
207087
298555
8002
54910
711069
46550
13624
41999
790068
112119
18936
2492
33293
14507
1146
0
12017
4572
64584
47120
24360
792951
4839
34472
0
17306
3456
6911
307
55306
193314
12870
7070
17
732118
147210
14187
10230
11145
7777
6657
633576
47064
588458
4161
172520
6971
20780
2862
4513
1504
32980
7463
472238
2994
20065
172673
16819
55407
28842
62
197505
173
9184
104327
31600
9607
29673
782748
59907
86552
180950
1348
498634
2475
7
2129
28923
9321
4287
6387
5179
58072
65321
5816
864430
25996
80137
46856
14976
98507
134258
175245
205045
40500
49343
47
17284
782462
155810
29502
172253
16257
154959
13005
267313
131948
56253
11365
1606662
4822
556417
18167
778239
8721
295007
13394
49943
3083
57164
20364
8868
349531
19532
413976
176667
374301
957
100632
216974
355069
283261
131546
102757
20418
3517
22547
55669
17979
35743
7418
265389
2270
35116
3
59173
362
85200
1031
948429
9573
8195
171246
61028
420
64934
47312
46058
18738
23625
4598
99782
17975
29482
224169
17492
11620
56
31
23286
9181
28047
12043
19209
10806
11090
37051
11589
213
10778
28
50009
14
5283
9243
35135
7589
45
57297
13102
18107
804633
326961
26278
147392
7041
27777
77836
308750
7760
17357
30567
32747
72914
75869
178045
8533
3668
28669
10044
2044
15632
9571
129127
9952
15017
11451
36148
12307
17643
37310
28729
50
9924
8682
175424
53075
15985
32826
702027
52608
11987
4565
3820
1239
23396
706661
5988
42740
197395
2750
2234
180624
6183
111754
147263
81305
217
378
9650
78506
126854
725486
10239
45217
783991
286041
3276
43204
5056
7604
150686
31454
17903
39166
167385
171290
34792
7051
158294
27697
21735
32108
6639
10453
29861
301389
7400
17812
106611
1066
23743
2611
31606
3789
16237
8244
59295
26501
15889
164
623662
44420
139237
56912
20469
5974
35141
25418
5031
59241
25829
11258
52227
14849
89627
39448
10419
34830
328761
19
9730
125815
208138
41976
19013
2467
26253
5264
55432
186635
379755
3397
25906
256265
142329
14393
927
404
650
193
10332
65232
193884
39911
27533
11147
9413
132427
459624
60119
346927
582
18783
217167
53568
139360
21909
6843
31188
58452
17671
148012
31650
253
16481
260605
18311
129724
24728
2975
56886
26076
159745
18059
73206
264064
179850
7786
3516
43442
37070
23866
936257
939335
9560
136
528
4570
399622
9022
162213
495337
980
594684
114162
648171
128689
101996
351589
26691
14878
2857
296879
147098
166292
58
47171
146226
1764
1
31983
172643
1417
145070
13030
675
1688
64886
25284
5114
6241
200111
18160
174817
60577
334243
705332
32895
6345
63196
264666
29574
7640
278713
56289
6969
11688
6783
20136
222946
10721
2165
10337
10374
251
19342
47305
10392
14
137360
12198
303022
54143
457495
477015
500073
125820
385768
208762
8351
192828
806080
217745
374975
122873
22
15074
24499
2050
98282
39320
19283
14383
41428
679081
6031
146960
83679
34981
45148
59826
45998
270572
161865
24443
7581
755531
12340
97943
21673
1062819
45524
37770
73601
498107
3662
66065
11173
38181
21961
19847
4666
28712
5245
32524
174327
266283
153871
458024
272930
126951
21778
11313
30512
51190
9119
30342
5346
37263
10601
22617
3626
1221976
14035
31310
13607
87987
2214
22718
3268
181513
20421
18259
82342
6405
10360
31016
243140
3366
29620
149036
135438
71589
22829
179779
4653
82169
5540
1669
8679
288334
315179
21590
571
190281
18113
194597
232967
377906
3771
139266
1531
181585
141746
2555
177925
2129
8595
4665
28999
3098
63586
4029
445641
39979
281220
10850
483
69115
7257
29480
2070
4537
44455
62218
21445
59792
143205
10789
348107
11414
795565
58316
245237
950579
164843
41203
2500
97720
45654
29331
131874
3403
10414
265328
1337
707625
6414
32982
8513
6889
11298
103467
88389
49924
634237
68694
48414
258268
23864
273445
174198
247220
30571
484969
152496
154634
330324
145515
49922
296651
35426
487791
710876
47828
1015905
208901
123272
270007
637309
801605
490833
18890
69445
142848
15726
843942
67843
202719
108494
63252
161925
122040
279803
169889
240766
289154
153861
784818
356633
1096720
271754
317085
62534
182875
69693
16883
26466
476040
87072
415902
63006
6857
159151
35378
213699
913700
52845
40198
3837
79
12317
31961
7583
240686
143661
897954
6957
137715
6584
40080
4433
75
8101
6252
13
2437
151252
20026
35044
37168
39670
54730
27536
176931
6
224499
5879
62991
1784
632714
1794
39880
910628
68836
279417
49742
3944
694175
7214
103462
169144
157347
3598
98627
92055
34194
96584
46560
2796
28888
284
28219
10192
190731
531376
5479
17574
20108
5336
11988
8887
2942
11909
125837
107830
56366
702528
16254
2123
16092
26341
894771
12
12295
13798
2887
3281
66892
8352
390638
138343
23811
32319
12291
2182
840420
437430
12083
40788
22418
11071
44362
898
259744
11149
1989
7445
213264
72955
29849
23556
177623
96621
55605
21377
26642
421291
6002
4574
12149
8958
321582
4
31077
7
27206
10
59324
17687
42519
4703
13458
7014
22091
373188
24071
6951
13981
412924
13656
93371
305554
16382
529790
1121
50586
4704
203507
23309
5406
8672
6151
27081
4374
1456
871
73010
14385
4672
335433
133602
609747
72
196328
163984
25960
284
47445
2544
74592
4368
220224
11020
44780
10729
71434
27416
247109
2
31314
3455
21
134164
3840
13949
5522
2452
72691
172818
11822
15177
574313
148084
14225
21488
34074
460398
25805
40256
85585
506
19810
17316
604732
183870
1573156
3555
341443
10101
14251
256404
376677
75168
19491
57821
275941
61787
3408
349999
41680
341556
8500
126
224206
6227
95973
34462
187634
86810
446108
49601
252714
138409
33511
29684
776348
819708
1086869
396174
169990
130682
219331
355530
220378
36751
150055
36830
54322
3332
27012
27004
23939
4924
238716
31304
14599
17911
20895
37329
152002
46111
12283
702353
89673
1718
123426
107824
10530
24488
22681
21252
30471
19059
7885
2948
16332
6625
262
19848
15000
11838
194784
3368
161222
2429
17153
3117
923850
147506
13862
4654
45418
39665
24496
120723
293090
33720
66793
15688
68446
308734
48397
5008
42775
7822
57296
54953
18214
291083
53871
15515
58643
32741
291747
48792
57499
10778
142342
9715
154608
7480
225498
24096
234078
53887
38977
59812
58673
22554
26317
166513
365027
218779
438517
957709
222338
391749
35558
226493
322702
154051
116261
366439
106013
12525
33437
5521
98333
63168
277126
817494
432710
57273
25661
30034
305810
53743
780766
22134
216606
222919
104821
240431
117571
37589
121215
685485
179248
234988
11675
10057
12892
25855
465853
54808
38609
594073
18846
16127
12853
349759
67440
57861
13946
49394
463430
454836
76197
85558
12866
66536
26960
251080
17670
1271
733602
41872
94957
6687
7593
8576
47606
14259
3146
7751
18809
14946
62411
11126
3326
7155
245068
4547
16416
30593
652148
3
6583
35253
162136
106133
595031
122779
57758
396369
200956
291926
5463
282116
155966
318294
397632
627048
11908
53
1114
129877
13074
11659
30580
4909
414
740762
28319
216360
721237
66211
277616
10397
8993
7720
43485
36259
313521
6518
249558
49741
734354
7431
6238
217135
65587
53184
849749
90652
54657
42282
249286
19587
476023
780
9803
65884
141
191927
7275
50628
370294
182100
793192
309061
27410
259487
13691
200023
552464
33796
192583
303085
800337
27333
24824
43632
165615
220309
214292
628646
664209
7560
403758
190353
803511
107499
29849
47617
14276
4175
63
32031
320722
115086
297858
265379
27501
26385
38664
793633
38888
285221
304817
185663
10833
200126
440421
218984
39722
53426
23229
37215
21922
305342
80300
253200
4187
7372
305515
982
384636
104486
52252
815723
7843
20641
181046
132862
19924
37427
100230
54818
576038
323263
284380
299297
248607
7622
103134
41647
311034
85487
415094
100133
4978
21161
260980
72681
87375
179640
572324
13188
25594
795
845
7260
155991
22430
92345
33732
398959
4174
1917
12319
4862
242739
6670
2423
12833
426136
251839
14516
77530
425374
24755
804076
30341
76586
361126
13281
180748
1546
18161
4528
0
772
193218
61994
33513
36226
53617
141196
6742
47874
70164
108893
188439
73327
27330
179683
838631
819243
296763
70644
120224
649844
125618
32283
222100
15037
793750
4523
48738
100747
95848
13
37296
22005
24266
27666
41878
195241
215051
37740
196207
15195
18021
41011
3708
49113
9454
902
697878
177142
108745
430
59307
760530
19212
852
4589
46717
260553
23139
39840
39856
694175
17890
27261
114846
208953
206056
13131
275176
63959
896
236448
38697
90435
231432
31251
150229
57148
36047
43096
4187
1477258
2942
23371
319898
5191
3967
158053
206313
2819
78529
297169
365168
97084
283333
32453
2445
22036
30804
766014
25363
143347
144322
102737
424420
57583
216602
502897
443783
361191
20982
9606
256910
712796
40058
16254
261558
40916
32055
58339
6612
21236
213636
403994
193383
298442
91656
1
16061
50564
8925
24340
222811
17710
33901
61498
141219
11675
13966
77152
329295
27390
216555
471726
322518
1097297
155313
221507
64635
65054
124857
1052362
28401
591633
215490
681404
29106
312482
11364
8104
36252
94418
200859
441179
536428
525030
311930
193433
8949
683093
10648
27775
761714
31478
469292
9631
62093
1907
12612
213944
214638
47183
476587
9395
69735
20859
15258
377754
504908
808930
25221
4207
66765
68918
153112
14924
245915
41840
241172
4429
55319
118465
208866
47099
23494
239406
10807
15904
11793
5635
10807
34952
727421
48749
230904
15184
28754
189343
63384
705828
71907
19270
4579
24567
178127
82813
54699
44599
348777
8688
333121
10273
26230
20358
76324
31744
727041
439968
47866
348259
22758
76900
326370
415704
52748
85991
21728
967532
364132
74228
946722
327534
23908
69216
6579
41911
79863
219003
115626
622393
13749
276278
5036
4682
23745
690635
36420
349183
177144
124148
156911
315608
5868
370652
143611
467952
824997
425724
190745
54227
16
24998
25989
593268
375477
101066
296652
23170
16048
144113
71082
965279
60845
341557
41699
519719
17467
38746
240035
139455
293213
126515
51337
1509
49359
44449
24835
112826
844923
293056
49087
3308
55046
164987
3066
49027
429681
37741
2552
651547
46084
106854
363415
32524
32293
13665
9787
698707
55204
361782
546553
927402
734287
54772
243002
313832
4054
20676
44738
483046
1089064
147133
319482
673833
28885
611172
6376
868417
54099
195891
59207
1629090
2500
253771
35799
8605
12911
9038
26371
384397
261270
71335
37578
347680
113381
195949
1101673
70538
80675
57705
678902
402410
346177
956185
48294
560246
69620
545162
93281
252730
31643
142892
141270
26313
86469
13274
209820
514900
185328
119354
643059
293343
465145
8867
216162
909129
159500
520353
429819
218519
61426
45431
433372
546024
369171
141617
104466
563405
44735
123816
55588
469922
221116
379830
10065
83993
238058
28159
209306
1028996
268718
290099
41489
44685
34855
567473
81850
180309
781695
245490
942776
202944
258801
24813
96983
95040
405784
506515
241167
6818
54590
22779
7681
32721
8732
177102
96901
142439
17300
243677
4914
1403
27295
20453
33030
80007
109707
337294
48448
664975
112577
1214426
248960
203712
2559
232093
27295
723418
384170
608481
80271
254873
12662
80568
46188
48792
16153
15508
30689
75185
1529
43120
171309
194543
2412
18003
660904
95715
163712
96167
154926
171215
469968
1046048
14089
483794
246754
701020
150083
125265
47707
204907
95324
783254
14597
266806
9578
28814
180069
42983
43
23833
13120
46584
234777
29324
10333
105728
4519
15662
30683
129476
29373
68503
7093
267423
191155
58371
378825
347155
177817
12451
455386
753599
486397
13993
164717
91431
19183
4008
135812
28110
2094
11037
10203
7470
57899
26545
43727
17160
23056
11355
4549
33949
8264
2639
10351
16222
55868
35492
4137
13548
27928
152551
16593
196460
42894
2269
3189
13769
86848
11544
114091
59315
117706
30793
12971
10617
148861
218225
37208
403661
3998
53813
240
15503
9949
203208
31251
582070
23053
69772
357
242710
11956
57043
4907
42103
8694
25110
22479
10177
9735
256401
7188
4411
503
0
910
1878
108437
510284
207240
62369
63347
4010
51002
56247
24493
935521
36382
331660
17242
4495
41892
208196
27186
35585
201991
538878
1152103
7679
201631
303006
75
148765
74
159598
52462
757153
45036
67347
172691
146378
48914
55858
70992
177914
3312
12906
313184
837057
15491
269625
193111
118262
6459
546816
103058
288332
82899
1467713
197719
14662
37
109650
39183
23194
3520
490301
27361
3996
20653
164545
16806
142387
39167
183913
139014
14748
3963
34917
20909
38060
14158
53326
146080
2280
81682
65
31031
72212
120688
94194
48833
15684
99793
4250
26902
68097
10841
55222
4023
5177
1175
1924
1040
22775
8690
198523
30392
4613
171300
205934
10388
28781
174557
43292
41404
8657
17340
6117
28783
247463
15583
99124
753180
589447
369253
21179
351736
107668
29195
5169
11950
5162
37295
62552
84101
883453
2905
16748
98615
19781
143896
52090
207128
39215
72259
103881
101062
22011
296617
132461
123314
260332
638339
198366
38778
22774
2788
15532
16055
33188
1233757
63482
27040
116106
20592
145554
138036
4345
261391
503665
27329
448021
422006
217111
179035
43380
110494
59622
6260
142863
105872
211246
25489
201173
182627
20977
33488
15220
334544
50668
80491
61981
1725434
41914
37017
4467
7249
87541
17325
170900
77752
183268
25050
270
14691
18165
17125
61
12
31741
16
28692
2449
179500
1998
154246
28336
37253
8550
26014
16789
180066
3216
370774
240114
25132
39170
16485
140521
22502
190377
63749
168446
428379
171258
125677
39865
170895
112073
175868
210670
12957
4661
8697
64413
2761
7850
295008
53522
1112782
28865
429220
166274
449276
5572
11527
5775
17977
4025
18572
33976
60636
35419
171966
85197
490774
75402
9514
4723
37071
40411
10976
36783
20490
69928
2119
3901
13723
11226
154458
3348
299782
172928
423608
20
31456
8249
20336
17078
30466
1086
5415
8570
471310
39698
26476
913
500310
151551
501030
32694
320952
57485
61219
15111
15671
14925
15058
9706
451407
6329
361413
95876
266108
419312
168079
41437
403854
7448
37328
5324
48101
29966
12641
160835
2281
25214
9305
28729
176153
28061
17298
6
496445
43369
14621
16288
10577
3313
2679
1649
135031
21980
5247
11024
18582
27076
7607
5299
41592
9725
5209
20916
460769
5425
6611
1292
97389
2783
8467
43110
170831
11
34773
12064
52743
129209
40836
56957
23073
32309
30252
11477
7273
13845
36437
6859
51467
33275
10790
19925
35515
4837
22215
45074
21575
3326
8749
7619
102672
1712
53240
343116
629534
3936
139325
6312
17753
19466
9946
13486
22009
46692
10451
317610
5721
59921
4953
2549
33484
15183
6801
0
60552
37423
7621
39236
8998
4149
408846
21330
140949
22051
6405
6970
20510
170
14143
23700
132221
25247
171515
50484
158667
168556
54033
244295
54515
284268
660229
4552
217558
24366
58964
40482
64298
6229
29131
21041
3898
74
3616
1928
241
13050
12304
22156
195958
3462
22628
6717
82578
8121
25836
15037
5413
1257
18734
3394
212124
8650
60185
246529
31834
171698
162810
2409
54078
76952
6036
2321
134598
27346
8618
53728
44694
10666
25325
41769
11926
557
57831
2074
67585
151059
9105
29350
322977
22099
167626
33920
64174
3662
468021
88288
124233
163469
47816
99
144106
284
8484
631179
13011
21153
6
179
2333
5615
12937
179060
1010870
17666
11303
21551
23338
147935
78609
201359
10866
26705
21971
6331
17511
11293
3686
513109
68178
47173
20779
4830
1576
22863
44606
13586
70158
41243
2714
6036
4356
9321
4204
7880
210542
248266
19939
2119
8525
30938
209453
19453
251887
384847
15552
151487
13519
125110
83515
137994
248660
412466
31536
177206
100587
29151
157735
5813
357341
13
595
879
18456
20982
50151
155166
13583
267
4882
0
4571
8590
564
31745
1816
263440
193
162098
148098
9609
21388
7137
2215
5228
5665
4212
16324
15
2328
11015
7884
32220
318
2132
1125
14110
7218
13261
42243
26715
135662
2451
323771
11012
11493
124701
391961
148023
190391
157738
3159
185491
214248
25698
386226
63841
49427
30674
51327
121930
96701
13995
8759
4711
4088
139891
116542
8297
146559
20762
31372
31872
60155
240289
11790
262845
69728
39543
478742
529411
5386
149458
244586
7217
334173
59164
413120
22243
29544
6806
60454
11923
559
31798
11512
5844
18605
3531
57637
27087
82112
481010
1055089
115850
4183
179715
22700
11569
46920
745371
852080
70559
210322
226324
18619
20742
182222
48326
178929
507977
805650
18554
623282
6687
48553
169787
9966
8510
253933
1077981
156387
87662
283057
185652
87767
186477
45028
11504
59291
6681
4465
39394
910751
32674
164501
12181
17686
69506
143207
177312
147745
176949
82841
33548
48915
114918
825
414
772406
33486
84188
202902
5814
110707
26801
290594
9127
114345
242970
27286
161421
192558
113451
52
89533
6607
385942
16
8520
28595
35334
21815
215907
37214
283146
37632
5731
21422
246304
25633
187550
10139
16755
89811
31995
71149
19428
18434
74203
201181
335317
64531
70905
57429
719429
244865
158176
456364
258881
100449
150755
46812
27528
199208
485449
24187
280572
21794
213748
192249
116174
28010
33374
34655
4847
24835
16460
138280
523071
53920
787983
18683
22744
912310
11890
97325
340757
660964
273838
418316
125787
165821
1045662
201924
1063046
52297
521484
365420
164389
58330
138092
121687
25310
34130
237948
6490
40670
75341
7481
287579
416708
11051
635995
228619
20895
89788
68989
83270
603781
45319
138157
11399
29653
20115
40039
27872
174492
366710
38839
8371
3857
7353
30410
12178
8990
23490
23357
10
3155
34077
390060
36530
17879
253300
10797
541
7291
27
16402
25345
522325
50094
19541
7270
29903
73266
4021
161180
176541
6756
74710
25548
42261
2069
133157
4187
67440
3344
254221
14
7203
2553
163684
38487
5451
42218
313926
139267
19951
4788
85355
29657
29184
40944
63470
28788
502952
35102
2458
224785
11622
62168
1509
325375
160004
97812
13185
15422
69
27752
104034
3705
221386
18942
21256
112650
3283
2071
176515
3289
4798
34087
453625
6381
16731
17862
66265
243761
731
43997
108946
460101
18044
3048
141617
26427
40620
3898
121957
30237
29740
3520
5599
34176
2671
98009
169133
35161
13564
38
19561
6232
16851
1998
392930
18416
67120
4308
12057
11861
10546
171112
3688
19325
49427
99157
18745
51700
8
1928
13934
4396
13117
121326
196078
10681
7479
1274
6680
544
138348
214692
11432
4985
9636
2090
190696
16766
73280
11421
2406
17949
5312
55
7535
9878
486194
127369
746182
281358
116546
7557
173179
4922
4703
2529
11898
8951
10001
8847
9432
175329
104560
148948
21245
2255
103002
14059
7919
58880
119250
189828
27389
23858
3862
3759
375650
10
75362
8040
34083
251126
164306
807743
13251
20091
2411
186970
26358
64881
45972
2602
11120
304
51653
216372
23084
17593
41800
158090
99951
75034
247751
249460
160481
214567
38423
13163
20256
3089
197811
376342
64948
55063
55594
32363
730640
12138
610158
69476
36129
17233
3385
401108
85398
15
34937
148394
9450
1451
162184
162023
307035
64592
72868
22734
202162
45695
6124
177687
2376
185634
13762
21877
39481
39519
36977
192413
16066
97918
16066
168990
126288
35
21213
5530
69462
21794
46917
8212
416505
4538
7825
27672
16076
114323
105686
34274
23439
927554
8829
6676
27979
17480
207246
10325
153580
28720
46431
62890
147381
46227
35258
169880
33035
51590
10367
15996
332974
48730
52423
43954
191398
67440
28681
221157
28631
43100
