7903927
10664155
12584213
8090793
5759394
6743057
12622935
7202837
10178331
12333361
11884087
9159341
6185233
5486040
8754577
5739107
6739299
6172743
8471362
4768827
6270019
4354562
7486422
7812716
7949052
8348962
16162915
8685205
6160735
5329825
11082843
5359878
13920062
8768718
13872620
10650460
10177348
9406937
14895211
8964579
16966797
14635898
16409978
10363453
10412574
4308271
12297105
5819949
10739134
6767367
7889927
2681747
3975713
5454828
6190825
4002716
12191591
8184569
14005299
4691736
5366618
4527117
7000692
4607668
