1177794
2763329
3577354
414849
3706127
2064213
3693587
2685880
2946290
3839617
3459949
1995945
2960294
1535992
1944199
944677
1943900
4632615
1452483
1269922
1003532
849703
2632517
4429276
2642376
2571066
6605969
3272648
960191
2632931
3448345
177554
3191886
2794225
3241280
989719
3234911
4187805
3718307
2584726
3672717
3249558
3414758
1344610
3090840
1744279
2166929
2300604
1563524
2924390
1074020
679950
886848
1273841
1293182
1500206
1086813
2655716
3167839
286687
2031491
451999
820452
690543
240689
1539915
2971707
1362642
2444736
2327088
3057594
2044355
2316493
4250704
2423497
1852671
206856
217402
2123672
654659
1025110
2421615
1959933
71687
1089045
869513
1825613
1543561
1379944
3418900
4114119
395943
2447192
1249281
4672811
3494984
4656444
2500992
1418997
1626570
1752074
1575860
3339409
1820950
2109268
7300825
5758143
4464391
2531346
555493
4380557
1136256
2654047
2430749
908134
815383
2508800
2644550
566027
1694817
4104545
1186184
5411185
2250846
1982631
1481614
2266564
1053582
4683003
3344448
4748821
2624756
1467842
1248978
5659117
2184236
2814270
3126436
3850212
3541938
1938266
2441063
2870147
1455778
2820264
1080271
4940701
1171829
2299280
3306231
3622057
2929843
4758793
1692501
5534166
3701004
2965664
3047999
2674710
2150347
4445407
3016188
3372677
3532581
2320109
3971220
7417627
5212723
6860748
4507142
4312735
4199169
3777237
937986
5495945
2086662
4903994
2228684
3512522
105702
731591
762666
2412073
866180
5758723
2633004
3774388
979926
1029737
887300
2482163
2687288
1840720
4512622
952689
2989105
1686855
3283003
2692993
310028
1148131
2520490
1961182
1918494
1142932
763882
265424
945136
332435
1746208
2500216
692041
1090531
310566
1238332
2968218
1429715
815678
3392608
1243436
439984
487523
2168130
965378
3120907
2253884
5310521
2565794
2715681
2431187
1225749
1228083
1738697
3877354
6412440
2302261
1791249
1542397
1117482
1567160
1180380
395889
2063393
1531900
1148595
932035
2615701
3434
2308776
1132157
1991042
2509032
158951
1883328
2376336
306899
