0
5
0
0
0
1
0
34
0
5
7
1
0
1
0
4
0
0
0
0
0
0
210
2
12
1
4
0
0
38
3
0
23
0
9
17
88
8
22
12
62
253
4
4
2
108
0
4
0
1
2
24
0
0
0
23
0
0
0
0
0
0
176
1
0
0
21
2
101
0
194
0
0
0
0
12
0
0
0
243
0
0
9
0
0
0
0
9
5
8
208
0
0
2
226
0
1
0
2
208
0
89
35
299
0
215
16
0
0
0
1
1
0
2
0
12
0
183
0
49
25
1
4
0
0
7
0
0
22
23
41
22
0
0
0
189
11
179
1
0
0
0
41
0
0
27
66
0
8
3
1
51
43
0
23
0
5
9
10
7
65
0
0
3
184
108
276
55
4
3
4
61
1
2
4
15
1
0
14
0
24
0
343
105
0
21
0
0
179
2
1
2
0
0
16
0
202
301
2
1
64
22
2
0
44
0
0
72
0
0
0
0
0
0
0
0
0
0
0
0
2
0
65
161
0
1
0
1
0
0
0
127
305
4
66
0
0
0
0
0
0
0
0
0
2
0
0
0
180
11
1
0
0
0
1
0
0
0
0
0
65
0
1
0
2
0
3
21
0
0
72
0
0
0
0
103
9
0
1
0
1
0
259
195
0
0
274
0
1
0
0
13
0
0
0
0
0
0
0
0
10
0
0
11
4
0
12
0
0
0
0
0
0
294
0
12
0
63
0
180
0
0
280
0
0
0
0
4
9
0
0
0
9
0
0
0
0
0
0
0
0
0
3
0
0
179
1
0
21
0
11
0
4
1
10
1
261
1
5
0
192
3
208
0
9
0
0
0
16
0
75
3
0
2
0
0
260
239
0
0
1
1
75
0
109
42
0
1
0
0
2
0
0
2
0
2
26
65
214
0
0
9
0
0
0
64
96
2
0
0
0
35
1
0
298
0
0
0
90
1
1
257
0
199
234
1
79
287
10
19
2
0
0
0
0
0
0
1
0
0
1
3
193
0
9
0
1
1
0
0
0
0
2
0
3
0
0
0
22
0
0
0
0
12
2
0
0
0
0
0
184
249
0
24
1
0
1
0
50
1
2
0
267
5
0
0
1
0
25
0
437
2
0
1
10
0
1
9
0
180
0
0
7
0
22
0
0
0
27
0
0
0
1
0
9
21
21
0
6
0
0
6
40
0
24
0
1
0
0
262
0
4
0
0
0
0
0
0
0
0
0
249
200
0
0
0
10
0
0
0
0
179
69
3
229
0
1
0
6
295
0
0
0
0
0
0
0
0
70
20
54
0
3
0
64
0
0
94
0
0
0
1
0
25
10
2
66
225
0
0
0
0
0
7
0
44
1
0
4
1
199
2
25
1
66
22
50
0
205
10
21
31
0
0
1
0
9
281
128
25
0
1
0
0
20
0
291
0
22
0
0
9
0
2
11
0
0
1
208
0
1
24
5
127
2
0
50
0
0
6
36
0
0
27
255
0
194
0
230
0
0
1
1
108
97
1
182
0
1
17
1
119
170
3
0
3
3
0
2
0
91
2
10
6
71
0
212
0
230
0
12
0
0
0
1
2
2
0
4
0
0
0
0
14
0
229
2
65
0
0
0
0
4
2
167
0
0
0
10
0
22
2
2
0
0
0
0
0
282
0
62
0
0
0
104
0
7
0
1
62
0
2
0
19
6
2
137
2
0
0
1
0
11
0
179
0
1
0
0
1
23
12
281
1
10
0
348
4
3
1
23
0
192
0
0
201
202
16
0
0
3
0
2
0
0
0
0
215
0
22
279
10
0
65
1
2
0
2
1
22
0
9
0
64
0
40
1
34
8
0
2
0
0
0
1
0
22
0
0
66
0
0
0
0
0
0
0
0
0
1
70
23
0
0
0
0
0
0
0
7
1
2
1
1
0
0
0
0
0
0
46
0
0
0
0
0
0
61
0
2
0
0
294
0
0
0
0
0
22
1
0
10
0
191
0
0
11
0
0
0
0
2
0
0
0
0
0
0
0
65
1
63
0
229
1
0
3
187
246
0
2
1
6
0
0
67
2
4
22
64
2
28
303
0
12
6
0
0
43
0
0
0
0
185
63
0
0
75
1
332
11
361
0
6
0
3
9
56
19
20
1
0
178
18
10
0
0
0
2
0
0
1
0
0
0
0
14
0
0
0
1
0
200
23
0
0
0
0
14
292
0
63
1
0
0
0
0
0
4
0
0
0
63
0
0
0
0
0
0
0
0
1
251
0
0
0
24
0
0
1
67
0
1
1
1
0
0
0
0
0
0
2
0
0
0
21
3
7
2
0
0
22
158
15
0
0
0
0
0
0
0
0
0
21
0
1
2
0
0
0
0
0
2
63
0
2
0
7
195
92
0
1
0
0
0
0
0
0
0
2
0
48
1
0
2
279
3
0
12
302
21
0
0
0
0
0
0
0
0
1
0
0
194
0
0
0
12
0
0
0
2
14
0
1
0
274
0
0
0
9
0
0
103
0
215
0
0
9
0
0
2
0
0
176
2
0
2
0
0
10
0
0
1
0
0
0
0
0
0
242
1
19
0
0
194
1
0
2
0
0
2
0
0
1
1
0
272
1
189
0
0
26
8
1
1
2
4
0
0
249
0
0
0
0
0
0
24
66
0
0
227
0
46
0
2
0
10
0
4
0
0
0
2
3
0
41
0
186
0
0
0
65
3
0
65
1
1
0
0
0
0
0
148
10
2
0
1
0
1
0
73
0
0
0
2
9
4
12
180
0
0
0
66
1
9
18
0
0
0
0
0
0
0
0
1
0
0
0
0
0
0
10
0
0
0
0
0
0
0
0
0
22
294
43
0
0
1
0
6
185
0
3
0
10
0
0
214
0
0
63
0
0
0
0
0
0
2
0
7
173
0
0
0
0
0
0
0
0
0
1
279
0
0
0
0
0
1
273
0
0
1
0
1
0
0
0
7
0
2
1
0
4
9
251
0
0
2
46
0
2
0
0
1
0
0
1
0
0
180
0
9
0
1
0
0
0
0
44
0
0
22
0
0
0
0
0
0
0
0
1
0
0
231
1
0
0
177
1
0
22
0
0
7
2
0
0
0
1
0
3
0
0
1
0
1
0
0
1
0
0
2
0
191
0
2
0
1
0
0
0
0
0
0
64
0
21
0
1
0
0
14
0
2
1
1
0
2
1
63
0
6
0
1
199
0
0
1
9
0
0
1
0
0
0
117
0
0
264
61
0
1
0
0
0
15
314
0
0
0
1
1
1
2
191
0
27
0
1
202
10
180
0
0
1
0
0
2
0
10
0
0
0
0
0
0
0
1
0
0
2
0
0
9
31
66
201
1
76
311
1
0
63
13
0
2
2
22
73
0
0
0
0
1
0
0
2
0
0
22
0
0
0
2
0
0
72
223
52
0
227
13
0
2
294
1
3
10
0
0
0
1
0
1
2
5
0
1
0
11
67
0
25
12
1
0
32
6
1
171
173
0
0
58
5
22
4
2
0
0
1
178
4
0
0
1
0
0
2
1
197
96
10
2
0
0
0
0
0
0
0
0
1
9
0
281
1
21
0
0
0
0
0
2
0
2
12
13
0
0
2
0
63
10
190
23
0
22
0
0
0
0
0
48
116
9
0
0
0
2
0
0
0
78
0
209
187
0
62
1
0
0
1
1
62
0
95
0
1
2
0
0
0
0
0
0
0
0
0
0
0
1
8
0
6
13
204
154
0
63
0
10
1
0
0
0
0
5
3
291
0
0
1
0
0
2
0
1
0
4
65
279
2
0
90
2
0
189
11
8
65
11
3
65
0
216
234
0
28
1
6
279
229
17
192
183
181
213
1
234
22
0
2
0
10
71
167
74
10
4
107
305
0
2
11
0
22
0
19
0
2
4
6
2
0
0
0
0
0
51
3
0
0
0
0
0
0
1
193
13
0
0
0
0
0
0
0
0
0
1
23
0
1
0
181
1
0
0
0
0
0
2
0
107
0
0
229
0
3
0
0
191
3
0
0
41
0
2
4
5
0
2
0
0
0
1
0
0
12
0
1
0
0
0
0
8
1
23
8
0
3
0
0
2
64
535
0
0
0
3
9
0
0
70
0
1
12
2
0
308
3
1
1
2
0
0
0
0
0
10
0
63
0
0
12
22
1
12
0
2
295
0
2
1
0
10
0
0
0
27
0
0
0
73
0
12
0
0
0
2
0
1
216
0
0
65
0
229
1
0
0
0
0
0
2
0
0
0
0
0
3
0
0
184
0
248
2
3
19
0
0
0
0
3
0
22
0
1
0
22
0
0
0
0
0
0
1
0
0
0
0
0
0
13
0
3
43
179
3
1
1
0
0
4
2
0
72
95
0
554
0
0
0
0
47
17
7
0
0
0
1
3
182
1
107
0
0
4
13
2
1
0
0
22
2
2
2
10
0
291
295
433
0
6
3
1
2
0
2
9
1
63
0
181
2
0
1
10
1
0
1
0
0
35
1
0
70
0
0
9
0
0
0
0
22
66
0
0
0
359
2
0
0
0
5
0
0
124
0
0
0
298
1
5
5
0
3
10
9
24
0
0
0
66
206
5
0
0
0
25
0
0
3
25
0
12
1
0
0
46
0
0
0
0
0
1
2
26
7
0
1
6
5
0
209
16
3
18
70
243
111
24
22
0
173
21
0
0
0
0
8
11
23
5
298
35
1
0
11
25
0
88
0
4
0
3
4
0
9
1
90
63
19
1
0
0
179
16
0
0
90
0
0
0
204
1
62
178
0
0
2
4
0
0
66
0
56
2
0
263
1
5
0
0
0
4
0
0
0
0
0
0
0
0
3
177
2
9
5
2
0
63
0
210
66
152
1
1
97
9
10
0
0
89
1
280
12
0
0
0
9
0
0
0
0
0
248
23
1
246
0
191
9
0
0
0
1
1
0
0
1
262
0
0
2
0
0
290
7
0
0
5
1
94
0
0
0
0
2
0
65
214
0
76
1
3
0
1
187
24
0
43
88
234
2
2
19
10
0
14
214
217
0
0
0
295
0
1
0
0
0
0
0
71
0
7
2
0
0
18
289
1
381
3
5
12
0
0
23
0
35
8
0
0
0
0
1
0
0
1
0
46
0
63
294
0
23
192
11
0
0
64
70
258
3
73
71
28
0
185
11
220
5
32
12
0
0
0
4
222
0
72
1
2
0
0
0
69
0
0
1
0
0
0
22
0
0
1
0
0
9
288
0
0
48
0
292
0
1
127
12
14
1
9
0
0
2
176
11
0
0
0
0
0
0
1
25
2
0
0
10
226
2
10
1
0
65
66
0
148
1
74
0
12
66
6
0
0
0
10
0
22
0
187
1
192
0
0
0
0
0
0
0
276
0
7
0
2
3
1
1
3
0
44
0
0
1
225
176
8
1
0
1
1
11
2
0
63
1
2
4
2
199
0
0
0
0
135
1
0
25
0
1
1
0
1
2
289
81
1
75
0
0
22
0
73
1
2
9
0
0
26
32
175
20
22
182
0
1
106
0
0
0
21
0
0
0
9
22
49
0
0
6
1
0
0
0
0
0
1
0
63
0
1
0
1
284
0
5
67
3
514
181
5
0
62
62
25
1
7
0
1
0
197
0
0
24
182
0
111
229
0
40
2
0
12
0
0
3
0
332
9
5
0
3
0
10
0
309
0
8
0
0
0
217
295
0
1
3
0
18
0
0
0
0
0
0
9
183
4
0
0
1
1
1
3
3
1
301
1
0
0
181
0
1
68
0
65
0
0
0
190
5
10
205
0
3
0
46
0
4
4
227
63
24
0
35
2
32
23
4
64
1
68
204
62
0
122
2
4
0
0
179
5
78
154
9
279
3
0
23
246
1
1
0
1
5
86
0
2
11
20
256
10
0
0
0
0
0
388
1
30
1
0
0
33
70
264
1
189
0
264
0
1
0
0
205
0
14
1
11
0
1
0
229
65
0
0
0
0
0
0
214
3
0
225
7
9
2
1
0
1
0
80
0
25
33
4
97
0
0
55
1
0
0
280
473
0
2
0
0
229
0
188
6
0
7
490
15
0
1
0
3
0
181
65
188
0
50
276
23
86
211
67
1
2
245
7
5
236
0
229
65
4
21
14
1
0
0
0
8
0
1
1
49
3
0
184
0
0
0
209
70
7
104
4
0
2
174
149
9
24
3
67
2
16
0
257
1
86
0
0
0
45
65
510
1
23
0
0
0
0
0
77
387
1
27
1
72
1
1
0
25
11
65
22
0
0
0
0
0
0
0
19
1
0
0
0
0
1
42
3
0
66
2
23
4
509
194
6
0
179
0
23
4
68
2
0
0
1
0
0
0
0
0
4
2
4
0
0
0
0
33
0
8
0
11
40
6
107
0
204
196
227
2
9
2
2
0
23
0
69
0
0
1
0
0
0
0
0
72
0
0
1
0
22
1
0
1
3
1
1
0
0
209
66
11
11
0
153
25
0
0
1
64
22
0
0
0
0
0
0
0
0
0
0
10
12
0
0
0
21
0
1
0
2
0
0
181
2
0
0
0
0
0
0
2
0
2
18
0
23
1
0
0
0
0
0
0
3
0
0
0
2
0
280
0
181
0
0
0
64
0
0
0
40
0
0
0
2
0
0
1
0
0
1
0
170
0
0
0
0
3
0
0
1
22
44
0
0
2
3
0
1
8
239
379
0
192
64
0
0
0
1
5
3
1
2
226
178
0
0
1
18
0
0
3
23
5
0
2
0
0
2
4
5
8
200
183
3
0
4
0
0
0
0
0
0
0
0
0
39
0
2
39
1
0
0
0
0
0
3
13
0
1
0
3
10
188
26
0
0
0
0
0
2
0
4
1
0
0
0
2
3
0
1
0
0
0
1
0
15
0
0
7
0
0
12
0
2
0
1
281
41
0
1
36
0
0
2
9
0
0
9
0
291
0
61
0
0
11
4
1
5
30
7
0
0
2
1
4
31
34
73
2
1
0
0
0
2
295
10
180
9
0
0
196
0
35
192
0
14
184
2
7
0
189
178
22
3
3
43
12
3
2
2
0
0
64
0
1
0
507
86
2
0
0
0
0
1
65
6
0
0
0
0
0
0
0
3
0
0
9
1
0
9
0
0
0
12
0
203
0
65
4
0
0
0
0
1
21
3
78
191
9
29
0
63
2
1
1
0
0
0
65
0
0
3
0
307
0
0
1
3
0
0
1
22
0
0
2
2
2
2
0
0
1
1
0
22
0
0
3
5
0
0
0
0
10
0
0
10
0
0
0
74
0
0
0
10
0
0
1
225
22
0
1
340
0
303
22
0
12
68
11
2
5
10
0
2
0
162
2
26
10
23
1
2
0
0
0
12
0
0
0
0
0
0
0
67
0
11
0
297
62
22
0
22
0
1
11
0
0
0
0
0
1
44
0
0
22
0
7
3
0
0
0
0
0
0
0
0
0
0
0
0
0
179
5
0
22
0
0
0
0
180
0
1
0
10
0
0
0
2
0
83
0
0
0
0
1
2
14
68
0
0
21
4
0
0
0
21
2
0
0
0
0
0
1
2
22
0
0
0
0
1
2
0
0
214
0
0
2
0
0
0
0
0
2
0
186
1
4
0
67
0
0
4
2
227
0
2
1
0
1
1
0
0
1
0
0
0
0
0
0
0
0
5
0
0
0
0
2
0
0
0
0
0
1
0
3
18
46
0
0
0
0
0
0
0
0
0
22
1
0
0
0
0
0
0
0
0
0
3
0
63
0
0
0
120
61
0
0
1
0
183
0
2
0
0
0
2
245
0
0
0
0
0
2
1
0
296
0
2
5
0
13
5
1
0
0
0
0
0
0
0
280
0
0
0
0
0
0
0
0
2
204
1
0
0
0
0
0
0
22
10
0
0
0
1
65
0
76
11
191
1
192
29
1
1
68
0
0
3
0
51
0
0
0
0
0
0
0
0
0
0
1
0
0
0
0
0
0
0
2
0
2
1
0
0
0
0
0
1
0
5
0
0
0
0
0
0
0
0
5
0
1
0
0
0
0
0
0
0
102
66
13
0
65
0
0
0
1
3
0
63
3
2
37
0
0
22
179
0
126
101
8
0
0
5
0
1
0
0
0
1
0
199
1
0
7
273
0
47
2
68
179
15
0
0
2
0
2
0
0
0
1
10
64
1
0
104
6
0
0
0
0
1
264
288
0
0
67
8
0
46
0
0
217
295
0
74
12
0
22
0
0
1
403
193
1
62
13
3
4
6
2
5
22
1
0
292
10
14
177
0
0
0
12
0
1
6
10
1
5
0
0
3
3
176
2
0
5
1
43
0
2
298
0
10
25
190
0
0
0
0
0
0
64
0
3
1
0
186
1
0
14
65
11
18
0
0
7
0
182
0
0
1
1
68
5
10
1
39
23
0
0
55
196
117
24
0
0
13
0
2
0
187
179
0
9
0
0
1
2
1
2
2
0
291
0
0
298
0
4
6
243
9
190
8
7
49
0
79
2
78
66
202
2
2
0
3
63
3
0
0
1
0
2
214
178
68
1
0
10
33
6
27
10
10
0
0
0
0
23
0
66
0
0
0
0
0
12
0
181
0
2
0
0
0
2
0
0
0
0
0
1
0
1
38
1
11
0
0
1
0
0
2
0
0
0
0
0
39
1
4
0
41
0
0
0
0
0
0
0
3
33
1
0
4
1
1
0
2
0
68
1
0
1
178
44
3
1
34
0
2
0
0
0
9
0
0
0
1
0
0
0
0
0
0
2
0
0
5
0
9
10
0
0
211
292
67
0
25
0
0
0
63
11
0
10
0
0
0
0
0
0
179
0
181
0
0
0
2
2
2
0
22
0
0
0
0
0
4
4
0
0
1
0
5
0
0
0
0
0
0
0
0
0
63
122
0
0
0
0
0
2
4
0
0
0
0
0
0
0
79
204
78
3
0
0
1
0
0
0
0
5
0
5
0
0
0
0
0
0
22
0
3
0
197
71
3
15
0
0
10
0
2
0
22
0
0
295
1
0
0
191
0
10
0
0
1
0
12
64
0
2
11
188
2
6
16
55
0
4
0
0
0
0
2
0
0
0
64
1
279
29
28
22
3
12
0
0
0
0
1
0
0
0
31
0
3
5
2
0
23
0
0
0
0
0
0
1
1
11
9
0
1
2
22
0
0
0
0
0
0
0
1
0
67
0
0
0
0
21
10
1
0
289
177
1
0
0
2
0
0
93
0
0
0
0
1
0
0
0
22
0
14
0
6
171
33
0
0
1
22
1
