0
13781
14341
30
907
3244
869
257734
11
135484
188696
14600
3
30
12530
661
1085
957
49354
4
1391
3369
1048
39
44437
1580
56
381
93417
255218
730052
1041
1930
578
1131
0
13718
1097299
952271
703180
4633
193681
714838
1255
2308
747349
596
8
3
1471
894
177
0
1416
26
1573
51
643922
1500
0
1076
4991
4
21
1071
0
571104
0
660
514207
3617
1
1313
0
136974
1121
0
0
0
342
0
0
571119
182723
1371
57
4264
19
0
0
496870
67875
0
1278
10326
641
0
0
0
43537
3746
855624
562
0
101
17937
5624
1
0
0
424
185245
0
969736
139
24466
231
11060
22
258379
316724
70104
738194
3828
0
477
546234
1018
11010
773547
235173
3
1099
0
25478
805
64677
56
467185
1
170
0
0
0
1
29648
392
0
536687
584424
0
48808
460077
83148
187971
803874
28
716535
145
139
25536
12879
481
0
184122
1424
60367
87275
253016
486950
38466
1311
8388
28928
1250
687466
0
574407
2943
81
0
25196
4705
1517161
185712
3431
521
17540
171
2880
474
1296
5
1249
1073
0
3428
16123
795013
25
0
1
504342
1
0
0
39
11834
0
1
0
1
1201
1484
2
13
22
0
10443
9
166
1442
99
783018
0
2037
0
25603
0
25175
626647
1
756070
766
40312
0
0
0
0
20
0
10924
0
574728
1237
702226
3287
475
1351
642
0
0
1064
1246
198
3224
10
0
1663
18
0
0
0
0
9
25089
0
575551
0
0
10648
0
0
0
655
0
384951
966
123267
0
0
3431
195
0
0
0
84210
0
1721
1
3431
241
0
56
0
5
132955
0
256
0
1122
6
642
0
0
0
0
0
9227
0
0
0
0
0
20
0
0
3
338
1
0
0
0
0
0
0
0
0
575681
0
1
381856
0
15
348
182619
3
0
181032
325
11913
724
3385
2216
24578
1200
4594
1045
1028
2
87865
1104
0
485
185273
1
164
19
3
36
199
13822
504349
120845
0
938
68160
502499
571149
1569
0
0
1252
0
0
27
1049
2
13757
4
3
0
570747
1244
774074
0
15255
0
0
169
2
0
68991
26626
18
0
477
0
41795
0
1074
138
5166
2345
68737
506062
348909
0
1139
503
12
97
1418
4004
206001
0
0
0
623119
99
20233
8916
0
850865
774931
1618
16518
1476
813271
464
192
0
387
1087
785406
0
0
0
5
0
0
785430
425
492711
1255
905
185280
315
2
1061
0
171
4
185898
785432
1
17
360
1107
2
0
24428
0
0
214
171
2
0
0
21
12721
0
0
9233
3
22
0
254004
258386
0
234
310889
81872
474
1250
0
0
68991
354
1403
567031
179636
317
3323
15
167
0
336
117
0
176
0
550
1
724395
0
40
0
3
13439
1379
257
73202
1689
679148
47
590562
1
253896
154
733300
24102
223998
580
15
18
0
9346
1040
45
1
14
0
0
0
0
0
1280
25137
380
17
0
1135
178193
249693
1
3958
433979
28
1
284
27
678208
24
10572
4435
69475
1191
823316
1
171
107884
0
161467
0
0
6853
920
0
0
0
424084
223
14
167
2
55029
786951
25067
1251
0
13909
2436
14650
0
801500
27
800365
0
0
30
3
0
529896
6667
10924
68742
536452
1973
3393
0
797098
0
320
3893
9264
39598
3
251689
270383
194993
0
212121
12
83170
198
84687
101137
2822
659778
632
0
223398
798490
4350
10
18
4039
189296
0
159
530639
77
0
80
2
0
3
0
136
72520
512219
43741
22368
10120
0
3564
137
814574
157447
856
9
424
20
2
125360
0
0
981162
0
0
1
12
1435
387
21584
644004
1298
10033
77085
171
78177
1330826
179383
33670
1601
1782
2
487632
487080
57969
18931
13384
11877
16
543447
17993
2588
617
0
8367
578
10723
185208
0
28963
3719
4675
815260
3658
1249
0
120
688677
144
68732
0
0
0
504367
70689
1392
2935
0
760710
2
0
82
470
0
0
114
2
0
68974
533
8
27628
37
0
4675
0
0
6
1518375
1290
212505
185896
609
574340
727023
27062
4067
35865
807395
553026
42320
355
22285
0
2
16773
404
0
0
0
0
0
0
2740
134
0
471
47
1
69
1
1228
0
2
8
0
0
1251
0
2
12
766
0
3829
0
0
648
0
0
0
3437
0
6010
108473
826
1820
494
0
10654
785410
1070
3
22
0
0
0
629
228
1
472
0
1
0
9573
495705
0
1
0
0
5
0
0
0
137063
19
0
0
0
238
0
137016
0
141
415
30213
52
337
0
185681
0
0
0
1
9227
0
19
19
355
0
0
307
0
0
903
9370
295
52
1200
332
0
22
0
9041
1
1
12
0
0
25
489
0
24325
1630
0
0
0
10585
0
6617
0
716356
0
0
0
0
0
166
0
15
1108
321
0
282
0
69861
0
0
782530
24540
1507
1063
0
602099
23
0
0
2054
297
175
0
1368
34999
475
0
524
25176
0
0
1285
182491
0
24726
11092
472
0
39
0
621882
0
0
0
1
1347
757482
131688
1265
494
0
293
0
1819
39665
3174
0
0
0
0
0
6
1
5511
349
0
0
500
0
574136
0
409514
160483
18
0
0
0
325
0
185945
3
5
0
0
10941
118155
5
141
321
0
0
1075
578210
1
915
1
315
665932
34080
135
179
1222
0
583
3266
0
0
0
475
1580
1377
0
0
1286
472
0
219
747005
14804
790246
0
186477
0
0
0
330
14
230
179816
2
1238
10
1
5
195
2909
325
3546
8
3037
201
22
1366
12
0
49693
1343
1439
53
530
1172
161
1421
2
99
1504
2
0
1
941
338
182503
1295
564065
10787
0
785954
924
117
15
0
13784
0
0
306
0
0
41
51324
576840
55
2
0
0
116
575019
4660
185275
475
886
0
2
0
0
0
0
2
1387
0
795648
0
0
0
1246
2
47
0
25091
1282
0
0
0
0
171
56
0
646
0
0
3
0
0
0
380464
375
716
0
275
3
0
36
136424
332
0
0
1774
69
0
0
0
0
1256
70072
106
4741
0
665683
1199
191
0
0
495216
0
0
0
0
0
0
1747
9233
0
82428
0
3
0
0
221
0
12439
679361
68725
559094
0
0
0
135
15
1290
0
12642
0
19
2
0
231
4676
8
1599997
25
10974
26367
797100
57
9254
1452
2296
1098
4730
3402
0
0
0
0
182259
128991
0
12
572769
10051
882
1549
5940
379
0
1
211604
0
7
1122
760718
0
2
0
11
0
367
967
597619
21787
64
0
0
0
0
0
4
0
0
3
0
0
0
0
0
0
0
0
0
0
185541
9227
355
0
0
19
9003
0
18
0
12
0
0
0
0
0
24764
303
220
0
0
10946
16
0
2741
0
76
0
350
0
161332
0
1958
0
5
0
0
3
1223
0
1421
0
739482
182720
4
7
1685
0
0
0
5
0
0
0
0
15
0
0
0
2962
0
0
0
0
0
0
0
0
0
3
0
1773
0
63057
665768
496928
0
0
3
0
759027
134
9227
0
798582
9193
0
185
0
8850
6839
1081
9
0
399872
0
0
3
0
0
0
0
15
0
24828
10940
0
162186
0
0
182504
318
5
0
2976
0
0
3
69437
0
192707
1435
495
22298
0
0
25176
324
2834
1348
12839
23548
1966
46786
482779
601
3915
974
514320
478248
0
70
2409
859
3291
24688
182915
2
2395
59
2048
904
4644
500423
12033
11156
81
3
505430
926
1031
1471
0
0
3340
0
0
17
107
0
87141
337
29
403
1103
25538
3298
66
30
903
0
0
25173
0
44
371466
171
450
0
0
1
325
597424
32
1256
1278
0
977
0
1478
0
0
797160
295448
37
901
3
6
535652
87
30431
185854
0
14
0
517436
34567
10964
471671
254
2898
0
127643
9132
52868
0
7
0
0
0
941
0
505407
10637
68095
18
4
502485
306
940
1066
574526
0
0
482
1098
798435
0
471
0
0
159
0
0
0
0
1
0
4658
0
0
1
0
11
0
0
2
0
0
0
9234
72
0
34110
0
10667
0
4
0
2
2487
2360
11544
85026
82186
0
12
0
1
1
5138
0
472
1
1283
29915
571206
0
646
0
966
39
1220
25199
30504
4758
1361877
894
93665
0
5044
75
2
12009
63019
14313
503449
0
47
1031
0
0
137
0
0
438
3604
0
25188
29
14
0
394
262087
0
421
19
0
69034
2
212204
5
406052
0
9194
312
34
0
0
0
449
0
519
15
936
0
0
0
1317
24251
38123
0
1383
542
11
0
6
317
1156
12
1752
602517
28
0
1394
0
10502
6412
784454
466
5
20
1294
2204
0
68723
30
0
134
478331
30914
911
60
282538
9164
55083
0
12
1367
32
21150
0
12
45
69005
0
78741
0
0
0
1505
797111
10896
12
297983
22
1454
1
0
0
1466
3424
7
187
201555
10
7069
103
0
0
6
105
1170
8924
397
627891
0
0
87
0
26946
600761
25738
197
1
713722
1302
189842
195825
19
21
9350
10721
686
9
4837
2
0
0
3415
796903
665860
18
52430
1193
3284
806837
5973
398
54
22
12764
462447
207
26529
1585
3922
66479
4746
11670
1006942
1105201
2892
1532
0
0
1690
1253
650563
224
118173
8037
11
10750
9311
560569
1610320
1301
24859
1423
2
70872
2
116
610379
1
793835
1473
5
142
0
1
0
0
0
0
0
0
0
0
944
2
0
0
114
0
16
0
1713
3427
785547
0
1427
795140
16
3309
67838
208
211274
346
494737
1280
12660
7
10438
1259
0
68976
0
0
503390
30
0
475
185190
717531
151
1978
1618
21
1310
68850
30
0
4486
571107
3880
729672
0
0
0
20272
171
0
0
0
0
9
477
0
4562
182434
0
0
0
10
800001
785431
1242
35
1
1
0
0
10662
6602
0
342
649
2
2
0
3
1062
0
1
199
117
3472
0
6
0
0
0
24393
114
0
171
0
0
0
0
0
0
1548
764220
3
0
171
1428
16
1
0
29596
426
0
0
185896
1
0
0
0
0
0
0
0
30
1
452
2675
3410
10617
0
0
11
0
63420
0
0
0
514087
6
0
0
534
325
4
3
69018
0
22
0
0
0
0
0
0
0
0
344183
0
174
341833
791483
46
0
0
198
214
3
2
133
89423
185578
824284
171
1526
181
270193
1437
473
9402
573755
1
0
0
3862
1232
0
0
3
183
0
0
0
0
2
68991
0
0
68823
14258
885
435
1287
100326
203
359
39712
10811
527250
10107
261573
40
417830
300
109740
187
464
2013
1255
0
3331
0
17
3701
332
1784
167
0
782624
1411
26014
185
568892
0
0
1
0
333
1
0
473
6130
0
0
0
0
472
0
184
0
0
1127
595051
1
133
1479
216105
478
47
0
5086
24970
1
575645
749141
0
19
0
488
0
680
9154
15
0
1174
0
0
0
1251
1
771
0
10597
1120
78951
12424
2504
1
181
1
2689
2039
3134
53825
3505
17646
111832
12717
2208
187
565
740454
3034
1857861
204671
731570
933
2869
635773
5422
571090
519804
92084
0
0
0
0
13
0
68763
22848
185171
584
456
16421
547257
1017947
1439
532377
170
13921
21620
11792
3590
34145
140273
55214
724691
18
14539
3362
1287
71
7002
503448
11695
2
1289
0
782986
25555
12540
0
21
584581
705281
753
5712
583
0
4457
9366
1
946
1
85909
3
0
131
7
0
9227
17
0
0
0
0
0
0
449
312
15
185273
171
3416
0
0
0
0
201
788852
0
26626
477
3925
161
1119
211075
597303
196642
2997
813298
1474
0
0
1601
172
2
389
0
0
0
0
258182
1379
4
24
0
459
1
178557
395
63947
2531
189187
12
3
0
1176
90
2007
292
208652
885717
47
7843
421993
166
863247
1467
1503
9
0
6
0
3421
258287
210930
0
220802
4039
162
0
0
605465
942
795600
172
797100
12
22093
69517
2641
1771
12155
561370
1229
10785
7081
2589
68869
961
0
471
0
0
0
1190
787103
787900
810721
450
180
0
66
3
0
0
52
648
0
104431
15
1111
867
473
936
0
138304
19
2664
19151
0
0
19
311
9371
14
1
0
0
0
6789
716347
0
2
958
25608
577184
15
37536
105
1285
0
0
0
1332
1
48
0
5758
513
987697
0
3
17
121863
4568
3
1289
0
0
180
53
25073
3896
179004
2
56
3560
966
52580
1125
1488
966
0
785954
10570
319
603178
125
1
951
0
786387
1248
26425
0
56
3
0
32
13877
73
0
11913
1126
0
0
1881
14
12660
547825
15
1277
19
804868
800325
3617
4824
182719
574047
1815
210139
760240
3
224770
68
4
0
0
0
0
9030
15
0
173
22
1777
8
2080
1223
181507
334
0
15
0
0
0
1804
598614
3
0
797157
15358
12
3
0
10921
0
0
67056
1909
1333
23576
484630
506858
624
3235
2049
597
27113
5
3287
283
25132
91
0
44
0
176
12
1090558
0
26967
23
62
9137
54917
0
2
328
3412
9
478
0
69
12
2
9205
43688
0
1289
83290
5387
6432
2
670
568127
101598
73964
146
142
0
33
266544
21
220181
9352
0
58
0
0
0
5184
1256
279957
13
4
3297
72
11
20601
147252
1451
13346
0
192
0
105
87291
0
48
157
5
7452
3417
149354
242
322
1208
5165
1300511
1253
654852
571381
801186
914
622042
148
0
0
0
131
285263
17
215985
18633
79414
30
717628
2513
69073
733770
20096
0
0
0
10
1278
16878
650
0
157
3659
0
171
0
765995
1431
25386
185897
0
9
3415
0
64908
504896
483
69018
0
95660
530468
171
0
239
197361
20
4042
10
0
0
12
6784
21
12
244
0
2
0
185
0
15
0
0
8
1502
238
6707
31
9168
0
7
87817
29
36640
18862
736314
202180
28123
507187
0
17997
565519
599553
3847
68438
3375
18758
784237
25546
1287576
9942
911
0
9230
0
0
0
212
787926
356
223892
51
1
0
7
1127
5566
92
840265
1
655479
3421
290097
4232
557142
797111
567198
12105
886
0
9
258
12
1175
414
12
313
4
715030
1439
60
0
11
1260
130010
1278
3906
182269
1412
10750
571160
184868
25173
73
9195
14
15
799635
1221
184333
0
9031
323
0
15
1827
8865
0
18
652
49
208
0
20
12
1964
7
11
88770
11886
480411
383
25278
15
1373
17
21204
107
3120
61418
2605
1075066
800618
121
3504
1082
797253
1277
10685
0
788031
0
571188
96895
182
0
29
145
201
1750
12602
124791
5489
561448
627551
784988
45
218
237432
1011
6095
203396
1317544
1007
19
2728
27
4863
1393
24692
1815
16
28
55
20
220
13977
1465
496010
785594
2122
532840
0
285
586873
28753
682529
205
494
55
24844
33800
70463
1830
2250
10827
1187
11920
396
10537
1896
2040
4020
7
553158
341
67807
133
1559
13676
4828
4190
9467
215
10472
13432
1984
186368
25449
795615
0
1104703
14
2525
374131
2057
25
79630
1536
549
0
0
0
0
0
563374
0
182091
3457
0
0
417
0
69059
2
56
32006
28980
651255
0
185537
0
5689
34
12749
18
519
725216
26277
184734
194693
113
229142
1590
10414
0
2
4041
108
21
163
10767
100
0
0
19810
178234
597507
48
667774
443048
61971
1303942
1605
0
1
925
566528
1
15150
9907
25513
797026
10
0
0
0
0
2
0
0
27749
507341
1144852
69190
2
558
914
1419
171
696
2299
9443
179090
631975
164065
1999
0
669015
13
15396
4069
753644
791685
0
77430
1113
2
0
1541
0
0
3
74
2360
142
1726
182804
0
0
5
1
0
0
2
0
1251
0
0
0
109
0
0
0
2
2
0
0
1023
561789
0
66531
0
0
142
3435
180227
40
4673
0
712598
0
0
45
2511
24979
943
497
0
5
379
0
27
0
2549
0
3372
50
69059
0
3422
0
0
0
2
114
0
0
43
19
1332918
0
184997
31866
474
28548
1183
63
1211454
12
230677
13915
3425
0
185898
0
186352
15
1058
785406
2
0
577768
3
5678
0
726797
0
797143
1490
27237
0
13304
3364
82
0
29417
325
4565
3314
803877
472
468709
1140
572274
0
507042
192904
38191
3604
231498
2461
371
0
307
185068
398898
387
681494
1256
0
1279
110
0
16106
0
13
234717
16965
7
1293
364
231
214
6
20977
0
1253
0
6
1769
0
585079
2
26
69279
0
3715
107
0
0
0
0
0
21
0
503397
156
3411
15
16
2614
3
10778
151
71
1252
0
0
0
0
475
476
0
26040
369126
11981
713771
9597
599751
55
2
1061
178642
0
1165
45990
551812
2
0
670
2455
3497
629344
0
36174
24644
230038
213077
568
11
1075
45354
82559
72
782948
520970
2671
1608
17
0
30
0
3417
1069
0
570060
1049
0
1420
898
3842
0
0
900369
14035
375590
477
12
25089
1
0
2495
0
4950
10023
157
163
9733
0
109
780642
18826
3223
1421
806194
0
4
0
0
10448
166
648
0
0
0
0
3
0
0
0
0
0
0
0
0
9
0
3910
5
0
6
0
0
0
0
0
0
10506
0
179282
17897
26570
92898
486
30
4228
503438
572718
1
2798
571090
477
187
69009
0
12
0
0
0
25817
10
784850
499
785407
5
785430
909
1062
1598
1022
0
171
28
3
7
561
136
11304
0
0
28
1042
1230
15
0
0
9394
0
0
38
178766
623732
0
6860
10478
274041
0
6295
15
1948
5
0
0
0
0
331
472
0
0
663911
1879
2
0
14
0
25406
9
954
496
0
0
13471
171
1289188
486248
46301
1496
0
185193
607514
0
0
0
2
1
116
74606
0
1454
171
5073
1210
187
2
5
116
0
6
4
3680
0
9
21
1532
0
0
0
0
6
0
0
135853
0
477
0
19
0
0
71
68
0
24863
1731
20
0
0
0
69097
0
1255
0
237
469
182652
169
2
0
132930
20
4247
0
0
0
0
0
184476
5
462
0
0
0
586
0
15
1284
788509
0
326
0
1496
8
455
1375
508
103
339
759033
1041
3414
0
0
2
186932
0
2
0
0
0
0
171
0
376
1
1042
23
0
107
15
907
0
9227
1
0
0
0
0
0
1256
24941
10483
3402
21
0
2
418
477
4
355
0
0
0
0
0
185896
0
0
0
304
0
1021
314
0
0
560188
1043
0
0
0
0
0
0
562461
0
0
9368
1086
404
0
0
162271
0
156
1071
21272
314
3153
210
4729
0
179170
1192
9101
36
0
0
3
38
921
0
3901
323
597269
2510
0
8
720301
3401
1336
131
0
0
10618
0
0
0
153
0
0
0
0
57
0
4
2457
11
0
24943
1
30
62894
28
1140
503479
0
3907
23
448
0
0
0
0
936
25601
0
9
1845
0
515585
3
12
3
0
6
0
0
0
27
0
0
7434
0
15821
36
128
718762
185180
0
0
7
7744
345
1702
79932
0
1252
51
188
785552
68991
3116
0
0
0
0
0
27
3810
92
0
0
0
0
0
50
0
1056
0
0
0
0
0
166
0
2
1
0
114
0
0
0
15
0
0
0
0
1119
0
0
1
378
0
0
0
341005
1
135
760355
49
572564
0
178
0
0
81794
93668
10201
422058
31874
1268
5830
784035
594982
0
1594
0
8
596170
214860
48
24011
476
0
1180
1096
1992
60
168
23602
1631
564490
620288
0
12
0
31
220853
11201
599770
939
68
31
12603
1341
3435
87645
8
0
0
358
185273
0
2841
218989
1361455
2644
171
0
291
0
629
1192
186196
0
0
0
58
135
168850
93270
696
5283
0
0
1567759
5
0
5
943
0
20
9382
0
0
578245
1285
47
572361
0
4
25126
50
10
0
5668
0
1285
0
19
0
539988
6364
183548
0
0
3
333
183245
0
0
797143
0
1421
474
71
24249
76
11092
27087
4
0
1
171
952
3938
0
9285
0
3931
3359
16
0
55
2
14
22
617126
0
0
0
20954
0
7303
0
323
0
69468
0
5
4297
0
0
0
0
3303
173
907261
14682
3744
683896
9937
4
771357
0
1002
11
595418
3
1220
320
0
1233
571194
9745
2279
0
0
205
2028
96083
497857
123
3128
15046
171
183642
172
9197
61682
27302
10584
11
25243
219
784579
1652
713293
38239
44021
242
2904
58
1142
9318
0
1
443730
0
0
0
12
31238
185184
0
0
413792
3730
109
16
181493
200132
316937
270
0
0
0
1
563
2416
672813
10497
142
0
1929
184204
5
1253
0
2
0
0
1226
713811
0
488
15
1298
3430
0
0
53
0
595087
2
1145
3433
6
3704
0
0
404863
0
803
336
378100
0
13055
1037
186
0
587589
5
0
0
3433
3
1250
0
209991
597716
1395
4
1460
3
24056
15
2712
51
0
170
196
15
25089
1699
152
754294
10425
10604
0
3
0
0
5
0
1
1228
27
0
0
0
0
0
0
0
11289
0
0
38
1676
114670
4
0
0
0
11498
0
574660
0
2
1445
5633
0
369
21
0
0
474
68
20
68842
0
0
1423
0
184820
170
759761
1778
578
1
0
2
0
15
910
0
0
10483
3
479
0
0
314
0
0
499809
1495
162705
22718
3469
8960
0
0
597257
139
0
155
0
24
2
504634
3431
0
2257
1482
15
0
7848
721088
184862
79795
1438
3247
0
494
0
1106
0
1
0
0
12
15
2472
24
10
16870
311
596124
8
0
1548
1622
29
4
69
15
57
578084
0
0
0
1264
748976
0
0
0
0
0
1304
0
2
0
1
0
472
0
3908
12
0
50
475
0
169
738852
9337
509
2
9168
0
14824
0
20371
757646
38926
932
184871
31756
184877
3
14553
0
2519
182747
0
713766
1316
54
9542
23
46
0
571299
3429
25040
1088
272
1
26601
53
0
2
0
15
265
0
1059
905
364
125
348
364639
2
15
10780
0
1162
76
2258
1
5572
8122
767088
4
1044
21
12422
561537
1
1070
1438
0
1
1
3432
0
1375
35
1784
32939
343
1372
17
1105
25300
0
209
7042
198
26
656263
11064
0
3238
32938
60
22821
36174
30647
5534
