0
5868
1
0
2309
11499
12786
118448
12062
42708
12587
11745
27
230
7215
7269
177
28045
95968
130
996
2017
91905
494854
65281
1829
597706
273
1160
318646
416253
9489
127515
24849
468647
9116
186101
1128629
383067
510826
28825
448163
181659
450
61
69129
536219
4059
507
4216
6
1442
0
12687
285
1444
464
365587
2907
1347
1085
312967
67041
931
184
0
92188
0
704145
445408
785178
27136
25465
185541
249036
172
0
103
8
69904
0
503377
66606
0
1066
412869
23283
13408
470
0
93084
71057
24824
503588
366383
6300
9225
29
117
638348
56684
93473
45350
799943
1584
93172
1003096
111640
3
0
402
95
0
589239
181
68
32357
292668
942
94295
214323
272902
78214
22
39987
192842
11844
453
2924
222612
1227149
60
391
5
24939
68931
9404
546811
222639
79
9387
0
3362
9292
4352
219745
1254
1394
92122
1205982
11889
549259
503946
593943
17899
865970
1732
516027
68525
3483
29382
20
25037
24831
69449
25787
1077414
463446
25797
181173
216723
3803
0
185863
90
14985
3
24700
198
0
1
170
983875
146982
681761
105181
44069
23399
71280
3880
2449
137
549
12286
251280
24819
94557
798589
780737
29
3322
437
0
172
0
3353
1242
773235
0
17
0
0
223
12306
182
950
35
0
4255
282
194652
173
535425
68276
3490
190912
3339
124
355
186298
370295
4298
136125
703338
717986
0
178524
172
1040
0
1222
13461
2
566409
81
594153
154225
25750
94224
68
0
0
1083
145155
162
2746
0
324
1171
1400
185149
0
0
0
1183
522208
1435
92329
0
172
724983
0
0
0
608
705320
38661
858
428260
173
471
1506
799309
785878
0
2
657052
967
4646
0
26158
477
68
927
185973
0
246141
3
463
899
24778
176919
254
0
0
1987
68
2
0
231
479
0
0
798748
3588
76
0
68767
194313
495
1454
0
796885
0
0
883
0
504329
66743
3374
4083
37932
168
0
0
0
1491
941
197
1357
22334
24421
390506
13803
1265
66346
25755
164
220
488132
220663
255
27161
20
88
1134
186413
22963
4696
33
581472
506756
97092
398211
9330
0
71601
0
68021
24989
5
88
0
465
9685
503557
278718
757096
302928
225
58515
1846
91368
9514
68658
539242
193779
71
0
479
507254
0
0
722
344
3430
136
199666
849045
0
4697
6
15609
47014
20
2778
719970
935
31677
4584
0
9750
1419
2541
1163937
1
9552
1249
86530
1048
7753
1343733
72
257855
771141
397640
574611
1263573
800250
187127
112729
24852
1246
1409
776481
27
331
1255
0
8
478
753106
599954
2093
29373
0
61351
230
0
114
0
0
0
47
590242
0
371
178
85666
294
0
8484
127
68
31702
10
0
72
0
1653
99833
798124
0
13
1503
355
1569
2
599185
911
25405
849601
842490
186120
77811
8508
3366
353858
14974
29012
900039
1453
24
8180
19
0
25
92
39522
68324
0
2
697506
440
45780
0
2618
10469
3571
23810
9926
177145
1953
443
105224
502
218858
6682
9709
11
581502
1016544
239057
175403
184406
353
0
3276
159
800195
0
0
0
0
4
8
979
0
34157
44
372
604915
88600
46193
25942
0
150
48921
5
358
187897
544578
257347
9565
748883
173661
3106
664
160111
1193077
13066
224770
66
473520
0
0
369675
0
18698
68
1161
5776
625
7
4612
9116
98987
99607
0
370648
24501
4984
1637
190079
24
786615
509596
799887
0
2266
14556
68
62
289763
0
13826
75804
214377
941629
488819
96522
790642
525628
142
1273
0
734708
90
1132010
507864
0
158
9919
509220
86556
1
3932
116500
183359
381998
126
0
288527
770938
81329
489
106050
11
497
505298
476634
9415
1048
659
265497
1638
2688
9
786427
1558
42492
326715
172837
216543
577
1523
533471
0
1057
403972
293149
428
15832
366
805905
267217
68059
187
798287
504383
68
9528
0
17537
576304
315585
801433
0
766590
185272
1303
83500
673360
181156
28350
489343
6638
3447
1136525
10603
382125
40545
201031
26338
1733
245728
279712
162571
782811
156
3355
1291
4728
0
2196
186373
157147
940
172923
81869
30
502394
17846
12258
1847
817213
7
5522
26246
17
47490
2455
136
185908
93466
24711
0
0
8926
0
0
1595
185297
0
193705
521
172
1
1033270
371542
689
1
2337
0
146538
334
201139
503840
161437
77575
60868
36777
1286
82198
62900
729851
712447
344
166045
33232
322
9356
3129
10
68220
0
67
528
390175
4024
83693
96
108809
196
130
36538
794206
16306
0
192
678
177
256
0
10479
100058
71695
276908
0
64
71540
24889
9549
0
1190
1893
13
93572
0
217322
798540
189096
193521
360
416988
749614
0
161
733247
0
43
129
2
3820
51
378
1
9993
25599
0
102
6
172
0
15977
24951
0
0
599
133
307641
0
7
36
65
895
31381
0
0
0
836503
70005
2
0
0
0
471
0
0
17
2984
702068
299925
195843
17
0
7
3331
917
101
199731
9288
187395
7329
307
1499
151
172
71818
1247
0
93
797961
25
716
9
3366
8863
28
168
0
172
369798
102358
1346
0
350
0
0
0
0
9270
0
185771
0
173
2
245661
15
1014294
21081
24950
0
68236
0
161
4732
572628
148894
28
8
4416
701021
181584
13
520586
3542
10049
185771
196284
185488
126
797254
890
508087
0
0
361
198876
1255
2
319937
5
141439
329
943
3
188875
8189
136808
58389
136916
185045
920
13578
506193
1215
726524
19805
318
810
133
26292
68131
369
179729
0
0
121
8
172
0
80542
948
14515
98482
68
117
45042
90
199
1
112191
11
3297
229
0
10186
257032
288951
3347
504480
0
3536
1085
569079
0
114
50
69
110181
15192
7395
526344
10089
0
477
143319
0
24831
964
0
76462
29220
0
9
504242
0
3359
68
395870
10587
745638
0
186108
0
171
0
275
1225
1891
9960
2664
144404
24266
47
5843
942
2086
377
214
3231
61280
3612
0
5531
4102
1
94784
724
311
188595
65
3552
208642
2052
0
918
2558
0
0
0
187006
71059
0
9174
71188
305961
68350
101694
5
153
621
3670
526
0
0
517
10416
0
151
516909
593084
1288
571
819851
11537
15192
24713
982028
85251
24
0
0
172
0
0
0
0
504989
136
185396
981321
177251
0
0
68
0
1059
0
19696
528995
68
23368
42
604952
0
501
461
138
0
471
706671
194803
782546
0
39738
0
2883
23583
819
126
20
22417
416022
949
45
640
4406
67108
0
0
535
127
2993
126063
243
60297
18
959534
3399
187371
194733
334
602143
62481
0
1
87129
127
0
3112
924
506203
50498
1258
604950
20
68271
504350
120
187827
67356
12299
739523
185646
0
3
10241
607741
28291
185771
495
366
310330
0
2345
5071
371282
1643
2090435
1712
211520
5192
780354
30
506004
1443
185808
1063
53176
428
959
505741
9756
533459
296097
818188
504475
1260
3967
575462
679366
10221
26806
179531
0
168
85153
23
0
58
303960
0
186758
0
422222
0
68
512
929241
179357
0
0
0
0
131
68
71644
0
1938
0
1429
0
133
9500
0
0
0
0
2
0
2
471
1270
20
1022
26
1
98
1
172
949
0
0
0
507126
0
0
7
17
185771
798748
14195
36
185771
267
1003
3659
93127
350
8
52037
185
43857
231
93332
0
156
67687
0
0
3416
0
261525
0
1531
2544
480
81
3664
188597
1493
0
0
0
0
4143
0
4805
793492
17206
0
0
0
0
24849
602724
0
194696
172
3
7
4235
65
186996
164442
65497
1
918
27
504328
66833
604911
0
2
970327
13840
3
8
2379
1620
190792
3608
0
0
183539
0
71699
168
9379
0
490
0
0
0
0
13843
24902
38122
170
0
0
1
187763
3601
18440
0
1397
179
73519
939
592156
1859
190646
351
67204
459
25036
168
4036
1379
15080
24900
1248
898
36791
934
2989
53209
604037
3
159
9517
22906
3877
40
1377
3134
430
30549
33363
601525
457
2210
197181
864260
8866
273
0
278
42
284
1539
9118
907
0
2
496753
892
6828
498523
714919
530
1687
1384
2368
4316
68
0
1879
26299
1234
93170
3357
158
38
3174
1
7352
224714
0
7
0
119049
20163
50172
186892
919
6123
3
58129
0
886
1311549
880566
1492
0
99
0
571052
0
18400
572686
1386
1006565
504005
695226
92440
34790
520345
415736
4709
8085
407703
0
118816
5
0
9251
0
0
0
0
166
57878
71298
22
0
0
141
0
295
68146
0
94222
24
38044
799619
120
60
0
11754
7
200
505744
0
42
0
0
0
1
0
0
467
0
172
506240
954
26
0
16
83
504416
903
3972
784704
540776
1192859
71790
185428
1830
513584
798867
415289
668637
559
216
2556
0
0
7947
4919
49144
0
570
517505
0
92207
1241
185924
703
104471
988
32891
11508
41042
182254
1838646
66151
181454
0
1736786
3715
4174
30768
488914
10814
25324
17
68586
2992
0
1
1582
0
910
1029
504397
93169
546202
512293
509048
7
0
0
158
23890
222
0
3366
0
220
397
110026
2708
0
499
1304
504293
0
1
10714
1022
26248
638162
121
0
194634
10494
13
11920
701655
93431
317
52990
2
1
321
0
1517
4975
733886
71536
19714
0
194750
0
317125
54540
599055
496
1569
1
186226
139015
6
1086
15
0
1416
10442
2830
4724
0
598530
497717
120618
858
3
57376
185765
118468
0
10
26895
85382
858
84572
11
162
530710
2440
780834
185640
531277
809828
9308
2730
7
85
26375
1281
0
1252
0
301820
1145
798953
59693
0
131
1199
172
9962
141
36
1130757
0
0
284194
0
18613
76086
18338
17
572709
256434
1189
188753
121925
1300
32034
185764
611601
784153
43067
1508519
653
24966
606840
599023
786464
166241
551175
534791
274583
546
780099
2431
393854
6755
2321
37236
22872
491119
99509
495494
492212
507169
750348
489033
781462
779127
395902
10597
185114
1429
1870
8494
397271
505052
1000002
534
0
25360
9674
24480
950910
3426
14247
1440
1
1422
0
8
189245
125186
1428153
148
10
130
9262
3359
1
0
1238
0
7
194
1
1248
0
69303
459709
0
8
0
185771
0
4045
0
609791
7
165815
931775
98
507197
70682
10909
879137
1299
1902
1387
187036
38
7560
1232
24842
63216
0
0
54
0
39
181839
9421
579302
167
44
1452
0
18689
2787
81
1636
2798
67457
74631
785816
0
0
0
8735
891582
0
0
13
18
5
1
0
13202
68
0
34088
185792
131
810601
589815
1188
4
0
408
2
0
560400
0
0
109
192033
3366
1263
0
9274
85740
68
6
465
171776
0
1593
25160
0
507925
185771
0
8393
138
0
133
0
42
0
68
0
30969
252499
572
174
1483
785715
8
2
200757
0
599243
34704
0
0
983
70
0
24820
0
0
56
1
1106
1512
0
3953
597549
3248
796904
0
1217
24878
527
1
0
2
506197
40
487
0
183015
1009
1876
932
474102
23
723
0
8
1561
3376
138
17
0
0
2
80
0
744597
93050
68288
9657
1
505056
27086
51
3945
0
27056
506263
388947
0
1600331
212
506390
16721
1093
196733
608324
185441
1250
506331
1116563
72310
4659
564507
22
19182
506195
6
4508
185771
185771
1610
185817
168133
514239
21258
9247
48432
68182
4243
619076
828246
1212733
760652
249445
1651
207309
336809
349289
0
85787
24665
555
0
68472
216
34929
401
455348
1237
8
1511
0
450
93946
24664
2168
1139313
78453
5871
1265
6656
0
1988
0
172
3399
40504
24894
0
139794
24348
0
244
9480
0
24
132
71768
0
792
267
1277172
194092
0
35
828
67
68
94490
45443
152
8
0
1244
96563
3663
8
188570
0
1246
464373
11168
688646
3651
99942
6154
331
495107
222
68465
25464
41117
3930
10132
2155
4752
12408
323730
19501
32
20728
53307
14778
25423
91237
492075
430761
159287
1887130
71073
591296
1837
13258
361863
375592
92215
449649
179795
8
502500
4273
1793
24084
513617
797068
518192
71
71
260
89444
40625
1326273
683
223896
9568
8117
30725
1008024
10127
50034
366594
206884
185588
133
1631
185110
71342
288478
1971
3753
704858
17
983
2
267222
184660
7023
68104
1125
577322
453885
27761
148694
1649
185149
504499
196166
470
803
799963
26249
1289
927
311
0
2059
133
2278
0
0
1841
3362
0
9
10775
66803
487354
68
2305
505385
1
5
9509
93200
5222
599770
507233
3497
225409
8194
505886
962
311075
68125
505109
812687
826746
1486
8
0
29470
0
0
371
8584
83
603738
7
1183
816461
168472
252448
0
79
450
45839
23329
13928
1087
46276
6
799964
5
0
63452
3776
711
800061
68
31764
371376
19916
0
194759
191
1441
14166
62
509381
9761
186796
633711
10470
12685
3604
7
476011
514
95956
533513
2133
381327
223893
797012
18
127844
119
489250
488686
34448
497606
784191
6036
158173
517788
799949
52345
0
8790
0
172
663
2349
262780
70637
11037
7321
152
391738
15077
785735
367
98442
26191
81162
68
407562
579073
735367
464
488
51
16083
737
306230
31352
133778
0
0
391254
17
205206
1905
1246
797039
9561
169
460612
71
389
247702
9541
125
654453
696238
530772
381652
505889
0
93428
68
93743
460
24848
1474
1449
123
133681
45702
68118
22
938730
1204
0
732
477
49
4707
0
0
186115
10688
24215
2457
679
1907
95988
4176
2055
74058
136198
170267
254
9758
585286
49048
982587
0
504817
619311
68
523878
24824
503
1459
0
111
4974
67530
127
3196
186881
9297
88359
509386
1
186933
749101
9641
1039
313197
803530
788035
508355
54105
517626
1085447
694371
81099
93466
423451
892341
0
144
1261
169
0
1313
924
643
507126
185771
186159
69513
13945
138102
44
0
4015
3638
529
62
0
795929
3352
92011
7
11470
783307
0
0
4647
31
13824
0
190844
73471
582113
66350
17857
13677
232169
21836
592
546439
442863
246
9995
1
977285
5526
0
96522
0
225176
92860
917
1586166
928
12
999868
10320
12898
118930
0
37
102
94402
13137
2701
504991
0
0
936
0
1044823
194986
66049
22
10
505681
185914
9545
1497405
876785
327694
68245
354
505860
1050610
24160
12
4876
505758
970
26882
468
156
0
688770
8981
402313
25277
0
10288
498783
860
115184
165796
2539
183264
1349
0
1
969
3513
282945
8132
258312
323189
504882
726735
537315
183122
6751
3706
3103
780037
452
884041
229
759239
17
321129
3484
431
172
529826
185771
612945
601636
293160
187922
67578
0
710647
1436
22391
864050
8748
293022
0
21
195168
1465
559603
192063
87
172031
25636
2181
6
0
253681
787150
800000
980
0
966
504387
24844
356
472
184111
475106
146
0
85
77721
4799
3388
299914
1153
1771
0
1491
185948
47771
682837
184037
197663
82681
95177
456221
1278
1148369
2041
0
3363
68
7
70944
491
2356
96525
3718
1154983
2306
69097
11242
162335
19288
816573
167285
4316
324884
22759
9428
58814
760745
27
5129
757
718616
267629
182029
1198765
886915
875
921
363
0
67093
2816
5265
785105
1251
283559
1237
8679
91
967555
99
34437
63772
675
372974
211209
185175
366112
25255
520810
797016
79330
1335
82365
2364
427
0
167127
505434
16648
1394
0
0
8934
246426
1280039
0
93587
46436
824816
1253
185896
28670
1598
278216
96962
504415
1219
67511
3127
89786
9633
801942
603658
185416
0
506857
185462
1463
4161
600509
11455
0
768020
16507
44794
11625
227186
43182
0
0
518472
933
504116
507014
1642497
1073404
1797
861
711189
0
296784
1058
550558
1331164
7372
504610
758385
0
600186
0
901091
186899
751821
1092
1838228
0
556
8
2213
0
0
575560
462389
70847
467307
71666
285659
54319
584022
811532
682831
5335
184101
961302
452889
281163
970953
77677
100280
639
498303
509701
593803
92544
401683
3616
4457
47264
225963
4032
1204893
668499
185916
746235
290408
181928
1013
446194
730298
383831
718112
496613
20645
26914
53874
704595
312508
223255
43745
30589
29072
493472
28350
14503
83229
3251
500271
3365
250161
193
67182
928016
864147
5814
188546
2053
191
1212
656416
8092
198056
161377
4397
1284507
1783
777636
328
2638
2860
510205
381945
206057
1401
9218
1304
3329
185779
0
185446
68510
1411
194
0
106183
1086
568
1816
68462
506195
342
656992
186604
561892
487
1567970
93966
506912
897
4633
613
8478
479831
801740
83024
346615
0
80968
135
345
0
17
0
0
125
596597
1745
14315
0
214
668626
5234
108468
13168
2612
122867
657170
1111626
3488
782904
77684
105926
53835
9190
5489
32544
75
776988
9
513995
3
0
1983
203730
1
168
1558
25
802969
172
87
46655
0
286
0
2398
4557
2449
172
197329
142092
3366
612460
381631
216210
186850
488784
957971
88892
24696
199316
1414
3360
0
1394
0
16
0
9335
12
0
22
380
9807
9262
6745
0
0
10
182335
116
3444
0
1253
0
335
68472
176334
186233
9199
0
0
0
134
68060
0
191319
1415
3
526
10
1285
216
933
172
507195
56415
1248
21
8
114879
509737
924
104757
425901
254802
185411
464288
26129
2170
458081
811
1227
100286
511
409
0
505285
1
2324
917
0
0
342
0
531722
426581
0
29598
4
186235
159
549
1245305
639
221251
17240
31
477
503708
0
3885
501
1449269
886917
0
93495
78050
0
1479
0
731200
357
783970
38682
52782
93313
6492
93
338
0
87491
333
54491
505781
213808
222
78610
443
100572
0
1118250
6526
94844
677856
1625954
66748
1299
608
3086
87034
1029
497
549040
0
0
10286
33122
19
187032
50361
80052
187034
8090
19
1258
163
47
3070
1241
7664
0
1232
9
0
5700
93079
69844
2
0
63105
0
7
0
517
0
0
0
1
650
0
572518
2
396440
25485
9
907
0
4841
82521
70
0
15157
1
39
68
181782
10737
9
47299
794134
541267
568730
153308
76803
5141
1
322
118
23986
6370
25834
112166
770125
338
36203
3568
109
3497
15787
3
5857
113418
21814
27
2724
486347
162100
8714
459929
279614
367551
4739
4308
35
961
20
0
1487148
188
0
66513
436340
0
77528
1257
96436
94979
7
587906
98395
59837
195573
0
68232
77398
3360
33039
184313
1716
67555
483
4294
27764
0
0
78486
49377
2396
0
1668172
0
71538
0
17
4295
24872
12709
5536
505127
171
3285
10529
0
28
4
0
1201
0
1245
1834
1986
4
4567
0
460
201811
69
8
93496
0
15865
0
2897
168
28
4903
2700
210847
27851
189760
571733
9227
68254
0
876245
82874
192833
471
351
185778
436
77
69
0
28657
52812
1189677
784
583327
1252
753774
0
114
1291
68
0
0
165
0
0
825835
1238
10270
8193
138
338
1302
3155
23955
68
458
2357
0
0
0
301
33906
123
167994
558445
365976
0
179
5
0
58
3373
0
0
1381
611458
0
167
147
471932
192565
134231
0
198865
185515
189605
0
55
25388
0
69
488121
0
178006
477598
373777
9703
3423
1245
171663
164
24640
46
74
172
346
196521
5
133
151
6118
521974
164
0
695
175295
61839
0
0
0
0
154
1430
1403
0
82
0
25661
24951
0
13
0
136
0
0
810347
3321
3601
182320
72074
0
3367
27
9362
0
0
0
8342
0
68349
13
211
136
1253
3
5
13
110452
952
1422
810
0
0
9262
0
0
7
24411
6677
0
0
19
0
3909
507604
892091
171
61
0
6198
64844
4091
473
208081
21
0
251400
153
423
0
2
3999
1
172
0
2
0
1480
1320
3
471
783817
26446
9332
290
0
332
23
112
212
0
2
68345
185057
3442
187795
6015
691543
194677
0
507119
896102
0
10391
0
185778
10054
34501
0
0
0
17
0
0
0
0
0
24
0
133
1024
0
69
70948
148
902
13
283
0
24947
7
255247
0
1415
195976
3753
146180
9227
0
38270
3
13529
518
187633
261
3958
1040
2595
8
146
1046
2238
183
1475
0
2505
249
1055
0
7381
0
68714
9112
1026
175
579080
503556
93801
3324
1250
0
58736
1
0
798147
0
0
1
0
20
106
0
1434
1319170
2565
2010
9216
494
127336
565055
507744
14129
2312
0
0
6483
0
3538
104594
0
9
416470
16964
7
324
709
185773
506197
68473
168
329
0
185134
0
10
477
463494
24939
0
1011
532
559164
0
193
188991
9436
93011
895
550291
10970
2403
11805
557497
384471
1289
504859
34438
93325
0
648135
0
495
23
0
0
290
193853
975
353
0
54
0
0
943
0
139
504351
0
9247
1570
15
2315
3366
0
1
917
185771
138
0
0
50
35193
17
24820
56
130
34
2
1
341
0
3368
1
240436
0
77
68398
199673
263799
425343
508088
506195
11
17519
9115
729086
31080
28818
477
185
117796
78814
4
212
68211
9656
71364
186430
0
155
49
0
0
490
495658
3302
9758
26744
40753
602764
684643
1415
503463
73028
68478
215185
10059
78459
71530
70779
235
10430
6425
389
26731
29
4214
4305
496819
588
9507
3631
315390
1386608
29679
0
7
181617
0
707
799965
800433
3103
524
520074
227
552
367792
118996
681386
787593
776543
172
181486
159
139
360066
348
0
196647
994904
93495
1465
262952
505897
25497
77255
185269
0
0
313
2651
3
797156
172
506058
142
0
506197
748708
512171
668321
424762
6
931
69157
2534
0
0
783659
4678
67788
44973
2293
487733
0
250725
22
0
94628
0
10792
8317
2925
1
509815
0
321135
0
365
1252
403
1140
3308
0
141048
185771
0
0
205273
9262
67855
345
2385
24899
182278
68529
7041
187450
48479
44
689940
524
3434
171966
670520
37787
10310
212129
205672
68362
69398
15549
1291
31748
118814
7997
1890
1
115225
77734
99416
68937
370042
21
0
456
4213
467
940336
1415
802506
14134
19
1305914
25141
9692
57944
1268495
261905
120562
674414
247067
1614085
168517
1617407
52812
266788
13077
67128
640
2182
455
1298
1
205575
0
7
106889
724
228884
808617
1333
16166
346262
151
69513
36
85165
747301
38674
28670
0
177893
25808
0
2187
151450
395035
178
361
0
0
0
68
116
68472
0
0
0
1140
565925
9443
8313
490000
925
33274
0
0
401
19
721653
0
1915
0
172
1218
924
59050
152398
8107
77472
7721
38707
9262
238030
143
1063
0
75699
0
450
0
9192
2
3
19
734320
93971
174
24137
1521
503
29
2012
359
24
701378
436398
2997
2631
68110
4738
0
122494
12
4290
0
14082
0
1244
3322
0
5711
2023
21
1458
0
9
0
0
0
0
112642
7
24379
0
5636
230286
15
0
93412
289501
1340
68
74069
3349
6
132
510765
38322
0
0
24941
0
0
62977
12737
0
68485
0
72639
0
24325
19
568452
1092
0
0
0
0
67
34172
127
68
2473
505104
0
277
0
0
70
0
286
67523
146722
38485
14109
277
938
1013
7387
74953
3792
61
0
16
526021
0
578386
5695
18
325
136
13
0
181
195152
93054
578677
924540
168533
0
194403
54
140
0
1
0
35750
24869
0
227
388
0
23568
36
79163
3332
49
3480
82311
73071
1259
70699
4695
66
144971
128
0
81
20
45194
174082
800000
0
15
0
505184
331
1
39
0
0
0
68
4611
0
0
9330
275301
3380
3425
196394
200699
14483
9669
184832
7
10583
8
400744
544465
59430
1704
0
7
795530
20
728479
1246
174
68
0
567426
465557
0
1784
9415
153228
4
68755
9059
688646
1419
13
2203
4481
5114
7
1241
0
101246
463
726
2299
4911
47
9193
246
1112
0
33562
498390
1
144652
1130
6559
1647
1274
62
118927
748
132
35546
22436
81355
68620
26827
104
959139
1270
1
8
13094
12020
184854
26137
1423
1392
1958
317
2450
2876
2004
132
190
10249
3670
2462
2747
238012
9163
176141
28
153
56
22884
1
