475
654
4968
7
279
2663
1254
5531
1482
1404
84134
1898
198
161
102
1
78
455
15403
4
7
319
93621
26588
8501
922
37918
237
211
20948
3057
2041
4631
1267
220
71058
3643
32764
4138
24895
3258
11634
5550
88262
2
63174
18669
12
10
532
9517
41
2469
670
2248
2709
24
4910
362
1
3
242
40
24
2588
16667
17636
0
44306
20526
192416
76
105311
85
3551
5280
1764
3
13
343
0
0
4544
0
11
479
756
10365
1016
92476
95189
6
7
11064
145557
5969
16560
5248
3259
3702
3579
71435
5948
171636
7
151847
62921
42390
14678
213
281
213
1
4021
12670
219
3402
14492
3285
20395
9607
559
18415
1320
4
2350
17299
37
3556
19879
19253
1305
512
176
1162
93201
5005
484
3550
358
711
7100
14682
51343
5644
7201
437
129
6694
4977
519
28088
7591
38479
18319
6780
202
24459
3002
267
3346
0
691
1103
566
29154
139261
612
2731
5030
513
4298
8527
2172
103836
33821
8
170
365
28
313
3379
175882
65638
6280
13207
12718
3088
38
0
719
193
3
10
1140
12
126036
126416
6905
37973
1
4
9459
0
0
0
2131
28700
0
314
209
2503
66
3468
150
2576
7
8546
13607
106
5394
436
2541
76336
14
763
0
13982
0
9336
3297
1757
69402
44433
40845
405
0
6
1
0
2
419
0
2361
10
92027
3551
0
3298
463
0
0
19
171
668
12319
178
2604
2714
2463
2
78
0
16698
4
3211
3769
13924
0
2410
50781
0
0
7895
482
56990
11227
2658
3415
14932
79
249
180073
154823
0
0
129703
197
1161
0
654
197172
12
85
8
0
3663
476
13
3016
0
6
47
5257
88573
20
144
1755
1
2678
12326
5
39
170917
160
11
192
35
19909
15352
243
0
136859
0
0
0
2968
87785
4936
119
2901
2984
6
269
14763
5227
219
148
5259
38
131
103
1742
669
2580
86982
410
2
226
59
23059
3008
1143
0
2
647
186467
3795
4187
2
96622
34414
91567
2
4
0
2
3
5062
395
4819
0
2
3068
2
16201
112812
150176
19290
219
3599
10
6885
4714
65864
124061
1912
0
5171
12241
209
5263
2739
3083
91
88
0
24340
92002
0
584
0
11808
3725
111
798
73791
31
3164
216
256
2563
8
658
174623
85
3
5477
94568
173
12893
157612
37994
105282
127874
674
16433
179805
9694
3203
44299
1061
0
14305
22034
5607
3486
2283
205
13
78397
6605
106363
3163
0
3422
217
40
2
623
200
1
331
14
4179
2
189
0
52
12786
0
0
215
0
3379
67
7
20
183
279
4014
137634
3264
273
40
0
2953
2742
59287
19
2785
5268
151603
84
485
3103
2578
5488
42124
445
219551
15370
0
9
45
1263
3
88766
0
30
2195
0
12732
114
2760
0
14627
1
359
30
907
17064
4908
138
4380
3404
19308
2842
42452
79
5610
22887
15536
363
1366
52
26
448
33
138321
749
88633
0
0
138
37
236
90
3343
6
0
125929
94099
2
7
552
638
10972
451
1
2382
44
16656
9
133058
7850
1536
191
5866
175629
674
8140
2342
308
16
5053
1962
85
7912
15347
208530
5982
12553
1
12673
38820
976
116692
0
11719
18
738
456
7001
464
4008
20673
127628
3
8
6114
2214
2555
14990
2835
1433
163
3385
312
2067
105965
6499
35091
3129
369
25
27754
140
107944
1094
0
200
2913
137
12706
38404
1134
104757
17384
6071
202
71
4067
3183
19244
10
121827
27
83
0
2951
23924
64
230
16049
88
12
0
168267
544
808
2774
3481
5350
7
0
121467
0
3399
14681
424
0
3
3
13898
4151
43
277
130458
0
402
12328
1
16553
108880
22
3338
35513
484
115
7
2159
107792
209
1190
16427
2655
57
8819
3005
2838
333
3805
3252
13199
2486
128829
5726
137564
160
3366
1440
57
2
1
4583
4841
4263
98801
5282
2649
10
4674
33235
304
155734
10
15698
283
1
3254
346
0
13254
90073
730
15
10
170
29
0
26
301
0
3644
2837
459
493
182190
209
2655
3436
0
218
67772
12
5393
8382
15550
42368
2920
12689
747
5709
3476
76724
57694
373
290
175
1
2888
160
183
386
0
0
1095
3031
107
4233
2677
109407
656
2
8
183677
3648
83982
90
4666
228
35110
1
9
13242
113
41853
0
3
30
152
673
88971
633
22
183
126073
186
3856
124597
1620
17589
77
4603
25166
29
3
38213
0
0
6
1
4
2100
16
66
221
2482
176
8973
149
0
2
0
1102
0
1
0
191
27
0
0
1666
2
38
204
40068
4
264
28683
82
0
0
0
0
0
3062
0
14903
5124
50757
26
53529
0
2518
18233
2
2
52
8736
5
2982
753
141
315
0
0
299
5243
2333
2392
172150
0
39
0
0
0
2499
2173
5333
8123
15496
105314
225
11
27856
0
106
189
5399
5412
8
13
290
145
0
5
1572
1
606
2527
2346
75705
87
154
1148
5720
42750
75
0
2492
20844
410
201
15
5034
2906
18755
2157
385
18442
170542
496
21869
456
469
2591
13624
18115
0
55
4966
91378
15960
254
174
89365
176
157792
8459
74
19263
755
1246
59236
87927
66745
11358
693
7
66323
15009
91860
27
0
348
0
2789
247
4
11757
40294
199
6378
174
90990
174
2794
154
480
299
3132
402
297
373
0
417
3676
133453
740
281
0
36
5119
2351
0
10
2037
407
3344
176
88776
40
3268
85
193
78
0
0
0
0
12880
4588
511
15883
26599
0
467
1
4455
53
24289
15766
1778
0
51
0
917
15048
388
2054
17
166
33
14
15082
51
569
169
374
4078
8394
37345
287
502
148
302
532
2657
149
13016
206
97
5930
309
9617
4884
248
0
0
48
13
169
0
10997
2530
39231
2913
75688
6
202
416
3628
2111
14678
544
2699
628
566
0
1838
6326
2
1726
148396
347
3709
9
170172
13562
0
2
1
198
2089
48
5020
0
67
14096
9399
112231
0
0
0
0
169
2510
0
3638
37838
5
6568
4985
129669
0
19
468
11
0
0
57106
19543
136641
2588
3230
19910
5499
169
2570
64
82
3321
629
1
2
3074
15007
7023
748
0
2640
0
11812
4084
12
4
40878
142683
335
189
5622
421
152063
33
437
148
312
0
0
2697
13
2705
208
0
129572
0
88796
1
60
18355
9640
45237
24689
6
88660
0
2382
126413
734
2165
890
2283
21
17
197243
12704
27580
163
143541
5248
12453
600
6514
6
2821
12538
2099
7
5006
2941
63
36438
138
108187
11913
9455
0
33
3469
2111
8478
333
313
388
1178
2470
2990
6
412
0
99068
1
0
0
334
2689
458
282
88311
0
0
2957
7279
12
88666
14767
121
1
437
21
17159
0
0
2240
160
0
1
1713
9
0
0
0
5124
18271
186
120
17
2371
24
0
12301
407
0
5
270
0
371
403
192
15721
170929
25597
41
61
135
15223
886
143990
0
387
3117
178
3154
0
89011
5129
2045
138
3
0
481
0
21793
12
314
19
15059
695
288
13057
325
2
173
425
2
276
0
586
136462
3
1
2513
0
0
11014
129697
0
19561
11461
16
0
9
2569
3591
4519
3153
585
0
0
87752
20957
126822
129
3
12836
4341
26
277
0
242
378
2451
0
5
8503
0
67
0
1
6
0
24
0
270
318
1423
14563
173
5130
2
0
105
13154
276
217
7
2713
11265
26
147
140196
309
140
5358
66
1
151
9
264
270
2964
23
22
274
2341
2860
158
2174
3358
156
198
6
39550
7337
3066
274
61
105
6590
59
104044
39
1306
3047
3842
117
16
3336
0
28
643
271
1312
252
35
28
18
36
135210
323
4385
12155
7760
2391
3331
40
3380
4719
5481
6
0
100954
81
278
0
6
27
14564
85
0
12308
6
79653
3409
34
173943
340
6075
2748
3566
3069
241
109707
79740
2
9
9
30
8025
0
3926
93576
61
68450
108
3508
87135
7974
88371
395
17
130
2769
18
3194
216
122
2830
3298
94
16
92
164
0
2
0
66
11200
91
4975
610
5361
4
113113
28
665
134223
0
2379
10
5888
201
187
36484
7
0
14
11795
2
485
0
26
0
3056
0
9
54
17
9
0
2377
15966
118
38946
147519
124792
5022
145158
13
505
14991
173079
7252
3660
90626
0
213
12372
13
18272
2870
2942
0
0
20948
0
10782
173
6
3239
84
53
209
4548
2717
3133
113925
30
93177
59
243822
36193
3017
3837
6309
4002
0
206
35
6
0
5169
177
0
277
297
2
112821
101731
769
35393
14
426
2730
8100
314
5
194
2648
0
108
105
97309
79
183
27
417
2510
0
6
12568
14593
7
98
3
1
24320
2
58
11
8060
88814
493
12109
567
0
26
0
243
5865
16981
63334
3391
97
9
23
156
11890
2819
2473
32241
412
142445
91750
2
610
43
0
242
2682
3351
577
4679
69626
28
3262
94
0
3398
184
3378
21
3084
5
276
117
317
2038
15735
139232
532
6827
61
2140
79285
22
5103
174
3107
39
661
0
8
8
3107
332
211492
3
1
0
486
84
4426
14312
3715
3137
1119
5385
90982
12549
120
92214
5403
121
3429
34598
89734
2372
173
7822
17064
18184
139140
141682
11688
85519
12558
88588
90893
207755
107229
107281
4207
69
87968
201
127440
260
2106
3351
713
5682
9957
80379
23546
8808
33681
720
146160
16882
3428
7698
776
1031
3
1
3325
12615
55791
338
3250
0
3
72
36635
3909
34408
3444
498
8
403
14499
202
9
3353
106910
3340
859
162
8433
1
19253
3090
3254
3403
418
0
2263
1
92
35141
245
0
0
38113
108
2063
3
3956
38121
110901
3
9
112237
604
45444
1690
3
110053
1687
3148
2740
5858
0
427
0
243
159
10912
3209
2
225
179
128
900
2455
2
42
40481
780
44
418
23
510
286
5275
3897
4675
4996
0
2359
3114
275386
6030
0
0
2804
2863
326
12
88209
549
14
5385
2
469
133793
4134
6
10
203
1
1069
0
3493
14376
1
2
142
6
1
4794
1076
67
8409
12089
475
102932
0
471
12
0
50963
2
178
20
5
0
2
226
0
0
0
0
3576
2707
88
0
257
139949
11816
143
57852
6
114370
3240
21
0
943
0
0
19
182
17
0
1780
1105
87201
0
2967
1177
0
137043
2
1737
3063
9
3153
90
0
2634
8
36516
0
134
191
254
30
3219
0
2929
17
2261
242
888
1
31
0
0
2729
2402
95
57712
66808
5350
0
0
11286
2747
63
180
9
4256
0
56606
38849
298741
2
17151
271
300
8871
124895
13656
3737
24
7812
635
315
54513
2796
90627
85
3
366
39580
5482
632
198
0
56138
2601
98
43280
6
392
184968
171986
250154
3796
11279
399
19437
15937
15369
1821
93488
28
165
40
1108
0
569
31
248
0
40525
73
209
3746
37093
237
87
44741
2368
13
101483
8386
2060
15
0
0
1
10325
0
0
2964
0
0
454
2107
199
8781
120
65329
0
8
399
137445
322
23
1
0
92
1252
9849
2786
2139
21342
0
117
132104
14581
1
60
5
3389
451
556
124572
431
211
593
44
85
171
247
4
107
259
864
419
9326
5
19053
4097
4202
3784
3768
157
14701
104159
42518
7596
73337
36170
674
80575
48
2890
4940
149
19015
43844
93479
1819
2
169
91012
3230
16593
171044
117988
14526
22
16059
20365
2666
39812
163
3599
2224
6313
841
22571
2952
57
9516
5469
50172
384
7470
459
623
1183
4029
4
28854
523
25
3157
77001
7
177
297
5
2798
3337
3748
12879
2674
83
30
12599
2328
5164
137979
202
4030
1
3004
4
88600
2674
448
35
3
0
16
269
5
1691
86431
294
89
66155
33969
1
0
0
120228
14
175176
232
129
112715
217
236
257
3747
57296
15389
129480
12736
44
5380
38199
3
25
425
0
0
20
125331
291
42003
150079
11128
91177
0
0
12695
46
26
7
57
46
2
138974
0
122
753
654
234
153076
7242
6827
0
11369
0
95255
933
249
2993
2759
104
270
89
98641
2919
14971
636
1751
92
236
132115
7085
11054
5913
7137
130905
185
38
35
18459
644
4231
143984
127923
54
3139
7402
168061
3726
171
17
4
5
222
0
65983
6208
31389
86
10
194
3841
186436
297
33587
40732
89828
245
3676
23444
200
10
122
2312
1104
192
21
37985
528
0
3056
67750
1
8640
615
5041
171956
0
7710
92488
28100
15
0
337
2394
50066
20530
7976
10037
22639
6
93129
103819
97536
15683
124919
28828
352
12121
5802
93926
1159
674
29955
40
410
8
1
0
12914
7
18712
1847
17135
2
64
37220
182
785
325
442
59
49783
79881
3350
4461
2868
12870
169703
2094
201
86052
169
29433
251
7
96
115
5405
648
7336
744
247
28
183
37
5432
108
3670
9962
2083
2721
70
161411
4257
15276
3012
11859
4915
9022
34
86332
2801
40517
0
14913
17188
2240
3
20907
5
410
0
22
21362
144804
3509
92000
2159
16
227
355
604
9
2515
147424
222
4222
407
3137
8769
44
1
0
7
1417
2
13212
11375
137638
132
3068
5001
957
39811
753
4831
112
3224
1797
50
2325
3068
9407
101128
5
11644
179
3038
85485
1
212
34752
86
2807
6164
180
164
11571
113526
298
20
36427
11782
2
60
0
62045
15
3540
90649
12693
18878
3118
155
39648
168660
6877
240
175
268
102390
2913
124
433
3040
12494
18
7
4838
582
3095
24
645
89174
1
1
172
80
73
174
12748
435
97
3
40367
463
14
104644
39
3038
30141
48003
361701
3105
1139
2797
15293
121
3464
232
9510
2799
2925
593
91498
19437
458
1
35181
40162
72860
151337
7015
5960
595
24
3297
36281
299
8420
8004
124716
5675
88088
467
5
15975
140
8
110504
221
14650
0
0
2727
140338
172255
459
17
89783
25
1737
9
38888
307
6244
6
33
63277
888
106
24
3045
264
3586
0
332
312
44303
170893
787
14947
233
1683
9
238
44672
4938
0
0
434
0
102641
0
218
153390
1
125150
208
190
487
845
3938
162609
40622
923
5077
2067
15369
2760
27712
2
5788
25
29508
81084
279
22453
10275
478
3876
47
4
87844
28129
5290
186803
50
91094
2780
14
412
147038
12451
79
236
3387
2
60009
3117
17530
134068
6235
131574
3074
62
3243
23
390
187
163685
354
1199
38338
46494
1
36127
146
29713
93750
51202
1175
4814
421
2199
173
49
7967
2639
14178
268
7379
280
2231
6884
144937
2520
0
2099
5117
18198
0
534
136627
2378
2
147751
2992
4772
1748
11641
124
18
0
36446
11821
34809
22018
104417
104601
12386
5227
89340
1
376
0
90842
191046
680
3163
22333
73152
152520
5
93820
90720
602
14765
314691
9
42230
104
283
129
3191
1707
7372
102894
221
205
106761
6918
26322
119841
2738
12598
971
144661
190
94820
130672
3709
159915
39871
56104
735
8051
2225
7560
2107
259
3103
78
2915
28106
385
8542
3380
92081
38778
174
1253
45834
15346
13634
74402
10627
2877
807
85269
46442
16852
6521
4884
28572
102
13694
3386
129438
236
35141
64
2516
70
36
1091
282526
6214
246
49
2885
678
18304
7125
12195
194738
5074
60194
20
7638
211
12
620
37861
667
3596
3
238
137
18029
18
0
241
2470
0
14260
14941
0
21
3309
35
10
468
48
65411
5206
63061
39233
294404
86520
2494
756
3908
22223
3677
90551
33067
2807
65
3
46
5240
7346
4
164
2
89727
58
2138
56
4650
426
36410
20221
2963
11580
184
32157
5592
15329
43010
502
157133
93616
104165
4480
90827
753
6387
17
15887
16599
43287
0
27
3643
395
0
191
12028
1481
8224
0
9
3636
6
185
168
28
8
443
151
3123
461
453
143988
3313
13611
1821
123
83958
7558
182
4546
194
437
0
18
160
0
0
204
2868
5596
31
167
83
25
19242
1
17027
1043
2523
434
509
52
3233
1
25
1099
614
5097
87
220
414
0
274
2452
0
3618
0
0
7
2487
16750
122
14547
468
5696
2
0
483
190
100
88075
35247
94019
0
3416
0
323
18
49
172
13
2799
3427
2986
2701
0
38304
204
0
73
347
0
6
470
90654
40321
12390
2807
1
2049
3051
87
18213
41107
17239
3528
5180
71603
43910
3122
2749
39417
145826
232178
101
86296
41639
0
273
0
2734
2384
3999
800
12574
108033
688
508
3715
1095
6022
0
3578
63769
3398
518
6183
2860
2637
13
76486
88099
60591
406
102028
89501
1686
0
3096
3359
239
0
3423
0
1
3
2900
0
5616
3
62
5768
2925
0
5212
19
2368
7
5544
2177
0
0
3
184
3
91347
21322
401
2
136
20
206
11711
0
89565
410
0
3124
120
1093
42
2
5118
0
17
2703
21
141
6982
419
463
7903
7
2557
18
656
6092
133
42101
137699
18869
4902
12383
22703
2838
97
235
5
193
2729
6299
2291
266439
68
40768
2618
131
28871
6950
1702
4971
4902
80091
16
431
11299
3680
339
2272
28809
18008
33
526
252
77
161
18211
213002
5351
177
4653
201
1572
93828
792
6004
101281
425
16339
1157
4431
324
42
90935
4989
0
3590
5241
38336
663
115
207
1363
7013
181
5321
3113
324
0
292857
0
30
0
590
16984
5586
664
92
43184
1
0
92046
0
181
217
28
13
3191
18767
31
282
158
89660
0
181
16
165
12347
113561
15634
491
88181
3306
96
149
311
234
15724
619
32540
92898
1
10407
5365
2085
2443
172
17404
1
9
528
16
8
0
2875
4649
132710
3200
21639
15
4075
3443
364
5
47
0
67
169
0
10
256
0
38581
18
0
1
0
8
1
0
879
612
1
0
9
147
5816
0
283
480
3960
0
14515
6
2094
7
9553
3
50
274
143582
369
400
241
93981
146
134178
0
13147
3
1938
2255
23
382
14
0
5063
11
97487
8855
5234
1831
4958
3
3322
21
3308
2
5087
178
12
4083
12082
448
0
2792
6079
204
684
1099
105190
730
0
0
0
0
204
211
2
74
0
37
135
0
0
0
191
0
0
14609
36379
0
2
2
335
0
8
1982
2842
182
5424
0
1616
191
0
2335
1
31
44
0
0
167
268
5211
389
7
24
2288
38182
18
21
0
19222
0
1
179
90
0
17197
26795
4153
0
959
40
94
42
600
4
3205
12147
0
2585
2
534
15
2
1142
500
202
48
2
0
3905
3638
14
38
139640
239
4
3071
13
11843
0
9
280
7
181
15673
47747
88997
2587
12755
3468
10980
2166
41202
114192
0
271
1198
13751
222
40202
5015
2
412
17
0
2504
0
0
0
16310
2973
750
4
0
0
2437
405
0
2
0
0
8644
3
6758
0
190
8457
2
185
2
17
173
0
27
2368
561
34
309
131
833
3787
35
16782
4478
13
271
2
87219
171
12
0
14529
6
64417
5896
301
8
7522
2
88422
20
201
1
1
5041
1
136376
2356
0
479
0
0
2376
1752
316
171848
192
183
1
1100
7
12044
75822
3009
1
0
21
35302
3150
0
94091
3
21
6
60
408
8
3788
100
4873
30
205
12
1957
10
216
2179
39691
9
8332
8
1
0
17675
35
39
34029
382
104932
0
107154
375
420
2671
17435
28
12400
2871
36768
32950
7
939
0
2969
0
0
20
2693
444
104
2754
178
17
73
10
85
1
2282
43588
0
5392
250
215
439
3
3
447
75
29
17
0
287
0
3220
3
19
0
126
2
0
0
209
0
441
0
2746
0
0
56193
14596
23017
3275
0
37121
9
729
12969
38322
18677
2883
18
40580
28047
2532
1
7484
0
133
74904
2217
3
2504
0
14
603
647
240
50
10338
907
3141
33969
3781
41062
89459
18510
88
10453
6209
38557
4566
3423
23
148
10
5173
2139
2274
3096
7
285
71985
2361
255
3567
86403
40850
14
39082
3540
1
22
139246
154772
7280
39705
11
0
7
8209
308
31151
128150
167250
12
85702
89
92
19014
21
84
1896
181286
90881
2514
44025
21976
6849
93006
13923
0
18624
15430
479
3737
170349
20
26311
5509
466
97
7500
24226
5
322
1
15787
2984
468
406
402
6793
0
14668
39834
518
2869
12
13723
2757
12017
113366
0
90578
12831
139
88
635
19
437
0
35
548
39
8185
776
52
91969
450
2534
37019
23412
3357
1153
40
400
91553
374
40704
2
3557
280
368
42226
184
109796
915
96214
1295
748
6006
10895
103419
68063
3047
11
13846
3402
33
40233
8936
16386
415
16672
46
66
5124
0
654
16
487
77401
729
183218
1425
228
211004
857
107220
19769
145565
87873
165809
4671
100
30576
38365
90371
2165
40983
28848
89479
427
507
3439
1890
3
3511
15911
161
29132
25
52933
140296
18611
27893
24
2051
91226
2425
3419
18463
5604
92434
0
3377
0
0
25
228
3483
43
203
0
0
0
40
424
1101
2099
270
0
39
5409
192
0
12
356
5711
0
455
11767
16
7960
38298
484
0
5
193
792
40
4183
0
51986
3303
176
2
5713
43
2299
0
112742
208
1374
0
5
2507
6716
22
39352
36500
231
7
85592
1666
489
135
2143
146
44170
1561
475
2
32
5285
0
5851
1653
427
0
3271
2
12736
88959
15623
3521
8
1
5289
0
0
2092
0
198
68
416
0
1
0
2
3663
9303
410
91270
133506
332
0
20718
555
2
7
8417
3280
0
1
0
0
1
135
1977
0
2336
7
5593
198
0
6
2667
19
10150
0
1067
206
4142
0
25
0
88497
1995
1206
2235
0
0
609
402
0
11867
0
171
17
51
3345
27
0
67809
88882
0
4
0
37
1093
2764
101
7
486
277
3
1
213
36786
107050
20731
49247
78
20
293
73
7
0
3
36
2888
2
206
0
2
0
1
19
2339
198
2
2
19742
102230
583
5
3315
593
11083
277
195
292
140
18580
78
179472
65
15897
47
32062
8
15789
2915
1
0
0
112
459
30
0
545
132152
277
0
44599
25320
2691
19807
42
0
141
3
20660
4598
38060
3281
203
6
153381
2156
23168
3393
43
0
0
5468
2638
452
689
845
12536
0
21726
4
38125
87091
38
1180
174
2843
15544
101
29
71
8
9893
48
738
0
1942
50
155
32
3737
251
1
24
40
3068
2
65
13
72188
75
7
408
1
2327
101448
672
15461
169602
141
374
0
219
67383
0
254
2290
2978
3307
1094
253
77
389
9683
45
3747
89
66510
451
5574
357
27795
4524
554
38495
4012
3978
