885047
1015283
874856
996843
92951
2755937
2144308
712458
803996
551049
1331546
2375183
350990
2306549
1320545
502961
3435690
2223669
944175
1367977
2047138
1202957
1454167
1616223
1837995
804274
73736
1937123
20210
1493677
834692
6309
1322750
1066604
875941
1543624
1390523
651785
1018355
1316461
815518
872328
771258
3103553
534377
2682475
206468
2426298
244452
851459
218755
24209
2080316
578304
1066877
1706519
2795338
1204179
1802296
809280
2187
455270
1695652
554950
2195497
2890835
714213
872013
1647193
600418
850920
822426
614806
2221577
1784457
1499504
189627
2125156
2708199
993716
431900
757327
1610513
1009820
805571
1341431
871770
2745254
58286
1656789
2119071
207746
1026230
72417
978060
3406556
1098092
21362
3068994
555740
1111706
876314
2894451
607451
2529092
22419
1278714
1371784
26925
1784790
2406417
883062
935204
2171702
861437
4104
731410
3344
1551170
1333131
1032470
1685051
1329517
535499
2345853
797734
1273155
528837
461780
879257
2439982
1437191
3103729
2174196
1314221
821924
3174327
953800
1578382
1097328
769070
1006137
1802371
719763
2010024
806805
345143
2028577
932532
1043289
1697014
900810
2830940
816344
1139647
81700
2633508
866677
1271397
4746
1390748
1554150
973529
2163465
1038409
284157
836011
2053439
1790265
2249703
2091503
1063954
313106
808131
3920976
1788747
632496
489340
852704
3808
2756282
813473
2948132
851149
2478031
1637510
1427244
988064
815041
1571392
2744711
758084
233037
132636
1045341
1194671
3149589
803807
350354
2384
221234
664429
873871
895097
36093
13534
794485
496715
802727
155088
3231201
1625900
33128
2190028
46103
231572
21312
2241534
1899149
2887461
304174
1194165
1504009
1534301
1425908
4773237
1895688
45033
1662193
2792850
135026
810086
963629
1077940
3061508
1303249
1122052
2104479
6400
805178
805122
809676
731457
1308821
260221
1112542
1510809
650780
1849712
886125
1850717
1715726
492805
720689
623810
727777
