133818
362007
280430
101414
238983
499059
405393
1028312
619197
1850676
1201088
550180
128865
224055
430457
148947
191447
1389967
383859
224600
271194
391961
522905
782500
610590
1657563
988247
205647
739663
720185
1229621
419733
1148297
406676
558326
501584
384364
1328018
1192884
648233
559789
1786782
623983
784219
227665
1380566
530859
363390
365956
1988094
152383
646500
98759
241154
157648
535232
377501
548302
1080264
121968
489707
528085
148600
164685
25751
128957
192745
479086
664000
409979
1280906
629163
249482
82104
425544
124981
183486
89374
848301
347398
872736
109502
518872
96482
85431
138667
277257
554001
345775
483532
1107824
289420
434910
227038
1046031
318551
946851
196262
225569
954115
228332
737221
324352
1169444
699016
1641486
1967821
1133826
717312
95682
1107171
172866
78284
640682
167537
116312
70567
1138433
98243
330313
1275182
346202
1635472
262988
237898
272963
436043
212003
450712
480555
1134475
276844
814411
189857
174991
984700
433309
332057
1517449
1275748
682066
96431
670858
418283
770820
308498
1731488
84649
660099
690017
1390082
625316
710873
481754
1340403
1055400
888738
493836
295706
592766
1059690
483811
818844
983361
1164491
520413
1583033
437640
987412
335414
825299
1052169
680072
279797
815423
308022
1063073
290298
642936
139316
247006
211466
784577
487886
738519
481982
1520482
327323
204660
95947
958586
916042
124252
733243
490621
433296
408986
1071472
1024387
234048
108948
393796
177359
110131
160540
207182
187524
670327
149351
160001
588407
62141
267682
217700
405450
857328
67188
126715
724919
231090
148476
107799
313223
430905
906887
550260
342037
388307
1173065
338185
600898
279017
800985
410693
1027635
315406
127162
88684
625421
148279
290225
231996
1165647
290454
57087
487278
164828
51136
267440
395895
1021347
141578
480251
125687
171501
198681
74538
380202
319051
37260
107726
612987
573824
151304
135408
600967
922817
1104458
63966
95285
914439
87476
324425
622091
92851
807236
664203
19952
379005
146375
126596
187023
1282621
586432
66962
100370
752160
290192
571424
747965
178235
407006
1878253
1127827
229752
224778
1154718
443453
432431
154911
603241
106039
874785
115968
259954
186012
259116
38333
126144
46138
117429
152688
161022
1082505
328810
163183
408419
98644
466964
164073
278880
78057
854226
60878
832898
116392
596726
119270
861585
1011842
120905
353652
152796
59671
291564
150013
139007
211505
592226
165316
107329
139129
493507
106892
116378
583175
583438
63282
145581
69905
661935
312525
312118
407369
230331
160445
793130
88899
2067308
98721
1121426
904507
650886
167338
348594
22593
266774
94270
693705
1231355
318602
169163
228202
65619
90116
188015
1257914
559599
1451420
272963
217592
624303
266189
324751
1002514
1073422
675539
156904
57368
475355
836742
112488
191215
835067
132491
206263
263050
376999
700243
139982
616687
166369
519719
817785
41760
148890
737918
104709
134301
401302
1067003
1477872
195676
69105
1077560
121069
997453
715921
626590
1227371
440368
1713516
1303380
1687668
1376136
359963
682533
1329174
1713219
456765
754117
357666
1290477
87480
1637286
116823
39250
101904
139267
191262
696210
1416505
968498
255555
451693
100301
563611
66902
69857
1147073
110734
1015700
54433
461376
1544516
65348
275172
259344
224998
803779
89872
203479
125802
83413
592944
399899
850629
107649
75422
63184
354068
894038
94253
142259
130346
107906
48278
131019
665681
418966
206028
725692
1904226
914294
346232
626693
143363
219450
640601
1711991
1560413
688615
388518
292513
181785
438900
709151
354180
179820
178550
75195
374085
1113275
180710
713876
500044
164919
271549
216149
408045
314030
303926
254306
1072844
2152617
730370
633066
181005
1603197
541071
1465255
699885
1306151
285760
923289
502486
243162
1018755
277887
835971
159416
47331
124624
218800
458500
527180
1401817
508810
1831231
135703
90979
706998
929585
231245
443661
958418
1408124
443359
522942
203613
1294895
399110
1352057
1078214
1134676
598195
1097197
54058
1300431
937611
1060754
523618
243090
402130
381319
1179819
703429
199365
1459197
619914
930775
562171
864976
46761
346267
497052
216775
767295
1517613
565392
281541
280098
229169
188948
430011
1991328
784138
925017
340815
261183
495636
466556
77779
1016151
880915
208628
825650
455265
445995
414307
491424
1588859
307702
209621
870465
187301
877619
614614
1209345
835694
400701
237575
853202
147042
538646
126556
939522
1911688
340190
1677124
1540987
330108
1847563
870181
1447991
172454
957334
169769
1631229
157405
231501
497041
367620
165820
1071665
215842
749444
291529
654000
323486
1370176
878433
1027823
2058717
327641
443216
1389103
756407
689612
880590
1654417
301102
1107979
443747
1235497
890233
691448
150755
1234733
280074
630182
984463
114162
1007799
1592475
573388
2305317
1309753
1240492
1734392
247030
733879
2023309
959761
1574021
939527
417758
330108
1426731
684601
1757346
681754
1231263
648832
850265
463474
1878422
448735
2188457
666322
659042
209867
219198
403566
249402
711372
2417634
536412
1071496
308206
172831
211710
520746
591996
1893278
1734166
585719
1096406
215589
606851
172768
221071
635094
1096706
1467786
364741
63528
136954
267406
114804
96669
151679
283054
167209
444652
130273
436725
164601
767348
186315
172152
202251
117800
40780
958399
375104
1416784
368935
1899196
745418
497602
1325188
383307
459236
857899
914512
1773942
246147
620371
90848
327562
91237
330015
121024
468959
276470
115732
42570
295553
93802
279887
142559
1019805
1051615
167464
234416
960957
383927
416217
362782
1475415
66378
1215311
677923
882052
1394125
397564
407691
328707
565259
2039181
211475
543197
80025
33271
139158
248964
389816
539954
428500
868876
572811
185713
111451
1343063
1167444
106772
111889
615843
219494
182060
51852
619522
521460
113861
708924
875227
1001525
287605
404745
1012276
549695
209820
193733
369737
759551
96122
44657
136120
140895
354524
281755
171628
113749
191072
144047
216046
145004
219780
90152
866369
150880
292392
473591
201527
56032
68764
406206
79803
273767
365823
377406
859583
299572
66513
32836
101421
176536
183411
331806
359395
184936
90505
115862
131411
118603
157459
395043
848413
172465
963175
88127
961159
188381
446901
43831
509594
130479
249425
62918
153323
71648
810077
690288
790816
313157
531994
23446
119378
46688
125690
82148
122803
47856
23915
25406
55829
251194
855841
265811
451688
552716
218550
555371
296347
383051
1396143
530621
925233
200209
122128
221421
1480070
107358
1944049
376732
866940
1611150
181653
1547232
969210
310287
991987
355937
649796
383638
852659
320684
359360
814866
251954
212344
163249
754380
425250
223315
204048
573153
1264239
758766
515611
532099
336795
176348
1476082
1151743
1381336
1486396
1587551
614356
496724
386184
893253
384862
774397
174586
635143
117643
194500
462434
156065
103700
582692
235911
241355
243519
369073
140282
451947
172675
237275
559386
514930
331176
132617
274054
68073
536090
362516
953116
388020
257707
104452
375464
116546
460280
187070
118321
181614
41301
275776
46699
379620
286509
203120
83160
1579189
181002
64291
78321
192944
229918
528306
289656
658264
961431
367118
59390
258329
470126
777806
109026
715127
915583
571208
445959
172211
456954
316658
305014
150815
312309
280750
88100
473828
241071
1179120
117116
313707
183268
222174
316870
346975
236093
