700810
1004321
1201840
756137
262364
2573362
1780316
1539879
1140384
1194782
1643994
2266701
422427
2108334
1350290
106906
2150858
2046473
1299658
1094262
847426
1082884
1286930
1656336
1219139
990945
492936
1926103
164202
1987351
1038008
309888
1434295
1005115
1535768
1539810
995479
741274
1694596
1361332
1244713
468593
1024087
2453438
641174
2406969
711050
1551198
496054
875603
362876
52896
1670694
1140281
1181154
559028
1538004
1058787
2411808
1273647
264614
179550
711598
249674
1851837
2533441
1066466
1127389
1308384
434112
1103591
525418
1144305
1822812
1596095
825501
600809
1498478
2455544
483663
573239
243393
1562836
656322
483972
1046287
1364048
2150331
191971
1429442
2318561
582008
463454
446503
792850
3809641
1390533
810091
1593761
334781
1981135
447742
1699854
533330
2213284
257417
1565475
1525363
663273
1933242
2475337
452668
617233
1705549
1047381
104681
930990
268724
1783472
941225
328965
2250648
888833
656129
2318925
927708
1577256
597034
501671
1576005
2534454
1315925
2404541
814056
1086486
1235588
2607660
1584960
1509078
723520
698471
755027
1890888
722901
2655847
731423
701120
1419366
1165922
1105790
1480984
935088
2215560
990176
764729
327357
2177333
836910
1525290
460742
1922034
956099
2091750
1743062
647340
1003118
345942
1793161
2044711
1822363
1826974
1543228
549417
1213383
3795632
1590872
859995
781072
670376
57956
2438778
1475411
2374464
1169767
2579861
1947569
1951247
970227
1050065
1011904
2656100
284630
614449
253890
1454389
809702
2631961
1064731
667813
207631
635374
201205
448736
1514026
73656
214917
597931
95510
1210226
373415
1837946
1878030
546024
1827014
413477
786600
512674
1272743
2010652
2706955
678533
660683
779603
841592
1202926
2774490
1214428
459111
1899467
2511520
568636
1324248
1225791
1246178
2833249
1640252
531286
1929738
480053
1419491
1167289
1224076
730372
767445
273725
699604
1192864
297685
1221389
1062498
1701468
1468912
259192
347267
520702
146174
