384579
1016405
2360218
823779
656997
925601
519937
1970864
1846420
3201804
1725384
1013369
2044135
688050
1643897
1272465
696295
511486
374904
151001
588218
612993
907696
930008
616408
650253
2165838
896474
461954
619680
2093047
605005
2075796
318348
1546182
1011948
2660610
2200880
2246026
856847
1524863
2315426
1872522
1231846
495110
797897
2265035
334419
731850
1441907
192057
950456
223943
979646
518997
617690
670480
1146684
1103405
418560
706532
721304
1203011
417401
242602
862607
1087858
1000801
256484
737111
483832
576051
898443
3007482
1085324
1421961
61093
397081
448074
316899
187831
300192
1768952
528658
183561
671043
871931
561160
296863
1808162
1870227
497862
1172416
265891
1550976
727776
1327429
290408
575829
295574
1089236
427657
1905891
362104
1879037
1250276
1989864
2236163
1913230
176438
1968426
853053
884193
1169524
736431
132102
777419
353129
441372
675756
1749661
784776
1749829
680414
371483
668263
543689
1142254
2399516
1219800
3289370
2509199
734263
271057
1489911
338801
904212
907604
2820300
1224425
1089920
942567
1031942
433757
1627268
946649
3546502
398876
1256626
712769
1586707
1238466
1401861
1020826
2067425
2938923
1247287
1070532
398572
485312
3937147
948943
2530220
970784
1528086
792171
2319419
1664056
3385457
1939836
2307461
1613186
1764356
487590
2174854
1200458
2394133
732311
2402760
173781
544512
486423
217728
624108
2652090
1609417
2087153
1247265
872609
311981
1291275
478232
1591802
996014
1067773
1317950
103513
1111925
1857067
907164
1316082
861033
1343646
241467
130879
315103
229522
1033427
687911
322267
748491
146946
767254
296725
1122176
202972
188684
313937
1278557
591962
43132
295760
929165
905835
2102711
1285531
1227117
1235164
1250050
1380096
978957
327386
1617548
817947
3086498
573369
1547235
418086
1205083
568599
982733
643418
447849
455506
367009
575176
1197998
272638
789824
403376
1182080
1398813
584878
714994
739609
915831
