6662526
5220141
11035587
10628773
2818465
3234503
4939643
8889266
9900176
14165558
11425925
5309807
6257010
4275262
8331302
5109573
3014736
2399758
10713718
3634441
4297901
2962289
5457941
4340068
5526913
5086488
8348816
7122762
5146380
3269874
8622973
5117816
13620579
3910519
12785889
6666807
11115999
6997817
11801887
5096341
14151789
9177561
13965180
8340134
10010132
1783509
10925051
4290550
10254705
8360731
6273816
3046537
1536659
2871431
3890601
3834524
8040879
6599635
12134988
6274697
6525147
2809717
5178161
4917148
