2738335
7840309
11352973
6250445
10403540
7598992
6649711
3138626
6815466
7739424
7874598
8274443
2776787
8752280
6854151
3822700
7908517
8116061
5813347
5952478
3974682
6386609
9619718
6876856
5755992
8369316
9162393
7619757
5749114
4471877
4362276
6014426
8415958
5534248
8376881
7419347
6657220
9497932
4841612
5713663
8280003
4461964
7576558
13188552
7420208
8459427
9637531
8847781
8325055
6346992
5166621
2587046
6774341
3379724
9801395
5144977
8900505
6258277
8902641
5288358
6485815
3421486
8500231
1579268
