113760
211285
338283
25060
411580
368529
556186
108859
224537
155522
337926
284917
339939
117932
186650
115639
100603
564201
211688
312340
259500
124871
419149
329252
338820
274619
802170
246514
18762
215634
451593
139778
126482
453351
356531
320606
303403
208001
300859
354545
170789
312398
304838
302756
281281
266047
238685
309480
269208
343136
15858
71700
150169
195695
169176
95676
123564
431354
589307
156493
151226
98514
108049
84909
39738
155063
351594
145659
263673
200514
362713
243941
514551
260679
151997
203486
125382
39160
377433
138081
154356
274983
178485
22130
175025
62123
126158
168500
142176
466477
364991
27057
302563
34343
765683
68462
513049
268591
130847
134765
375581
90998
255849
224781
366933
1042730
549958
129661
197513
88365
439220
60843
307609
242058
149124
51892
335178
237496
49444
151671
570055
207182
778529
178880
172682
217357
313749
36619
384199
612854
157195
140123
261003
309750
555583
435033
320678
355787
470798
468268
234442
391728
690471
120317
417231
54789
358711
319924
170112
228514
270330
354488
343805
147736
586840
470442
377607
518386
241002
433236
403898
579204
366477
471813
216969
415915
851390
673547
912620
202001
370639
487923
342053
106665
648781
210525
600100
30537
266057
46584
17175
44768
233420
192524
757136
211348
441673
26625
125009
114823
265969
363866
158305
468596
161717
452594
254363
255481
192388
39548
26881
398757
134251
142175
858
63692
49016
69291
21682
178761
384950
25917
24906
117152
187811
321244
224047
61682
339838
44688
52870
7157
279486
103591
256392
264024
765492
512346
259497
312007
143164
318514
375026
605401
752455
389814
124811
28092
113651
291741
66051
129002
272976
13019
111283
174773
220448
5772
353134
184816
315371
198414
33308
83831
365881
168444
