55076
197966
121410
58430
115167
235023
71726
611957
231972
1984630
247372
457824
50177
215225
488333
78327
226064
369199
164665
22739
260120
272513
267820
338203
87225
364662
65127
33898
502690
423004
869108
167212
1234484
102406
383296
77215
518825
1149862
1380530
363623
184601
888242
269871
373138
134761
670690
386886
154495
348309
989647
115660
438502
59588
212301
231776
344405
112430
538081
819922
46064
568432
542681
90383
177569
23492
5709
216102
444805
11118
334135
11562
113581
253029
18569
162995
58453
22547
36388
10039
35789
36378
29375
495183
28631
37524
115031
80520
260626
190864
51077
512460
223500
247746
149081
405355
245815
418621
7520
49205
70935
140081
525629
13712
229559
468080
584511
919214
568185
470834
70037
600040
171861
18664
427104
131948
36219
20731
246253
69390
252664
414729
344317
778000
154068
24946
75275
271808
262743
365442
362404
1199655
336205
46962
21379
43887
244690
274329
133340
661674
534090
515327
151526
201754
30964
540984
482734
1656860
34010
539187
491292
721852
440567
447282
459572
546180
1018523
133185
389309
97477
58376
867926
50608
394534
248099
937159
307672
1009687
197687
823382
249317
342222
659345
78775
113721
672906
261030
126387
240575
432599
90453
163943
108031
74587
577722
596177
384203
1040885
236482
90952
95049
147024
22103
38801
30593
357960
73075
66449
357385
739347
163969
58677
54971
81406
51201
51838
142564
164358
478437
18905
65923
136475
26782
232984
165393
156077
31338
11575
14425
344592
227716
46299
54549
140227
354084
366987
295257
31430
34169
265663
322203
483674
38459
406633
120491
575386
55814
71897
18775
655865
6571
49244
297954
168832
321989
20243
471836
149638
28930
80437
321925
794321
80399
118576
135601
78939
96554
48630
155765
32645
33001
42812
483969
340068
80825
60519
692925
19911
314078
28763
17679
844637
28541
240370
23625
28931
21150
224891
16603
407250
197313
38747
93023
422145
244358
7333
28969
154051
191480
734435
54045
163042
161328
1687709
1012946
200589
48685
345606
362896
189095
187499
382347
91731
857211
47374
15711
24253
24605
8679
38625
55009
37494
40683
27566
302955
31669
81993
68171
77493
271798
117835
30684
43019
54389
24318
45038
44467
622953
4069
264353
919691
89158
262950
16706
24774
334436
55655
16094
173181
50699
19414
14396
90752
370665
53614
47589
53866
511471
12770
44193
38716
317331
35876
35785
32254
120392
132223
292141
9029
1483350
36130
515850
489398
420455
178807
101858
3920
393063
140947
245714
816577
70983
23067
15756
18085
59231
125864
581623
155180
535137
56655
73576
345017
261602
91253
749257
89572
532354
59257
43287
21598
150496
122527
107743
253497
85690
71127
135654
19484
167178
21827
576523
58608
574599
23362
19080
11028
575435
25176
92149
447105
703045
946366
45622
44881
176359
29008
874754
23462
508627
455520
189254
226618
39183
1081064
894264
298516
233528
488775
1296605
154282
619432
297670
1071387
77165
1126692
20664
6513
8738
86597
36994
559591
759656
384930
436268
507967
52750
386097
99935
24340
863849
45228
142630
18166
27345
1212102
25921
332123
129608
67446
67593
12652
22184
32768
11504
496504
33624
25913
42742
26655
10718
208205
25603
42796
70920
103395
120174
18648
88102
527968
286819
141252
699523
229698
719237
356621
72397
48422
150110
244136
201515
834578
363835
151136
114184
187206
379323
400045
21911
78880
23680
16038
271419
480680
39641
596227
67276
72577
99875
91126
342682
62160
184518
157881
441388
1568780
721135
614463
48076
116793
378071
1399621
419597
1302571
100153
894665
364675
106691
1248655
220042
75441
121346
42115
30727
5741
82213
11305
341239
415996
931198
182906
73606
90472
142512
210557
110924
177737
373379
299945
426587
13392
324775
161954
939584
953313
733971
206713
295841
55568
928970
62210
114571
302226
68655
361208
18972
202104
308247
157627
539872
237952
150526
507599
152757
11451
114064
103131
163392
395597
753810
414674
233470
444026
95049
191789
470561
1860501
589584
945929
15090
101068
54012
220413
44435
270381
730380
303239
176545
215106
102546
107952
23202
1440663
114967
189744
33493
29529
443407
442623
884572
286371
315649
34014
714021
80629
645364
12130
158748
360952
110023
1543448
1248684
54872
1066097
708995
766558
25067
357019
11999
556145
5712
189122
301599
197356
20641
77971
105833
222834
12754
163867
116077
570318
638231
774178
2022577
237173
39279
363624
71394
489848
516380
1704052
55962
53447
309494
286771
308563
391699
166313
1063403
66474
84689
79254
34302
429657
785564
365696
847884
690725
858567
565167
61019
343222
1527044
94860
1380391
193369
183446
69273
1204425
455098
1011776
257293
478937
158920
143479
401027
506619
427865
755445
525384
405684
62264
264866
48883
118039
393130
644959
359794
655481
344722
139871
68620
470184
464864
1517731
203178
195460
681048
123622
549747
145158
85226
713944
556303
1168848
175884
21546
47163
130930
31668
102599
66103
210570
210700
83302
15938
356444
32942
58349
63925
114504
123814
26623
122335
741329
155580
1501072
229661
621723
325609
418045
810249
283892
75670
702616
606021
719555
268450
666787
46928
533439
63725
501396
149190
318492
133983
67042
20919
147843
44805
83299
45486
119550
1083194
53751
103490
214282
271768
171780
244026
1204010
23895
17180
372650
24446
895316
107713
320290
154159
475792
923112
253509
81125
27497
3916
7440
182843
19061
82297
202108
225538
502235
82392
41370
1125579
852793
31555
48100
532531
67216
190868
23502
688505
373266
86665
20397
575263
104912
103369
256539
884009
363586
78455
109115
90602
92110
23250
18349
37806
32374
132044
117354
21203
53783
48364
35592
157901
120894
52903
41482
801641
31702
56025
504188
63510
36100
25812
27994
74113
74666
129557
152311
248449
115302
19618
9977
47167
224632
56062
248100
262682
81515
31151
110346
73673
16533
58800
273903
468314
216282
34565
2242
167938
48055
102946
13891
33029
110087
99037
17793
48189
22062
720834
102849
466154
83516
481090
10220
86603
25466
48289
14760
38395
7968
8415
1633
20099
244547
606775
107951
263450
517596
203584
375939
139563
211446
1213416
73130
723602
200329
133766
48511
1321681
82080
94030
28477
393835
684058
149001
207972
783762
22979
221726
258722
575986
269952
706294
22613
439488
53293
209002
182169
81776
431415
125551
55431
70849
84808
746775
545586
491543
65599
380691
27760
447415
95597
472195
1108315
857818
174723
237141
158751
212356
155755
648724
62095
660676
58244
155518
326040
81770
41132
882418
86649
226917
297528
364170
64517
329032
56714
65130
214313
461077
389603
6564
84186
6159
406805
180901
49669
291266
78850
26264
112818
36169
406476
42631
37961
273436
22118
309669
40030
296929
167424
148360
37955
811741
131753
18702
11603
91204
134710
206653
368114
322691
85656
288115
16752
92520
73357
501520
28903
489826
80488
545491
425311
120088
365489
179398
35338
38652
103507
274882
53671
352365
143679
224399
36818
115422
193232
93702
244086
214842
97936
