623702
1109585
1560486
1254531
1052451
3307669
1860440
1661568
1094809
1879801
2837496
3495700
947062
2817344
1519859
118978
3221758
3895288
1227257
1192267
1545040
1635950
2115254
2139342
1509440
1097037
849743
2487425
382377
2288503
1046788
282678
1546065
811009
1906772
1931615
1417555
1969018
1636196
1993063
1425667
492342
1276690
3661623
1212418
3195284
859451
2401570
510567
1280931
453595
57457
2516859
1309096
1866425
550089
2122164
1426332
2573181
1291644
316511
219672
1222072
379326
2533048
3023713
1492800
1273913
2261305
2239806
1662342
553118
1337910
2317997
1468507
893754
557343
1618333
3275202
602760
769098
609762
1537063
1145436
712536
1322906
2855425
2407369
789013
2301136
3223687
1790699
515963
722833
674480
4943174
2423796
933658
1908446
375294
2013758
1175950
1897030
885655
2805384
598787
2144548
2511902
1574010
2889860
2587158
920335
862726
2051206
1550350
118915
964818
595649
1987852
1060621
261885
2375991
1328088
560091
2645396
1181181
2065771
1067141
759450
1495922
4352224
1816567
2946365
688801
1191355
1567588
2747564
1972438
1917467
1426965
709161
1388314
1935072
1351480
3045662
880360
928074
1611139
1268480
1788232
2768966
1334820
2331745
1001810
1342294
288317
2777719
870112
1922871
791746
2306759
1472592
2998913
2287078
885191
1399726
521607
2038987
2929690
2466516
2906615
2242130
1282000
1477175
5750058
1742543
2215617
1352774
1544574
335749
3230800
1339256
3406877
1516913
3595988
2089531
3007124
1055251
1053882
1751815
3192470
564185
636354
1468355
1919203
1063990
3285161
1214919
1234282
222580
1020697
857590
644940
1859034
89998
424217
689807
71808
1294855
1336035
2326875
2109545
539266
2573457
375738
1009162
1014210
1575557
2654746
3429249
909612
729558
885377
996030
2162461
3182175
1253437
798792
2153264
2625003
911568
1451268
1923497
1290055
4236871
1849385
1407075
1953670
565493
1504140
1514330
1276897
835547
768524
357554
1257082
1419529
497391
1423464
1257839
2401334
2525505
390039
381175
1131463
358149
