135790
177725
162975
26765
26512
757637
35958
129234
186813
414473
309137
305241
7902
397114
261525
4333
39707
75026
18618
27205
46690
887289
782402
861413
871769
880403
61323
15981
27674
1144515
154938
231697
832013
108359
218140
8604
49794
630686
294533
274222
225858
130958
220188
905248
83707
1753998
268260
148800
52637
343946
5234
3034
371333
388284
873052
335903
74394
162047
914095
337187
28132
105328
57087
31490
797406
192521
30796
836930
946271
372631
696885
25541
426936
19182
855464
31228
135161
606967
265178
25225
101674
97929
439960
117801
23066
218730
77233
728487
60573
400238
622918
200022
223490
212073
450678
859164
29362
268714
1071135
3947
66977
59919
832220
58785
111881
182065
77590
193020
182539
864498
655860
328192
3702
71937
15635
27243
248562
253339
821012
738397
13191
843310
75580
110233
35688
55155
70043
214232
110163
969106
184253
274742
420187
118899
22712
605014
1004011
221650
311282
163021
348777
165988
905834
42736
216855
309870
73710
298318
225532
14390
493764
42515
600065
835670
207631
15402
307566
845049
199928
139575
828070
40821
313338
42203
16683
60138
75315
303810
208251
654576
59902
231869
46084
312661
2037425
47821
507758
114169
196172
16263
478728
1106714
594130
422773
257968
301565
64591
9621
86480
386517
691710
68691
531573
18742
15445
5878
321328
117791
310474
53987
116047
48431
145293
38864
56438
10554
6982
3200
18663
15131
417388
1188573
276252
401597
16056
511771
35554
758276
141423
234717
29236
313112
38426
152780
447075
814592
79084
19311
64005
619934
101922
234786
259124
1300067
196570
736381
22120
271011
63045
880454
79752
24136
47510
4502
101524
8513
113241
111635
41999
133369
364171
230844
96274
12344
137505
16854
205200
313701
617700
372182
14242
853647
869096
739479
70623
310818
139385
493394
43665
161137
835399
6083
109968
1027203
209006
61455
127271
55892
218697
16547
61027
91422
175378
893736
4282
378581
14078
70453
421141
27255
815785
123863
643418
22866
307504
800043
65865
125272
240722
1076437
34774
151655
87437
463652
221755
175801
24934
59944
899202
553028
39653
43923
423910
657204
1252906
71893
96796
140860
53359
99687
87510
32493
145586
156315
132217
21516
181039
29302
308550
646762
500610
150781
73464
143518
288196
65699
82709
39856
108205
123422
62288
141084
69028
694200
57746
755042
272255
273209
206246
124641
41901
1662211
48299
3247
15810
103027
750743
215156
480389
52780
983165
55229
447727
854734
103829
179930
291781
51597
31891
307387
154314
150069
131866
15980
175794
146162
47216
123519
493540
47473
2091071
664567
747910
255900
81429
72613
980579
221747
26562
224677
235128
328603
328659
806780
403115
316131
105477
70593
61283
73222
1588602
13878
178468
144620
14489
192752
90702
199962
1370555
5432
314551
58669
496231
44396
58855
18840
600984
145854
907988
794755
57978
177694
34073
9720
672508
239703
439675
108416
387815
257843
960563
45778
257873
63310
388815
41294
1722992
56741
168861
34546
890696
645113
101330
798322
65204
385359
11898
14766
55993
19689
245370
281851
1552055
43390
74117
167155
329475
123477
101070
527940
25726
93575
33220
61527
186512
110265
402875
214488
189627
7503
74344
59314
430832
333338
140899
922036
499826
21582
251515
284866
75717
154597
110847
11320
1274409
752601
261912
11021
192497
97487
368917
140900
21839
513058
133025
39282
160057
1175642
298291
797244
95656
39844
722033
54169
868078
27157
98404
494004
107333
205131
234132
57416
47700
126140
168192
264348
79777
919822
27174
679159
853052
451949
809649
584638
305512
679999
209748
205523
464466
50813
757424
803604
101375
86847
178267
453841
233892
34915
114272
791086
22533
352124
829332
54402
255303
991320
231559
1238887
178983
102681
944788
353837
856203
48934
293569
430064
222597
388829
196800
133219
276143
166983
311082
9421
355009
10775
257367
117335
607659
186299
257306
603367
16177
73857
567559
24538
161997
2137039
315884
45681
62864
23817
250058
394559
342158
100663
139189
94909
124110
18324
1025034
160416
211222
66269
787569
160483
14882
467095
175145
413411
45208
330225
1111890
83894
131588
20131
133836
733155
1255571
131651
733585
186392
889460
11288
59627
10390
384048
13508
116645
279638
68932
103658
69078
46497
327479
1455901
569820
15196
17767
8370
822427
63737
57841
844902
190872
485254
76852
161717
117821
99978
97546
636698
935214
537411
211332
124558
317878
167580
505320
464345
804519
454245
45701
405983
633579
544288
82401
331743
204951
17634
124856
384505
192069
400334
78580
117727
128415
58024
655057
11049
897597
278660
673816
522858
387939
577565
472747
233404
58661
989525
1004474
117345
219961
270398
43571
246645
131731
1051634
101841
419813
58713
33755
180826
55437
332656
520326
1125642
981256
1736702
74503
853765
29977
554967
95337
25205
118292
61922
684459
751171
6426
38729
55591
117008
33281
340514
315935
71443
5948
16812
3551
905522
180904
839092
484511
61469
821582
348697
160954
14143
201407
733276
1553831
47931
181938
476534
393115
807877
678894
839595
308156
462525
412753
98546
1010714
404564
46977
1045875
523618
51901
523965
28128
316531
838319
66633
112386
88884
33432
331434
383907
130356
42615
854722
1083405
579632
26379
27468
111890
41595
115914
331227
269565
7999
41452
48538
101210
15725
57465
75733
225348
878728
53541
741927
184724
6677
1244716
902891
348485
141410
486477
20481
110343
415635
208041
11226
216097
337436
64295
192421
45545
19259
34254
40149
435790
94674
30196
22852
112959
67198
76975
152033
401774
34917
500077
316570
82742
489891
21679
122898
7845
4881
20124
254858
11565
37330
258205
18837
71264
225543
14810
15163
95397
107336
464254
119476
522689
8151
274668
9910
97644
18343
315066
1011560
14167
462931
150760
767791
835139
141111
27303
162691
272397
173312
255491
140804
1047979
199651
8391
20871
342289
75715
83966
113444
86151
511708
26092
414498
35980
17678
220656
218351
383124
502291
980725
28769
824548
333334
398529
841683
1421871
57027
240948
4518
348236
21754
518289
54925
12343
109508
234652
499939
41041
64652
229075
30722
557446
35318
318429
27836
607957
381800
1418787
353489
598584
159856
880621
89228
111900
13476
264530
104335
54851
24118
779281
77538
222227
869683
862635
483803
798869
382504
259630
12706
149331
157250
917354
12216
426172
20099
109292
112198
625009
221045
89851
635344
215318
540981
279881
748697
894750
866112
138300
274213
796719
390968
29731
260525
167345
6589
32893
175227
1414217
125781
368365
57236
122778
37790
101018
84758
1303769
30176
113108
52872
914977
21281
19794
866246
356229
44967
43102
28945
80075
513465
3832
213988
517185
164491
4318
99127
152439
8303
110178
419867
10131
63673
16855
42572
1160095
12499
38753
180292
76609
22823
17020
883056
66533
109619
154109
745283
118724
121693
215338
37902
1182285
199757
374814
441415
362413
283997
24970
21500
207372
8789
33896
229594
15031
22711
124135
127296
90863
166187
33027
56498
25990
19111
