665037
1546698
917224
134741
1359049
2582629
2222957
1357339
1072040
838984
2441596
2524503
290107
1218068
1127990
3405
1307162
1187418
1711477
2183634
1138531
1538456
1296676
1741892
1203170
1285617
222669
1460925
2426
2292725
1630953
342580
1133309
446060
1844164
2188848
1699724
721768
1719916
1106289
1121185
715145
765270
2914942
438656
3071876
371818
1134646
205117
877659
214852
52
1100825
1623558
1314923
263462
1374474
1112164
3240945
1985165
2937
228076
825732
8944
1110529
3314939
2011785
857662
473875
856671
690437
584123
1918152
2687653
1401825
881404
227666
2203590
3701609
356072
880902
110178
2178470
1075494
613281
1246224
2066455
2451475
203985
1612106
3152890
538022
726476
878240
309055
4203591
1877266
710050
1140691
684975
2719429
763410
1234608
789361
3054953
322447
1816961
1979834
530010
2044130
2308410
310297
976499
914997
711484
2500
1160779
747190
2132299
1121256
239875
2666670
1426952
785636
2125063
1474153
2603901
470322
794995
1395088
2636140
1020431
2675502
631827
806077
2326218
2405423
1705056
1429660
689710
784950
834044
2367965
708747
3805708
995552
951827
1235915
1030304
1589346
2127388
1269846
2360838
1006873
566148
150531
1520263
1447715
2343066
597487
1718315
2084315
2145396
1523444
471367
1386290
196961
2599150
2399586
1388551
4104992
4175715
757649
2026305
5913554
1877059
788517
913586
215372
1388
3206711
1342884
3201005
1906060
2816684
1938954
2974200
1001912
1103972
798031
2869592
128836
697496
281202
1325009
639255
1892547
1657161
466154
5828
222155
25983
246414
1001995
371
61456
520397
412
1314145
328206
2059023
1998608
1468951
2024560
233622
661436
656730
1620853
3253910
3057698
363258
549026
845459
1535543
1135203
3204051
1106763
307288
2114140
3159444
954938
1424850
912288
2236838
5398341
1517401
257828
2538416
147497
1585868
980097
1325294
361412
578766
244712
681778
1965932
7697
1331732
1945918
2431822
761487
13948
406510
180797
17512
