10251
70475
47033
8628
55906
34035
11839
153692
31615
53665
229931
200803
1887
54477
12071
7514
191
60109
160072
8194
12853
59587
114283
165272
379016
34394
194395
15925
90559
246770
412868
179417
91858
74475
143417
140463
248805
449473
668772
304688
256443
443339
382351
158983
44927
311052
379180
76155
8986
5286
37819
55530
6906
188586
12654
59313
17648
342311
4963
22375
14676
78928
28107
8813
23221
13434
75068
3828
403069
357691
276881
28177
33081
194800
258909
228430
14101
2578
18206
84234
1
36703
332993
183388
19491
51868
56167
322666
5767
49851
144915
53280
335581
160567
236938
53397
93852
82011
75129
662827
258221
365657
388364
846230
89045
511043
397436
175165
21540
23346
63534
46433
189503
500276
76627
257674
83337
494080
10397
196269
311732
378099
192565
209876
13205
60063
216999
9592
101997
336078
675300
130004
55277
85063
75242
116205
44536
151084
113972
20317
61899
19496
125005
115820
31684
480028
97237
57142
106201
291628
14686
472465
248008
262351
108422
575576
17263
308230
38982
80789
183778
18370
243002
106206
313731
502406
794038
143692
218946
141207
267549
160033
71314
56977
107852
411602
13314
37263
314013
16864
136422
194121
648109
382189
103008
75970
357027
32842
189652
64769
101387
30476
60224
99042
288890
4923
517321
800892
687938
59254
2708
72481
59413
22759
5589
56473
9820
508467
0
51427
67157
10641
3041
98344
29908
70707
3929
5165
181874
138
14942
88626
197480
335380
24771
83246
9545
25215
42644
153815
314419
27355
184254
218210
637917
8185
57713
110636
68101
65070
15187
213402
7894
151580
663
309444
83987
25156
45592
22074
4388
29902
727
74055
7700
26500
11845
260
18134
10902
42058
18099
5716
8638
17745
28174
15794
103358
114
54682
356569
36
4758
39618
81736
347671
123275
6791
240315
2430
7555
982
747682
268984
42332
12634
739768
12438
110918
3967
94641
91092
36
74616
6035
201709
239245
13559
11833
75184
7524
1162
210327
39341
11958
167
214569
13126
2571
10107
17837
19558
2231
773420
4149
4883
48600
27375
110051
36527
87674
6388
720673
31149
3263
18355
4677
60822
373940
118674
8439
136027
35026
10598
18198
154669
56499
6549
25902
193052
17165
61509
42708
33964
4949
195167
21356
562
7640
904
461039
36895
88845
48399
211429
103408
546289
5362
17741
4024
284979
398468
128183
173619
24996
20
61340
11191
118156
174020
281519
14415
63875
12051
14196
98368
318331
397636
202968
41
63690
114101
130932
22897
166495
426113
122589
34509
142
37599
98326
82165
71212
72715
28401
84155
426233
247682
357574
194232
4828
23
268627
65995
457
62179
539341
2980
11313
1349
1934
381240
111655
36500
962437
42482
37674
148441
326980
2582
18450
962686
17559
526210
820353
123016
223212
884790
703908
181333
61866
4649
55711
47642
432640
7568
5900
39630
23337
7576
31178
445848
249939
88822
194499
30515
25734
2552
1126
189545
7826
21962
4249
3385
416899
96851
374269
19227
65961
6526
758
51484
235920
233188
23908
6138
50836
36557
17015
39051
365028
831405
10041
28691
41582
779
5623
16036
266016
3268
14816
333181
869848
210702
176120
113700
31873
114811
358535
127803
843152
143016
26563
7853
18134
234758
7314
124307
15421
32348
5958
8
60979
10934
252285
23204
18684
25738
93962
107937
27084
31436
46521
16954
365705
100488
345110
18763
265953
41097
467990
263989
615366
15959
184180
5312
3844
72715
8430
739690
56586
13412
54746
215
32496
11211
27372
3960
79330
652
30694
698308
348987
67284
290991
17839
88165
159799
5138
9527
124956
154460
440776
8798
614080
347943
126998
58152
280093
808156
76287
248129
11227
286897
106546
116
36465
50948
75947
5850
510334
134566
84445
74
236946
82391
124146
584866
2162
135199
46842
290808
9626
193030
16818
811694
91091
742789
168
7996
59315
59029
7410
337419
4018
260104
113861
121251
130726
91012
314759
754186
143816
14255
97942
54938
363436
163101
182558
132687
232765
15470
313867
40128
141859
16328
86080
453108
298678
529262
25889
10889
254915
706673
384788
19734
650220
2492
86061
232798
118217
279328
107410
3134
175181
61312
216556
38600
428802
28337
160651
255570
232129
334186
19872
14060
442968
1953
48506
293360
98645
11546
71650
133643
639717
263260
101133
28088
992785
22424
11201
108809
28587
559815
676811
37315
723051
13871
143266
83727
8356
73235
591102
280801
41522
104703
50824
52377
130786
77014
327510
92503
339781
134302
210500
116391
748732
132228
488057
5356
94510
10895
238966
191833
38635
114359
68228
266217
425203
124369
141230
5787
69507
283764
9461
628229
68665
148219
6335
21664
66240
37038
206894
149576
440539
29813
4383
10567
48299
10529
4484
36595
210530
12991
313452
4130
14176
1510
606204
4326
89621
8079
2434
9208
380467
43522
285042
100584
23959
302387
211481
92219
17862
109551
399072
621570
459411
198225
47780
292
60985
20195
182258
39258
46313
9224
3919
25931
50534
59196
49402
202650
786702
14135
14101
2765
812787
28839
258761
54402
18762
6306
78782
66401
68046
421020
86001
307292
78823
184881
75890
4
128255
1570
9408
44327
65697
620702
96065
180099
713562
35450
63999
42840
336854
492144
5401
64943
214517
11224
37532
1332
24087
58146
61932
397967
199222
280625
94266
781
60313
47821
7476
37388
22848
16126
6900
5204
25302
110164
115623
122
10042
69393
8556
11696
110892
36323
15994
49402
429697
79941
27069
553
25832
4794
49169
195
841
95986
124863
339032
113615
94512
4163
538
5716
201343
123258
9115
141918
67982
12681
79201
19546
95696
5297
7731
162003
65524
37476
2403
807296
32273
12999
5067
17
22728
55539
10743
4828
35526
218734
205063
17049
17590
257006
20
11615
2272
46760
11897
6616
1877
164
45936
415
62802
82456
151297
50783
139668
2126
322419
39019
18210
57518
211307
349855
34579
12615
111692
240095
81974
208091
130238
39163
226578
34929
175568
76402
40929
851317
1580
213418
58074
93367
19591
257403
107576
1722
63783
7132
397816
15333
1148
57779
259561
39438
420305
240593
106539
26320
56273
64977
198918
309367
400036
450390
34681
41686
39334
40619
91838
2900
63773
9296
6820
34587
33252
51156
75939
271103
115675
55721
209327
217483
52371
16929
8163
75803
67060
157847
61291
5813
9
23544
220090
175510
662478
30751
105203
5502
56651
3317
159563
29491
68
4886
5879
220200
6918
43841
71563
53595
17331
116337
26448
27119
2018
31132
26838
208330
98223
17923
17135
194217
19230
61427
34523
458969
22161
567479
84479
223843
105
9099
30120
212215
2434
11890
420512
13929
33109
28738
38650
377076
547
34348
3308
12958
15738
25624
10010
12295
38651
5395
1734
147226
993
4263
138210
91076
2560
38342
46450
64963
12249
13447
4853
13031
26134
218827
22712
28946
99695
72853
252943
65609
356424
15991
2180
61306
42426
22340
9222
25583
77954
29123
11309
5229
188334
354028
8722
23109
716449
20886
60971
250665
650448
146304
1682
737
35734
10588
2809
49
58
3873
71129
38857
75943
809338
52412
6177
0
16647
70
554
53
10429
257269
6861
13704
1666
688104
85891
8477
67952
6364
4389
19105
343824
115024
375228
105
87271
15133
859
8915
6852
7169
86193
56430
436598
10090
60456
558
33747
51237
34381
2137
15034
10245
48411
87120
2627
42660
68309
658873
115491
177786
53820
9942
257661
7397
6100
4799
257355
200296
5715
18790
2164
68820
59377
47
768027
4885
82602
12547
22268
189034
308738
87362
364662
49427
6239
118
23765
758288
64545
25811
256339
56321
109269
12283
328520
204059
136114
13781
1529530
4437
439589
57027
745419
55863
103276
7831
168520
6738
65875
213324
15148
161927
79702
371546
83344
419721
10071
184158
284836
98874
109735
52145
184839
4645
10026
57450
376568
175
69020
10481
404890
3148
81186
66
30181
1840
214064
50709
603427
2368
40906
21875
86121
2721
263705
27472
22009
114208
4834
2464
69442
11536
68698
275560
49389
9500
3586
2142
2105
7089
4828
2516
61016
198312
9162
9853
12950
4282
3556
45
33727
11591
1530
6199
18595
20658
13348
73
35032
12776
804661
305205
65135
75369
20034
25283
88795
81411
12095
8096
230986
202091
43293
27985
178053
57775
31615
5924
48659
30447
8850
19038
210728
154388
21348
29621
320489
17493
9321
83885
140643
14848
8236
17086
672
15365
7629
61222
711775
45653
53
288
87322
2005
8483
613618
9443
100786
146704
2307
15064
33448
8338
130656
156333
32172
211337
4737
18499
40795
292001
697045
13427
96638
812136
202172
238
21637
1019
2217
102069
58447
16675
13490
81642
52789
18350
11995
96283
1512
249426
7941
12734
3890
112
255126
21225
382904
32056
2642
187697
52274
140429
4642
24244
254
74619
147712
53940
552
522726
12152
59312
22545
19701
14870
195749
18223
8312
70886
12636
13705
66555
63062
33155
27879
22100
24556
217087
7646
15953
13691
59458
24443
69443
4327
185323
15173
92633
9784
260998
843
39686
129169
149457
11871
7570
275
18989
142
24406
56105
176604
9486
6288
6523
14229
61648
370997
66395
214191
994
45177
56440
57807
34246
32269
3094
143386
23571
44550
306430
7001
2790
3512
401152
3827
15595
52846
47
42866
67932
172482
19722
57619
552108
9324
9695
166
48548
2249
15284
903833
818271
4737
43
284
3972
185537
8746
82598
530319
12994
289949
73937
413412
132913
134987
138150
21860
13651
377
177928
8445
108595
9893
49835
33185
793
2
2261
35
49213
252723
52872
23609
1503
48717
8332
4986
17961
205172
19355
470607
8760
430538
894763
54652
43676
300671
221128
15888
16750
133213
70598
4
52927
65851
7478
45643
3820
9001
9949
3581
21
43276
9490
14304
84
12098
61082
135764
37880
244758
511823
411912
126175
128573
271325
39475
138982
813867
171643
276583
78312
26
21475
50396
74109
16342
68697
61007
11751
5718
425489
2124
148090
52162
157456
17398
31531
45396
62673
67360
13947
42516
584641
13806
46928
2228
1072787
50602
104906
85949
362683
11304
87711
2829
39110
4614
9036
6247
39799
8456
20082
1227
56879
339831
580951
128051
107288
125
1452
9750
86179
20584
12729
6836
15027
74003
213129
7439
865251
5903
52425
4202
33642
2532
18
3785
136912
5871
13705
314638
210938
7812
30312
203587
5007
14778
298584
97719
68173
28584
8892
39
81948
190523
954
2303
350373
130485
12822
8346
181627
3661
379343
27346
332096
42724
485457
2439
192211
105280
5182
856
48463
6028
3976
17167
11570
53594
5620
473486
28587
87669
4668
13
47864
16748
38696
7
18324
22432
58048
16620
101800
5985
4278
180881
9392
760603
431171
175553
775921
22587
80413
95
80445
44478
28108
10
6090
5921
222076
14670
746256
36877
20230
8413
8557
17566
70850
39952
41106
494299
49473
104369
340606
46687
24403
180584
226631
3322
204090
289254
102471
467452
213358
36253
272111
25388
473262
691876
68167
439325
71554
115000
270146
499686
825867
350564
30742
74264
182602
26699
845321
69255
79787
135086
14265
213957
139389
112400
365394
172618
156885
91789
836905
196358
1037037
257661
276556
62100
4070
188115
45192
62203
454834
72410
252131
40248
18945
31177
14367
286376
1064174
113692
50965
26996
71
28936
28474
30746
289404
136098
908970
3717
15747
8971
71488
29106
5397
6482
14990
36
3441
20735
7328
36728
19846
28662
59958
5177
17704
23
57221
35450
84136
13807
483650
3349
74350
1068592
57986
102998
155027
9674
450708
6743
102773
57399
154871
185
173013
197079
32948
113773
13123
2188
70121
4455
3059
14234
118101
586855
1192
4032
8419
3272
6479
18914
13741
2886
141230
259998
72826
719832
89417
4367
3407
23865
1065899
21568
10535
25543
3148
8455
5352
3148
361211
32396
1685
84488
56002
127
930553
404023
43849
2935
75596
75411
41864
193439
312706
13228
6254
11056
103991
367010
41640
64153
135920
78059
67271
1037
18193
588040
17143
1996
7466
629
214532
1484
47475
63
238240
4443
59554
52732
16176
27371
197582
4435
17154
340906
58735
35368
13871
296337
12694
20871
303558
10646
544149
24996
7462
2843
54281
28988
1809
222179
11429
31333
647
8009
5901
77274
8313
40624
146330
238156
801062
93
5033
111180
59371
166
9938
1120
115435
22380
36872
12828
59074
788
56867
2245
112797
403
10523
26293
7480
3913
4819
1553
9664
8186
114100
84374
73129
9403
269836
363531
42601
11328
42684
135340
9011
67350
213566
54844
66366
215404
436351
51826
1541687
6635
244480
33366
20863
146526
562459
142612
18523
61888
75805
189133
23755
175430
21133
181402
11582
13989
27019
256215
54646
4996
49546
73175
390242
79541
64114
74031
126099
19004
722187
822697
780554
288717
125925
90262
261376
271174
207742
28721
186505
3837
124911
2534
72997
59878
68708
10470
57204
47612
87977
24953
266913
6819
358567
10882
1693
469593
96867
54855
67777
73925
60021
28912
14241
10811
116756
58626
216123
3682
75272
28
57
9423
7540
3805
14091
1830
104189
3044
5188
4833
833279
28998
39817
36566
9026
12133
53022
109699
311939
42628
237793
19281
73607
326896
118146
3178
94747
40493
52203
21586
18044
135392
43483
15267
89875
9500
150452
16681
153923
21940
41497
11465
204063
15587
96338
11898
99671
26861
30963
52410
46601
19069
25696
167913
500737
393569
178971
789873
365215
502495
28439
197947
356504
112852
96375
300183
240065
34911
64548
270343
37109
24472
241893
1010400
694950
43152
6203
66896
462950
53003
1049616
72834
93958
79091
186878
126899
131906
82138
140206
585962
250950
368906
12962
17542
17912
216641
375982
116339
42951
457466
55341
7473
287
447035
8290
41279
61879
109959
342634
335756
31912
100238
17348
44758
66004
145645
46574
602
739566
52182
72455
60927
3382
16692
4066
24679
14893
12950
88175
18759
117613
9583
191531
58000
94902
1553
236748
39461
136731
3100
48742
5666
519029
116612
585784
103641
147824
500345
15231
120562
3811
242941
128350
298478
521475
551552
23692
814
9545
195247
12965
3344
111928
6229
4697
700658
6548
24352
832690
44480
154873
63227
8488
4908
70905
19439
92311
9693
306977
13539
749159
12250
5513
76079
54365
86558
839005
160009
70824
161935
238489
64143
644698
3393
24280
7528
1663
21770
12781
106076
191834
234302
392980
367640
43610
127767
3333
183617
590773
85177
95976
423675
817408
4266
27631
66889
223168
48779
225001
673561
299692
202223
105918
66318
766170
82109
18445
47710
16408
8059
10832
42783
389074
289302
470729
86056
12231
45226
214717
788943
3452
503977
320963
82963
203803
222897
174320
220269
33671
390812
20581
43802
129056
134022
55954
47345
53384
274
311025
1092
258808
98606
47585
801382
27876
1658
215266
255119
6580
12253
125995
21028
534632
305344
361663
276089
217950
4349
87330
70381
459969
71251
456348
65967
8029
14325
325804
21291
295297
2871
526839
11775
8191
2277
6127
2425
266588
39542
73324
79354
553953
186
59721
14615
5582
172304
2885
6568
223370
174707
433778
13477
90139
467324
33069
844929
39650
20134
435700
15601
205148
9281
47458
21197
5408
14119
293936
55378
35233
48160
116696
19705
204859
71231
8837
183027
309255
82025
208177
128348
836311
846927
152311
78426
143754
562492
95201
47550
419155
12366
538532
35356
392691
73812
85735
302
11340
14214
16525
25369
50078
162023
170108
26265
174966
80937
7472
102800
14725
16333
8159
6369
645027
10434
108099
21206
26898
763777
51942
2342
6286
57899
280610
39655
104484
197501
564947
23236
17473
46555
122447
43504
67914
136229
67044
17879
119478
60110
93074
127367
32127
308062
6991
33460
28072
4077
1451980
3977
22687
182289
27664
3510
103580
2846
49245
50170
565169
329493
102885
133929
100850
3245
4283
50300
514619
89364
119193
111541
36273
264622
181293
75147
344177
405758
284359
42452
18984
73116
695247
31703
32249
346605
27159
33266
13456
3964
50624
13785
241299
178301
325199
68091
195
4448
48470
3919
59835
162279
23389
122059
51688
3776
29788
6254
63229
354212
4349
61421
304879
208439
843664
145158
77687
13443
344958
54439
870229
113805
555162
319130
712202
23646
748823
84571
15104
28117
87145
100665
471761
576416
308254
202626
318014
8426
668275
5699
12798
754069
80068
551937
7117
36466
55785
39863
115419
123998
33228
645121
7664
78948
40022
8122
375003
267274
816677
11574
196400
43672
52721
77961
61203
41638
23717
134662
12142
137535
269560
58667
56119
75045
200302
113327
13743
9672
1410
3702
32915
679223
34551
215256
55055
87906
77515
26273
466715
88092
27795
192811
144
3813
98079
80829
60082
559211
31774
149476
18634
90664
163333
78984
40726
981670
468591
25160
273526
208219
48745
486099
280043
42142
160374
27727
639920
491454
109959
733662
217798
43972
35998
6430
98801
96546
39592
314997
600869
42178
509103
59395
27636
11132
600667
16375
101346
73054
193215
32951
439892
4548
167829
172851
581354
810050
326192
8477
30829
6646
211989
6454
644456
125992
243772
64138
51695
59996
350237
91788
742548
72509
146866
99055
639288
12475
93713
293901
60322
189227
90389
237839
15367
63208
27793
8531
98092
867404
277316
194848
10868
38313
136988
11024
29904
446573
21827
16630
684284
44221
106541
109032
48574
12965
22055
46289
609321
61599
266966
298861
570799
686642
93218
39995
368971
194
96683
18915
380582
867261
141028
515021
642780
28885
470474
8850
859392
88818
82472
65948
1320296
21677
117969
117035
13472
2707
13510
110421
346654
89848
116775
90628
352953
434620
180445
837992
66452
117858
298267
575629
297586
222234
1033556
225783
717398
124542
159559
111334
125865
17822
105501
82801
17377
115960
33048
127985
191472
221786
63655
621532
102011
207140
79607
159546
765527
179723
562516
634631
93060
18640
64914
224547
949849
162146
458075
200139
353541
77605
230432
91315
649543
44513
206308
42275
73250
12141
103164
173109
1294105
416553
131550
36593
11593
16935
360364
108105
288853
861846
161134
952148
27236
243822
28308
81247
156878
300598
327384
224673
4350
89089
13634
15179
83994
960
220787
100885
179698
189691
18808
16263
45378
14297
43410
100236
81754
29139
392815
124148
762531
175256
1011227
138951
256483
8047
268699
227797
160351
418114
351801
168092
202147
30952
100253
26817
129050
25536
39732
6491
17168
20550
34612
33396
233410
5654
29290
411118
72606
122426
342249
326287
158536
300060
1324586
8011
356034
298481
666287
373560
83943
60591
197932
88025
719979
72494
304930
25312
11338
6214
8608
13813
9524
29215
82366
245927
18490
31331
74559
6605
19928
21151
79097
35166
255687
7176
290646
182619
72278
239050
381703
267802
70180
289807
794174
656410
3892
133282
105503
27806
10941
5686
8644
6391
38
48483
9698
52687
26178
222217
38848
14221
226287
3040
5446
17366
7848
10849
51777
73396
70838
16
8449
28234
93086
33678
306557
39885
83
2354
51955
111723
3417
118767
169255
256140
19288
14827
180716
304
12337
12618
350172
10486
73771
1083
21731
74
320125
13258
303874
65257
127546
124
79563
14139
105889
65688
11731
12768
103905
4324
11600
1631
90921
23827
2490
258
3817
4921
124
32949
568991
41085
78253
202284
79436
69784
53093
17223
851105
303301
436073
14790
32951
97791
215217
15306
15042
46860
385136
1096279
12399
110547
344809
26365
197523
12411
321692
21871
745501
111488
63658
403432
128964
3640
68014
153347
85001
6015
48663
324653
495480
88
154534
146994
152162
65102
572974
273237
156203
48269
901440
232250
34477
4430
38900
343377
73289
5070
426447
20772
66487
9751
14120
6827
271478
16040
79346
196092
34012
355
13668
4349
316144
200812
164454
348939
20
195218
4796
62166
251215
68508
105972
50732
6286
121628
4169
17684
76010
3919
6207
6506
1851
6259
359
40920
55350
2585
148901
1939
16662
1763
69279
11588
117952
206847
26417
32405
7156
1854
204145
16616
238740
63160
124567
676392
540538
345859
32610
410396
87666
6647
8691
9955
151
15268
61453
52862
976785
2689
42299
155354
35072
230665
73255
60246
82969
94476
417237
46738
1536
149181
108522
248717
149048
829789
609048
61927
12394
3465
7739
5456
5996
681933
98461
53677
447578
20701
29883
344521
228299
456704
267458
93962
866388
417209
197517
59248
76916
106903
64060
91481
225827
121007
44327
49883
132434
10990
134884
59116
73337
383003
26145
92613
67548
1909670
66098
67355
66996
6365
174504
61249
78158
81487
172849
117074
25111
6794
25723
250
170
5058
14124
4681
17341
3263
7152
39651
109553
18209
11832
7082
217323
3856
407797
10721
382769
42923
100065
11157
70151
36793
64254
181168
124042
427906
268600
31318
143456
21806
130111
110610
36356
30582
18529
53269
18305
33000
1221
24204
230186
57115
1017801
47910
444983
42386
485677
4636
12131
13385
21266
57609
24346
39508
64240
1652
227437
14686
358709
10117
75132
486
11042
42565
26813
238524
18006
73624
7473
1279
7000
195525
394406
30847
204111
238469
389132
23
35118
19970
35580
43501
12062
57750
61657
87003
454881
54228
21891
8612
698287
39567
931391
67521
289783
286265
131596
3879
30680
162770
4746
17952
347559
371
466795
69451
218370
370656
218154
267453
295923
22470
6201
291
89880
6371
31057
132987
19417
9784
6033
17507
249701
8665
34838
7895
651031
36371
10925
3810
25822
3681
14530
1493
3150
5046
16495
200962
73958
7812
10447
3068
100761
12456
1285
92053
234856
1806
67184
681
150414
3191
5487
99945
25982
4094
44115
2446
82683
4764
80839
53571
198205
13852
59550
14720
5933
161598
132234
32197
11728
58336
5144
62296
29115
6549
8932
5730
263324
4166
9
26823
75502
29480
20990
229294
845787
192
71481
11054
17029
5554
31483
36298
17304
63282
7388
245370
158
98317
28892
239
61154
55664
10095
7
101482
5274
50179
47912
30343
12752
203350
650
47271
55050
10982
2717
47
8301
10291
7140
65956
70226
99793
5613
86885
338699
35922
174907
127833
155188
572848
616
142605
263723
44366
86335
41708
24291
4448
2393
6914
1
3448
4193
1885
11
8821
48816
20233
40458
52279
6329
88886
197748
5913
14850
73393
52188
9449
21317
163043
192789
175797
142187
44467
4496
67269
190727
165872
62875
321
2140
13414
18571
4412
19829
73612
8655
179596
8713
21940
944
123782
14025
41352
5592
7791
0
20679
12447
135734
49204
9516
211
460678
80703
123405
12900
66973
6
249410
2143
5663
829114
20465
62825
925
4583
34443
114
2520
12435
868498
37918
75156
9979
5501
75114
115399
338186
16915
33782
24
1258
15889
1639
1678
272067
33446
13743
55416
2008
43273
5706
66092
8785
131646
111065
50565
10475
8407
14644
6606
3902
26600
84013
37515
98
30041
22
360804
29772
21377
469689
210856
212229
21338
189660
93208
172418
84397
321193
59509
4472
27659
19426
381555
7125
110204
0
964
498
1062
2179
33062
29673
2428
408
3332
2291
20897
3684
10559
46343
14063
90340
2
9398
23596
6581
29013
44689
120
7299
2088
79
8696
4351
1789
4612
8636
55
49739
115
6254
4449
15
74090
44344
0
4
51534
125853
34286
236612
119755
246817
136980
30201
149893
4432
24581
80460
69796
240219
137852
159422
116450
100801
332941
76013
2263
88934
8941
2984
113644
287835
3745
58629
23066
49084
34869
14115
99502
20127
55381
48127
48291
423950
559230
9023
167370
602938
12476
457338
136101
211164
207482
81875
10650
69144
2671
38928
49610
21215
28476
60678
248062
287489
24125
128650
210607
806501
169222
75094
17497
60112
12
17626
757284
844665
269619
23551
120802
30564
21836
124094
106069
197833
316124
757717
9867
609252
240817
177499
135837
23107
9731
177901
942747
108381
8793
361347
204647
328596
108319
106458
8194
46760
62109
3672
69388
993498
7609
208302
6687
1167
263000
235288
208934
149516
25859
56316
18828
20289
192125
3247
62
767403
101745
88334
47784
40656
147230
11945
252003
41754
59296
419567
42158
157313
78836
289450
378
95637
4271
73657
208
28103
50493
12709
6096
41901
62108
473820
15871
60236
263286
85912
30605
106182
21877
37473
116270
19885
78320
104094
8141
27300
38828
193448
46030
247244
215864
932953
289385
57246
312369
168765
317750
130090
31836
31623
91642
369783
16020
85383
6862
159606
200134
137998
33114
68782
66698
13275
28235
697
109940
454138
111318
849226
16966
26350
938000
21520
338346
267697
571583
333308
304763
108667
88974
889855
33939
729792
38718
608176
246651
222240
76690
63749
77428
90221
73328
441841
7021
90720
12783
16600
279793
273679
6786
295883
161064
29217
51947
235421
186651
431371
91674
149908
81
6403
72756
8996
6667
86172
377605
123806
14272
7190
2322
168887
197414
50288
63765
27359
52541
52871
830
345994
42214
31315
174355
3466
8047
15694
3768
58843
16697
477574
71958
24576
49786
12480
156328
10392
24677
84959
27998
78867
50882
176902
8610
247556
5742
548075
436
358208
20537
58492
806
53763
2296
97956
7268
169561
318206
25255
770
14368
40960
218066
136829
294502
8276
264096
218702
239815
38733
80074
69509
57320
279938
247584
215251
5944
5591
150
8658
67182
2070
70225
112758
54650
40309
445
2557
9916
75578
35759
41075
243535
7471
22369
9397
243285
194091
8488
9859
86318
660147
123019
16862
135614
22914
24148
23524
135921
98348
9304
11411
257951
10427
191
171561
72740
11997
73550
4100
24443
84
23752
52265
464325
3506
97091
157
9886
3326
7577
9792
90
8629
9893
110529
16301
37460
2101
3809
6570
3651
18075
50259
44709
132459
1894
4730
5431
11495
15036
134213
20320
4733
5865
36507
87888
22376
112870
385
7158
17533
19436
50868
13
5367
498625
362726
587708
78836
25476
6
31889
21
16186
0
67376
11526
4744
1672
3810
32777
14935
7497
131737
5469
52149
4712
31221
18397
165957
209880
13314
60607
27077
195529
426174
3950
124466
13169
77566
272958
278996
805184
19608
14002
7125
403317
10111
19367
10371
17681
23350
5559
248477
71668
20988
7996
90230
239822
22725
45944
670386
149210
52088
124750
2606
11973
74232
30081
232074
386081
148837
83345
277034
86069
451185
28488
411917
22341
42271
346300
20344
339582
83432
1856
25386
24598
20390
9620
410542
55876
204192
58008
265357
24824
68927
9639
4460
9580
161
17572
30463
23267
45448
67923
61195
78303
17658
367325
5023
12698
155666
27
10953
8615
26457
37667
24230
51004
429755
149
11588
2672
50877
56172
70912
238754
133322
1026495
796
16612
10455
20736
182352
29996
64549
41504
7084
78347
20350
153150
23765
7470
56812
85002
8997
19204
261137
8390
75019
33910
33407
84992
28738
39488
28760
25289
