3762001
2799200
9493183
6527368
1106494
2978517
3669480
4420971
5591854
8107193
7364062
4731648
3636980
2797754
4263106
3053656
3315530
2225354
7033038
1807490
2414574
3180438
4994727
4376799
1804660
4438607
8035330
5396799
2009605
3164851
5717436
3109639
9836741
1867169
5789576
3893300
8252898
5634684
8005531
3310931
7951939
7805676
11430166
5092615
6908898
1636915
6410724
4220372
5704640
5315590
3702782
1544975
2624378
2408345
3049116
1922228
6101581
4892715
5516070
3986700
3737482
2423189
4215623
1861309
