3937
44002
14638
159
12559
92089
18597
636932
6773
71996
13593
49248
72
1640
26397
1100
117
1352
659133
432
134
93199
65936
166718
708019
3760
183515
70680
7242
701535
800537
35196
6673
19189
270870
48
621226
976841
1497968
77494
113943
10532
5181
521229
1119
58692
49365
29811
458
3376
26
342
1593
37105
8301
35967
542120
797366
2319
27457
1477
7298
1539
2303
222
123
1023
15
16133
713076
261
27
10282
46775
756532
38
27599
11364
61
438
819
9
983
297
835
25115
83102
698101
2231
1432
68676
38997
17896
238641
680541
545968
183334
0
184568
720908
170815
84253
1198209
8416
316
258661
819
8838
1025
1295
93087
70527
479
143231
30731
6312
673482
140457
6181
172664
113285
727242
576044
118982
5532
55555
34667
375631
90709
638789
1425655
178614
9207
13801
756
24206
7298
96063
223051
727
5223
1
35
2690
57006
1274137
6905
23645
88099
647387
79632
506176
3591
869540
621371
1021847
164810
16926
18300
1285
629605
74257
10748
953
54644
924947
764161
561487
3609
17111
45414
4582
85295
37713
591515
610556
28459
4069
486820
12919
559517
253019
106546
141726
274809
2358
41903
93454
493707
51072
64896
2199
178692
1540
24511
0
11354
179773
1348537
2450
7
961
1
3219
19
0
1118
174300
0
0
75931
1643
215
76280
806
9424
9530
4853
621067
139
931
3581
1071
1109514
550387
190928
806
1176
504090
4446
814267
6958
10034
10592
1048543
89905
710
10555
751
27952
0
629058
7245
183885
92
309416
599643
9
655847
11467
1
149
1486
1006359
10631
244546
1465
61587
9979
1662
26
1742
183
30288
155
629398
275
2353
32
0
825972
0
182
24607
12867
6698
567954
7317
142111
144
151
1297
248
22347
8
671
112471
2
614442
35435
23956
1791
176
76
1873
47067
760726
680
7592
329162
1358
1
2984
5359
22
2540
3029
32273
67889
415790
61262
33667
968
6883
1600
12127
6967
5089
499729
1937
32998
9767
1628
853
1297
99701
1618
165
4918
6725
423298
647818
0
961
1259
362
10620
65069
5022
4
51052
3702
10529
36764
82142
47066
44427
526
2617
75912
1274410
201474
930
92720
2243
7828
40180
586319
12591
3009
66196
621122
7559
151411
180467
0
36506
49
36562
598738
11940
62
12779
253
86067
154553
211800
8530
647505
6478
537096
1127
9104
4770
763808
3731
605039
7
6
39087
45421
84
790
183001
439
1547
40
0
721638
147
62126
88697
94720
134136
42
8860
909162
1802
1128525
1943
808
71429
90
20344
775743
7710
181727
5139
254124
596808
86282
846461
1252
68894
989559
92328
669802
2907
390852
17744
9339
64
93518
3202
146670
469
47529
14
7861
82
91798
162727
2662
12187
552887
2403
70746
1196
4511
530
302
762
7144
107
143085
478
104879
98708
60381
495228
9
2659
144
3550
672123
237
5768
181
3641
370
186320
84
3502
2767
6065
912
124870
7842
57233
9248
66775
764494
38142
6344
543318
86731
616
187850
54318
545056
632476
7211
86
81903
36169
5216
632
3580
6612
0
11566
1097
49792
6808
569722
55
3746
2910
10981
981954
1153
21785
3505
3119
116141
2457
87882
542553
8212
12644
678600
702251
668752
51426
192126
1606
504792
96008
1124
87
71399
597
13718
1037
485157
984
233
986
0
588
135424
0
110276
5805
14184
5513
5041
1059004
1919
13
556
180256
135409
5716
793190
139245
29547
13256
93740
554
5624
812760
337991
201450
236
46
591076
8783
573
3429
146325
749382
4107
366
296257
19581
638154
146262
783
15007
912
618380
101766
657386
5081
824240
2778
1010980
161
12567
563535
7442
316423
29223
5822
796596
35532
578854
37310
1557
736
818448
77673
143438
109
47989
438597
75975
233543
100347
13910
483
186616
165333
678599
45425
1555
9480
3714
1417547
2739
10680
769537
867393
241659
1363
131517
129
92
1344
362238
15555
849
182
10205
21831
2215
5
12583
84482
52389
667990
774591
268228
68614
6257
8013
159
100615
88230
79715
99
2345
218
189882
746971
53036
606
1056642
187
7138
4494
0
1284160
69041
22786
1480589
11421
599812
47834
2353
641296
233801
62148
1093410
6796
43684
2365
88503
234398
161151
49945
77431
23147
2011
40992
109915
9507
5301
1806
249580
255
2336
468
46701
45948
21126
1425841
740183
153702
556657
952
52014
9782
137
48668
4316
13225
12389
4949
765624
544690
991676
1238
595656
55677
364
11216
52469
491034
0
7535
522097
38088
744022
200888
54936
56030
83331
8374
14088
494629
793
48990
104981
7952
8099
274146
1812
42781
126206
76608
3367
86346
113606
658407
1037613
467
51577
329
54553
50582
577189
2432
92
962
7705
1637
1390
48687
15029
119007
53169
5675
3942
596
5879
174
4775
7491
173481
739
163
85
81
2424
3421
96985
1909
563417
0
14
6102
13
585
221
20791
93
83247
871613
28098
16720
530195
363
763927
150750
10482
6
16311
4
552
0
28556
301994
950
168
36
5958
14215
1798
1481
583
4309
809
129
2906
0
4607
14369
1008
8835
0
80948
5429
89
5618
37090
29072
32
4610
219980
418
37157
916
8
52
10
67248
37
0
30396
49920
19338
3492
1
1486
36685
1219
13399
4447
798675
66
4997
28798
72656
13160
302
1972
170554
3144
1744
1373
1237
910367
3250
62552
104
1353
266
1519
1992
2631
1130223
10762
163991
10824
36394
0
49560
174
14
37
4348
0
2006
1384
0
1690
4435
94
15599
5749
494178
37084
610670
2309
1843
19
314752
555655
2102
6281
202109
1538
860
62
608
573102
2492
252
5380
1490
529868
14760
519559
117
56
5450
805313
62
1437
125576
7422
690564
7400
227
606
963
90507
11862
80341
65149
1325
34312
15554
294412
55082
438057
561538
6070
210
2434
89507
7981
7548
5010
119
0
15370
1863
115685
503632
573541
41518
613806
64547
470
14
230840
395
3461
8760
139609
8333
81
56
2
635642
809806
200
27677
6548
0
0
406
183867
4598
196
619
88
59377
220111
94771
8780
585345
4193
4817
11825
1
5
922
486660
9802
1158991
370
0
22497
357
91913
21
119922
3483
228480
342406
14844
27
657
718
1467
1252
3560
1457
696
501198
517193
1120
495365
14201
23825
51
7957
72894
170144
12852
3421
28217
44684
11391
646415
62603
1471
1764
7878
2051
112743
12055
25
39324
534163
338
226
37
21783
11
72
712010
37862
628980
26015
700998
190
114
11207
35258
8025
47428
32
14292
1455
2693
13238
180025
817497
22098
2211
20947
1507
609746
2532
107488
313344
1137
32
12975
0
0
30
5646
0
625
11293
2929
1014245
52
0
0
53
7
1212
0
631127
9511
450
3069
23852
153
107119
1415
13695
1353
7
27642
159
7457
114
93507
565110
2226
65666
1531
1713
7099
96428
2613
752296
390
57
88
10326
385
12705
181
771
152
54078
733278
2468
7508
72322
65735
621
1215
99530
8180
32241
1523
10
5
133
0
519
41944
321
11338
112571
8
8192
0
193
12947
1036
602455
30783
2514
657871
13620
35134
153
49
92352
118134
1
79423
1201
89944
110
526083
1689
12540
102838
1826341
3762
794558
5101
817460
55823
113059
1853
4701
1196
101159
270943
3179
438
10462
5810
91119
926490
10788
363184
27208
587779
71578
50457
9463
1334
0
8118
347925
1129
9094
14075
1146140
383
425
307
173
3424
8238
46298
1743503
46911
84926
765
5988
193
321
9
260
0
2803
25
124
9154
0
5387
47
2967
4630
0
29098
0
544
67026
1465
38255
22130
31047
81732
374820
1972
1460
22058
49745
13
73
9798
29281
3424
1621
36
2
18327
806403
2481
746
276
326422
10377
8598
4508
7588
586892
1602
149195
1911
6853
23
3852
8202
2589
5
510416
909
43541
294
1810
674
500241
9830
13654
825
701
32098
8788
1286
53977
2953
575
22258
1370
258134
0
764
245
0
238
18
71685
2
1
200
90723
9006
342
739596
136841
12064
7
255
25
238
2149
32
67220
5432
932035
798733
15496
59
288
365910
59757
21148
55733
142
696885
59
137
10
0
1491
931
1374
963
158
2390
802063
1263
35395
1789
63
296
4
185
1134
16188
9
66058
222
35744
119
336
3169
4193
102274
1660
6
1502
3
309
2038
53324
1496
3008
2323
37767
17289
1670
86330
605935
6122
3760
1672
46544
49588
1614
183
83653
280
654845
128375
33934
439
2727
52203
657120
181098
168440
1353
84875
241
6940
3287
112588
2009
97
1433
82186
294
542979
27
779544
3344
81110
5828
214250
7510
1318
45297
61480
319
1926
79
91618
0
110
6729
131631
1996
45
164
7996
50
741194
637496
3549
734
5
44077
61
761535
28202
68946
820119
1003624
1482
56
2566
448
275957
211
72925
5770
995
2183
25682
739001
2430
642814
22612
4177
1445
130
910109
76655
1122809
292
86825
110
1470
1
411
186
87007
147958
36419
1301
25
46789
97132
825
6971
513
559
38207
532258
58677
1021273
8866
1231
55236
13435
110502
100
1241
637
359
10556
1036
1587
1001
10
1193
581
499307
67017
274
140141
10999
801
278
3183
153496
1633
317281
67210
809086
10502
50
1256
5
537940
1046
1420490
759077
50889
2716
16107
26
539392
643168
53741
21511
3612
8242
1222121
84580
515386
2107
414873
146074
4361
19045
87147
169212
40640
171919
1624339
163
97038
45823
3682
53685
553718
231727
777067
490854
699
33654
55740
1516
1
1168
2094
1378
9490
53542
129302
655
92186
101383
3898
41073
87188
10650
2369
39489
2224
239
926
0
1285
656
799673
13968
68261
140073
868
1013
11660
130
2220
927
565301
16436
1061
0
379
60
161
470
53431
525022
61550
615373
56
152
207
7295
2577
198762
965753
188145
672171
298
56410
0
126887
107137
24336
86167
277
366
974
141638
5
0
3388
0
6
104686
8717
12718
3
185416
93830
791925
162
919
763135
647
605432
9
12109
567499
11180
67196
649928
1691
23688
756
2095
820322
643156
3218
1010096
63362
2539
3
76958
786
20383
0
0
55804
768331
11
1987
7941
927
41
7689
738
5582
261251
553182
822074
121
62
370
7956
24770
118902
232187
5427
6
40441
531132
89459
412
255
5936
81219
1988
16837
688816
783606
25593
1733
7930
90
816280
53652
11309
17505
118950
6928
1412652
2044
132641
6305
2830
598015
75136
74520
554960
19586
4411
92632
7315
849462
816564
287666
103134
4195
76
1057
14015
166810
888572
5655
858595
678963
7381
80516
103553
552357
1605393
182477
193337
94448
8
1498
1918
1394
698586
78546
935901
4404
281
463
275
0
44847
1373
278948
1663
0
55
10555
8273
647
62
3530
7034
1949
187
89978
18
97072
91415
323617
761
185893
816033
61975
19272
36037
8064
850142
3085
16843
228490
617231
30755
692931
542644
8919
89975
47506
4877
47103
440
110
131
658955
111268
2444
3114
3876
2294
14000
8361
1181
1835
81
1979
239704
293306
546
5
10007
558913
256384
29087
179177
522812
19083
22933
538067
1073
1030
52447
0
5161
34
1839
1023074
143289
497300
14340
10796
300
505581
2
608318
980
4
145247
5307
13025
2289
3894
140971
141022
3501
495580
847
109621
425
145
133
114
2759
2821
0
199
310
59
540
238
3540
35
251
1297
659788
709834
20368
10532
275
1644
2014
3116
1728
0
56066
6394
9165
244
14735
2
343
1155
631
2964
4941
910
41687
1341
77
42403
2105
144836
0
3
500234
87300
4441
3100
67400
22
2163
444
562
101
6905
52976
85791
1953
99416
8495
263867
2384
11136
10371
112881
0
8040
317
0
8169
8100
45644
109082
48995
108
1956
8936
161107
12732
57688
3111
4214
612087
509
524765
2703
12234
95
826386
1558
83235
799565
81686
63
12462
1206
50725
811712
1536
83056
81148
4506
387
1040
84933
518
1
7743
92308
180164
53396
622346
19521
104
511888
3150
31421
3635
645991
788870
751985
26336
746985
43936
18027
6340
64428
5541
1400
44146
128400
1269
282925
3072
18491
49695
338
16438
39438
4835
93491
1617
6892
105666
7257
528431
3376
612178
28153
449
2464
968
4725
548953
1283
531313
1614
16315
2634
2375
12505
1111
73904
235
43878
3099
73
62
1312220
1582
6095
1103
85404
34
700
1058895
151484
2028
136
551
1283
1501
882334
487
81519
493509
22870
138811
11032
788
12064
1277
4859
1619
678835
59101
2929
360217
39297
89
50728
102146
12602
222957
175240
22672
22057
125515
50754
16618
1794
8341
173952
696759
8974
1796190
523167
73954
1084
34110
809506
9075
787
718274
132820
39009
1094
1609
3194
591846
178061
44958
84550
385
17371
97021
632386
389167
2148699
7190
49413
4861
650991
80403
117853
100003
588889
2272396
63692
195705
2212
3823
3238
546431
23377
101349
53
174273
48369
43673
2951
1078108
5808
529380
55261
2321
818692
312102
667221
746471
72913
32110
1732
797815
4382
1327
0
112981
2472
1012
315944
8116
7914
541732
21369
504896
218
9148
14437
58
10015
2052
88774
16
1372
626320
11131
15
2
1710
6449
1486
646548
46058
1502
27
102303
100857
2818
787964
95706
8721
653990
383893
2502
46774
1263
544696
4505
38
218125
47
425
7564
680
8039
626634
89638
10413
843
5137
806
11747
38354
2063
12534
16459
2209
28176
3227
91
136299
2807
86522
86867
16724
376190
600013
374797
9444
644224
1935
3448
557247
264364
509
847
581
225257
206901
83
620284
24920
94048
141
86635
1108957
2869
155174
11209
1044865
9352
19318
138090
660724
194591
43051
135889
85327
49051
1116110
8554
18699
1304883
9974
51102
5
94
145
16711
45669
199484
13731
4011
925
3174
265
5157
7219
1124
641583
6129
258
818907
94192
12255
333188
765
3504
1830
15360
95185
40670
50627
37361
233
3828
198
793476
1494
3306
258
1383
162
590436
36544
3190
1438
9520
4065
319441
17110
573740
8423
543932
110
2104
1211
201465
9944
813
1760
2090
617055
629851
204572
11122
1273
802621
365
212
67843
341
0
2263
1176
349437
14396
3783
11113
7823
9089
12281
613192
10839
6425
12362
715764
675629
4945
14626
383144
624023
66687
11939
5522
191638
8
643076
178
39174
28570
1321
2410
617256
374
12448
55320
1209
102178
119
53407
3
616305
57607
91641
105925
89964
1011472
824726
102660
54427
263059
543013
6566
3231
569582
696
1075124
85190
281
217
5390
25
997
94784
13156
5373
999
3975
311260
552688
147590
9495
18741
510142
634
56103
266548
140
0
0
29277
6
8977
944754
7735
1857
9
2471
795102
1397
1603
33510
1736
1493
2094
52132
619933
39526
902
579663
37393
85178
8803
1837
2677
45576
105460
643
220
122
594718
556
1801414
351
766
93801
3919
153234
849839
725
2862
144370
422
23362
63
13
361
499422
50213
1643
439259
2961
783693
45501
90809
1300901
426714
232511
1068254
150933
1335043
90256
2734
9633
99968
47910
2117
627778
11284
11445
573943
96
1578
71
540872
4595
244549
362
0
73150
161145
1077
16069
659026
24023
642130
75501
55790
0
937
1355
3059
36339
4315
237
643159
8556
16294
1453
3551
1600
13897
817514
162425
1501579
650211
824020
1354
1330717
420
0
10587
1113
87008
115789
197497
857445
621982
770224
50289
111018
3511
13541
533417
558542
770086
42623
78
2056
599
662066
6272
136447
3940
245
1907
319
1218
711148
4275
7809
21484
77
5193
1354
87131
3987
246
383
359572
10381
8093
54195
9384
3497
592
731707
37055
319024
0
203
57
376
1115
55739
926
25595
333098
10408
11924
107082
461
4304
529258
408
7508
2230
1261
49415
268
7824
17586
2924
966
101975
182847
45518
105497
42750
6040
659285
478
296109
1060240
366226
2595
1364504
998
276685
1137513
3552
1901649
806213
1311
2357
71760
568
46373
7142
5730
115770
11148
1045
2198
100
6145
606270
4570
7897
156169
99231
86090
1204567
267401
252666
10790
915430
1045224
121538
516901
808447
3554
33174
8008
592
95860
2324
392
39351
3379
37307
3810
822812
10786
5992
13327
811367
67765
71906
4939
1376
547258
91513
5948
0
1322
1735
12556
150573
1011432
517899
128742
38
81309
111
9841
8907
59
186
1442
1016
24825
574219
36786
45279
652909
3420
47047
358
501479
26092
1628766
1109509
59820
15398
6805
367427
1899
11450
84264
13683
657988
11151
810895
819855
290
12710
4352
1071957
24473
591869
2546
724243
92452
1223
2960
2253
590
423
305076
637740
10718
54997
22501
7896
738206
405542
1549371
6581
47726
108510
5003
177152
981859
2181144
791252
1223
43033
115028
56515
556239
14087
239675
8836
1538
586633
57935
86367
257080
337984
4816
809943
274635
717288
8770
51572
1092702
93605
1506768
147026
610283
603263
32150
89266
250179
1063460
137130
56176
26096
8848
4693
134289
2699
3604
132587
68
36445
11038
10358
93899
4894
102772
19193
3541
214544
70152
925796
59533
2513
3495
1234
818425
1713
297578
1520
3540
115980
93006
264895
761020
2249
1543
143
573
2386
26
1926
35352
635
851
5800
6508
239
21959
48845
2774
118
8030
287344
53641
824990
570325
4436
6126
58108
346803
1219565
287212
1209540
190188
242028
74050
713688
121
78520
61329
782346
6
557
7331
677
1966
13354
147583
43432
11233
1537
1040282
566487
50598
515968
64707
77293
1091845
1395912
1738
3459
3285
184634
94734
189841
25572
313
37662
819868
3572
101118
0
1403
1510
12157
348
3579
3942
179221
117355
40800
53697
854004
2134
9580
5535
10300
530352
96742
485809
1149502
84602
92602
275
816249
87476
11105
771714
782919
231775
6198
807621
1461
7122
0
5607
7
29
27
11910
54501
1166
1492
271
1766
50421
49
488451
1928
904
48533
16018
42541
1589
2414
4
8139
5169
521407
276894
82647
1687
365
37320
1376
36518
0
738529
113
5931
1368
6155
193775
112297
52552
557
110794
13752
58152
965
1433
29050
101
171850
175
7983
22149
13
18123
33
51957
10618
12673
2648
2875
290834
221226
496401
785
503011
2138
125
1868
43021
6047
7568
120825
222027
11426
128697
104
42610
19900
139
1629867
2836
633493
19995
321334
27
609084
10988
218859
3694
65256
47000
6324
2
43317
20
13384
28236
317561
39957
817771
11863
71181
373284
1309772
11050
2375
309
61055
3063
324977
688
626296
50
648498
100112
30095
2123
903328
12601
181149
10971
1917855
96430
14158
885
52026
603075
29272
84
827313
0
136
1385
225113
74
667850
3178
79861
616279
49637
39
76849
18791
577090
573050
284886
632285
17
542312
1021
2250
1527
1358
46592
9646
63
89629
6632
29567
46615
1124
444
716
16
7151
845
490
335
821
7582
64706
52
80240
48744
68013
43242
14876
12
369
302
170862
85084
11861
33903
4363
901919
4735
942308
113417
120458
12590
577720
1054
214
1308
205
45918
7082
1180
4798
500366
6833
15150
11599
9488
20089
36247
33387
563676
31506
1072
366
164115
772201
210411
273186
1303475
1649
4089
3347
8201
659
2108
256
9927
72
17
809
2393
5532
98035
179226
715283
389
94773
144938
161976
94775
1991
180845
7358
5458
351
76681
84109
84918
1784
10928
1338
400
424
526953
894335
48818
35092
180878
1424462
4109
822
27597
629
624398
879
185270
118
88915
10629
20
594550
35
514250
1441
214
30
19067
23974
93
393
0
556379
11
14899
201
2397
348
74
1011
44280
125
504274
9
4207
73453
705
851617
3695
12515
15306
177651
629708
13222
177062
6883
530391
39266
1132
979
53017
1681
2195
54
869511
671217
1100988
24087
142235
150
143217
10551
1115
7590
510479
3
5241
535
6167
8915
23320
3009
643882
3685
8
19
528999
1630
1676
3
1078
600116
1210
484316
919
0
955722
28117
684463
118460
889187
35
1506
308507
87108
1001
6430
930
3195
264
142470
171
6625
123
807913
7098
83931
4
11496
10980
15387
151
11814
880
180
343
773200
3995
661402
107237
213800
20114
86378
593
286470
259
10308
5966
1894
490853
8514
805198
494662
958
241
44676
11096
10126
1643
7058
123559
3052
336
84
9
0
7362
1144
2403
371
150
2
14553
158
0
29
1009
113
238
38
21945
0
817
11253
90130
532318
54417
3
82264
0
268
0
5600
1895
287
2516
75
29
107
15
6157
296
36488
2014
1358
1338
5389
1807
77986
140
9
3540
27656
0
1366
224
5725
487890
2181
101254
303758
1417
674
2075
14956
388
60381
37818
113728
535012
884
662316
102
64014
3190
6
9791
100279
1036
22
11064
52
62
3202
267
0
94308
66088
1653
1334
607
1408
1639
6772
14
0
8280
105
30645
872
2417
520648
3517
49515
1032
276793
9947
81181
59084
7966
543297
3501
70055
1356
153
9376
2
0
38254
1
125
0
781
15145
34973
2299
1773
31
36431
489
13624
51
93
12
4617
7
822441
239
60991
793479
13982
924
3
0
43305
390
4996
1526
49913
206
1043
2288
31966
8173
1033
106784
205610
165075
109228
4712
2436
15145
472
77
54350
29
96056
91435
73154
766
286393
1873
3418
503872
13691
1
149016
152
2329
1
57305
279
955
17
88
1280
1182
336
509492
14460
552468
13217
434310
35283
3959
613
54868
1193
0
144392
2293
91782
395
257
67032
121
9362
812
526537
7444
14700
135
1793
8122
3407
199
1043
1321
15681
117
2067
2723
3277
0
17
300
1183147
108
19242
54286
338
899
2
74561
549886
1144
31864
932939
1780
1683
13930
16903
38867
3
153363
30
281419
8381
1892
4871
220483
575737
925
260477
11409
495
491872
6237
378
722
10223
178440
0
87
76
513042
348943
3435
79292
1666
464
0
50
1
8111
1507
49050
1511
1414
42166
1222
1092
539
0
1049
5465
0
316
97266
38
5887
60376
3290
112066
5850
84798
84810
92304
102783
2890
106007
48294
38966
543
22330
122290
1332
58
492968
40
3046
104302
42357
38
81655
1045
1033691
8854
1572
101355
2287
59688
125328
600478
619351
845390
46763
11252
284
13218
614313
12922
311435
12906
2963
823
28744
546786
98478
109886
254338
1004956
114
61
19192
2292
487179
880497
1140516
552260
51
2
9983
6205
9038
7496
87829
220246
984
314
2044
818
160203
20763
118896
601971
536343
95
133978
39
85213
7043
151
5
1688
795050
0
5173
42068
10106
547
78007
9
142
1418
3
1029
521094
31558
12
39911
1368
12699
119
62687
50738
270879
505086
5440
20071
308787
527183
315
1
955736
952
1795
5958
84381
8471
60458
802157
78101
15708
23389
1280
44987
349956
699147
97
611596
1483
227405
1036
1454
872
6340
64
3574
84838
690780
84531
480
0
559598
20427
8451
231
1
1
3273
7736
1474
321033
45601
48848
249
661
23
181062
133959
352344
2078
680290
806375
5900
14159
604042
48307
550565
107180
57831
95612
184
17015
63655
36410
801
506948
1058
90
30955
2933
4904
840006
102729
439
15773
697
4748
288587
15840
1257624
6155
123324
60046
32911
122054
1286378
131322
2355778
148645
739181
75134
106511
9285
8546
279272
1116
11310
749845
0
845
1474
2826
42551
493024
382495
102601
17514
15201
12005
15306
578051
959011
53510
54524
6
1621
72
182637
6167
10968
823880
1134
1584
2784
54420
1174
49
62268
6808
82264
1221
83
115589
106494
19168
96034
10149
11658
512238
503416
1358
745
1210
1356554
9094
7276
74
29262
37391
38911
31
17734
91628
79118
594891
77193
60
616963
3020
18871
542
49587
27643
6
61
11722
380
26
139459
234222
31920
9335
137
1449
10310
534685
39773
11840
10022
6590
101433
567871
13220
220
125028
1042
348384
534023
620892
3
588113
96
264
774
2348
463023
2402
1856
688035
813
1407
26447
2
2105
1028
636501
0
2
1198
2810
811239
1932
456
175
8
661
341
78475
357
495370
5813
63762
17388
5
979
363
0
10600
619832
1262
969
1028
627
1824
5769
27585
2452
186459
15675
2727
0
51156
22
856
94491
243
121
1088
6767
133
606656
8
49
829
1025
40
83422
70353
34802
45345
7698
172938
6372
1997
216623
512196
1180
63
10
22632
11136
53072
1181
131
536801
198
4025
164
868
67847
1454
1256147
18884
53673
0
528076
11366
177982
0
317508
390
48293
1209
1007
80206
48325
55
123878
691
315
68126
486389
1354
546617
10979
284
680
538248
14890
1726540
1048
94938
322
9660
48810
415
2120
367
2
55
9924
1110
12401
139570
335
80
44406
1103
93112
120
84326
520697
4
1567
192
400416
796287
17396
11518
1917
6
6152
1936
566637
335649
89458
277215
1110
528
840482
5377
965812
179902
8745
14327
8674
238689
11542
204
113507
11278
91501
1
7130
7371
7297
445
10089
2179
45627
576142
34
3554
45
1304
1601
56
870
17772
7
11751
585
2645
87
92030
601081
3
55692
4915
592571
21517
7630
206
22417
515079
491621
49374
37888
1827
504899
52264
1948
530
580
14464
408
509103
192013
1682
59899
9583
188802
8747
84561
8182
44833
1360
11714
10609
13478
68902
18140
220170
20413
10096
181815
173035
36416
15422
19911
33437
