1035548
2560914
5186136
1224636
2801824
2471945
4127809
3664433
3148159
4645858
4299077
3054669
4089709
1324026
2954182
1800851
1185686
3765028
1134535
1851114
1924690
1460020
2447561
2703007
2896222
3012639
6557520
2524072
1197726
2154257
4522482
1294494
2827241
2593650
4522940
2644607
3932459
4345918
4312028
2638179
4090086
4620667
3703441
2624571
2369265
2197995
3911822
2736800
2153531
3594776
990758
1415852
1168483
2271143
1520676
1171585
2956321
3175100
3204636
1300989
2657325
1056660
2307402
1410773
1077632
1902717
3458890
1558972
2446871
1603408
2691658
1520070
2531606
4577768
2846804
2023477
935385
636820
2235632
1545176
1552939
2004600
2929141
872846
1380479
1013899
1612749
1685965
1364955
3595210
3371980
830065
3025885
759488
4693760
2117828
3413799
1759902
1749403
2000901
2701806
1231059
3597618
1830174
4133276
6338871
4883366
3866150
3726765
645398
4181539
1326331
2804738
2580062
2186761
539774
2390671
1678660
725777
1405458
4655580
1750205
6166015
1493945
1836293
2078486
1852378
1712850
5240267
3745692
4533811
3614353
1750434
1531302
4615835
2570044
3946437
2616395
5065621
4169464
2725363
3120147
4631184
2500517
3994174
1524925
5480059
2208488
2769960
2614206
3263226
3389582
3195707
1938895
5872810
5717629
3290597
2934827
2377764
2443866
6731371
3703384
3986514
4646816
3344479
3474295
7000052
4910073
7074843
3537516
6175170
4804790
4674116
1885050
5653509
1808199
6273995
1382305
4580691
610696
1070942
1449084
1771652
1763672
5257665
3416268
5247287
1718228
1385399
613768
2966160
2101803
2672840
4866901
1985059
3786196
946846
2942872
3568625
1428657
1981179
3395637
2850532
1986842
409398
1050296
827894
1599221
1276025
981620
2453158
429489
1293377
625015
1853326
2833710
1482407
832727
3435165
823926
606210
359718
2495988
1633285
4192432
2415883
5567474
3707271
3245873
3001811
1843015
1688432
3799424
4257509
6859404
2752963
2113844
1334634
1917976
1202654
2095650
1344036
2478569
1326740
516315
1221021
2564870
764603
3033940
1459004
3078051
2071225
1374731
1324085
2519816
1546223
