4832623
4147173
7554481
5712568
1603904
2735736
4975760
3565876
4936246
7665137
6715075
4221178
3007972
2023980
3726921
3415820
3016881
1958951
6510479
1136221
2541164
2060031
4213188
3357480
2533860
4064969
7459899
5109011
2736655
2103392
4821424
3025414
9043572
2878760
5877769
3426126
6857097
4375336
7592216
3284516
8050466
6552087
9071702
5484514
6114202
2229224
7370162
3096240
5367905
3938958
3631021
1922387
1661466
2244626
2468987
2508816
5778936
3924197
5970636
4013994
3081602
2541281
3826584
2581332
