646082
997797
1012409
511730
309582
2889491
2272767
1778134
1387017
1013475
1840506
2259321
275969
1856353
1424364
172803
1731393
1980901
1649538
1209680
989611
1377668
1259836
1837615
1678736
1278382
352170
1969166
81880
2266046
1137859
530067
1728903
1288740
1905845
1822997
968200
783102
2096195
1427170
1423829
552370
1096000
2535987
866933
2642859
643719
1490079
402871
887392
221686
69337
1522830
1416660
1159476
537842
1210513
1179103
2689525
1480823
224601
225880
771463
252853
1447284
2669137
1118439
1022368
1457512
510468
1056409
581180
1516268
2295177
1860927
893422
540506
1595987
2661342
516899
687674
286020
2047278
610743
553637
1181111
1680396
2520377
137544
1549629
2577835
695784
558810
594462
648075
4548535
1746208
871630
1913135
356891
2276545
658660
1886634
493006
2276698
468434
1830020
1461013
828694
2250149
2729696
476324
641463
1646500
909688
124120
915846
384970
2018820
1218599
488215
2597365
862144
1027395
2584781
1029191
2177219
476044
582111
2248079
2763552
1377315
2477847
756641
1220049
1350549
3446163
1806925
1423963
964246
627233
914890
1908280
651707
2646814
892743
895831
1679354
1353378
1372894
1618632
1120863
2511996
1153322
973297
407408
1999176
1044370
2176559
416980
2211618
1171276
2337455
1429039
813901
1272986
427878
2035618
2300321
1845526
1829973
1627527
431027
1111001
4169246
1592427
974332
704279
709473
121007
2705229
1662638
2838266
1106631
2781935
2241866
1864067
1189677
1391304
994689
2688236
226316
495919
342171
1616616
827419
2340831
1321548
737525
329787
421708
171530
479441
1550231
148320
285682
565056
136517
1207298
455640
1959119
1836183
750117
2018027
428859
878193
568275
1351645
2157859
3213770
702895
629593
1021416
778490
1302577
2483789
1502897
500977
2125113
2768559
644207
1691884
1169460
1691371
2860089
1694522
400356
2341096
641941
1751479
1261100
1513514
790872
824028
330684
630286
1306011
274539
1331423
1255162
2026886
1456108
225309
278222
433601
129821
