4811642
4564214
8921376
5260626
2731584
3539178
4490506
3500760
4812721
7702466
6401499
4395909
3132848
2309738
3456621
3861049
4957554
2769212
6814183
1351866
3307800
2373849
3288350
4764964
3701558
3948857
5159437
3798313
2418472
1524837
5469952
3384017
9135495
3669780
4541986
4950263
7893543
4252555
5673646
3094874
8830364
5255664
10352221
5480044
4351611
2163735
7855384
3519101
4672773
3735487
3055697
1209212
1980805
2790748
3152689
1453063
4975398
4030791
8034645
4262987
2778666
3420410
4549121
3176629
