12901882
14229749
19090285
7174856
5378987
7600898
12770529
8359710
13088478
16283916
14891373
13323122
4353546
4266055
8294691
7243352
9738263
5858504
11435708
5643427
6953128
6783009
10085034
7102601
7458973
11732041
12822625
9786206
6440205
6729014
11706643
8077324
18687863
8266836
18228620
7877142
15543245
8968408
13438652
8354977
17338930
11705325
15548339
13790497
11592946
7483745
17326280
10374607
12126940
5883313
8762804
3497196
4874469
6635787
5556453
9183730
15236804
6641058
15322049
9955151
7916606
7824086
9896925
6083511
