3086
56073
19697
2598
5533
248836
78919
75008
223929
225796
61041
292639
27556
6230
30065
75283
30630
328447
274613
219519
9928
52033
400227
223297
115273
371469
246812
420
4747
79956
289778
199562
67581
203909
57057
246792
149621
131333
11244
4711
197610
357121
99373
219174
105126
349061
215835
199716
830
519699
58212
73185
9553
2285
3942
179207
1749
79742
276370
24757
1854
20380
79129
411
33622
929
5254
58873
100101
7916
497657
263163
213305
15319
20822
76442
5351
30099
302021
232154
300316
2846
10791
1739
665
8699
196881
75945
27485
280128
423652
2719
404242
2014
216927
111207
36761
86390
10001
313196
2960
179970
19709
329252
121945
286076
615964
279477
200533
3463
236696
7067
19
6303
78
888
2586
260371
8645
64914
275005
83839
490558
17380
197982
198113
1906
79780
33539
253064
51738
593
268263
360
4469
444985
33036
2782
364302
361410
201797
2025
438955
103549
129445
24488
344742
48155
125161
17709
206776
121954
217934
5307
443913
12469
470398
3223
109387
425733
104963
10719
236532
316808
256328
133765
338512
45124
215492
20973
191564
281118
326626
16613
90176
21533
318252
3385
273062
437
110
4653
418993
6858
311076
38435
94071
2114
194065
2625
311473
326157
4411
473345
419530
4393
208495
306853
280379
631
199961
59236
27314
4637
44
485
77086
75002
4244
271911
119068
5501
15840
75356
27689
329430
448
17346
217023
3386
27689
321
737
162621
300020
19132
31784
76161
371737
201538
18105
20346
218309
96467
272287
393310
1143
81
32235
8449
19550
2557
356405
2108
26
17566
3086
0
91546
133026
105183
26060
207543
51
2681
4559
4571
17431
21522
32778
24998
22388
112727
13526
28192
6014
302258
331888
5974
343
203562
357
57487
268852
30374
123547
108797
2119
5192
33375
2534
80104
288650
233365
369
8594
264006
198624
52451
245917
2778
291000
261506
140656
95486
14688
228589
111137
77428
103880
173904
77197
102240
78441
30139
76177
4793
12
18756
2643
572
12882
7902
371619
199794
5902
34853
23
39857
192172
15230
16159
306234
420
277314
41171
12993
1086
246806
13701
77931
78605
2533
2369
41525
27946
1064
56622
158938
27879
21119
15997
21546
10936
2973
200477
20959
17877
168490
443
49521
37682
28578
195089
647
865
421303
6425
337522
26754
404189
138710
11960
4609
210838
3847
5314
158
295063
528511
101682
221109
1278
34
260
1270
384955
7635
422422
1155
35278
141395
79815
193523
143572
262608
14023
26895
362
214758
303972
80460
6229
362993
110171
903
196622
88159
30131
75842
150173
19987
2719
281724
2601
79270
294789
3861
80222
195171
13258
178087
33536
175
312696
26964
12224
310272
314459
222446
183996
253567
618511
293894
509397
100967
118580
314667
15389
255644
21852
6534
62072
183
213670
215294
7066
27170
2147
42987
97312
218862
231499
38692
7226
2307
27388
61
192953
84131
6278
494487
21360
229655
359286
77587
29775
91051
2190
226750
199771
195939
34765
334
4700
79642
355763
1070
58
2099
32129
475552
4822
6380
683
58452
4145
32747
59877
16157
9258
119940
579709
70799
6236
8967
3731
85258
260075
648961
285223
105719
3433
4558
22184
71333
77297
195502
4259
198607
58548
162368
309895
28302
46183
421608
2521
79414
1488
3638
196974
79776
20579
322007
528063
103214
253845
209375
313747
264967
72089
34442
125056
213301
99584
152621
110
8155
7661
267841
3552
16994
229
197610
24831
269617
312421
4824
417182
7734
1721
243950
314395
2186
519
269362
343120
6457
112478
2309
363588
476798
240003
278896
316243
112740
300173
136
122671
330095
672614
199768
29667
79921
170081
400316
218891
1025
414506
71429
482914
12050
107885
281
167905
17449
20925
153899
356785
142899
87362
21560
16699
10000
4359
384657
202279
234974
76530
920
237732
19005
8596
271560
8713
42665
194913
12030
18954
82135
194887
141597
85349
196790
293713
128
226040
105556
350033
316189
94626
76346
23414
195159
108761
60
311985
669070
93654
16196
21393
69747
342409
29940
289898
126401
244343
208927
435496
222130
62642
15794
3158
6113
384703
37584
212721
60092
452895
7245
594722
300894
54560
231791
7546
276702
295573
36156
515
561751
273517
4657
583195
6458
352038
95011
69629
17826
412915
220
193653
56479
203
214253
537688
47827
631942
232353
12922
521949
237
214729
718444
91006
273587
415871
59517
75535
135618
10148
378591
24599
218697
53214
269362
5083
509347
114988
762022
13498
7391
26398
14407
269566
648
77695
658350
4096
93781
8062
1879
213456
50379
267657
111026
654429
216109
211008
2864
10992
3280
2868
1897
283037
191736
20330
775
48163
448
196900
12712
6276
3226
3548
256315
42026
1602
620
403432
877
15945
6199
410
104
96952
30089
255908
9795
535903
301094
26067
208418
3459
40711
11835
34985
366361
12429
29272
2257
73767
2423
2364
4545
228720
42586
1111
2180
4332
213196
37170
17141
379588
35080
3180
67260
329278
194881
54620
14815
236744
1375
569818
205621
230249
223585
253052
33073
387280
32848
519682
37381
151715
18050
4365
5114
17382
210162
196999
31023
303881
209163
2062
77150
355292
206997
616
6713
657
77434
220185
695
31719
202482
27022
201795
209967
512910
3979
28836
219904
19404
17811
4365
7096
226149
198195
1117
198514
36
202962
43194
15230
49
4678
90465
23457
54
237221
30
69876
4859
7556
4459
373
10147
17060
79442
78451
197902
128885
101799
220174
43353
26717
1926
4624
3436
28343
2356
239878
2745
27898
32979
4960
87876
10
173513
29671
3164
281847
303
326037
196584
33318
2325
375480
537
8604
732
3074
17335
23004
258190
323835
573
60260
2370
4464
0
193571
28014
3786
2
1886
28473
301
32370
119805
6843
2998
47253
29825
161898
15601
1442
204620
227055
328315
3071
20759
698
140755
1749
580901
29267
202740
387777
568
694244
146823
19489
328592
74917
69906
4205
11640
154788
119444
287819
3435
79245
1949
42900
368553
212068
9510
65682
350588
204243
19315
81923
2371
17240
358840
402312
400112
135890
148052
252175
199851
86106
143395
392501
53756
3329
4367
4381
4334
162
4715
151
40215
18166
6818
60831
76384
2498
80498
2106
1069
18196
65161
17632
4348
194013
363
4479
223495
503139
53252
3774
197280
17116
6555
41418
1088
15059
17209
26655
2066
34330
146392
345
2988
5297
374281
426
193150
29864
20845
1713
200091
17296
56163
415897
75354
155858
102337
509642
166701
456
15003
310642
33357
2495
24765
80448
2919
816
195352
20299
795
2383
67753
4112
515363
271887
5718
2177
7275
5538
266251
16956
