468869
926013
249072
286740
734986
567897
925798
1354733
427790
2553765
926776
586975
230502
468751
1038109
173480
98769
808983
842195
143594
284948
669663
235888
1092976
1012108
1463323
78363
310931
751110
1329327
1011421
511106
1982922
266728
469027
403143
1184431
1313089
2533604
414713
729919
1626437
549583
833527
475469
763426
777462
992236
635985
1329893
237951
711412
332088
322667
435481
247709
665977
1020975
1151030
123992
775902
1358631
914613
369196
77703
90867
716254
677085
278614
695932
27872
225564
460695
35045
1184281
86888
194517
317825
259870
287742
131255
224561
916265
53457
24198
187559
324839
1342845
496464
391477
911700
71461
487399
349063
686014
678299
557680
87076
265058
776390
690735
1112695
839916
870833
469477
723858
1848455
938421
678901
183402
693817
583896
160306
487395
475273
142717
652778
752830
64333
455902
1077363
551445
1067942
227072
185490
93108
434094
535645
465284
742560
1586502
536338
145370
123358
175114
413827
768884
295037
904881
828466
1676663
175726
698004
244043
1415104
953804
2131080
598332
452101
822882
1031855
618962
898244
575962
1384120
1787589
827571
646066
140097
214788
1934954
81564
559650
937988
1475418
448757
1668662
429062
1211390
527854
738625
892989
146997
338551
1425572
531475
306456
1065042
670188
409740
137756
1093190
101411
435897
721305
738217
1678209
584201
357902
425396
570827
135434
317972
89121
595565
187939
287650
1209215
786834
453399
164825
215632
312098
67705
221063
280538
213581
686924
45069
109008
298423
322347
437460
299186
250770
202809
107339
34148
533079
186126
51994
96900
145198
245691
918283
597842
486970
254008
716413
558209
900331
355889
649235
555846
869931
455648
148490
203489
1564551
394595
702305
470372
963495
378991
80228
802478
762901
211281
818493
475458
947482
246912
97936
366194
177420
255835
123392
706488
518083
234268
126984
802058
988921
284110
255469
1332992
521557
463589
101794
19989
1291424
108589
922098
122080
289128
218665
530556
65617
716427
155871
253351
802422
251518
385392
115484
246491
259785
315929
771179
164563
511115
166043
2320106
1350668
275757
746652
1080064
381789
304466
680412
477607
47410
1552952
156929
36753
105976
105517
45417
110050
309762
92176
55685
45230
641464
502521
852181
542674
365920
253275
182951
97012
60991
134773
95344
135400
99413
1190046
95381
282331
1360905
354921
535308
53243
30093
505997
93827
75890
55634
106146
13085
44498
251570
734087
363036
233135
923202
863869
155132
249821
64531
1191061
672412
175158
64784
324305
267160
1575645
842699
1856221
57052
768359
881837
675735
354697
659066
22120
501328
99852
454418
1225556
164270
42191
98091
110991
99216
300422
881593
184239
2340873
86921
815000
722341
554600
390761
1622757
215785
1793155
54733
136598
234395
268286
115284
33072
745664
66017
198199
248256
14106
1351025
115975
1622680
696890
891827
378569
8692
376880
1075135
667011
709916
279892
910665
1390435
41118
192971
733392
29656
1513563
115847
742194
435373
284552
694916
140424
1296824
1401864
430667
999168
733551
1736879
300553
1656709
607628
1885453
122923
1590927
10326
382692
51263
201225
51300
1065692
941959
969432
847781
966847
76998
650641
27060
363779
1555060
331291
264456
174378
57903
1404731
235008
851215
219938
192945
161064
140261
19084
162259
7880
1197642
86647
72481
206776
30941
54650
740308
138563
69568
78826
186595
456335
97645
104741
715270
343478
256811
1377405
788576
901039
767728
275235
42265
119573
576299
376556
1947432
1172265
338473
365227
280146
427378
500264
542911
403002
103578
55962
196265
861860
96878
1043159
239084
305102
250925
404949
696375
228474
527004
556393
762643
2100121
1023803
919946
604954
173874
741433
2159973
905847
2180936
438541
1414824
404193
370520
2487574
468101
242615
344545
604794
160992
110252
527811
74781
296293
1090155
1663504
466084
192948
166121
489349
260179
280751
301287
366338
965498
1304408
95438
998533
320053
1455045
1518287
1156901
550618
1261204
61401
1023091
123112
412833
1245124
325382
510018
101941
366781
206428
162216
1406484
736781
442275
1141489
1052040
68616
307144
175187
712801
1367479
1638820
686287
1032959
567457
390496
547970
708410
2777559
667113
1312701
22470
107420
990140
619916
120590
134151
1038466
387216
89740
712586
815080
344378
59036
2280437
293436
701039
21244
120452
1260795
960209
2596924
404032
433091
206824
1011208
161527
513135
50121
567340
530034
200286
2588086
1861225
104249
1927218
1005823
1756187
97823
616761
121403
779469
18183
594362
226962
692910
269816
166628
665875
389675
132576
424809
341275
598038
1295206
1306451
3475089
501557
270372
321753
363466
509498
1635251
2721505
736891
226279
291663
639342
1169120
734531
446985
1553236
60425
169948
551547
467873
769743
1405121
606799
1371843
928370
1352856
633216
348384
806810
2241141
461318
3088671
548760
661147
660909
1652554
896310
2869459
1129179
1633067
414040
469750
493685
912863
1000004
1234765
786534
1385778
65780
205877
74723
410184
838802
1056220
1390890
1489925
752189
695534
210220
921880
1016984
2717128
256688
456525
912283
46999
645258
1007866
384978
1152840
1069833
1449397
1080657
23219
22294
310280
149806
226204
129323
414207
178281
825387
266251
381635
64962
183996
248998
332449
766972
227247
90921
627379
490429
2129855
434922
812332
465633
651829
1373852
837449
565652
1457313
847957
1886939
985291
969606
324908
820990
602397
1423885
358087
402470
309626
62035
146035
231241
390392
419496
289431
1011670
1412649
706673
211044
367290
287822
784175
1192026
1624049
367549
112465
314762
781665
1226425
293965
656653
114541
1524018
1168223
445951
263809
652372
76247
56599
295135
92225
355291
1037659
392692
881261
127845
161614
1989480
980149
211139
192051
1165129
162724
304407
127420
1455235
1264512
297478
167646
843916
351278
252570
496435
1361694
385024
242414
899851
370312
220364
114049
57375
92415
135502
232779
185434
127047
74852
141821
134440
440484
194907
145956
66354
1015710
170509
697618
690235
87656
63686
108903
106268
85563
69935
163411
525275
258303
301686
24080
114654
289558
344697
60944
1106455
473523
230001
92482
243277
306452
139245
43398
753403
614750
355540
133192
75977
357779
180609
365051
199573
30615
480681
323851
17142
84183
19388
1004367
282214
845522
423822
411542
381039
703724
32738
154157
60940
170530
23494
35421
83231
37276
280160
673389
202918
499521
433931
162264
265696
429138
590848
1759570
196071
1007874
612655
882058
246962
2754096
220702
609439
47396
991619
707109
344264
356591
1044615
75038
641719
448172
891035
708167
1056925
213274
761918
309407
630562
279812
218363
792748
372627
150067
578257
238755
1002172
800829
1218469
420713
375106
157627
851759
523139
866578
1786664
2685293
839623
1130108
405002
704131
712216
935990
145420
1107345
20091
226670
322685
825996
111623
1016384
363187
1046631
537720
483579
118117
997665
395336
570855
547135
1210291
1168539
13313
758211
61356
658387
984983
162310
542516
426017
19358
299142
226552
554446
72853
46186
468087
67894
577983
165117
395290
350934
717521
83338
1503319
128309
33741
144090
323247
363649
281494
1693835
271427
201034
558575
140392
141890
302049
766036
130612
1480899
344236
753101
599772
301124
578536
876625
119624
349040
309290
460978
345754
586802
167202
171414
141621
462493
325546
447271
293659
329219
141320
