3799096
6223180
6122819
4251328
4811439
3833904
7368004
3870335
5843016
6108792
6231726
5501358
3913685
3572148
5885186
3183500
4409459
4311292
4584147
3287983
3283419
2529765
3524937
5778385
4568877
4453507
8595003
3027634
4151367
3102347
6872053
3750947
6503835
5781686
8057060
7348876
5898469
5690519
6544123
6047095
9043729
8931242
10313515
5655089
4394054
2381936
5685064
3325939
5745393
3618984
4189646
1689016
2636397
3109449
3261791
2223038
8304052
4750787
8883892
1650732
2816424
2204899
5204570
3344397
