740656
1009984
1204313
635688
762947
2991573
1795498
1788380
1288906
1235501
2301315
3059560
725983
2495384
1603628
130245
1975197
3593004
1429301
1154616
1767929
1411519
1728407
2021564
1526382
1165808
604232
2401112
138784
2015375
1337981
508483
2021311
1034335
1817721
1880819
1274868
1247351
1671589
1588890
1400329
548379
1479494
3107005
1200189
3437240
978912
1375671
559243
1205784
497022
219983
1878328
1151231
1782256
476610
1710076
1101741
2963329
1548385
178579
351272
1085903
179065
1602236
2598686
1408241
1086692
2306924
1810853
1456196
497689
1936778
2061050
1665994
1009522
712968
1388314
2967932
551871
740109
573501
2100695
994116
593351
1139494
2428913
2160680
606837
2017019
2855606
1359073
575975
598115
929322
4507759
2122857
935977
1647843
516322
1957795
1206849
1981958
899928
2461815
487895
2032107
2231644
1323657
2516515
2485827
893076
858934
1701709
1278766
204475
935279
459799
1881213
771495
166755
2724912
1134758
865040
2378773
972897
2263846
786924
669471
1827758
3817586
2132092
2072488
817609
1184328
1443733
2840186
1730690
1917278
1236704
822667
1128481
2095823
1014334
2838974
864266
927419
1578705
1320932
1730061
2279334
1613208
2317573
1057699
1151474
387042
2601236
853206
1844845
610496
2337110
1077083
3036346
1978575
678755
1835094
503569
1936521
3094088
2269500
2181633
2035632
1152388
1172078
4991674
1937614
1727706
1450164
1337632
226610
3097511
1477152
3312457
1431686
3344356
2006671
2805387
1057501
1172785
1379470
2654998
454602
577108
1104913
1485109
1112140
3010698
1318309
1276061
271095
688748
766599
687690
1691020
220569
276779
657973
93970
1141973
1040150
2223807
1879610
754901
2059434
437598
847527
781193
1830544
2624176
3077033
728164
589142
783929
805651
1987715
2480522
1227709
686409
2302249
2664510
785490
1500618
1546756
1646935
3912394
1876754
1088938
2191043
769747
1451918
1186976
1535240
730788
598477
381102
1034859
1354342
290947
1167037
1419900
2065038
2037522
277227
381753
737120
229577
