279
6282
478
1
10
140559
1154
516
797
5240
11157
1087
0
28000
7
0
1228
1627
8
16
2560
4760
1633127
3220
2505
2787
49752
130
0
2658
10
173
3539
9
840
257
433
256491
68
1541
165
10865
571094
4535
210
52901
5949
295
447
1722
0
0
889327
4822
3653
561729
12
4
1886
227
0
0
33
72
563947
0
113793
0
1093
868734
0
0
5702
0
165
0
0
0
6
3332
0
0
16
2562
4
242144
7433
771288
96865
567894
993858
19269
6007
219
130
1716024
0
0
1242180
166
148
3
999187
1613
2123
1
17628
76546
0
0
290
129
0
2
0
8
357
0
1036406
77697
0
0
10
31
1897
1685
0
81107
1855
994485
805
835
31
2646
3
66
186
6965
144
1
0
0
13057
21
1118
0
417
5
809056
3347
421972
0
18734
194
624
2
240357
0
571645
17
2
2
86539
0
12084
0
307
565
213
569091
11241
6361
102242
2
2302740
3068
0
0
111557
0
93695
998118
1378861
305
1558
457
8845
0
63
0
4693
73
234024
4567
0
0
0
1
990677
820
0
0
0
0
0
0
0
0
7
10730
105691
906210
11210
593314
49191
641426
108
1966580
2
640
13029
337482
565230
15849
2024
1782
18
1
3
689
1
1600
641059
257672
4550
103780
0
106695
19
69
0
0
1
0
0
0
70
239
0
18666
0
0
0
0
41
1
115562
769452
571848
552730
18112
21037
262338
0
268
0
113838
193
0
651052
996297
2
0
1983545
78227
268
981471
857224
1001297
12
2047
1835
39
999266
0
0
52
1
572542
1047
350700
500936
2989
3
256
0
1
123
1838
998020
0
2
8470
0
6
3
21
1
6
920240
4
1223
297665
78463
1983
1264
0
14
3321
8
540
73
442
12
0
0
869384
25656
110288
81680
993450
1651
0
10
113209
2552
1
1905
2211
245
488
12961
17678
229796
831043
7560
7529
112
19721
7374
3019
750222
16357
5984
2993
93906
3570
978676
584563
231166
993526
859
1807
169
139
710
203
19101
0
1781
10655
4119
115
59276
733
116
35
98
902653
9
993239
109763
14284
601698
902
13850
579
239
0
36
1264
0
870748
999880
6
245126
48424
166
0
0
583
0
2
271
0
3618
239166
461
1001021
452
56
0
0
402
1613
4
300
255
2176
0
239049
90122
4462
156
34720
616
680
456
15743
0
30002
156830
5763
17576
0
159
1000839
642106
1
4
1163
981714
0
852
75640
990437
100
2037
0
0
1
0
17552
2
866
0
21
0
0
0
9
0
21
6122
8
6125
343
265
2004
5
162
121
659238
378793
331
59
1000149
0
76550
70
6117
0
0
6
227
997930
660419
0
74
296
4164
9
25759
0
347
0
57
1869
272
0
3
1466
220
37
1
0
6097
8
13449
77380
35
2787
479
3088
366
177
573655
994461
0
79926
6
26
1791
111530
820
2
106976
0
1057
343
16229
21
0
43
19262
1803
2
49
205
1203
0
0
326625
127
78062
1555
6938
998898
18
12443
278
14288
12890
9
138441
232694
337
150
681690
1102117
0
267
892514
25728
1800
0
59
0
604224
5
80459
1000061
19
13
1194
3
4195
1609
908
1208
0
2775
321534
1
475
1161
20108
446
1361
1197
643984
624743
595392
79
857912
1127
3436
19029
2447
1055
101
722099
309392
95359
146
0
1
6031
606932
16
256118
1208
1000136
1206
1048
13
959
0
67
826
174
3
2
0
387773
256
111482
714
62
0
1000035
0
1045
1495
585095
6
583
19
6
13
1892
0
990985
1226
2
0
748225
1
97283
499941
4130
197
0
7
1084
7
0
0
12086
0
0
144
0
79781
24
1
15673
0
4438
1191
338580
931
2711
1406
47749
1
565992
144
728
15485
1907
11465
1932
1767
1736
1691
6940
91509
833484
1575
113980
1
2176
2
2529
914313
874538
163302
2600975
2689
561056
6080
2435
19686
1816
1498
62
992724
57
141
0
0
88
110891
592
793
0
1834
57
0
0
479
1369
92195
0
981026
114034
0
645
241900
1231967
159867
111028
233631
658628
1651
76
663167
138
6825
8
2738
223
170
496
42
119619
4695
0
1
19947
0
1642
81833
789
0
1247
485
890843
0
574
918301
902206
16048
17706
38595
822971
236613
35783
232556
45351
48
0
4592
6
1
0
0
2
941
0
1
0
0
47645
1
141
740
0
3
7
0
0
66
200
992430
0
6124
2532
0
6
1199
231885
71830
901
2
0
1
638777
320
9123
11130
0
66
26
25749
0
1
25728
0
0
0
0
0
0
0
0
0
0
0
0
0
7
0
63
6
0
70789
0
342
106539
887356
1
1619
13
906637
986177
277481
2027
10668
7
592
579250
16609
26804
235715
48640
0
17
1078
642574
652061
0
1206
193
0
1
108
660542
202
993537
972325
72698
0
443
5
95121
1
631
0
5726
31
2417
6135
94215
0
1
245093
1
12179
0
565229
659248
15290
550
1268
2311
2021
331545
0
1041
904191
998516
17042
4
154
2
520
0
0
195
110301
792
66
78253
3
2
902711
636128
6
260
1154
0
0
624
1
691
901
307
634239
8332
81875
889
108288
47
322697
110775
3127
8165
2594
1811
92877
83023
918788
2
5
558
0
864
4
107108
272
2552
1
2851
5
448
199
998218
1880
6
0
4019
0
25
0
7
6107
6
0
4106
758
1
0
0
0
0
4
857679
159
0
0
0
0
0
0
1
70
240
2604
13
318
238
37
3327
0
36940
18
0
18735
1227
0
110787
79799
296509
0
144
237675
13
810
36078
1
1538
0
0
9
8
702
336
992
721
1
14
1
5005
91156
12077
28001
35
722413
50664
1982
857
1051
571025
5793
0
1426736
1879
77
0
18253
0
0
2
990851
15028
14432
1159112
1611
46515
52
0
1036912
0
0
0
895
413
21
0
331613
650
239920
108
651
11329
105201
191
93523
268
69
0
1
0
0
17244
1225327
0
22316
3181
1596
993344
198
0
0
0
2
643535
0
0
10822
1875
1970200
1002727
0
220
256
78108
155
6
0
262
0
3
868110
110324
113221
2078
17083
838544
1477
22379
981040
109
3
10512
60403
12
27
1126
13
873028
0
271
242471
452
2
57
0
37
2087
23474
1233
981728
75588
0
0
21
21
0
121
1971
998913
0
2
215
25728
57
37
6106
21
2073
573652
110788
106966
1399
2
0
0
164276
6
336534
647048
1
1787
500779
1195
3335
324314
14015
1271317
2
21226
604835
143
587164
1213
61
0
698
999906
74
0
0
0
171
0
0
79925
1
42616
40
2575
807
3556
13555
916499
996250
6673
0
57
21
0
198
161
1688
891821
6704
163
3216
5
0
892093
857661
3285
30363
0
16
1
141
0
0
1356
0
2
7
21
1
0
0
0
6
0
1622
1264097
2083
265025
465
653758
4
2
2
0
27
1228
12179
3
332995
917
593
0
78252
1537045
1153
615
3350
174245
113537
915302
2
1076
5
2204
4025
25
758
0
857683
0
0
2593
3321
114
0
0
36886
1544
9
723
509
85
5775
1616
0
2974
12
47229
0
92721
443
121
0
595384
2016
0
571339
2
0
0
0
1
81
0
869439
1093
1479
8
21
94
25679
47
111420
1
80451
0
719990
624923
1902
0
0
79986
3169
912704
57
234738
7
91
29621
0
0
0
277390
1050
0
32
1470
38
114215
283
0
2583
0
8
5974
484
278
1057
560672
0
1644
52
1009
2442
1922
527
29070
471
1621
4
105
10944
16
1093
36
1
347
96960
16507
17348
24408
21905
247671
5876
21
1512620
848014
20
1563
257
901471
2914
7205
440
7867
17882
955009
9611
80841
963917
676
44657
47
721
28229
241742
5902
120
2808
238642
1231
67
1825
156
1016827
673290
742741
5749
2603
0
1439665
102
0
6002
1
0
3
7
4074
1583
48719
94249
2296
4
920781
1688
2
35
128
968482
598737
16228
701665
2266
873864
1628
37
236090
0
1154
54852
4
998551
94901
0
18228
352
28
2121
935025
19165
21803
253353
16416
1002748
0
82639
1527
357
73098
982962
679
575
67
2517
7
315
0
19726
19191
25628
130
2456
1454
16208
125
296398
1773
192
6
679698
2
34
141
7
654
2508
242691
2
6010
7
5
2
103
0
59225
0
10
2649
1440
1
0
890530
118
12
352
1
1226
34246
0
0
0
13
18718
976481
0
1787
152
18
0
59748
1105802
82302
903952
0
78
1105287
277
751952
0
298
1049029
30367
2064
11698
572279
10684
545098
5423
229
849
26947
43
2
996228
21837
579478
860892
0
124931
0
277
1
2
0
0
0
6766
23
124
0
0
1
1270
6989
1078
656417
0
1857
258697
918157
0
2518
37
999926
5509
1774
20964
3358
678582
617
246139
174
5899
48827
48776
902
0
1832
3
95645
32
0
6
1
2557
6
7
857
3
3993
1911765
243065
0
0
1828
1688
0
1737
449
8478
656681
3
0
306
0
128
0
1
0
5612
18555
947842
627
581050
239096
3
18785
312125
1
34326
391
1105952
1
751248
1829
0
0
2718
0
884930
0
3375
978694
56
2268
1825
4
618
538
980025
1
1
0
5667
230848
7
1689
120
0
2
0
1155
2
935
1468
73713
414184
5738
836
0
1
1804
15703
996314
7557
6
1539484
621
332116
238617
1
438
0
490
485
0
118772
4464
1
283
72
0
0
60061
49
96118
233999
127674
3357
475
933404
35
1868
9759
81134
611538
950
785
19534
5785
502
239145
124330
9
458
2
1
307
16447
2854212
113
22051
1416
108315
5
48567
450
1513
183791
120
6206
405
1352
147
17554
275
58
98
96029
1
73187
159
0
1000488
981348
1000906
825
0
641121
37
1627
853
1
0
59
3
142
4
0
659247
1902
1008794
11
2
7
0
981714
2
315
101
0
844
999858
8
48
19678
1272
43
75464
0
990707
2
66164
25634
92
2
0
185
1967
106
1209
2721
216
16617
712
5997
111857
154
223
12972
4699
743306
1253
0
387636
0
0
997820
999520
34
298707
1747
29
1
194
2
2
447
870
0
6
0
0
0
0
928631
26
0
8
240250
565
176
0
64
1182
996387
109951
3
1392
2
6131
7
0
0
769
0
600
1750
0
331
457
10218
11
238367
467
101
1
2
0
89030
1
1
6124
347
0
0
895515
873
4
258
0
1091
2
508
911
7
0
0
104
0
2
0
160
125
2
169
59277
0
659230
0
199
0
330755
47561
615
345
1
2633
8
14
0
999965
1440
743117
0
488345
0
23
2
0
0
968274
1
2
0
243133
1
69
413
31
0
13
17658
727972
231299
403
28
161
0
0
0
0
1333
1078
0
992096
2054
72
114599
9
14047
996053
0
9502
0
5660
656412
0
0
0
0
569471
65
22
61671
259
50
272
18694
1181
972317
21771
609
241369
66
399
0
31
2316
25728
0
0
152
81450
1003
347
9
9
1
0
563231
0
991
239890
1875
4485
57143
1729
994775
111153
3
19
0
0
742292
0
6
902869
980
0
328
3
0
1463
1259
0
15
0
0
1106923
58
15327
346
277
0
8
1009108
63
659292
6
0
1090
1
41
13
528
6083
981780
82442
6674
6
836
1935
41029
1651
148
83852
2056
37
3553
2
7874
1951
450567
1661
90098
32631
67
11594
50
0
1048
546049
934
339
2147
1346
3082
5114
1722
2097
232
33
573653
1092
6
3320
16
4246
24482
992778
0
18
25
237
4
77308
30
81947
994423
1811
13
6
1
75492
18719
570551
1236
1441
3063
1641962
111211
1327108
3387
427
16
989837
0
0
116069
3664
968701
21356
71
634
6094
106315
0
309
18565
41
734843
21059
103
640234
76884
12
0
52
1326381
3
919976
8317
23
921471
79667
11
0
25653
0
0
79
1702
482
7520
0
249149
1053
876
3
122
902584
1840
14446
1287
1
48424
436
316
111
402
1
243503
644
123787
24
1638910
1
2056
1
866
0
6123
265
1077
59
153
0
1656402
4460
0
244
2
0
12520
166
79902
1794
2
16220
18460
258
326686
1313
5705
47355
870624
918441
64
1080238
13
2525
0
7757
0
625740
1169
6254
12
18126
1000997
1167
3
148587
133
15353
9
994101
109533
15798
1098
2
0
15390
5593
49519
861
4748
91941
841072
2514
330703
579516
1594
1
811
57
151
0
254768
1216
661945
833
112741
19958
1926
0
22154
1085601
48906
19
925
0
48384
790
2074
349
304962
902
659336
92
25728
0
0
0
63
60519
888183
1
0
2
0
1
60
658720
466
95114
1261
0
0
660503
475977
1012256
6
110571
859
1087
260
2
80302
0
6137
1952
563
205
5234
998016
0
7
6
1
159
6
1
13
6
36895
191905
296201
2
0
949
0
2463
5533
929
2426
145
996302
944940
989367
1061
479462
3135
153
1
1208
0
0
0
6021
287
0
110362
2031
2265
532
1689
240009
39
81516
0
1000793
65
0
2393
10
716566
1735
2877
1593
586131
772
170
42433
1163
22253
21
657094
70
9
3
1365
2
0
1726
4
0
3
34356
644354
998063
1739
1140
621037
114
1976
1458
48570
92566
594317
2
80
1147
133
3
1263002
483
232712
0
277991
22
35
7307
2
2819
1251
115
49200
24224
831488
2448
2950
2831
964412
2135
0
231
138295
578534
0
1112
2292
2
602400
987682
5678
53522
290
2801
1262715
94787
19190
1798
473
17656
295872
33
1
7
0
139
1
156
34183
89789
1792
1752
92068
1044335
7959
557930
13986
1017086
124243
2
18
6
6123
308111
5585
700597
6117
1254
1867
266
285
998078
1828
256
3
1
20
1151
50
1044
0
1598
2277
582
13
125
2
102
832
16467
883144
0
11398
6
60020
1612
134
297
2079
501
340
984342
562
1
4
65
187
0
0
62
0
658222
0
0
0
6
0
0
1
719
580
4432
387636
1982103
1
263
0
0
1473
0
1106391
0
715
0
2
0
2
1257
129
507
2
0
0
0
129
1
999919
230842
8
1
0
1042
13
150
1164
414897
0
11162
0
631261
261
14952
241812
487
81444
0
0
579
5
0
0
328
1193
1094
346
1476
1097
1
1801
1
6621
11
150
2
142
2063
1868
3328
114
237
77340
13
18578
1064409
2215
16
966983
31
18569
1344
1
1331513
7
0
836
868
1
50166
1
123840
640173
1
476
434
0
1796
98025
18
2
7732
620726
20084
143040
1105658
12
3734
1934
0
8893
113641
1764
0
7
71924
0
945160
0
658656
0
998343
1941
1949
562
7
0
412009
747
465
27873
238760
0
0
1
41
998912
640304
588543
1249
2
0
0
0
836
6
1125
550
0
399
2089
19161
90810
0
2
15605
415
1303
17
91593
1058810
0
7
4488
417
29
1
0
591
15361
288
558
600
65
0
0
3
4401
999266
8
0
1324
0
0
3
1169
342485
302774
81791
0
1870
3214
6767
173
79551
20310
1803
746604
786
2717
740
730
69234
110927
113154
70583
2920
999131
712
28481
980125
1217523
2
52
20930
401
950156
155
614
808
3
980531
8
6027
10866
1943
24166
8815
947153
696004
18769
808
19483
62709
604085
63453
8580
38732
1493
111514
22756
25246
725
19635
0
331
3
181
22402
124467
2524
5512
22
978801
229
202328
2245
2205
855077
2877
237738
373294
1836
0
2
32750
100650
97
10
458
0
1
0
329
71
2176
0
0
3
1
4
3624
13
92906
157
169
16002
2512
934544
1100200
1905750
837016
3147
918271
80319
71555
80284
107490
2098
1685140
914647
0
7781
4121
0
1555654
108457
3334
3
238
1
6087
0
1
253733
5308
913453
21355
211
2135
372
32
4674
7
2407
952196
853136
80723
1051
33
1079
122
1858
238128
992594
5846
69
280918
984821
95149
3
362
37
1346
1182
146
0
1
0
17552
2
0
2
1
0
39432
19390
0
100524
174
111324
0
296050
2141
7
2
96042
2
1245
458
1
0
0
56
0
74859
0
0
0
217
0
0
0
0
0
889722
329
93522
17244
979573
0
3051
0
828
1002623
810
190
0
92182
838
0
0
0
4
0
61
624465
963988
33850
174
17465
94871
1561
821
0
946
82229
2598
0
2524
4
246362
0
106058
1654
365358
7
3831
955620
104706
1000280
1007421
48195
110796
195
173
0
253209
0
1
0
1619
659470
4
48
172
0
934829
1635
3958
240
759677
995532
1651605
81
258575
660358
999859
1215
842942
2014
3571
15
6882
611
0
6294
5
919659
1935
172
0
81120
13
133
71461
60
981716
1
80282
172
16
9821
97588
1398
1535
1347
0
1102
613530
99405
1001345
112212
14
808
916303
2830
0
0
844
0
0
0
1007651
1
844
1672
21545
0
0
0
49
0
2849
0
1573546
561
707
189702
0
1093
0
1551
43
240688
2
0
75465
0
0
220
1247
18
226
972207
18678
0
1606
6096
889229
0
7
629585
1
0
0
25628
7
574
111681
1053920
5634
1179
297
18069
1861056
24287
16057
915158
49
3
2914
17865
18790
128
2
38958
1666
1138
77
2237
3595
821021
819
207865
16001
13505
3887
33207
5676
5
1786
235069
588
4
845
250896
1431
47370
447
2701
11
0
102958
849074
5860
2
0
21456
5251
712214
80729
148
6
0
6
0
1
2570
18
31
6033
12794
1106
570780
117
15
85034
0
1457
656921
0
997811
1262
4038
238128
0
0
0
1
61330
995024
326198
561
59
5737
50
1
0
68
0
67271
280431
534
996295
1982285
1546
461
1
93307
2990
1733
2
2
2
299446
0
1064
108425
1076765
0
2201
1
5
56
1
2
1346
5
35
2
70
1375
0
0
719
0
1
461
0
2
552
90286
18172
208
0
2807
1710
990501
0
17552
0
0
6125
1094
0
6
6123
2178
1
347
0
2
0
4
16
3
1
0
0
0
1199
0
919681
14357
1
266808
67
8
91106
0
943
0
1
0
20022
236
94339
6025
240250
0
0
174
110628
58
576
595
0
638764
499256
0
0
0
0
296370
2096
9823
276
19
7
6
12312
0
994525
140
2
1834
0
96782
164
111645
2
1709
71
0
82275
485
951310
27090
445
13
2
0
3
2
0
6131
1
0
7
25728
0
0
0
0
0
0
56
0
1
38
80
656
130
1838
72794
0
0
599
0
1
1
905837
63
0
0
58
0
0
42
4
455
75466
0
275
152
456
0
6107
4107
0
0
0
0
330
275
18
0
238131
16
3
1039
14
17705
24
180
871920
0
1
0
329
0
0
0
93585
0
17244
6
0
83020
985503
225
0
10
138
4
70538
1126
272
625
1233
21
122
150
6173
107152
343
153
1460
887154
0
150
999906
0
0
810
1
0
2044
1545
1752951
750
129
7
0
986603
37
4
12179
1020
894234
92195
1
3668
236642
0
37171
15
1089
0
2014
10668
2
0
0
80595
0
4
4
551
0
1174
0
383
549728
855
28577
11519
35182
37925
607952
86
884174
955674
103811
1222
234225
4
37476
0
0
0
48814
17465
0
2
0
94649
369
18559
22
1594
581
162
462
2552
0
640966
2
0
171
419
651890
169
0
946
0
140096
230561
11
2555
3
5
1689
629
1
857
0
658367
0
2518
4
3
108
1230
5
584
239813
0
667086
0
0
635
202
330115
155311
0
991562
249
980588
13
78
0
435162
5484
4186
894214
8
0
0
0
422758
77
683240
2272
94346
1
861012
0
103329
352
96038
0
999907
0
276
78
1008059
2
103
999906
1091
47315
0
1299
17091
116254
741602
0
31
195
0
0
248949
239348
1388
1254
6124
0
9
249
94
83020
894259
736
0
1
0
329
199
0
6
1
470
17
1196
243428
10531
959337
10
16
659464
12179
0
0
0
0
284
13
42
1009
1
564224
243133
0
659737
1
0
0
422
15290
915042
0
269
20135
1644
28
1640
0
546
45
3831
1810
240
0
0
2021
6
624333
1236
467947
989064
17894
6109
70
1393837
76602
907303
1001144
25653
2139
230925
902622
13991
1215
243943
998345
0
0
677390
12639
149
3347
64
999856
15
266
11
1245
259
0
1536
840872
1510
956
2
71
1023
2549
0
0
107
0
3
661732
1072
257
5985
838
1
159
111034
198
2698
989517
1081
1
6310
110617
0
1945
78188
1222
36439
70
6
536
1034246
3
141386
158
638033
276921
1936
865373
3325
48170
1078
634913
994328
1821
1
129
1
80995
368
6125
8557
362
0
16
1153
118
1087
71229
122
5682
1
59
656403
0
576
982307
16411
2
1
509
1
0
150
80394
410
134
0
1072
0
1
1075
0
307
568399
580888
84
63297
169
24
207000
18
3408
1385
61560
1960
79924
0
18828
53
834
1139
90914
15621
3092
272
3
44
0
18706
128
323667
5
1065
491613
109886
122880
963660
19330
10
960599
907712
38382
61913
163833
4392
202
8400
1068859
331
248503
0
0
67
2
93684
66
308
996442
81224
7779
19336
12
919191
1692
1590
847753
33
0
987232
0
0
0
25728
576
297413
460
0
0
0
0
0
864
0
0
4
214
0
82365
7
112168
218
2000627
1
1004
1
443
48
0
348
1108
7677
163
0
3
847
1529
22065
613
0
13
0
1
0
0
238116
0
0
2
2
563431
0
312
996193
1768
453
991
1882
0
4472
4
238567
114
0
576
0
1302
5874
566242
19627
999059
0
0
561
0
18154
267
2709
2
1184207
2197
0
106
571
396
108577
1794
0
1094
6117
4
13
0
913
0
43
20197
0
10
499292
0
888
6
140
2578
1751
1032774
0
3
1
0
0
6
0
0
904152
58
75475
426
0
319
57
605
0
0
0
0
277
4
271
0
1401
0
0
859217
0
0
177
0
0
0
80084
222
226
51506
953024
3258
0
0
18712
0
0
417
0
230659
0
0
0
1616
0
0
0
6109
900749
0
1101478
3
0
0
59
70
15354
0
4
247
633099
328
204
18
0
0
291
1
318
421
0
1
784
0
6
0
998268
25768
0
12606
3392
168
4
3
1
660494
1
575
418
110485
37590
530
1054552
1874
0
0
5637
0
1099
0
19335
509
115
0
0
317
104550
0
17032
1082
0
14
457
868768
140684
966502
5640
68
86028
18615
849524
984999
297052
0
0
82427
916817
173
57
6161
664
8
237668
7
6
455
412
3
8798
101
18675
2095
187
12
901
18699
496277
53505
1
0
1778
1
0
0
1689
0
78617
34623
38
231061
6
13
3706
1
31
1118
1
422
544
1869
170
1205
415
2488
12
44
103349
46
4135
182
837491
1817
23
452
5554
362
473683
0
1
221529
0
397
150
18
95962
15997
27674
12400
6051
176
