9940
9533
194663
19426
81649
241490
126018
53740
591140
57934
208091
269552
20182
1417
4255
990745
27537
298441
593
504995
309326
61663
370851
267638
387964
1510376
836377
55502
28044
559441
117418
504776
658813
716190
93705
601748
77164
28316
5642
120374
18966
991059
4125
856198
6781
915406
24598
145498
34116
1055105
521006
493106
9958
9282
1102
150350
524751
586477
654047
25166
772
504025
505482
1813
288
72354
36491
30396
158375
4912
475003
760993
397746
508229
4
51
186280
0
1280674
9184
792528
187526
397247
28314
2662
4744
182244
59229
559
225065
902563
0
31687
43
392250
101557
328124
506299
531144
1093522
93785
148906
508069
797208
195365
910584
2070792
215969
26126
30466
202738
1747
83
28346
45
4
15
1006473
2347
327292
758987
27387
1474274
2
185422
826
504237
7249
587800
34552
34484
612773
968210
25474
348
902168
99003
9615
848097
868181
561197
68182
914365
599690
166367
52508
731541
506599
402020
507904
217324
86990
17896
1589
887254
4431
752094
51009
30193
415781
510409
185684
50071
631931
1033541
739358
720925
73900
622625
19091
1025231
312008
760731
495669
219974
220091
304376
6940
648803
128
211
861
799926
114683
154959
23646
142176
17
268
136869
719678
858183
189564
746873
558568
29251
760524
289064
478958
69589
991
584676
83554
355
505818
2
506543
489614
9282
670
141409
505796
4097
26063
78619
797653
46
68581
723341
54917
22253
9546
2381
148601
926165
619350
6715
1088536
795427
293191
699852
583490
1204365
81542
897627
889778
1327
93422
98016
187652
1083950
83
796413
12580
453
49
504026
2
506059
102468
491349
537973
555661
960
489830
20528
10528
1133
36223
504564
951
81863
148092
332246
34976
27647
762392
821918
376
9273
581970
11179
100971
762018
27181
23533
691760
1458
29371
36251
40
2639
856031
200530
480
668
1239579
186089
10372
913748
93390
492826
1250026
414799
5902
68301
698914
530951
2774
173
627628
1633
33145
11
751724
503
70487
17
26
0
25205
9278
510512
1068591
692117
2343
698413
0
580876
2376
26369
949
768801
66
706314
3443
4213
185833
827110
336362
1388
46
28184
25157
802501
572450
2898
492883
204382
497600
504187
492973
14711
6735
522736
197969
2987
75
94394
10245
244243
4106
514273
196877
2140
28941
354340
135
624182
9299
194672
594318
370005
0
1712
44
14748
20429
769092
786635
50883
137429
1
9262
505315
93184
521875
201572
797644
185893
12557
224762
108631
50339
129236
288080
511471
10762
505
696991
730643
393
516024
196613
565354
25293
1903
30202
1082849
5580
200044
582000
2132
485247
4978
624
141635
146
1942
1938
205148
918682
589161
1385
284934
3
6581
477843
131039
783366
547061
451974
1158187
924235
857436
489946
296213
1010703
625855
91851
15104
185
737231
507688
195612
505823
44
509559
26479
4648
341914
280862
242148
12152
2421
19764
1537
558
1974
51152
67989
968908
10027
195299
778335
25260
68298
608285
25937
726490
1756
68623
136255
2
56416
715083
800003
1014
503961
252360
211247
760987
17
1003
2015
505835
1633
18
368410
104868
550074
111226
1543447
279874
1883
226631
615
2338
632022
1572040
390479
30424
186225
3278
148
41238
9973
253283
84625
4623
209
136394
427769
67919
50651
1374116
25111
77183
34058
8917
10721
141621
22144
439141
201889
489192
29587
499638
1169398
90947
658798
120154
829931
3347
1023460
151940
77159
10292
5107
342587
692060
186216
50206
183938
508423
217153
1571295
31343
460647
1459
0
713226
375676
33
537747
276897
808797
1050313
112456
485
196836
212299
617614
1031902
822387
243047
303874
2
181683
800078
236256
541329
78658
506589
72793
829392
248168
11430
1532243
214806
1624235
216556
1193905
454
70308
1061893
498989
497820
842940
153805
51105
38569
581021
481523
1695
757444
531138
666280
103489
9351
192938
700092
4
220736
479589
394170
204829
16659
526097
15833
206485
429329
298
21142
840738
597482
270614
246972
592
725573
70068
1281
794265
16
2280
466
406908
1200330
3230
9117
1205910
510236
666282
2940
309940
195669
1300534
69072
1573034
716747
1278
50072
68401
1978
323125
800
77415
258527
892825
11364
435934
102615
623699
635842
257986
211566
562764
189476
514997
316574
1125028
9322
799389
66022
798821
574690
352239
493922
1210299
13896
653420
198872
270
842440
722526
792490
527426
263933
466360
1512966
343
258469
1099773
216208
867053
317185
16964
497496
37042
190176
270416
194402
263127
1026461
1288587
168730
1069832
510327
1562003
548540
561083
587031
375374
579840
165981
35029
762942
510105
225624
509247
70592
686870
243963
102891
268046
2176561
257416
123492
1394
39808
508079
512107
432
250115
1650154
15382
505814
587295
120623
15
371615
588
803
682
97834
987785
4428
68420
800056
25210
1730
161806
167
12
359824
6919
378588
26031
573161
275214
3448
390817
506256
10447
41382
283861
279131
9130
516712
322
1879
3446
12259
2354
243011
67972
204656
0
4768
630265
15239
46575
770920
240752
493959
5353
837577
119893
191185
56617
700377
4052
722694
193205
1353113
738168
790871
29309
76956
3263
1065096
9308
1132953
0
9400
760
186305
761409
360004
2408
220579
7464
506058
5737
1249490
3821
91
70656
531124
7050
68098
1325
30198
250
25450
775925
703156
849406
44672
25460
1155972
601787
26143
103
83860
772793
504861
2850
0
505818
574419
67831
574039
13235
80226
506693
111516
136354
12
51
485584
915
27400
5
170
423913
1738
713602
1
925
286621
146898
700297
97
505797
2
1686
0
955
49
91126
513576
487498
505682
799
271736
12621
143672
254186
17086
772180
0
800757
50710
98325
197
702045
1102
28634
361
0
68510
605245
378950
218752
510664
717676
0
652
64
12551
1418
77630
139
0
268
27
9281
1143658
539
31458
45343
77166
153479
25177
130382
3900
1373181
454388
9246
57
25884
776577
2
1546771
855
187176
384437
2104
998983
798576
1147230
1282311
26651
21767
158
41022
56731
305759
1030517
57534
1238
756
1205067
68659
777550
78856
567482
190845
344064
927178
508932
481511
12844
391247
1051051
762016
40523
171694
693255
586505
407829
703782
378104
228118
12
515073
124294
1321
69150
65
214155
702
98071
4398
1321
253957
517
111472
497058
497960
34402
18706
1086707
185932
67848
4683
2254
30661
911094
74996
140727
142
573984
74527
606
18485
91
191856
3
48
248
135235
0
1551
2786
992318
703
68031
3
497222
130535
745
49821
41
1305354
530848
529073
60012
898216
98867
150
104493
1150361
167411
187832
4563
633356
531712
5124
35455
564153
5919
285
66362
1251
785995
499149
69780
142882
53302
60067
163243
12994
