5418003
4642101
8333779
5780918
1798641
3112296
5188841
3820148
5333087
8085513
7373343
4524473
3126312
2117565
4011491
3335599
3322117
2308333
6719002
1369898
2893322
2097812
4426830
3515114
2689673
4385681
7734859
5512303
3087264
2079675
5202334
3003334
10021576
3049033
6178786
3502998
7166458
4648946
8253903
3385621
8624356
6991582
9222910
6025122
6473940
2477325
8019464
3448298
5476046
3974142
4152637
1969563
1901231
2311751
2506975
2689924
6181011
4050163
6614769
4406924
2931382
2756319
4078769
2487029
