14808
20230
25825
9937
6913
39273
8230
211684
10763
88953
37936
25761
5907
23983
22973
12348
3662
7994
128848
1870
5448
133064
17203
163120
47056
6773
18319
20253
45413
179771
474563
69962
87206
41876
140485
8757
276698
835759
827417
300085
35583
60074
170212
38611
100478
216924
140521
107982
11812
18787
11999
6443
2533
293116
3392
25547
13873
554854
12552
18919
5646
78424
6277
3077
16825
6040
92995
2929
5334
359932
8515
19521
35529
70662
171729
8033
11751
27258
1230
6347
7465
17437
141193
40016
5061
83450
17776
202870
31790
22437
56009
99659
15847
217634
260753
32905
22185
1350
25577
65543
6253
323901
5009
21517
6889
22751
7364
31859
6201
6472
32125
28780
10466
462464
38515
27545
13482
391115
24361
176813
171409
447562
404734
116168
12275
116901
155626
6677
136706
294919
1139507
145547
43422
15307
22094
85750
39977
131736
190826
27352
57080
9357
11832
5974
10701
658249
25656
31656
167230
487577
12182
606760
159404
461950
55207
961092
46651
275015
28934
68771
95524
30758
34854
49252
111016
464451
462671
95619
87035
110470
90601
109528
26155
112283
87405
235399
30093
153155
21549
15162
257206
28104
39739
481547
140960
74443
80713
29390
82061
66334
95774
15461
15315
34961
262172
5361
42240
358690
819758
51082
12264
47018
38752
19151
4971
14865
24863
583527
4703
36314
20573
14865
11883
260235
16971
25765
1828
2366
346524
1654
15325
11227
8407
315650
19165
125633
5768
18381
16242
80451
581433
12811
255219
38021
738889
8114
27668
990
35673
4415
41068
408609
4358
256206
2335
575221
61252
24572
57926
92474
3262
3996
5250
90344
5903
99484
4534
3536
28278
14313
4101
568
1363
4097
8759
5136
10385
92415
2800
789
669415
709
5025
1510
13009
5223
219789
6031
136131
3733
2843
850
2088
7625
2565
10060
80353
5385
135467
3847
38200
35046
6308
2080
73743
12154
171590
6227
15936
3010
21606
4594
37096
10884
2796
2292
10676
8678
23325
8591
4407
7924
2410
1028
4894
2758
6498
3651
7938
8724
8044
20821
14635
17160
15904
20329
4628
3533
161926
22531
8052
216478
24738
5503
7360
22295
12920
5312
18918
6585
7620
7535
71506
16102
9278
87731
34454
10112
3127
3738
321162
35605
30961
31418
85013
81962
21144
2263
30258
11112
87168
429206
59153
212094
26637
171
92153
27267
116431
25029
11709
4786
25951
21933
60681
140605
60928
183446
313296
9897
9393
4143
141004
39333
277715
11510
210774
17341
568
487
5313
3216
35425
9111
28810
22095
28406
1183
72250
2192
19576
866
217974
4477
1382
9925
524348
7402
5621
2020
1815
3928
4394
86464
205718
37514
44700
5757
503522
7523
23212
152476
1344
297187
976034
113194
29836
10862
586246
15780
30312
9241
9797
9142
463310
9651
2007
3327
37183
15367
14070
449096
8361
159891
295190
10637
32267
2683
2085
10680
4578
10084
17381
13192
427061
18672
132655
5020
11441
4058
10700
6170
17344
4060
6081
10604
9426
4728
43842
5564
326586
23704
6924
34067
39630
2389
3761
23048
176332
9638
13967
355252
54735
35421
297260
70051
43003
100189
141554
229892
639768
93988
53407
43245
57502
55488
16234
7639
10927
1933
8761
3162
106488
12156
223893
4969
57073
1146
61086
262682
12834
64347
67622
30469
239779
28676
211957
8871
78244
42967
677342
472734
651939
40598
183755
10732
44870
240077
9395
3079
34780
7082
691
691
21893
983
7856
4535
24136
9001
63757
4512
146202
54076
76593
4153
26999
325617
8828
5990
33831
125326
223601
14653
381726
151300
209044
133033
240560
36474
60729
147050
9681
330505
13043
691
49521
138407
12769
9704
9503
383083
24275
1306
16296
8320
136853
334886
25674
96382
5457
421815
4777
239943
4014
872284
90923
1059595
963
14165
24431
12175
9531
165360
8148
408603
100467
263157
101857
51506
837
853439
14628
9802
6243
7324
576983
39390
200157
180384
125325
13065
252122
97360
206557
71460
59607
34981
153558
576917
97371
12255
299778
907905
32733
6471
103482
5635
63273
11692
111971
251334
11474
18709
29386
25540
83182
5793
81405
6090
141181
313762
351909
250180
36354
10384
16328
17770
140191
78872
161804
14567
18942
18326
74483
173350
20581
13821
1100900
8371
6799
44784
7651
421608
133109
55907
934476
80367
131864
59620
20531
83398
541495
96821
103502
121660
56743
5694
151626
68542
157725
32874
343410
82183
25310
136603
485842
128963
19589
39210
56790
9737
14040
34574
5180
118933
175517
78823
351258
188253
66033
2812
24192
167761
46497
147769
40030
3366
26047
54063
46402
150595
16067
15405
343943
22563
3233
12506
83279
15046
14351
16421
250582
3700
93604
5606
26875
9521
24178
21408
41565
11303
11380
100046
478696
79438
223349
161120
68767
196461
248469
16693
41146
40237
301285
246105
704187
30628
120489
4279
88439
14186
99785
7658
24768
3654
26895
1514
49215
38635
27076
2432
93065
25736
8530
5511
10110
6129
8646
7603
12154
3514
5226
22602
847
21123
16445
203603
59741
57969
5818
2676
95249
4176
1518
1380
41756
5779
24846
190135
184222
98278
90822
3522
386380
447456
5592
11758
195172
8829
21946
4072
23271
11818
14849
2770
21946
21301
39429
2667
42124
3204
32584
6666
20644
5747
4530
3586
36016
55537
108178
6121
15512
19130
8282
9574
94783
22006
20964
47523
593145
13207
9069
6870
17108
18291
2733
1689
3983
42357
26706
9807
123427
22687
2662
2271
3562
23203
54394
2816
243533
7092
23580
195348
46149
13063
7275
4674
133340
17127
9897
1882
13153
7101
4154
6126
3839
69060
3639
1054
4446
13173
415013
25461
39867
3944
195397
229
3469
3230
14033
19801
21194
1901
5344
3427
5416
34461
116786
14712
119994
9342
14165
290669
41279
2766
5968
1733
355230
24501
27086
1163
341571
24926
15357
1355
15694
14912
16461
404
19326
12642
11799
28915
394442
24027
8055
4256
464186
5006
17611
112630
12630
464227
7283
3187
2671
12951
82702
235356
129977
20450
36256
3935
88033
22423
21163
539587
215818
31266
35254
11330
22951
6631
34572
10077
27911
17864
7776
386
9145
6774
517006
16073
145976
150263
9175
1766
3026
3038
1949
10856
78388
13332
6742
1510
10771
431306
151248
6918
43218
1942
1776
4356
4955
262935
14430
1906
3589
2287
366371
32978
47505
146007
40872
16894
32839
63722
3652
2446
12731
12193
8856
202437
3962
13840
429845
14926
50941
9320
319365
8731
378499
24954
106919
965
11269
10240
37789
29819
12940
100507
51121
45326
25829
8335
132610
1851
19683
30505
6423
28946
74159
12593
5842
44408
6619
1316
125215
2711
7618
30051
38247
24258
9163
2285
10309
1517
18354
2825
1288
12970
38546
3017
59918
103198
148135
205829
3030
314956
15877
4027
37087
31657
40674
26775
35255
6579
14806
5376
1558
268843
589041
51599
23171
15495
4666
4359
59686
60466
93736
10581
3753
31076
4411
1762
1019
4781
663
2169
7249
70667
998734
3404
37047
3541
54242
3464
1388
926
2701
427550
8909
2537
1474
17651
25876
13189
1869
12792
380
7470
2532
7321
7583
2805
214866
4304
2908
2448
4493
5516
39728
7197
524842
2312
1849
951
29370
39341
33577
652
21126
3289
109401
56874
2409
18367
3979
258627
3163
1808
38582
49414
136784
1816
1765
2866
7089
1054
8284
2757
5597
500
64576
2799
66385
18867
3059
4776
9101
237004
184889
16148
514862
68916
1212
429
8724
78914
18619
9119
116294
11036
105574
6988
221193
4666
131326
5858
1936756
6621
416394
26360
855675
9326
169989
70688
158315
3343
25553
18290
15694
18928
38098
2895
154478
177022
1835
2984
415590
129272
142587
34465
62658
4752
46298
20564
267722
5406
46399
14267
340536
3607
16784
1664
38558
7349
98273
8335
1000951
12859
15976
2239
28638
1266
5404
6997
2312
2436
789
9925
4179
8077
22038
7171
5612
14655
1772
5462
5422
1360
15479
9061
16699
12484
32267
15656
15038
416
4626
14865
54876
1094
6591
2463
74774
9954
4302
25065
3055
1498
42819
392067
4135
3733
9408
7921
25650
2717
11828
783
127366
1508
21197
27324
5832
7608
14069
6907
41488
3137
50657
4514
159723
20995
30402
28605
147230
11964
32746
3516
18444
956
23070
23776
1857
32645
4736
14208
9306
31494
17729
268
7872
7682
60272
2621
20690
737
4253
2450
1471
25304
594
74099
245603
137417
2380
312
3638
1952
169481
1267
17935
8236
925948
186238
8567
15689
6501
3835
62225
125099
3247
3351
227541
2129
5447
11517
22106
1679
3509
6692
10379
5835
13616
392024
9933
123850
22838
4248
29845
6786
10875
3222
10896
1190
5856
772
83800
1731
18127
9646
29220
12691
1979
3416
7302
1735
6632
2240
7148
801
2304
16097
60704
100654
45657
11393
441638
6007
3045
846
124989
10707
6473
1615
93627
6392
88224
2004
22561
4325
30319
166982
387789
38954
4547
734
10286
4924
27257
3254
39293
10397
3926
963
15060
1330
196293
3197
263862
10228
20551
6991
41106
18153
10028
1814
30198
4077
29465
376
5152
857
8279
153756
32235
33806
26247
1322
76744
19468
205571
1771
109968
5617
1925
19829
1828
5099
1329
9616
852106
982437
21040
940
5498
7720
410565
1334
45923
124038
7322
30883
2447
648038
40866
252403
153826
50391
13354
2567
241868
28037
71951
1207
40084
1259
910
204
1425
955
26487
301986
93869
4152
5288
52736
14626
1428
10299
81646
11616
60726
19225
5197
999898
3291
9674
5335
40606
23671
4970
1890
29149
961
1751
21118
5089
3309
5666
833
17980
6204
1307
582
74876
5850
1961
1044
16262
132379
23991
159008
35747
604330
186836
4189
8370
17778
158636
13668
314069
238783
20150
7316
54656
7908
33551
4227
74643
26759
5311
2952
496813
21982
109612
28123
30696
46446
20904
18315
75197
36095
31423
21981
780550
4423
54327
976
11977
14783
126551
60207
578722
8941
65481
1965
4062
2288
922
7535
44578
4420
19127
1606
5213
2258
10374
165172
7419
1545
11429
27566
5214
40660
17125
1587
59495
12689
71808
1629
260232
65144
73935
25214
6231
1170
9153
18487
76570
1156
31151
119321
2856
1211
4873
278
3459
9447
75761
5608
86781
26523
8735
610
92301
6557
2307
5192
392018
230592
1356
8835
130038
4163
233579
52113
442936
5852
2823
11052
29998
10493
1533
864
7622
724
388
2791
4940
24649
2774
475885
82848
65710
3578
1757
10664
4926
51183
1403
17148
15627
110474
3882
196532
7069
1144
1782
4250
869446
113671
77103
991293
10331
22811
2203
7189
65489
90925
189
1659
6842
187500
628
11252
18365
20084
896
17259
23885
80217
60038
128838
837311
5497
7566
2785
14753
37894
213756
344997
9772
14297
240149
46833
210495
80042
12741
18978
22980
44387
106813
14935
168340
4631
21275
3876
9752
849122
225859
25023
107565
37316
31567
1009303
21688
94123
8421
21007
293644
201159
120325
39530
19901
19703
144980
21351
433678
894249
472301
92718
80887
44776
38375
10936
108191
576564
11997
269936
32936
39589
68355
55247
211017
1165239
10625
63851
4315
359
16195
76958
2047
623104
8040
755326
7017
1068
3777
8760
1274
1464
2757
5653
5919
296
2877
16626
691
16024
6038
49802
13578
2020
211
44973
14093
100341
10700
521533
9143
40044
824431
88635
4606
106268
8308
239683
3464
265787
11585
257866
3627
443572
266418
106222
117791
12935
1451
52431
4106
13879
29656
27634
358413
19971
688
7399
4937
2853
9469
3720
4169
3761
92256
16793
809121
32816
14568
5189
10529
91377
17896
14642
15766
6576
2293
25814
3993
16587
9639
4751
13580
2983
726
1002795
430073
9756
1857
17998
8758
21086
4208
415469
15364
1156
11918
63492
28099
7854
4396
42828
17605
2244
1977
24767
20037
5267
4670
7531
5261
6447
398
65851
4996
4293
15197
33494
18821
3723
2328
2125
1695
3947
516373
13204
5583
9717
4083
22476
27866
9451
3851
61823
1474
5017
11528
26680
36531
5488
1330
12720
33155
1483
362
3882
3637
11925
17514
31312
295299
2219
632
10410
21998
24678
728
10809
7019
65408
256
1472
2685
100433
13763
28963
10844
251677
3447
4763
510
5224
2433
3292
4437
2497
361
2474
54082
21828
9577
144218
324800
7274
5664
17128
209735
40158
23181
81070
5234
63597
81539
548226
20955
37279
15178
212944
3366
65440
261690
604534
2962
43671
8024
232967
285743
10768
7527
18515
48524
23682
5543
25750
14287
23872
38194
51975
44715
127717
146916
165941
22936
177089
37522
47837
34040
322080
580195
108497
41772
127399
92143
161235
76647
112943
11278
48234
5059
39597
11459
49210
37707
86911
47551
38098
51893
132661
21052
281084
42743
10614
309433
131080
6586
4833
16924
13072
8909
19807
1899
88658
3498
2271
16564
8013
5149
4101
2829
12794
936
55283
1478
177077
2131
30065
1086
657468
84794
5513
813
14508
25136
21563
142585
344590
13135
25402
5584
27866
30948
37717
5403
76023
5509
84163
68035
11113
5092
83807
2892
17468
7822
367684
3358
91946
45221
44119
32312
28478
18792
63595
28917
111613
21676
32839
77913
74790
31786
12664
125089
14277
442049
78249
1078756
94313
368765
12659
296103
558670
75130
109199
363732
58995
40103
21153
27076
5310
4015
55002
27617
27048
41406
14442
43677
369438
48510
1555297
64536
201209
66363
293311
126788
189355
16518
125208
1060973
203583
360402
24821
39783
53671
20591
263307
189270
57595
587923
48580
13737
2262
316188
40495
62669
24378
41684
653950
579079
91956
188355
28189
2183
10978
242607
7422
6340
1482
61740
81741
7924
11851
42747
2986
8570
2580
11327
11623
19732
4989
4876
5932
1763
1333
1266
82777
2638
25339
4020
3009
1475
4264
1725
356232
6969
14723
35069
56047
163943
4914
283711
234570
181202
7469
586974
16954
1611
9039
295919
7170
1713
96765
2308
1760
4233
5347
26094
95603
33450
106312
23494
4690
1225
105837
47555
25584
6561
164607
17562
2326
7472
10347
90441
24868
29396
132266
176372
28116
185800
158555
33092
424069
2887
5494
1545
1130
2294
1453
8117
164488
91240
28704
216410
39092
142505
6372
68620
857538
46283
178052
52265
1029038
6906
54228
64844
197346
33043
267872
454877
38727
7161
164803
16220
121272
104177
10167
89455
5139
13462
16106
169317
380642
261100
169761
136942
7354
44728
2629
9325
7705
6112
67825
99139
1700
133751
90655
161788
21730
4504
2016
28895
84372
128685
45546
87404
8142
3577
33806
1443
240719
726
5860
2334
6237
3744
58610
194540
18896
30737
139928
9216
256072
238297
32794
25813
379299
4147
13291
8177
111105
66065
11660
12841
20262
16730
644408
7321
26066
5943
157712
7989
2782
2269
4001
1084
101915
15839
21231
100129
127903
6354
12652
7134
5905
141128
20978
2652
23140
51425
314723
21960
32977
887815
14321
67371
15814
6912
380094
17253
365450
1131
4645
10755
977
3813
419869
41683
33825
110539
5291
44227
4566
1072
7508
240609
452961
78112
73417
108774
1055768
1109668
143109
39369
85089
532146
102826
102208
336686
29873
817742
11164
6407
887
13454
1831
14542
38230
59589
76210
11397
30760
25207
7051
21436
57338
36783
181044
3443
34109
10580
14950
2166
9522
164354
2590
6774
858132
33200
4840
11850
12967
388874
30943
4151
81566
16206
5155
4662
146094
192111
18074
16308
8121
90256
2674
70648
15965
22041
30357
4938
1033
2150
27483
8749
4324
1776728
2289
7499
79408
10178
17362
60100
2398
19091
38213
17329
1278
3703
2742
1094
7526
6134
7084
560567
27823
11562
28408
83641
512771
27053
62995
517638
57514
518641
24206
21705
21855
167594
76394
36284
231597
42491
26058
21821
6016
36302
5539
385088
129940
343271
32473
916
2778
101433
4195
63169
305782
21270
117692
68043
9509
5087
10130
100339
20608
11426
64242
25821
150429
28938
184731
31355
40166
151082
44837
902549
180170
608347
298000
845581
75756
618077
3587
9766
15524
37312
36825
569941
120928
255724
373994
602339
9697
382566
8447
6315
817611
40874
57662
2004
13286
2279
8593
285585
86438
16315
18805
3493
65641
21741
3136
523495
25594
57040
69417
1924
1444
9879
3465
32039
34206
31795
154549
7670
34516
189201
86519
10129
9879
174996
18596
23647
582
3781
2642
26407
25395
9475
12046
38093
22241
56537
44138
316348
24148
11828
2606
872
6641
7093
6927
118965
30239
8156
62342
3383
68988
28861
44601
46571
387196
204884
17286
307796
29822
31207
398630
529612
77085
245965
56002
807829
353746
79084
1263392
267537
2882
45163
7952
17734
584
16351
5967
372845
21786
60457
14209
11069
1968
35615
53041
81716
87338
206392
51006
355719
3875
167482
48198
678279
1023827
399457
20619
60711
4661
33278
5632
23126
25050
17665
14940
11017
12181
206993
43698
239906
18260
28719
91484
162977
6896
108805
136378
16854
57517
244888
87192
1630
30396
22765
6817
140857
1046334
159980
68941
5051
24457
15987
23391
48829
9119
5509
25300
4098
96320
6418
52381
28739
4625
5641
16243
7173
6781
36279
585370
755788
105502
54798
35622
332291
3761
101446
9561
123270
347223
75853
508393
824742
2550
28584
71759
851729
14123
251442
19368
485613
3291
80446
53198
11066
8255
9340
54318
236695
8794
103847
76934
166413
296208
370958
1039930
3301
3002
158849
37990
194814
210145
1203685
49163
14771
8820
203773
15388
93417
12434
145849
29357
31836
3544
28075
15355
312239
361423
88154
819460
98205
281850
27802
193561
906909
56993
443036
79181
97077
4351
68063
191906
281104
158924
290659
237817
218967
19807
92275
23880
22775
42130
256624
9938
122919
22795
92438
76896
90482
436251
63667
50384
15972
4270
569484
47471
25909
48069
32011
843139
3197
453618
67638
37684
316876
49744
99296
155206
6456
60292
12483
27233
56673
5786
14973
129329
9607
34033
48091
17655
17128
6031
9942
88438
4482
46482
217662
119238
709734
70693
57794
57642
311198
2296
207757
7334
114120
389023
45150
197874
336397
19494
57575
29692
100068
10427
36124
11099
17736
24996
44825
28389
27960
5748
68048
624457
39911
107691
149611
205579
193608
269257
1459948
13017
5360
22900
6322
263766
77611
40622
37122
118648
827324
9887
12827
4363
5822
1261
27049
1689
28305
31834
116219
361544
39774
84262
74403
13055
14499
3423
59757
121962
258776
11568
624405
217017
65351
7361
599272
28985
27345
283767
668589
296048
18617
101574
59905
25836
2643
2994
7404
3108
3288
30841
14775
45658
104625
11634
81106
17631
8768
9925
12088
15508
13710
8029
28123
70338
7411
329
48681
6586
206637
8966
68345
25260
1482
2044
8325
130123
2570
77582
5629
19431
1049
3073
34765
6070
17166
30951
359971
17056
16281
1490
6311
11083
3385
7937
5261
59017
7732
420
100910
1709
50527
11729
30927
22471
85678
10754
18941
33112
4522
3767
14893
4709
1766
2453
98807
43266
426362
92372
54913
199395
12955
96744
103013
18007
1362554
35763
441180
42725
3523
714
267717
53526
77247
40386
231904
385594
49385
1822
220247
9607
317384
13502
254738
32344
858607
3881
14752
8182
192350
54511
48728
58847
29363
4635
13108
9352
405099
10052
238339
21020
172269
4343
426267
65126
70182
15142
860746
66330
62385
12179
82133
137555
55148
6566
751566
101756
10031
2009
17364
16528
312956
11847
72339
264373
22743
517
17163
14216
53560
78680
185855
547094
1789
214477
1031
69898
52786
109536
105075
32915
6551
117307
7628
24312
13897
26246
15729
21362
1978
1306
1343
24921
54818
14073
104686
37983
2094
4566
38093
31688
32349
21883
7024
23884
3831
25587
4426
36175
74866
50780
76713
43422
619485
302470
95126
228573
61156
5277
9042
12637
1391
5806
26740
81610
19069
8061
12126
136615
10994
157945
45543
45466
17420
123935
56588
22271
1021
151895
64542
87496
152289
1056433
164012
169515
20415
3321
3849
3386
4938
12322
64131
1958
119847
45845
39733
155036
11420
7622
8253
8114
443076
351410
258787
146473
40166
55013
34019
3877
155500
45608
37725
54219
28745
3710
19763
58500
35069
489542
38396
120616
40013
1037598
43574
32032
24376
3671
346165
6733
107483
6825
5072
4885
13620
5706
5435
6398
5036
1039
10039
585
3437
357
2007
1221
69719
2624
15746
10763
9433
948
4814
1934
34440
4826
51216
10826
30031
15574
118059
157413
76127
32683
184295
40541
137463
29152
274576
119818
107837
500
34770
1833
73049
298
1221
16743
318165
11781
1112174
21580
430432
501
454259
14951
8143
9553
11789
7576
7613
2166
47814
9789
135275
26972
529752
51509
16813
7778
17005
110325
20320
25330
26721
248705
7431
1084
5267
15152
353108
4083
334094
405374
363515
862
24994
6655
31350
5225
59682
12493
7287
1942
9838
6277
27693
6541
586346
140007
37574
2680
34866
20908
71183
1694
30382
11071
3189
7093
278774
6551
436815
104676
196273
208163
14811
33048
276901
4027
40376
7355
25920
5985
6100
95757
4138
11871
27842
3839
34376
49085
30195
3284
21542
4284
3607
1880
12212
1227
5822
1090
11691
1880
5681
4181
41377
3007
9311
536
60009
3204
23242
1878
112343
2817
22949
1674
125086
3582
70771
1366
24755
5194
16110
4521
39097
13793
108317
6072
6140
3231
20551
5704
12304
1545
93708
39596
32353
52591
30844
6217
24060
3890
16447
9346
39605
1919
3346
10926
48075
2259
19020
392523
547630
4289
17640
5809
19067
3513
15190
21012
6016
15112
5829
439802
19967
78010
15722
4023
13724
33416
4997
750
22684
72813
1426
25954
15649
1006
7703
3187
16898
1195
22056
4184
14987
38116
3459
5865
63470
6197
29945
6189
25851
187139
92953
10666
176977
11562
114310
7760
63657
111831
43705
26729
41477
24004
2623
8317
3370
1846
12450
10027
934
2541
6524
19746
6321
8598
11828
2601
161620
21884
33404
23498
23683
686
60468
3370
208731
491
10643
246363
127999
4692
2273
4641
136771
8946
2517
3105
27556
1944
2353
11774
181082
6708
37179
9974
58425
1768
1795
907
10716
10366
4287
1873
47700
9016
205923
20351
16387
17529
456961
13572
40789
19834
25048
233
305382
3936
3767
1775
24723
19127
377
409
846
2650
5764
2949
143021
41949
25690
3992
6219
30155
38813
12477
22498
28620
5925
5890
6490
5736
10873
4488
3133
23925
78067
9591
11881
81265
20091
11890
64427
12056
6530
655
1318
4459
16388
633
1699
88503
4416
4487
5527
7936
551787
3092
45924
316511
78640
2926
6882
80233
51854
11871
46621
514037
41609
3945
16782
39670
318553
9646
276111
408
3082
1449
9711
8170
31308
86113
4729
1599
31108
2897
719
20501
1899
13262
6393
11265
179
13464
5534
8069
29028
8072
4884
2710
3708
3991
3607
1729
8152
7101
6526
3259
1446
1721
1731
2019
3593
991
7850
97873
2007
1669
120746
11256
101957
196718
7371
276821
63606
11081
14178
38457
140750
28611
91923
117846
68545
64817
56148
370350
91604
7854
16736
720
5806
223359
163631
5103
70277
26645
29077
58677
25561
159012
6912
80840
72133
154884
402106
896546
2775
17895
29873
20482
556655
16653
281104
33572
43735
14559
41879
10627
6637
64800
20321
6133
4391
7457
71697
1312
22929
322268
919773
298536
22095
3825
73832
12379
38981
17982
70674
18701
936
2013
41443
18164
166120
93234
167671
55150
47036
48227
599930
20853
66126
101302
27082
1624
18412
236559
3417
8828
225747
371786
77672
189834
6080
1425
21901
3183
18073
13992
340247
5984
373570
5981
36899
3008
336303
378142
129154
62115
13986
139288
4516
250908
3505
3870
882102
10330
2361
1040
4613
10839
3541
458321
11421
30239
8143
6067
4962
57055
123799
1500
139421
5501
196983
4437
4483
4866
13042
8638
34016
38450
511616
7515
5682
13046
17882
3606
46083
3583
38242
1579
59622
7287
6992
3332
23599
63926
15438
6159
17477
39243
269138
100870
58648
381053
279899
20185
295032
31834
54501
78098
416080
31127
33066
7270
53274
20344
212670
23019
151915
8365
6479
5706
5102
31121
509030
10205
32609
18431
58794
57128
10239
42491
389168
18515
107108
20643
33591
61364
1340906
47887
851332
49462
297037
15703
69194
14305
41703
50803
12574
9705
220216
6122
25289
13904
13017
85591
56852
3326
64558
174010
36151
40884
77582
76811
701384
93804
138143
3946
6301
15142
21546
9758
161380
631886
77626
24657
5427
18082
110737
2815
47975
38156
37989
3325
4789
2463
333787
7381
18681
77531
15023
35268
10187
268
33490
18268
853198
83278
87179
17996
19301
42347
19224
4851
155900
29641
28895
62508
196183
10720
258416
7461
221073
2956
133457
23482
19861
1743
65284
5447
16308
32177
57748
237734
19788
1910
8532
44139
15645
20983
66652
10215
69108
223083
11866
108465
6326
34841
8600
497400
228763
350570
1771
6977
2847
2136
4242
5726
33145
93321
30535
88449
11949
2932
891
9891
7556
50467
472541
12418
28808
9215
38079
157352
28179
3542
79460
18853
40251
5073
193007
12780
26293
10902
10199
7880
6881
9318
3672
9686
23494
116005
6248
3815
6651
3939
9840
6577
34080
5161
356297
15657
30833
12798
8523
7066
24868
23105
4252
2468
6656
269903
45960
86806
7033
10012
3107
8383
18944
194696
128702
94000
8879
3216
22716
1026
26667
207319
6807
5570
21113
285
164474
26064
70667
9474
22554
45957
31962
11263
428
4856
351891
117821
524885
64927
72580
8172
96724
18372
9229
1443
5429
2008
15446
728
3905
5431
18310
10872
63803
27917
82544
4926
23093
41891
121403
10533
10993
38791
4956
1460
421626
13138
16740
5739
25896
313232
65188
3073
20910
7425
5692
369532
24370
67560
23112
3341
6633
14616
38728
38709
7882
3937
11153
60898
30384
11382
196553
236992
48577
49769
10769
3237
13011
47520
123367
350251
33156
37692
27014
23607
33165
10606
736970
25204
71866
12477
70313
334776
71238
1639
124937
10649
22338
7244
216650
69059
43621
14420
47455
14843
151784
20918
1708
12655
812
33797
14076
11779
14841
17085
18979
11320
6441
118963
26819
23929
377545
4082
15100
516
20759
42638
23201
16550
264871
9621
6900
17734
56555
83440
119119
74708
6795
45775
8236
1637
6277
37376
100598
9809
13880
20645
36105
106520
47969
99828
52265
11075
18456
34721
13490
24991
169901
30190
50798
11282
84998
104763
35558
22860
21174
28581
