889846
1083058
1453158
649965
811358
3280388
1872907
1761874
1451480
1277388
2448729
3263978
667628
2374262
1589096
173588
2202275
3471823
1271598
1107167
1486151
1668943
1959858
2246877
1572919
1199096
698818
2391479
148659
2208088
1406673
460161
1797026
1076117
1889508
1708992
1232742
1318584
1778809
1703397
1409530
627056
1531444
3390176
1197110
3369428
958480
1506549
492771
1279971
369406
112783
2090805
1074514
1685327
567068
1798492
1335064
2803703
1432687
239246
339136
1005994
200772
1740599
2853942
1490872
1059408
2185330
1822678
1584182
547297
1699305
2207967
1626960
873855
677342
1407401
3160652
462444
635704
675596
1903638
917637
541690
1129622
2651166
2163123
615622
2211328
2996987
1514853
737352
786465
858590
4426060
2135663
896961
1753943
502616
2078657
1209881
2077666
985847
2716856
483082
2169734
2378356
1376983
2608353
2532763
1044665
924222
1746067
1189402
152261
1092853
556639
2071908
880655
352081
2697916
1399879
775200
2596172
1102222
2096039
773892
746620
1755376
3973342
1965101
2037221
968559
1273043
1597038
2793709
1989822
1998384
1341565
749504
1322597
1900713
1064971
3069524
782384
999917
1566917
1373426
1673369
2291444
1578822
2381407
1128690
1470749
413309
2540538
896495
2076803
760161
2348714
1186634
3217709
2140900
806101
1668193
662847
2163138
3017933
2506786
2595458
2122961
1273787
1311411
5166369
1903555
1956549
1350914
1396451
196127
3164297
1465027
3324044
1311903
3603805
1995921
2825299
1015374
1118943
1487103
2843483
460865
702422
1250661
1539505
1134069
3029080
1320120
1132891
320135
528834
566873
918929
1561914
162460
319326
724389
87051
1250822
1215294
2236808
2121564
735326
2022683
449323
892023
752265
1818910
2601123
3256480
588637
743412
899832
934315
2174998
2720060
1274722
690703
2305424
2736607
877839
1429148
1751323
1693228
3959884
1782057
1090110
1990118
803412
1459816
1271665
1431016
632711
833351
483877
1011679
1351770
411075
1116999
1331228
2167734
2123965
294406
329961
798218
380079
