4241261
8374340
7141618
5228891
6038882
5763283
9670796
5036099
7379846
7366350
8121887
6958893
5594851
3906976
7147878
3649920
5180254
5739922
5439929
4177847
4027165
2909318
4803478
7342431
6324790
5435475
11198482
3754419
5388797
4285848
8565008
4606508
8054146
7884302
10484039
8513017
7227931
6843139
8401158
7715210
11017264
11662597
12382978
7131255
6124687
2776908
6794581
4291876
7585944
4569139
5843513
2416127
3294526
3624200
3911232
2804351
10299900
5801608
10593264
2203022
3341976
2704806
6460920
3823114
