3563877
6697994
5621877
3940385
4721092
4148266
7737500
3549933
5795509
6070509
6112411
5905033
3953355
3554416
5916178
2923333
4017044
4408360
5067701
3297580
3570507
2561012
4033087
5869066
4941662
4326510
9225133
2930128
4117862
3362882
6602920
3700798
6679708
5766490
8168811
7044565
5753625
5866463
6623814
6287197
9183061
9654654
10704811
5803088
4280965
2505438
6050844
3370037
5616158
3335038
4283761
2094586
2787826
3513359
3083805
2120245
7808945
4539286
9388010
1615421
3008489
2111301
4839244
3181481
