535092
966832
2393738
732372
17181
2076414
2238067
4891376
1730049
1827524
2165348
3612266
221262
1944221
2266442
3664
2000204
2317895
1200358
1262184
640299
1017811
205729
2549656
2293874
1263333
396371
2466257
16465
4287380
1931289
1240993
2901640
1607920
2910903
1581121
636203
468392
3336264
1217514
1939930
251847
1709015
2050878
1757140
4493403
1630128
154750
1382695
1475913
363954
119701
1563993
1702807
1544230
373536
1488603
1374751
3304059
1196351
3800
8184
1130629
202829
1930246
2956601
1558879
993828
1272897
285107
1257033
38888
2312291
2030662
1323984
984529
1615750
1796093
2947876
16712
135214
248532
3108146
840579
41947
141073
1300577
2100692
339495
1239896
2539068
234547
791353
549899
277403
5169458
2073668
1281326
2697452
468601
2567967
121788
2254690
704179
2437696
596838
2504401
1464600
1259049
2776369
2337269
321367
458355
3155229
746766
10816
1689392
758714
2403098
1395217
645217
3006819
1203761
984079
3823101
1051851
1290061
1911785
747907
4219136
3619495
1817688
2030410
813707
1253995
1618683
4520346
1768867
1663300
1801163
1352706
732228
2096074
1021036
3373955
156234
127169
1562306
1939632
1101629
1263646
1158281
3088843
1555442
1911201
674936
3379196
1027540
2161844
715177
3725471
812882
3058090
2421781
58220
1747743
940095
2097688
3430146
1261716
1454071
1580313
281065
1246776
3468667
1554179
908793
557163
1804888
175785
3136191
2524952
3007236
1258703
2572494
3450669
1179188
1052364
1222849
269312
2983334
102527
1417033
90995
1775881
921214
3470651
1248353
1679266
938622
454165
35421
801876
1667159
158704
736029
71082
307984
1937823
145396
1610655
2721469
1721268
1331268
1599672
984998
808477
1609059
2182996
3335066
199071
395044
1475019
956399
1732863
2022172
1097205
742565
1965361
3134847
711453
3277979
2240583
2737915
2069073
1465961
171153
1435576
831143
2555434
1466933
2162397
59658
967794
38912
664149
1012928
4713
1115146
1272538
2835207
1767268
222933
395641
1596698
241821
