1321082
3594048
4371905
1181514
1637706
2464627
3128693
4046605
3147645
4897682
3860064
2497170
2480907
1311765
3298548
2772526
1952024
2169896
628951
921602
896869
2062087
1711941
2515438
1924459
2459567
4015835
853314
2147057
1772297
1737252
545227
1995303
375366
3406823
2678356
4476625
2847359
4793740
2001262
3497611
4849443
3230423
2151148
2622007
2396275
2945464
1080563
1533017
3013864
75457
357421
967346
1713901
1140396
444459
1973579
2274235
2773454
2884232
1262668
1518259
1885198
668805
1015439
2809517
2979296
2158136
1717980
1228653
682620
867737
687973
3753881
2886172
2435639
60275
574165
1680210
459176
489087
379071
2111033
149013
582938
1359792
2252555
1098446
596434
4922838
2475708
2274141
2269308
1058421
3752264
1137159
4184441
888732
856286
1653264
3409424
1659202
3371166
881216
2820059
1450802
3276749
4177204
3696080
948923
3433843
2311110
2070452
1838207
3842257
972297
2750947
656450
883658
1711595
3195199
2267316
2406356
904897
587818
890821
2268538
716229
4727751
2888938
3571228
4740698
1517348
701900
2864995
569680
1460311
3118284
4974643
3129851
2382325
579232
3149610
1897788
4354045
1658262
5055410
1340705
1089695
981120
3922177
2399559
3813878
1186000
3074713
5591668
3453411
2625027
1721825
1283648
6472011
1044250
6150496
2474450
2487521
1574026
3669064
4024401
7008255
2983913
5853945
1880217
2117908
973071
5793792
1437139
4234383
1404206
3618739
1835814
760223
1560045
1810642
1761605
3306023
3176713
5490030
1679274
2313581
884163
1650715
1252882
3413651
2001580
3496067
1790780
813269
2801601
2586786
724751
3170765
2363810
2020841
994915
58063
1805596
1795298
211407
2183595
298960
1978353
373779
563378
899236
2393844
1420016
1259742
768458
2170432
1685442
856907
557204
1572123
1557504
3291687
3354920
2289167
1211275
2121587
2324684
1845482
2121861
2830826
2482257
5385800
2131491
2662563
1590206
1502219
1287657
2872740
676487
1020531
708325
366278
1352473
2067819
628475
1686186
710731
2180493
1588449
1126913
1127847
374399
1681183
