27046
30104
175620
7642
3471
257497
13963
21823
11137
192277
9790
31874
2710
16354
12077
1844
4179
14212
17054
7272
60883
46151
844426
17818
5510
7231
35663
23075
1654
18879
107729
13981
16859
2673
96787
762
30552
304104
20078
70575
76679
5194
275654
10475
53620
42386
121429
34696
2165
3823
4492
11
307720
22806
14208
58040
6904
3204
10466
153680
2178
722
1096
1836
53032
832
4654
1592
41006
37849
6683
13094
7510
114
14694
5384
1893
3013
3113
54506
4622
209
14834
57434
9824
124706
156076
896970
149930
69577
706502
43321
4983
11715
19594
1034230
22453
1073
1052501
720
9323
22384
1006555
48458
8952
24632
60100
8882
57
27249
3221
1596
27524
1147
1476
3662
126580
31261
945538
344094
8882
3044
105253
24053
45318
9134
94316
153933
5977
1001460
13288
6276
46035
59812
7637
14750
145958
34234
3547
5825
1611
1465
10764
2082
27691
464
78438
29447
179227
15243
444790
27947
195191
17566
61544
2316
36624
2195
187437
28168
3177
1495
232228
49924
35988
8443
95179
146008
22045
149839
12819
118299
8921
6173
1023281
24636
1638
43019
23487
15201
596668
975969
464618
18587
52692
79113
25503
16669
9656
12723
139637
7796
11574
1870
1184
0
13087
11885
331541
4246
18
0
2267
8549
1
7243
1291
408
904
19164
80866
303614
10232
412769
14713
95276
883
894980
11280
138479
2797
316760
45656
57662
55592
16980
106626
7364
5808
34948
9359
70754
188222
508745
46883
287411
2579
77380
6485
160824
0
1592
5992
1842
39165
765
19951
3094
2714
34308
6272
1696
2926
590
11544
5945
76543
525096
400981
43387
3585
61958
134519
31214
8192
9464
12099
6317
6490
27049
997161
2162
4853
956017
121741
28707
124192
39095
265979
3954
3292
478
17686
820875
2168
19724
4036
30442
66711
4574
402174
2387
939
4370
58325
9
68899
12773
11687
965154
33113
4161
30461
3492
5562
153573
45666
62029
6152
557998
17638
73546
112474
83718
27139
51910
2553
6432
50380
3530
8659
2965
147088
6685
1330
9285
38891
11429
46336
141464
461301
2995
449
8870
82285
56941
7323
4096
4758
6242
89411
13959
25627
120563
33212
112056
44292
4225
68866
85367
16363
842336
13085
404
78835
72888
36358
267578
181590
14198
709363
3977
8930
98956
13759
901
45083
20588
2753
244320
14525
1990
61018
3269
63054
7483
3316
18750
460094
2830
1006314
12474
16402
19788
21774
548
57107
1555
209
64708
289157
6224
84244
959797
3501
151042
7625
608
842
932
4464
1766
11916
71843
4340
6737
44875
10523
1002710
4096
14548
4499
31827
2366
47851
1607
26722
4769
27784
427
10284
143698
6643
3962
84949
8281
26855
37380
40036
3164
80583
8407
71837
80063
1335
1105
967146
50238
23569
46021
23956
734988
5920
24635
71895
319554
2685
2773
1487
23496
3182
5575
96265
197
4527
247
9472
900
21
6943
3722
10
2272
585
85158
87828
24270
73222
258588
2008
26155
5712
562155
213571
218322
30749
660083
1924
109757
129708
545
8427
11196
637
83723
873988
107672
36861
113373
588
8927
7897
12865
2339
43843
398
15674
14686
30822
1446
4009
5948
22930
7861
32896
14307
87451
82201
22137
140379
25023
9305
77286
27309
63271
17516
51177
997381
27320
148071
17812
102156
9633
48679
12365
49553
161224
20858
17218
13072
377975
5940
5214
3352
147427
2921
984
18998
14608
954
690
1590
623638
4617
165396
98693
27627
855661
67382
4920
35669
43456
19821
4955
295381
10639
20548
8284
198272
32446
9270
32712
261194
8073
224849
2233
14696
1821
93476
117436
279544
825097
35236
30460
98354
2462
34328
54386
92996
11522
7615
10903
204807
85747
65548
7113
89113
4394
16720
24728
171221
283243
312545
2617
23126
21584
2754
4525
4790
12774
20314
151101
266936
31315
12145
1955
50018
12739
350844
95799
118315
138793
989199
3185
40932
6905
83639
5615
27127
130495
2918
113
3730
27251
198604
7722
27295
2289
4898
1504
962731
13349
7070
96976
138686
37755
19059
13934
8157
31638
7686
3199
941947
62100
5887
1496
50887
7538
326589
14823
33269
41129
50160
1102
48093
409
38351
1287
5149
380
2984
18020
17832
72062
8170
12794
140009
2563
16852
4538
181046
153449
34798
19959
189397
8912
86683
2811
29252
658419
22489
15849
88759
7662
8309
20083
34527
197357
31437
19899
8194
748
61027
4168
12986
300981
198752
476595
1633924
21122
34106
10692
20368
24672
5764
3046
23461
577471
79129
2829
37541
24
5676
11365
108419
1117
776
1664
15441
81
1216
6432
18205
580884
67184
933532
329801
17178
1065
112865
455588
10345
9622
9262
454141
9909
14514
291570
80963
59102
21141
158512
60672
23684
21095
2538
34260
19837
2513
1461
4497
16864
3066
138713
2493
690
23696
50228
423204
1376
48357
531262
294434
5593
5128
6073
33402
12210
98018
172762
68762
6899
1739
3803
1731
1741
3103
7842
364
1723
1909
91
4320
62
109220
73877
213378
4870
4578
3331
113852
9661
8909
994
21140
325720
2190
10222
109952
356
24659
4646
59509
16579
391
2560
973
12942
92688
5911
71892
5100
5324
9321
69867
13227
353
69494
3842
1
6318
2550
10205
4894
3235
2346
3880
1108
1372
769
1992
3808
26080
7335
3944
1015
3036
7661
2028
19046
219797
276875
7951
5147
62
329108
906083
63186
79985
46183
85183
7443
359187
26234
34326
148608
5963
4062
5215
7168
98500
210331
63084
195863
6837
1
1744
1020
314531
10366
236036
459073
54522
2386
25171
7699
177877
1735
60513
8005
6780
7336
39977
2314
247296
26915
5752
90305
3651
1892
4500
44614
167507
6468
52324
15440
10910
65902
490019
3970
27470
268931
640470
107725
59756
70953
4374
6430
3711
3607
9444
9932
7240
11883
23360
24961
20208
546609
144480
21657
62253
2458
22169
10437
189430
8482
57383
17755
21547
111024
26381
207193
58546
747909
151627
622781
93787
59629
74229
95558
98349
173090
247393
384261
2143
11500
5208
383
18223
54176
105573
141719
49675
24091
20632
713
2260
5419
1030901
12892
166
332
85068
2295
1499
1361
0
5187
6420
494
61949
53741
478
9
1902
14167
2349
40290
145365
1166
1758
1257
28082
11308
796
8728
60290
1830
1086
72993
7943
9070
3690
2863
69426
1066
85863
7189
1378
72469
258370
343
114627
137530
116481
794
5564
45101
514
7064
60497
69
1575
2835
3853
3420
2587
49144
15911
541
5548
5108
2782
2326
190870
74952
36379
11190
3728
494232
6280
57820
86575
49456
342155
51213
1206
367815
3324
363
3169
10016
5509
216
3276
1083151
12247
27501
903689
47433
49576
3269
22581
926225
2536
8332
1763
66863
12581
3269
10602
141740
92526
43169
8222
146049
22325
32812
4719
620199
4921
3014
1640
12892
328
3548
6421
276799
38845
23512
124321
17461
920104
719
2521
8409
1147
658
104663
680
767
2455
32725
328066
821705
1594
26965
46647
153189
3675
44358
1496
29380
409
837
39089
31454
78579
4787
6247
32606
8541
11428
196768
63829
1162
4236
12927
5956
926
47662
208
33545
323
69999
26000
576
1171
19275
4043
56877
49024
151139
45039
754153
73001
3331
1367
2792
4
4713
6117
14505
428639
10120
35857
3841
2971
16858
16816
25848
38325
162954
87630
35584
167895
17796
8987
6302
2868
627837
6267
300108
133762
5617
200860
19016
79001
92358
292890
21626
459153
11104
4743
7940
3739
256206
25497
157979
2513
12614
961266
423
767
52244
11509
66437
18329
779
85180
12778
80458
33059
189342
6038
12280
35846
313555
975813
8622
2115
71187
1942
653
1987
54672
3416
150588
121125
7329
11972
1024
2437
442962
127390
1734
170553
190
3397
2038
223365
3842
697
22456
2254
2502
40836
43872
71202
12723
1281
762
8226
3776
55908
965668
207890
66647
4331
323343
6019
4360
13611
6472
48524
25805
5325
9529
508479
2563
13631
2960
33823
638076
5579
122582
22381
1052042
89000
377635
7225
38153
13291
20419
86307
1095
41460
1911
142538
2806
1942
72005
58703
42400
1020
2869
55695
6054
281
2888
77774
4356
8125
8513
4835
102508
3034
38429
9707
87928
143195
3766
0
305238
59763
500
50515
2714
23420
1346
445
7858
10317
3781
30939
1009
36328
5272
2213
8414
10835
3568
167765
8372
267945
69739
551836
11031
311098
3558
12186
75265
221609
290031
34839
16752
102491
22639
91360
720
1269
379
68512
41596
2489
7076
321388
1471
76074
13953
3846
69980
798
2125
83382
8502
5638
650
51447
123
4583
9700
143897
4487
6078
29298
89707
7960
91968
833
4982
1658
15394
94441
12038
46814
6108
124970
2416
35085
13099
28280
80194
4548
24989
712834
36470
1516
2085
8242
809600
10408
111007
18756
43250
12437
281975
10346
131786
167895
56116
3774
25235
2814
146156
104249
1178
3800
85834
12633
12916
12236
15809
22599
1197680
319847
700918
72880
8489
6525
32133
7430
428
3137
1063
3
11219
1356
2384
74813
3846
87913
10368
1950
855829
4306
3496
12434
1865
188566
78419
8494
464113
129
135476
3013
3502
14563
9392
12720
184937
16157
630816
300604
8713
51953
18218
7456
128594
250368
226990
46613
279850
222837
634253
17753
154062
2293
14190
122
166439
1763
10133
5026
129709
348
7601
27036
1834
26978
9506
1652
25024
10475
40289
3740
111273
105615
5131
115069
123674
6159
8944
143189
5550
77967
14218
53632
2046
1839
48570
69247
7202
2453
5533
3049
1786
63655
92314
77988
9404
1577
125553
8157
10458
25611
8013
1756
83738
16147
86079
1114
21513
61235
413330
72144
10188
19631
44864
3850
52228
1366303
208030
810834
1813
8329
805505
5637
405961
8685
23225
666777
30213
30357
131384
59524
7308
58367
33037
4939
20105
50053
36
36065
1001759
131587
47775
38491
1039
311636
3066
2667
8645
6477
4719
6710
59952
116329
2731
63334
3034
2144
14203
288877
23057
296921
135730
3032
59746
108413
171993
7678
3066
40438
958443
8184
11938
47083
114724
304187
128274
28369
84405
30022
1243
115403
20689
676
5103
7442
81006
8126
4066
38259
6198
59955
1841
48151
3160
3689
22856
1764620
48845
2572
1848
4403
4807
21
211372
3389
33544
103969
71231
12869
71864
1191
13455
336
6404
1091
4158
46383
178062
13009
3675
42938
66197
15467
94472
15671
71636
7998
1068212
721
578299
2141
3574
1
666
1074
174074
9245
4255
168303
26723
13344
2972
10779
36261
6178
533092
2784
220
3620
1940
15135
17010
44979
1663
2593
1550
553
15273
38
106549
110004
44150
354089
8367
63843
7686
35486
51024
56735
818073
140749
7513
345830
7731
502010
10510
2478
9489
2416
74231
9991
110458
99863
24997
1940
3800
1814
4731
5115
8416
7351
619296
41394
147372
23703
8403
240158
858
10426
253069
52601
161357
254409
38929
43490
39657
26311
39754
403569
3009
34672
8467
91669
102648
140880
1022633
2620
22990
69856
14072
101262
12348
23392
12153
137129
20866
82470
20359
919
891
77663
48312
1653
3764
260836
40997
10260
341
409
905528
164618
988605
28872
15388
31327
42
17282
4459
3631
3450
120399
9546
23922
16398
6903
180492
5338
863787
14778
17212
10707
3951
743356
26734
4438
2919
3257
24609
780278
484
206027
4315
595
5069
78072
3604
379892
4549
66830
10285
2975
31
311
2565
1438
1244
8593
25707
6340
7691
597
3544
16451
38550
2563
74172
14227
313490
17212
0
252046
41316
2106
912352
804234
4866
101638
5479
102928
414
9102
5810
1938
34808
7829
277
115998
22
5604
9044
7175
253702
5671
24417
1973
60239
1341
28250
3816
133276
3701
569354
71691
40214
95840
3811
2627
854
4323
23388
39720
6153
12162
6764
190
2620
47413
2215
20603
21489
32541
202976
94
8874
800
101104
5090
40396
1092
51126
4273
73
459309
118755
7754
48675
749
3273
660
39272
227413
901
1618
2789
2072
2277
4
6346
31111
7208
1135
20357
19602
12602
539959
7488
1656
13986
176106
89892
1184
252545
4089
15614
41206
16943
15985
983936
56316
379877
1148
291959
8433
8098
1178
471
1820
255456
12439
22545
2815
54338
26348
123510
10293
56339
3110
2979
6873
131924
26540
4951
1011
122956
1457
5195
2979
18139
10294
1411
12
847771
123154
61631
510792
180468
13400
755967
22305
238738
2
142859
99584
4848
768
34367
588
113631
18102
138257
1342
2503
51515
8282
8306
6275
376943
38984
45592
23792
100398
9664
4858
10289
7176
10871
6297
2744
6956
618860
12228
53056
1584
7212
69597
1298
72908
3193
186
102659
9105
11477
2089
6699
1003393
365343
7002
14082
18916
9496
384126
5676
195923
559847
61786
1425
101712
4513
7070
4905
46236
3202
2821
136
4955
856296
2143
5407
18882
4177
3327
9149
941248
5441
160082
49578
7723
18363
844
6118
8699
138441
95611
251077
298396
141973
92589
16376
6072
32141
12013
5242
168825
16573
17079
47525
2029
52587
90596
23320
51393
11447
6137
8413
90877
9833
4874
29150
85978
47318
16540
10452
127588
12253
69494
6570
11198
158551
2116
50135
42580
2322
47461
4131
48691
103450
1005161
2983
33890
12403
1728
8313
498711
29731
278175
998007
17105
41982
8012
92651
164025
137431
131955
17371
129724
3162
858841
22914
445536
46214
40071
62
346164
6019
5007
91162
140124
471114
179097
16064
79184
14548
69578
4719
52881
37814
18170
574521
94803
22217
32062
42074
6123
9746
16131
135176
15504
665879
57671
218127
638746
141748
6164
1904
19667
69071
1854
5119
117144
3641
3396
2329
187302
15307
6564
429
106338
271833
7548
6341
294308
3707
8167
8455
7230
16378
32609
14198
20141
1890
42065
835
958487
2027
8672
269
21557
3981
2676
138533
256452
58977
9723
992
996561
9488
4148
144
2639
91748
4351
9038
131705
109826
61211
345958
89421
20651
606978
53550
70009
10593
106638
296245
11935
1283433
70369
69831
14085
24714
10004
149010
4413
17494
37612
186825
997875
26385
29149
167454
17755
94562
25571
940000
18544
36318
4790
6330
4483
52994
20366
51460
155396
106585
123651
5270
56663
305054
44849
47229
4463
98559
51
5281
1690
113006
282210
208400
114058
37896
5476
2637
37491
87504
37422
159434
6181
8017
4347
56989
80908
24827
84051
100991
14448
130177
43007
2485
2423
4306
3253
5609
8981
370855
28792
475
12251
1878
2362
2451
123583
65134
89525
1601
16713
3801
160385
4538
755072
13333
6879
27440
41843
81200
72773
152610
7007
105544
168198
6758
10862
75169
811231
278
2063
39994
36
1496
28216
49205
3962
14489
85878
505129
119848
699
1745
12650
5215
24436
29884
18294
30961
5579
960910
866125
727417
64354
151970
43090
11556
11149
7432
5107
9482
2040
78009
14663
4545
20749
4749
328
10767
30672
25690
21758
178356
1328
422979
38465
47406
17818
3717
256186
168203
21505
6963
70018
10967
65238
90673
6356
67805
3446
141534
6148
3206
1203
90631
2587
23900
52465
1597
4738
8264
73228
226110
966165
7797
77447
128772
52068
50827
4406
115582
88902
300710
3711
2765
18268
3544
32866
726767
52804
139994
188
102357
4271
17971
11071
3294
9717
1039
4529
109331
19648
458249
2436
5221
9135
171126
4905
2016
14274
559167
3241
1696
5866
20230
7472
4628
305575
4638
67350
51267
331181
1046430
18056
16115
32169
13534
11509
88537
8813
7139
37484
4387
8876
5880
6649
103811
74918
21992
28128
434989
352483
30754
72943
88018
1123535
310031
22158
52448
17398
42993
238677
44481
471636
37556
126516
10048
92367
53500
951327
4974
37226
65167
4294
15738
663
774
7679
1099
2657
42545
10118
48
1850
2018
12957
58502
66896
180870
1740
7020
5547
10327
30275
922
103379
28876
5520
29539
323031
103472
15202
15105
2457
49136
1457
130
68037
3216
103430
1814
423
852
10141
54569
748
2049
9548
4888
43391
245226
1610993
11446
38864
5884
25470
39077
3867
582579
866
2921
1410
16840
69
1968
11468
910
6325
1364
7773
736
18
3207
771
960174
9878
5067
21819
1878
10501
5414
39625
8888
797976
77261
291011
441
107124
5761
30997
55473
5880
611400
6972
30738
5057
1171
14807
473
106265
34882
5485
17766
197396
13126
4199
11002
2541
34604
21016
17119
10099
84115
64508
7505
65907
104776
21587
571290
37318
60407
928681
31145
1705
495619
6780
86404
39396
25477
185545
3856
3017
7407
33306
50334
301217
40676
39598
39527
870
167093
60848
15382
10728
612414
9712
2000
42261
157023
206445
167863
953844
16017
18988
4785
4430
365947
77420
94123
4458
73409
6816
1004
183177
6884
176025
6228
682296
17091
88360
2058
4589
2660
622539
2454
9046
4247
54201
1663
3125
0
15381
416096
71540
95877
28234
5485
15610
633
2232
2343
7891
2189
107823
4940
5989
20496
869
434623
3473
15288
395730
6156
6967
32252
71173
369400
7959
31643
11685
3227
66188
15730
11386
3647
59497
9144
114550
11246
48604
622
1818
21678
13419
731251
7148
940
8604
5041
60
3305
10204
471491
37554
611704
637
140808
198689
24017
28283
637026
62864
61977
155813
15138
327393
186802
218555
204164
34013
91575
18946
4407
649370
6013
14694
406289
157830
464
5890
4642
15145
237802
8034
6356
19956
25998
717485
2697
323659
198560
48921
598192
134317
604380
77558
14606
13569
47926
237510
51840
34719
35620
6954
281805
97944
41163
14208
3971
111514
1131
174752
15645
15203
156599
86751
58751
55388
10162
962651
6799
226884
45296
4858
28601
23878
32764
557361
1020
3413
811
10185
12011
118389
4340
46080
706
3625
4752
212280
6235
27824
7224
1478
15138
21094
76769
5619
36371
306316
34165
1525
174357
137478
386877
414140
701785
47935
163849
528283
374503
4938
464208
280919
14780
1080336
522891
80418
3750
16965
28564
997976
2835
18005
17276
24030
8111
89150
3483
8816
235597
73234
319689
36111
21586
58035
6716
857
8968
15955
2167
37203
11418
134045
1121
16517
37955
19047
4438
13843
543155
127565
4137
430178
227267
299076
8689
3858
1807
1652
3591
1747
1178
4944
40428
77312
2550
1365
361
5487
1574
35078
36333
2467
7850
5971
12148
7810
103147
225659
14060
414
276024
2709
6942
14
88811
1225
0
3685
1532
3952
3602
2852
1121
1359
17092
554
414
2749
4973
299461
167857
647146
5781
131072
2356
53196
423
110848
988753
6469
9751
6621
576938
31898
9455
1325
386
120482
40
12970
51218
938944
37703
1582
27779
321623
6137
75771
12838
39326
146602
3138
3557
15798
748
10558
35853
67252
87189
410662
3581
130999
241588
121136
983586
782265
6879
14045
565
8622
176
220080
1180
3821
754
4565
576068
21894
9315
5742
7586
518492
6309
164271
3296
207981
389768
833696
3628
14775
147907
884869
58580
109217
5036
164122
4461
117391
2586
4730
1645
11113
559381
33229
96252
15316
442769
6844
3444
484
59235
749703
1208
479961
10415
17751
8316
287149
31731
2156
20716
2337
5549
128868
115785
853122
26368
3556
90912
553320
24666
1328
77811
27886
1046
1878
1491
782337
1391
969
19164
6700
962
1435
18774
279000
15998
2220
26892
974735
1143
2272
134014
22
11022
501
5999
11947
54642
498
1108
93640
22828
703
20108
30576
1059
13924
407330
6420
11723
5234
249
510085
3171
39179
122656
34568
5351
1436
26732
30197
8568
26923
803538
90016
115701
18494
9142
1217361
81913
3678
315177
171669
9465
4259
15604
33514
690
521
34906
4034
1205
36926
32732
27109
23679
5269
14964
5430
5613
13392
99910
24112
9358
6388
132404
2126
46137
9279
60829
4034
100666
31
7773
325
1531
2749
33053
2827
7589
9027
11324
9748
20870
164621
3282
4970
4253
1281
8948
1271
2337
10694
41656
38370
3935
2511
59595
26893
10481
185381
4074
4175
160930
2816
955302
2161
92393
10768
4561
0
407
628
94270
533529
163034
39480
22475
87645
25083
18
1022
5322
1189
314887
135147
8514
997089
1000289
71184
4414
25552
306754
1712
224759
4540
3714
12094
101851
1826
158056
3307
538197
13104
2841
2608
2946
103163
1801
51383
36004
29462
253986
4090
186907
12981
5318
64735
110372
816
2307
11602
585
1837
17355
115835
38716
33715
2351
57361
30301
319896
2639
77782
9416
270
681
624
9768
119720
822
68324
12402
29685
344
12258
4971
611
7839
3446
20796
11068
4437
987
973
6888
320935
41087
16829
14281
8345
32006
2822
15405
4245
2617
41964
75
21422
489
1569
7109
66317
830
1182
45
19819
1950
168
18619
19277
34609
81178
26758
2152
11329
2761
109634
146759
282403
9632
4865
10841
3142
27526
11798
564506
1025
3209
2116
3429
317093
5999
34496
64086
64263
4108
2173
130281
7082
523901
10710
5318
844
692
0
107629
34959
5864
12493
2134
21
2320
2509
9
1688
3709
3520
23729
1
9876
765
600
78032
1558
145896
273
8088
81
15312
3511
12594
7
14882
6626
272857
8108
9626
409
20095
1795
8126
3336
15286
83601
69845
2673
194445
254
59137
1282
3314
35181
12773
6037
10621
597
12258
1209
5867
1366
44091
8839
3298
43731
1750
136209
2775
102530
290126
5161
1162
1097
167922
2374
40126
9838
611542
798
6542
1235
604
51860
156207
70710
41087
9167
1521
1739
5568
18467
70976
54505
20073
1793
2911
6
16552
207509
18765
141540
67106
297231
5373
2541
961023
2685
909
1092
11462
4545
49159
3214
546955
78471
7170
39943
1
906736
1042
5627
351
25053
489462
474518
5500
46946
14655
2413
8389
2757
22041
3047
58082
23125
10248
13351
495
292705
5896
78931
4607
3585
536
239168
1213
75321
56966
154307
89728
11281
19817
27959
119019
11337
798315
287993
161014
124584
11541
7975
176571
3030
1022
3029
3009
22879
913
7847
2624
312205
18917
36093
501
7288
3306
31848
2219
40629
2112
112709
38096
22312
6839
78066
118701
22997
52892
17460
31230
208904
56611
40600
128393
1026
11217
9307
939
3783
123064
683
412546
14762
4585
1045
8112
187
3519
5056
549
26306
39
302646
6809
10839
35520
5227
171250
176614
3
209293
3838
539388
3965
8080
1158
395476
36250
352426
387764
4220
92223
2200
3903
588501
6163
365018
36121
156655
88936
88328
21515
11781
2397
297956
1798
957532
11932
30945
2674
808985
38111
23717
958879
4215
60429
677
7406
4348
23006
332463
41421
5747
1009
2414
704
116983
42054
156218
51709
1504
639
39091
5809
125783
56354
432170
32847
1132
1575
501
38829
1653
2038
3005
6105
2427
3029
35941
74858
47954
124994
73760
18590
584321
4825
113
2750
30315
3790
14770
3348
6202
7518
35831
42817
52854
976
172982
10537
2697
7954
30516
2050
479215
40634
134021
30501
11781
2413
15414
6502
19537
9368
59987
148518
5363
9275
2350
58899
8262
238723
25224
442237
348799
31018
10894
4798
658098
29077
306120
991066
24328
3157
28153
269827
7326
2943
10045
641297
4043
1
192243
75869
77282
243882
32531
797322
6048
7110
40085
86355
14418
16263
8788
93049
1307
2040
5581
10396
162632
23920
534
2723
7340
438
10078
166510
87
51592
59386
17061
722
1679
4796
11055
37900
742622
76516
17611
86703
21994
32644
9414
98525
3233
79988
40778
15074
29104
1030531
24424
176489
23495
813842
97258
12685
520504
10090
120042
3761
115604
769677
27310
3576
6873
15172
464237
169060
6936
84171
138705
129
2593
1053
2148
4534
662
17592
157292
3818
58631
98830
7946
55271
923605
90218
16030
732
6159
177
6871
30228
557674
23045
3152
509
9714
3713
19633
24487
15022
9824
117355
84326
13693
35310
14684
38715
297442
108458
273017
9294
24225
83884
126142
5726
24805
28867
17585
39806
429728
277352
76342
13514
76006
30876
42414
13832
4480
619246
4880
87097
27222
79624
42191
406771
11222
16960
525643
873087
33567
75256
131536
76887
18154
39509
977561
5620
135462
22861
18626
9692
3254
250409
104487
27991
834926
188385
28694
25591
6089
378549
29154
5232
16825
9913
3359
316653
6236
6577
3149
14826
3834
120928
20982
2216
271
3134
3455
1628
15545
81485
8213
38459
60884
7420
163517
12290
49591
29218
1730226
3169
19025
7210
135381
164480
1682
64584
51015
10196
42934
634
9589
17709
10352
9499
126811
547
1930
6014
63757
5
5266
47764
22044
1327
8500
4107
130881
0
267687
959945
174484
10510
11585
28512
3789
22548
2092
83127
28
4999
21046
2912
8495
856
39587
21338
1029369
0
3486
1586
1304
4955
1953
20610
5072
700817
4125
2861
435944
164794
12225
145234
43218
10357
2039
338
11869
3963
0
44856
745
21642
18515
1254
14686
33195
13552
12914
30648
2203
6041
21876
555777
2698
37
1066
4615
1173
182293
3526
10420
284430
26777
164260
190953
48423
7736
26304
16298
4986
67
2412
1589
88487
3198
69856
763
56731
1761
1666
131445
342
11
8370
1128
1358
0
137576
11448
5662
99216
288503
132414
290
2446
35016
528
12384
1886
1889
73690
32
370
3531
5917
24
1678
1683
10556
460155
93186
824600
65836
1765
2370
5002
1625
1010
856
26694
36123
173903
16172
2795
23580
1720
5094
3557
36379
9946
2819
1477
4081
6275
3584
19465
1954
991942
26396
1487
15932
84223
8816
14228
4897
3853
166156
45
5836
20272
15117
127067
5075
879388
7301
2248
3190
91422
44
17161
1077
142684
3653
44056
4823
14486
10743
267998
3857
14061
3771
1050
5843
8599
408519
148118
945562
57079
3656
269655
25898
22205
241957
117891
1378
84651
208570
315005
8881
178211
19661
130084
982
70088
47942
89512
25337
3508
1397
19927
894
22241
5496
803
1427
28569
30902
7006
93432
1779
375
11126
1173
4589
926
11248
699
129798
77381
688
64010
3705
50
18338
3686
19026
2497
82
580
17031
63373
7163
6325
6172
72320
187
7688
15840
6578
40500
41392
18956
2759
9905
85807
4616
1476
33880
1733
8728
65330
1349
495
6861
2539
8831
3284
7643
4436
1962
1489
