10360521
13168141
15621547
9943742
7741161
8530672
14898277
9358755
12815547
15466263
15026464
11151723
8359433
5984775
10547702
7113300
7846097
8154533
11806021
5236312
7528997
5574479
9418226
9932931
9060927
9369702
19254529
9944413
8045246
6574981
13908545
7485224
17470166
10680715
16077160
12453410
12496807
11751194
16973178
11414847
19107623
18408311
20291890
14081023
12978152
6043968
14931672
7962859
13481312
8579500
10026618
4411592
5317379
6655640
6402687
5370698
15779792
9469009
17419370
6815163
7182965
5177056
10166361
6700753
