41
0
0
0
0
0
0
1
6
0
3
3
0
9
4
0
37
0
0
0
0
3
20
0
0
0
2
0
0
1
155
0
117
0
1
0
0
3
0
0
113
5
2
0
115
7
16
0
0
0
0
0
110
0
0
147
0
0
0
169
0
0
0
0
1
0
63
0
4
3
0
0
0
0
0
0
0
0
0
0
0
0
0
0
37
19
0
173
0
6
14
0
0
0
0
183
0
0
137
39
0
0
182
2
1
0
0
8
0
0
0
0
0
0
0
0
236
0
153
29
0
45
117
4
2
0
7
113
2
291
117
0
0
0
0
1
1
0
4
0
0
0
0
0
112
0
0
1
19
0
5
0
18
0
1
0
0
4
1
0
0
0
131
0
5
0
4
1
2
1
36
0
25
0
140
0
0
111
25
1
130
245
162
40
0
17
0
0
0
0
6
0
0
0
0
0
0
0
136
0
0
0
0
0
0
0
112
0
0
17
114
1
0
4
0
1
0
267
0
4
0
148
1
0
0
58
0
0
0
0
0
15
1
137
37
0
0
0
0
279
0
0
0
0
0
37
0
0
0
0
0
0
0
0
0
0
2
1
110
1
0
0
4
0
0
0
63
1
0
1
137
0
0
272
4
1
26
2
137
0
0
0
0
136
0
0
0
0
1
0
131
1
0
0
0
0
0
0
1
175
0
0
0
0
0
1
0
0
0
132
40
0
1
1
112
5
0
0
0
0
0
0
41
0
0
0
20
1
1
0
4
0
0
0
24
0
0
0
1
0
0
0
2
19
2
0
0
0
1
18
0
154
5
0
0
0
0
141
1
0
16
0
40
0
0
0
2
0
0
131
0
0
1
1
1
0
0
0
2
0
179
1
0
7
0
0
2
0
0
0
16
0
1
137
0
115
0
0
0
0
0
0
14
0
0
0
0
0
178
4
18
0
0
0
2
0
0
0
20
0
0
1
0
0
0
3
37
0
4
0
1
4
0
0
0
0
135
5
0
115
0
136
0
16
0
136
0
19
0
0
0
0
0
0
0
0
0
0
0
0
0
0
0
0
121
0
116
1
127
0
4
0
135
17
1
1
15
0
15
131
0
0
0
0
0
174
1
4
117
0
24
0
0
0
0
0
17
1
1
0
0
0
0
0
3
4
0
0
0
0
112
2
0
1
39
0
1
177
0
134
115
15
0
21
0
0
128
0
0
0
131
0
0
0
0
0
0
14
1
0
0
1
132
0
16
1
0
119
5
0
0
0
6
0
112
0
17
0
18
1
0
1
20
0
3
0
4
0
117
1
0
5
0
0
0
0
110
2
5
114
0
0
0
0
1
0
13
1
1
0
9
1
5
0
15
0
0
0
0
0
0
1
4
6
0
0
0
18
20
1
0
0
175
0
1
0
15
0
1
116
0
0
0
0
0
0
0
0
5
0
140
0
5
0
1
0
1
0
0
0
4
4
139
0
0
0
20
0
130
1
4
0
0
0
0
0
0
0
5
0
0
0
0
0
0
0
4
5
4
0
5
1
109
0
3
0
1
0
1
125
36
4
3
0
0
0
1
0
36
0
4
0
0
0
0
5
1
137
179
14
1
0
0
0
0
0
17
135
0
0
111
0
19
0
121
0
0
1
1
0
37
0
4
132
0
136
129
0
0
2
135
26
19
0
134
39
0
1
0
136
0
0
17
17
0
0
19
1
0
0
0
0
0
0
0
0
4
0
3
0
5
15
7
6
0
0
109
2
2
127
0
0
0
38
0
3
0
0
0
0
0
0
0
0
5
1
130
0
0
0
2
0
0
0
1
136
0
0
0
0
0
0
0
0
0
0
0
0
1
0
0
0
0
19
0
0
0
1
0
0
0
0
0
0
0
0
113
0
0
0
0
0
0
0
0
0
0
1
0
17
128
7
0
0
0
1
133
0
116
0
14
0
2
1
0
3
0
0
0
0
1
1
0
130
0
0
0
0
113
0
18
137
45
0
2
0
1
0
4
0
0
0
0
0
111
0
0
37
0
0
0
1
2
0
0
0
6
0
128
0
0
41
139
24
0
1
0
116
0
0
0
1
0
0
0
0
0
2
1
0
0
0
0
0
2
0
15
1
0
1
112
0
2
136
243
134
25
0
0
0
0
4
0
40
39
4
0
0
0
1
5
0
0
1
0
0
0
0
285
1
0
0
0
0
0
0
0
0
0
0
0
0
0
0
0
0
0
0
1
20
0
37
0
0
0
0
0
0
0
0
0
0
0
0
0
0
5
0
0
0
129
2
2
0
0
0
0
0
0
0
0
0
0
0
0
0
0
0
0
0
0
0
0
0
37
0
11
9
0
9
0
0
111
0
112
108
0
248
0
0
0
0
0
0
0
168
0
4
137
6
0
0
0
136
0
0
2
0
4
0
0
4
1
4
41
1
37
25
1
170
0
0
0
0
0
112
1
2
4
2
0
0
137
0
0
0
0
0
111
0
1
0
1
161
136
0
0
0
4
0
0
0
1
0
0
1
1
24
0
0
2
0
1
136
0
0
0
40
0
0
0
0
1
0
0
0
0
0
19
0
0
0
0
2
136
0
0
0
0
0
0
0
0
1
0
0
0
0
17
0
0
1
1
1
19
128
0
0
0
0
132
0
114
18
0
6
1
0
2
0
0
10
0
0
1
0
1
1
131
0
0
141
0
0
4
0
0
0
0
0
5
0
0
1
0
1
13
5
189
0
1
0
0
0
39
0
0
1
117
0
0
0
0
7
1
0
1
0
0
0
18
0
0
0
0
0
0
0
1
0
1
0
0
0
0
133
130
1
0
1
0
0
40
0
0
0
0
0
130
20
1
0
0
3
0
2
111
265
25
44
4
4
1
0
0
0
0
0
1
0
0
0
0
0
0
0
0
0
0
0
41
0
110
0
0
0
0
0
2
0
1
40
0
5
0
0
1
0
0
0
0
0
0
0
1
0
19
0
0
0
0
1
20
0
15
0
1
1
131
0
0
0
1
5
0
0
117
4
0
0
0
0
0
0
0
0
127
0
24
0
0
0
0
0
36
0
0
0
1
0
0
0
1
2
1
4
0
0
0
0
1
0
3
0
0
3
31
4
0
4
2
4
13
1
0
47
2
0
18
0
136
0
0
0
0
3
115
0
0
25
2
0
0
39
0
14
0
0
19
0
0
0
0
1
250
5
4
77
0
4
4
0
0
0
0
0
4
18
0
0
4
0
0
0
137
0
0
0
0
132
10
0
1
0
1
0
0
0
0
0
7
0
15
128
0
3
0
0
152
113
6
0
1
3
16
0
0
2
1
1
27
0
2
0
9
0
0
0
0
0
0
0
0
2
0
0
0
0
39
131
1
0
0
0
0
14
4
0
0
0
0
1
0
1
0
1
0
1
19
0
0
0
1
0
0
0
0
0
0
0
0
0
0
0
6
0
1
0
0
1
2
314
14
119
0
38
137
0
1
0
0
140
4
0
149
45
0
1
0
0
0
0
0
21
177
2
3
3
0
19
0
0
0
4
0
113
0
2
0
1
0
0
0
16
0
132
1
0
5
0
23
0
0
18
137
0
0
0
0
1
115
0
0
0
0
6
0
0
0
0
0
0
0
0
0
0
0
0
2
0
112
309
0
1
0
0
0
0
2
0
14
1
16
0
0
0
0
0
0
0
0
2
130
0
1
0
6
4
0
0
0
0
177
0
24
0
0
0
0
4
1
0
0
23
18
0
0
0
0
0
135
0
0
0
0
0
4
6
0
0
1
0
0
0
0
5
3
168
0
1
0
0
15
0
16
23
0
4
0
128
0
0
0
0
0
6
117
3
0
0
1
0
0
1
1
0
236
0
25
40
3
113
0
0
14
36
5
4
0
0
0
1
6
1
0
0
0
0
2
2
151
0
2
0
0
120
0
0
0
26
0
1
0
2
0
0
2
0
0
18
113
18
0
0
131
27
138
2
0
1
0
4
2
0
0
17
120
0
0
0
11
0
8
1
0
0
0
136
0
0
0
0
16
5
0
131
0
0
0
0
0
136
0
0
0
0
0
0
19
0
0
0
0
0
0
0
0
21
4
0
0
0
15
111
0
0
0
0
137
132
0
0
0
0
0
0
0
0
40
0
0
131
0
0
0
0
1
0
14
0
0
0
0
5
0
0
135
4
0
0
0
0
0
0
0
14
0
0
4
0
0
0
0
0
0
0
119
0
7
0
111
0
0
0
116
0
0
3
1
0
1
0
0
0
19
127
0
37
0
1
0
0
1
4
0
0
0
1
0
135
0
0
0
0
22
0
1
0
19
0
0
0
137
0
15
0
0
0
0
0
0
0
16
0
0
0
0
37
131
0
9
0
0
0
2
0
0
0
29
0
0
0
0
0
0
0
139
0
0
134
117
0
16
4
19
0
2
1
0
0
0
4
1
0
154
1
0
0
0
0
0
4
22
4
0
0
0
0
0
1
0
0
0
0
135
0
0
0
5
0
0
1
1
0
18
1
1
36
0
182
134
0
0
1
0
15
0
117
3
0
0
1
0
0
0
76
0
0
0
0
137
0
0
0
0
0
0
176
3
1
4
0
0
0
0
0
1
4
134
0
3
3
1
2
0
2
0
0
0
0
148
0
35
113
0
2
10
37
0
0
0
4
0
1
1
42
1
1
42
11
0
0
165
0
1
0
0
0
0
0
0
177
0
0
3
0
0
281
4
122
291
1
0
0
113
16
1
1
0
4
0
139
21
155
0
6
0
136
0
0
21
2
133
0
58
1
0
110
0
0
0
0
1
0
0
1
4
0
0
0
2
0
132
0
1
172
118
0
0
0
0
0
1
2
0
0
0
0
40
0
0
2
1
0
2
16
0
0
14
0
18
0
0
0
1
0
0
138
0
19
0
0
0
0
2
131
1
0
0
134
24
0
0
0
0
0
37
20
15
0
131
0
15
132
1
5
0
18
2
0
122
0
117
0
0
0
1
0
2
18
2
137
0
0
0
0
5
0
143
19
0
0
0
0
0
0
110
2
3
0
1
0
2
1
17
0
115
0
0
0
2
132
20
17
20
0
0
0
11
111
128
3
0
0
4
2
1
0
0
0
1
19
0
0
0
0
0
1
4
0
0
0
0
0
0
1
6
0
0
0
0
1
0
126
116
1
0
0
0
1
0
0
0
0
39
0
0
6
0
0
0
0
20
0
0
0
0
5
133
0
0
0
0
1
11
3
0
209
0
172
139
135
0
9
0
0
112
3
0
0
0
0
0
0
0
0
0
0
0
0
0
0
0
1
0
0
0
0
2
2
0
0
2
5
4
5
0
27
1
1
0
0
0
17
0
2
0
0
0
0
0
2
178
4
0
40
0
0
0
0
0
5
0
0
0
0
0
131
0
117
0
0
0
0
0
0
3
0
3
1
2
4
0
0
1
130
0
0
0
131
1
0
4
4
0
1
1
0
5
0
115
20
4
4
1
0
2
0
0
4
0
0
0
0
0
0
0
1
2
131
134
1
1
17
177
19
117
1
0
0
23
0
1
0
2
0
0
2
175
0
0
16
0
0
0
0
0
0
0
1
0
0
4
1
0
1
14
1
0
0
0
1
1
0
5
1
0
0
135
116
1
0
0
130
0
0
17
5
1
0
0
0
0
0
0
0
0
4
0
0
269
0
1
0
0
14
0
135
0
0
0
0
5
0
0
0
19
37
1
0
0
4
0
136
0
0
0
0
9
0
14
0
138
0
21
0
2
0
0
0
0
135
5
0
1
1
0
0
1
0
0
0
1
0
4
0
0
0
1
0
0
42
0
0
0
0
3
252
0
113
140
1
37
133
40
0
0
0
2
0
0
0
0
1
18
0
0
20
0
1
0
0
37
146
0
0
111
3
2
5
156
0
3
0
0
134
39
5
0
0
0
0
2
0
3
0
121
0
0
40
0
0
130
36
0
0
0
0
0
0
0
1
1
1
5
0
2
0
0
39
0
0
0
0
1
7
1
126
8
0
114
0
2
0
1
119
0
117
0
2
16
0
0
1
0
0
6
0
113
5
0
0
0
132
0
0
0
38
0
0
0
1
1
139
0
1
1
0
36
246
112
0
1
0
17
1
1
7
20
25
0
0
161
2
0
1
2
39
0
0
0
115
4
1
0
0
128
37
1
1
53
17
0
113
37
2
1
5
12
3
0
0
0
3
21
8
1
0
0
0
1
0
0
2
24
1
0
0
135
1
18
3
0
29
1
13
1
0
0
0
0
4
0
0
0
0
0
0
1
0
0
0
0
0
0
4
0
0
2
0
0
2
2
5
160
2
1
13
41
5
1
135
2
2
136
41
1
0
14
0
135
0
2
0
0
0
121
0
5
19
1
40
0
1
2
0
0
0
0
0
33
19
39
4
0
17
0
1
0
134
15
0
0
136
2
0
0
0
6
0
0
0
0
111
0
0
0
0
0
0
1
20
0
3
0
1
4
4
127
2
0
18
0
0
0
113
0
0
17
0
2
0
0
0
0
1
0
0
0
0
1
1
130
0
25
0
2
0
0
140
0
2
0
132
2
0
0
0
1
0
0
5
132
0
0
1
128
0
0
0
4
4
2
0
0
0
0
0
4
2
128
5
1
3
44
136
5
0
130
0
9
0
2
0
0
0
1
135
0
0
0
0
44
0
131
0
30
141
2
0
0
1
6
0
3
0
131
0
0
20
0
0
0
41
0
4
1
131
0
0
1
17
136
0
152
0
0
0
4
0
0
2
0
0
12
0
125
18
0
0
41
7
0
1
16
0
0
0
5
0
0
14
0
0
0
0
131
0
0
0
135
0
0
0
0
0
0
0
0
2
0
0
0
0
0
0
4
0
0
135
1
0
0
1
123
0
0
1
0
0
0
0
0
10
2
118
110
36
6
0
175
2
0
40
137
0
0
19
0
0
0
1
0
0
1
1
1
109
0
0
2
0
0
1
1
0
37
13
1
113
0
2
0
16
0
0
0
0
26
7
0
0
0
58
0
2
39
0
4
0
0
0
7
0
0
0
0
0
0
1
17
0
14
0
0
1
0
245
1
0
0
0
0
0
0
1
134
0
0
14
38
0
0
37
0
0
1
4
0
137
268
1
0
0
131
0
1
0
0
0
0
0
41
20
4
0
1
0
0
0
4
0
2
2
131
0
1
4
0
0
115
0
0
0
0
0
0
1
39
1
0
115
16
136
0
0
0
0
0
0
0
131
0
0
0
0
0
0
0
0
0
0
0
0
0
0
0
0
2
0
0
0
19
1
0
0
0
0
15
0
0
0
3
0
0
0
0
0
0
0
0
1
0
1
4
0
0
0
0
9
0
123
4
0
1
0
0
0
134
0
0
1
4
20
0
19
0
0
0
0
0
0
15
0
0
38
0
0
114
0
0
0
0
0
0
0
0
0
0
0
0
0
17
0
0
1
0
130
0
0
1
1
0
0
0
1
4
1
0
0
0
0
0
0
1
113
0
0
0
2
0
1
0
0
0
0
0
0
0
0
0
0
0
0
0
0
0
0
3
5
111
38
0
0
0
1
4
0
3
130
0
0
0
0
111
26
0
0
0
0
0
40
0
0
0
2
0
0
0
17
128
0
116
4
11
0
0
136
0
0
0
0
0
2
0
4
1
0
0
0
133
0
0
0
23
2
131
0
0
0
0
0
114
0
2
0
0
0
0
0
33
0
1
0
0
0
127
0
0
1
1
0
0
36
12
34
18
132
115
0
39
0
1
4
0
0
0
0
1
0
0
0
129
0
1
0
0
0
4
0
0
0
1
0
0
1
0
1
0
0
4
0
18
0
3
113
0
0
2
0
0
2
0
133
0
0
0
0
0
0
0
0
110
0
3
0
0
0
1
0
22
0
5
17
135
0
4
0
169
0
5
3
0
122
1
1
148
0
11
0
2
1
1
0
26
0
19
0
136
0
0
0
10
0
0
136
0
0
0
0
0
19
126
0
0
0
0
0
0
0
5
4
0
0
0
0
0
111
3
0
0
0
0
0
0
0
0
0
0
0
0
37
0
2
15
0
135
0
0
0
0
0
0
0
0
0
0
1
0
0
1
1
0
37
0
0
175
0
0
0
0
0
0
0
4
0
16
165
0
0
0
0
0
1
0
157
136
4
1
0
2
0
1
178
36
1
40
1
0
18
0
121
0
0
25
0
14
131
1
5
1
0
0
0
0
0
0
3
0
0
0
116
131
0
0
0
0
0
0
1
5
0
0
0
0
20
6
0
1
135
4
0
0
0
0
0
0
6
4
0
0
0
175
0
0
0
233
0
2
1
0
5
0
1
16
1
4
0
0
131
17
0
0
2
0
0
0
0
0
1
0
112
0
17
1
0
4
138
14
0
0
19
0
0
14
152
0
1
0
0
4
1
2
0
0
5
1
0
1
0
37
114
119
130
0
1
0
0
0
0
0
2
0
129
5
4
115
16
1
113
0
0
134
0
33
2
25
11
1
0
3
37
120
3
7
28
1
0
3
148
0
0
0
0
0
4
0
0
0
46
0
1
1
0
47
0
0
40
0
0
137
4
0
0
0
0
16
0
0
0
0
0
0
0
0
0
1
0
0
0
0
4
0
142
0
0
0
0
131
0
0
1
0
131
0
0
2
0
0
6
0
0
0
0
0
0
0
0
0
0
0
1
0
232
175
131
0
0
1
0
0
0
18
0
0
1
0
0
0
1
0
135
0
1
37
37
0
0
0
0
65
1
0
136
115
0
0
20
0
0
0
0
0
0
0
0
1
0
0
0
0
0
0
0
0
2
0
15
38
0
0
0
0
117
0
1
1
0
1
2
0
0
0
0
0
0
0
0
1
0
0
0
4
0
0
1
0
0
20
0
0
0
0
0
0
72
133
40
0
0
1
0
0
1
0
0
0
0
0
0
0
1
0
0
3
119
137
1
0
0
0
0
0
0
0
0
1
0
0
0
0
0
0
0
0
0
0
0
0
0
0
0
177
37
0
0
116
0
0
0
0
1
5
5
1
0
10
0
116
2
0
0
0
0
110
0
18
19
0
0
6
1
130
0
0
0
2
0
34
72
13
130
0
0
6
1
1
135
0
0
0
0
1
0
132
116
3
0
0
0
121
0
0
0
0
1
0
20
1
0
0
0
0
0
0
1
1
0
0
0
0
0
0
0
0
1
0
0
0
0
0
0
0
0
0
36
113
0
0
0
0
1
2
0
35
1
2
0
111
118
0
0
0
0
0
0
0
0
3
0
2
9
0
36
1
4
