0
30708
181
0
10935
4043
11353
552657
4070
37120
6168
23086
0
9712
22948
5435
161
490
563936
1
435
1055
8633
182798
584035
2052
222
946
25686
636925
122299
26201
28790
967
190646
13
208683
551092
1160043
2701
149413
5792
2145
1310
497104
94837
104993
495301
8
3332
0
1269
4819
3402
912
496285
440791
592440
1498
161345
1398
2263
282291
521
164
0
93762
0
1852
279184
319
29139
1510
7
783504
197
0
0
0
1
298
0
34959
359
15279
179570
13277
172371
33
335
8211
68305
1536
185425
199
432925
2
0
152279
594940
90169
93938
917008
0
19
0
149
57
0
0
504900
0
0
308851
57
0
609390
529499
2365
95003
94061
585529
116439
277477
899
5785
28831
307796
6954
556348
1406582
3558
197
1582
2
503739
23323
187722
94879
0
1291
0
0
3123
51853
574068
3777
211180
280371
278336
3834
702409
33232
760078
489671
1361415
434
1280
3015
503804
86225
3408
71096
159
188442
505498
595920
67043
486204
3459
9365
1173
831
2
52592
575275
906
505702
9223
24256
531503
169909
479075
188381
194983
96953
115588
92812
505096
57
155
1087
7
9
3845
0
5
1014357
789342
26912
0
160
0
0
0
0
1285
700307
0
25
1
4810
1065
3919
0
2429
1747
745
507449
1728
0
506115
0
93937
447457
14662
432
835
0
293
789061
0
95693
23751
691415
78
0
0
818
161877
0
506619
3338
253283
1030
758211
467286
308
530461
0
0
281576
1383
2402
1689
3237
24578
7412
10433
1354
0
42083
479
146
157
484211
14
300788
0
0
732747
0
0
17001
1841
0
93858
590
185464
2
319
0
0
16261
0
0
4010
25730
359620
568
200
1561
0
7
881
42
815269
1
2034
277780
0
0
1266
0
20
147
0
0
606
332465
0
61617
0
0
1316
2242
0
58
0
0
0
2
340
0
0
0
4
0
94016
30291
64975
93941
0
0
1
345
15098
0
572
3
346
9921
175974
14621
359
490439
15146
111
39999
369
578062
130065
2
0
14
188854
33017
476649
1041
1900
8023
505424
1873
501700
0
0
69352
1
445
855
786
3
3583
0
5945
185359
71486
185371
367278
638
430532
12
77976
495329
93615
0
504622
6
22
42311
1676
0
943
150446
911
439
0
0
595056
3
120
0
505871
90223
0
4881
847375
1250
449275
515
0
496144
152
504706
279412
0
2166
0
589562
1281
3396
721365
968
163655
771068
180825
542502
9192
282747
3158
1237
3580
0
1428
283756
41
35395
29
119
0
1
299174
505803
71616
504089
3591
0
894
0
1
8
0
25622
3
283756
0
186296
149
25176
68
0
0
0
0
607337
8
0
48
26511
1088
568558
0
4575
357
5
946
13222
0
94363
351
363
788321
26293
3
507246
134543
3573
9081
229597
513602
573006
698
44
1
250350
25579
3407
889
6
0
9432
5753
0
1317
98901
11
493624
0
6
853387
26792
20480
4990
1669
94976
1004
119942
435072
0
317478
810194
886047
508806
78
4304
918
12827
506517
152
46
238005
0
0
3
899
805
2
3
5429
7
186152
0
751769
1016
9017
2129
193
931880
5711
378
680
186330
94333
953
575191
1283
25623
30
186440
3
1292
784322
39876
212091
0
1
57
505614
294618
0
111
103130
4575
969
14999
44
564313
156446
4538
0
352
508333
1368
65169
235
791068
189827
803420
3
20
699873
15660
9095
280715
17
507576
67575
6621
180616
25967
1
786787
3791
1732
0
3893
701863
993
398231
194423
25806
1
676091
185753
70563
1
4040
4540
511629
1348482
4400
179
588492
788205
577809
1178
87
2
25623
4
410535
18957
2322
8
1597
3512
44
255
503813
936
94833
252796
581020
601750
478
0
9212
3408
62144
185095
195249
11526
2403
6
39422
780724
0
0
985921
0
0
909
0
505540
68291
72581
815954
490326
352
25448
65837
1494
341331
8765
501198
180768
1789
907
705274
16960
186025
14114
515339
12885
67
66528
492868
90440
829
9041
3428
0
1565
0
0
232006
8158
742692
179904
529909
457247
31
514556
98254
496372
93458
9515
1465
25622
19
559522
505885
146
12385
280292
149
0
37
0
24243
0
1041
179
531910
595196
165997
5211
168
478702
412
760
0
0
506010
190001
94
3642
186303
21314
144664
280275
94751
4069
134634
119453
94044
879652
24947
1166
0
3668
92773
504301
0
0
946
0
57
395
0
480
18018
14655
934
928
10
65
151
1494
47526
11707
3
3405
63
0
854
0
3964
0
301
0
0
1293
6
8690
53
184
0
3409
770842
507004
515384
913
30
505959
283955
25185
0
506552
891
0
0
419
1499
7
0
0
154
1274
737
38264
0
0
0
38
13
0
0
0
25612
186022
0
0
0
55
1275
26019
505690
13
0
700239
1261
0
0
0
30
604
0
0
25
672
54
185688
20
3
4700
28568
696
0
327988
4319
8
1088
3255
206
166
1
33
447
0
0
2409
312
102917
979
0
0
763
3
0
48
668
507474
0
991
0
95125
0
439
0
0
0
24
0
26
549003
934
375
506745
0
504526
0
13486
110677
1
427
286914
0
598888
476268
44040
2540
228652
9
2627
1030
175
67582
50
0
2792
825
386582
1955
693225
0
295
8568
532713
0
362
187031
9081
603374
19587
0
386
10
25622
93950
26008
1876
0
22735
212310
212616
10086
679242
190834
24633
2187
69
86
38875
0
2367
0
0
3363
0
497721
152
578072
536
556425
26963
0
0
190404
341
3259
470
89346
2657
0
1
0
507545
781873
3460
0
5831
9
0
480
258965
0
131
12229
1277
573592
1430
24030
184705
466387
37
0
0
0
468
309
0
124
1034013
6
0
691016
0
0
3305
69811
5516
288714
9014
3
20
279592
0
24777
964
5424
25127
159
1458
1010
0
2006
1253
877
503
1065
6
3063
178
1397
33953
3077
8490
552726
6371
2327
1402
8045
4434
146653
577
0
4836
434883
3
0
149
10895
0
299
194067
68350
3589
154022
526241
1
503954
0
1453
25549
3465
4
787
15552
3125
0
506919
1269864
505097
2832
62247
1026
481329
9051
27371
300727
848
0
0
5
0
101
0
0
23
8596
19
809703
0
3338
0
30
6
2635
0
692170
716236
0
97
16620
0
323462
878
1637
568
21
0
1287
0
0
4
93850
1
188
59
1338
436
185282
1062
506469
121
2
0
254
68289
0
0
288
319
505722
570564
1788
278
0
163334
285
246
0
192
88321
0
0
0
20
0
0
64727
110
13147
4050
0
1
0
3
4
716
25326
94532
318479
785176
12934
0
0
3420
186717
304172
0
3814
232
186034
0
133
1468
15
21
1775694
16845
516599
2440
786752
4318
187371
1458
596928
1643
90159
270162
7
947
4947
0
194540
818306
0
0
103341
697
249786
502958
14654
2837
9043
232263
1281873
852
2
19
280292
0
200
0
57
418
64188
26464
1002352
1043
2
405
10817
19
3540
0
218
20
9062
0
0
3
4
0
1276
4
0
0
505690
0
30
605
21
29835
329732
640
0
295
0
0
0
0
0
44409
505675
16859
1025
944
0
0
0
541384
1008
390
320
237836
212404
39677
2379
0
510525
74
89581
57
994
0
11503
57
2
482
503906
0
68253
0
4218
163
1133
74
0
33
46
0
0
15936
2
0
15485
36
43
9034
0
23
0
0
210854
0
325092
52
0
26
0
148
4
570852
162767
71538
0
0
1
0
94103
0
304012
0
804203
12470
91472
17793
0
305
17954
550009
17
94
147093
0
420
0
0
0
721
0
0
1
895
533682
44
26018
57
495
0
0
32
37
15309
0
987
0
68799
0
808
1724
1029
262
425
1
1144
1
298
1310
1
51
2
46913
10188
460020
57
22403
183159
1
1089
561
516248
52471
3355
0
57
368
1161178
1204
2886
8
1647
1672
373061
4591
1091
68
1039
0
3319
10398
40320
256
25204
9
100
351
4612
316
1091769
1125
139926
75510
497049
75363
3347
0
72
480
0
0
0
0
0
861
71
111
0
19
192606
54
776459
513456
531399
128
0
90849
161
565892
1048
0
786789
790851
1318
0
1084
0
254203
1
560099
27852
67825
77639
133
701255
75559
500447
190675
179980
150
0
516093
4
593300
6
0
0
64
0
0
0
132
504936
69350
0
0
1
0
0
3312
513
0
0
108
740
807681
1
40830
0
0
0
0
240
1286
11
0
0
25688
3651
2082
3
0
3409
0
5728
1993
0
0
0
299
185710
12450
112267
899
695394
185863
0
3
0
503146
35
572854
1132501
1139
621
330
0
0
447306
1235
118088
24758
0
1010033
0
573419
9545
0
2833
65158
1852
583220
21681
20438
721
1030408
7
210244
8
0
148
946004
71995
784491
1763
6
1775
0
1358
0
0
387
57
18223
956
498794
6223
0
188281
0
1608
0
1064
950
564510
791
939
5042
149
226
5
177612
866
46
1563
907
963
111
431
3428
0
0
58
0
0
0
1
201
0
96285
410449
189149
501629
4
3
60
49
2964
297966
1243385
68396
511587
395
506016
0
695195
26171
600949
3
9441
0
128
89989
0
0
0
0
0
2785
1962
92371
6
281914
185217
565612
62
0
564669
2047
515375
0
7132
0
68653
0
69166
1
43
312
1400
786839
3342
195085
794189
481390
1470
1
627
0
504662
0
0
0
279389
0
1084
0
0
1
0
62
1472
6075
9008
761291
147
3861
0
11
21
553127
529137
67961
1
93563
5
30323
0
67951
3400
0
0
513487
605379
184876
4
1030
184
0
786722
78200
0
25865
324806
1487
800608
868
179230
2606
3288
501319
499585
227770
540758
16677
1869
774
183604
677970
785348
257264
149
26991
0
82635
3301
67951
609075
983
1163539
3530
3388
4
26324
701864
1451354
13012
15861
2362
6
1426
149
2
1108994
3631
469305
2445
5
5
0
41
34532
62
233765
83
29
9015
171
162
57
5
57
2529
0
128
186007
0
4380
11
314445
10
10616
788102
1
15974
79624
488914
1072546
74
577317
38432
487
180500
985036
504089
885
1403
3403
51623
0
3413
0
0
0
278835
2742
108
1814
66
117
5804
134
8
0
805
575458
786678
0
8
8543
67266
3408
240
449
0
39300
17799
1
23
119
2
0
618
45
20369
809081
283756
827
963
1
0
147
0
227104
0
0
0
0
206
0
0
49
25130
608
0
3427
468
0
6
0
0
0
238
0
1
1290
0
0
0
9
0
0
1
594875
601376
2897
8459
30
129
903
40
7
25623
503337
1430
3409
30
1288
504749
0
45
2073
26468
58
0
1953
74
0
64599
504680
504007
0
0
46928
249
25534
1117
3429
0
31
309
5589
1
14
20
2876
24
691744
0
220844
0
9433
0
3661
3
0
1
0
0
465
41
185941
95555
68176
3595
17437
182630
61176
13609
7393
357
44387
68102
857263
6
375
195
306752
1081
505746
3443
787497
3
3409
7
251825
727455
70908
292
78482
0
9
0
151
3420
0
0
211627
9081
185077
503056
547033
405
504393
2
9653
3586
36094
672571
616265
5691
595818
444154
185422
0
68430
515
1137
0
2
1279
205492
798
460174
8
11
509
236210
0
100645
624
649
184730
71563
80
134
425311
19945
659
0
6
0
17770
14
107307
3746
5412
0
136
37772
0
31150
1059
552545
0
5
124
1010456
0
0
250
18367
0
0
473234
1089066
17603
0
0
0
9556
492509
0
906
0
119
819
39
1875
474
847
64088
666
666511
299027
2253
90578
27591
486694
899
95329
9323
20629
15769
9056
195
3563
32318
29691
971
1194
1
174670
4661
1298654
3725
181536
2250
490080
740979
282138
93765
279250
210437
0
9010
2050
8
432274
0
0
0
0
557
96037
765837
315569
1946165
503819
96520
1280
560744
206949
204130
275
9665
1289003
497040
139583
21
2559
27382
620
3844
533317
7
700323
28
4040
1989
103516
13317
196912
0
3181
758508
758126
532815
7325
6300
42511
476
3408
0
606
0
444
13213
0
312613
506
149
396881
2259
57
0
0
85939
0
165
61
3750
27
0
502373
4
0
3
9723
2315
800
598117
1660
1073
3
120
188207
9426
784016
71642
194408
526153
286144
1469
36055
0
508385
0
0
186148
0
130
1083
3429
0
505067
68645
186597
474
0
1328
563227
72230
195
1536
13404
905
240079
6
2032
249537
5
5242
181
7
40598
505680
400048
15135
670455
1090
1655
489346
395
3
1748
22
372573
172739
0
4480
485524
186109
935
287
1438609
9690
188185
4473
797483
951
558764
25512
195066
2501
521989
642451
3410
1569
10540
495077
599338
586183
6
0
0
0
416
507178
94501
324121
38
3629
1
0
934
5
58130
4329
203
1279
83
785047
59
505723
1917
0
39290
38
25612
186023
453
1193
0
0
405
3
3410
7
0
5
0
0
57
93849
24
57
505607
13880
411769
258147
67830
2843
1082117
0
706
19679
25525
188792
425
1860
3
501420
146658
30936
5789
869
781962
958
1277
1436
0
1
983
3629
16625
60
26084
4
44
514
10963
554501
4387
128
10897
138646
683650
4808
3933
1798925
545487
867
0
0
68396
0
1201592
3
917
1256
0
1352
507354
68394
289
506653
1114
0
0
78257
0
316
759051
189572
1632
186047
802475
1297625
190598
91185
16006
103751
679043
195611
280292
381
920844
2
146
9083
0
0
20
0
0
505676
168
1364
467814
486213
89878
11083
0
4539
48
15992
9057
23
185354
176
95488
1
0
892153
0
52900
0
738
507401
226
54
66576
1753
983
1310
458247
14486
62860
3361
497523
179796
1161
12042
24700
3231
584078
62
0
112
3407
560139
0
1574788
332
69318
252437
77117
10132
592378
2
20
0
61
159
0
0
482
3403
1853
6
701875
183
563775
0
410
961225
9417
2981
929574
210271
1248755
509
422
6397
187341
68569
6115
29200
2523
0
1
1
4
0
837662
505982
285033
9521
0
1278
185401
0
68417
137305
1762
1492
1
0
0
63
9032
3957
224
96
130
506606
118
25858
27455
4288
487552
5360
786814
151979
1261347
714908
793947
149
606613
10
0
9352
2537
186135
286000
10002
1066045
509775
987807
55262
278835
3839
2737
1362974
67178
3653
32101
0
20454
1642
87
57
0
1173
6
1
0
0
602491
1072
504313
505872
0
0
843
4
25534
0
3
408195
0
1
1309
17554
62592
1
280300
1272
290258
0
6
0
89
459
2114
0
334
207468
211795
192271
185131
322
3305
1
89
485709
2658
736
503852
0
0
57
806
25958
935
9092
3559
92497
92305
4697
253275
1276
0
860326
282653
9029
548924
27327
1207417
97310
185136
1100285
3556
479
46603
7
0
2911
55
3770
599675
9127
9062
0
0
184
1501
71503
4161
246091
6
60
1157390
1804
371005
485105
1323005
797131
592923
507524
1134995
1537
2001
931
12494
906
1498
1195
410
5
93648
224
258376
346
1793
3418
785152
1741
2251
26544
1130
3326
596635
0
0
68378
0
13687
186152
803264
185231
326
0
0
0
0
0
0
0
57
0
514392
496026
31007
3401
535212
75410
0
158
1334
0
690729
972078
68474
1480
4
709493
926
68279
62
9179
527749
2550
782332
789627
225
489590
53617
787089
19978
57
0
577815
842
25492
0
62161
1168
0
398323
185410
487893
99
26708
3818
822229
253345
789766
47025
2971
11734
69701
187995
763094
1295073
1058332
13619
349
220555
1683
4364
13597
184394
0
55
506947
10702
1407
184089
685870
505524
828308
20431
499666
183754
186636
682366
119586
1930099
49918
3822
516930
42200
189815
241142
479891
564523
505488
509704
1426
13181
18414
1717
182907
535142
51
67556
155
443
1582
4559
501114
2618
185106
177263
1724
689654
92382
2233
0
323
785341
1717
266152
185999
521
509218
28966
57
596753
1460
0
0
25582
9482
0
3
68670
0
157
81359
0
0
3161
222
447
0
253639
94697
393444
599522
18468
975
2606
546667
138
507688
229023
680609
596358
45238
42374
691815
67
186987
25090
643393
3395
499
15
0
1749
6
11
23137
30
1
1245063
458256
93850
668191
137968
139260
762844
1737721
1410
1726
3396
11316
161912
3478
11501
66
46648
787660
1484
0
0
1619
111
25708
0
0
1355
24
257177
23886
1137
722183
5
1
0
1211
505711
508250
140
1083548
26584
6832
40
824257
3304
1760
188792
465086
94023
1
599996
170
148
0
1465
0
0
0
35
7
0
505702
0
0
0
473
24158
0
25212
5202
154
28853
12501
5
54
1097
0
3450
231349
71774
53
505767
25618
208
69255
0
569795
29
25248
1152
3433
160494
8745
533
3262
360472
0
1279
166
0
162
1
975411
0
114
3157
1
186412
0
1241
124
1
146
2848
238347
33399
0
0
148
0
1
0
0
505685
254088
167059
213088
0
94105
0
149
391150
758
1536325
42
5509
24901
7145
0
186210
11316
279821
2252
204446
94275
52197
2
94285
5
504929
0
477838
40495
786867
486427
92646
284863
508762
50
136
2681
82590
2
293701
1421
313833
76
631927
6401
93967
0
597342
487700
557606
2107
1254591
183600
3819
36
62742
478056
1292
36
789660
505702
3546
472
34234
3420
627
186950
134
3907
92565
0
203383
1440
485504
25875
1155575
1016497
40
503904
0
214233
92440
1
444
2292
946
1403
0
15
0
0
0
3403
0
51101
1749
228
0
6
376
0
0
1
3433
7
23572
0
38
1
198
110702
0
3406
24947
421
199973
3457
701946
388059
667249
35480
460308
1263
190
851
5
88212
5270
438
56
210
494
670398
8993
86865
35993
6312
29343
511603
34910
0
46
181490
573815
84278
203832
582387
3304
987121
2359
907
5
840
0
30621
49
0
25878
185410
53
3470
11376
575288
3
0
282665
504020
162736
0
477
1
3477
0
71732
4
12174
470
82
0
17
8368
33941
1247230
67395
9635
9
1293997
148
0
0
0
508818
236
1713
0
20
0
0
468186
0
868
34984
487
171
13417
17393
42
0
157
25778
47
200
0
0
0
23
0
46
0
69169
0
146
24689
487701
577811
3557
9490
502512
927
553
0
623859
503912
153
42815
909
4
281
985
20174
30
521373
532434
978309
4284
283756
5
283763
194
9
530
25476
0
0
960
33
0
211849
1438
1014676
60
3410
9423
11
497161
969
0
147
507280
0
139
1
0
618340
266
572929
211857
810074
1
0
971
3412
125
3426
0
40
0
0
0
25488
0
784924
13829
3493
0
3501
14
1759
0
1274
6
0
0
189526
0
101015
216706
182376
3500
17
0
119123
0
582
0
3453
49
2002
598991
888
169
3213
66398
179
163
148
0
22663
44
0
0
0
0
0
949
1466
2
0
1
0
9
0
0
25612
13
0
0
186022
0
0
166
481
104399
1
0
959
4
0
1
0
198
504834
2604
3194
0
1275
0
9081
0
25968
5
579
12
0
5
505690
0
472
1
5087
5285
0
24094
913
0
0
690700
288313
20
24683
62
1776
487
11442
1115
146324
439204
149
71870
503955
25555
8
274
2862
27978
5
102
17488
3376
73
90
604
0
0
60
121
1
0
1040
0
1091
21
0
40
3
330
0
4337
30
186107
7
505732
254629
186883
0
71579
503335
4
201
25765
11412
3314
69
1284
505690
29738
0
0
0
944
7844
23898
196
812
593
572159
1109
0
0
0
0
351524
0
641046
0
305206
3409
502885
981
8
0
52136
0
0
1908
1509
541
10
2093
6242
33284
3
158259
2876
928
0
38
440
24177
481
0
862
53
71478
179792
0
164
763779
88504
495727
4
0
0
504007
0
0
0
0
1279
167
2092
0
294
43282
0
188453
330
25
472
1913
99686
25132
148
52982
2158
0
476668
899
498212
0
98
0
3428
57
183
411731
60
3272
0
41
0
0
165
1
338
5852
0
48
186004
648
0
1
0
512537
154
924
94736
0
120
0
20
256703
890
65780
669689
52
9
119
13088
95555
0
694082
0
236020
0
57
0
33088
946
419
217639
0
0
0
0
16
0
8797
453
0
0
0
148
274
0
16
3341
0
0
4
0
0
23
437
1
49
996
503958
44009
0
1
933
505685
108
0
186036
68312
7268
69457
929
600024
1470
16378
0
211627
503563
3540
183529
94079
68571
1460
179
119636
68493
0
13422
0
3645
93750
273
16657
406344
0
4
1
159
179091
975
3588
36870
82131
270958
1513462
7
9035
0
5028
510947
5432
93940
1443
25802
9617
15583
449856
49396
526
44156
401571
68089
142
3222
2364
1228
784417
1065122
545054
0
3421
7781
0
2271
245674
318
32054
1002
0
2334
1023
224518
583383
193039
1110
25622
505664
230474
6
51083
505795
149
0
9
3415
0
13943
94341
693233
25574
71419
4
1
4129
9
1669
385881
505750
0
693225
2
679
12
254722
761464
18421
397773
0
505678
259656
179
16125
311
947439
744
1793
13248
4629
475480
173
532241
145946
25260
0
520
15
282304
505518
0
3578
1
186105
0
975
0
136
130
9082
18
603361
2607
0
3417
70736
33871
568
6
505693
2
0
0
427
291184
0
212014
3310
1416
0
9087
92951
36859
25436
437580
3406
0
596981
76
1136
516100
1202302
2507
70
381
4971
3180
596728
729
1262
0
2
21826
1
417
789686
19555
178
15177
48
840
214182
486476
523758
2036
73506
5450
17718
95
1453378
182862
1857214
32352
172021
7711
208188
1013
3754
176317
8
5230
596404
0
9042
0
93
442333
130
41157
21159
185437
12304
7
38370
467545
691468
71902
36000
0
147
0
2357
515
182
789468
7
1183
0
0
505702
0
3376
57
75045
750
0
551
278831
1279
497527
186004
503
274453
149
0
3600
618
961153
149
246560
153
186075
770072
0
512
74137
51
1362
479378
26395
3546
484
948
554226
210704
93819
0
0
0
0
17
38
97934
216573
270406
2402
0
1098
15
435845
24590
27177
2695
25548
210549
420
0
477
68992
0
1246630
503086
507348
0
470801
0
40
134
0
66048
496435
9470
356940
19527
0
0
6
8
30
720276
3403
0
0
92629
783109
124
0
1
3347
5
0
441
0
3494
2266
66425
22588
0
946
10
13
0
106243
957
198
3670
9081
545
5
10468
879
278794
538
143
0
4
0
136
0
131
0
583
691789
1041
36088
1277
0
3409
0
0
96735
807963
445
1684
35220
1360
15782
862
183762
484041
0
0
0
185059
226
54115
49
98
412770
124
202
0
0
99697
0
991512
13098
0
0
0
0
0
0
0
0
450
249
0
0
3417
16502
94263
196
446
0
0
1
22871
425
0
443
402973
3228
1125730
0
0
906
491025
598859
1
14107
10
3312
28
691957
9548
1
109140
214
0
0
0
0
0
0
3418
505693
2
3303
68301
3406
519732
0
364
0
5579
0
1080
300521
9139
177394
8
9027
83
3419
729653
114
48
0
72332
278910
223975
0
173040
771457
36
0
530027
17
95866
1125
1788
25442
2341
463747
1
1738
31
1301
1591
6
2
69276
0
174
9155
26443
147
0
679705
6
302338
859
90801
355
2468
159
95901
0
0
1
92368
440
86
28043
2002
31
10328
203
0
496151
4488
10
902
104
27752
186700
1881
591051
9440
0
1287
9131
13187
7572
90007
1796
512
18526
3236
42472
509
5093
9944
856
