5995553
4286606
9813090
7311022
2326628
3403093
5118192
4274283
6507254
9651719
8150555
4877057
3681575
2867294
4669993
4011259
3766719
2593803
8145917
1292415
2961978
2383841
4859141
4585501
2869848
4331819
8337578
6185008
3383888
2297301
5896058
3144682
11433086
3519794
6731364
4322195
8423942
5125017
8978506
3505679
9550101
7633014
10745634
6783810
7138815
2370488
8951975
4178830
6284703
4846478
4583848
2336752
2135502
2935037
2846407
2399608
7166618
4487036
7576570
4816365
3910521
2802922
4600090
3073995
