124698
681532
1208039
679343
677052
2893640
2071301
1267701
923976
1936175
1719370
4676778
1189260
3440409
1189392
2023
1493199
3584594
1001122
1301455
1213911
1541196
1554788
2172949
1940342
1407400
446624
2466805
5630
2035072
1013357
75962
1796223
944157
1729962
1890117
1519800
2019457
2016624
1455463
1534937
952163
794439
3371015
1189207
3827547
935422
2032098
699168
977848
895381
274561
2521001
1040224
1585312
1257187
2774520
876847
1977570
1108885
456148
68463
1686027
173100
875508
2878869
1820079
1212993
1968915
1634280
1647105
543207
1213044
2035032
1486476
845951
49375
1917805
2865265
483671
474012
524374
1534852
1082678
52591
1334541
2709339
1789910
558117
2273755
3184421
859159
2174222
177024
744705
4181139
2189583
332890
2973072
327672
2086573
1905226
2121074
951362
2509759
1071123
1473781
2389054
564930
2469369
2162147
761915
1118742
2119401
1724323
531859
977517
282737
1688072
1675469
566644
2087337
965101
369474
2273803
817729
1794526
1616016
495469
1314545
4390022
2291824
1542119
1082081
1351704
1090117
3020831
2528758
1782011
1595948
1377542
763143
1836513
1437793
3787631
1004601
717754
829181
1820886
1354139
2368654
2443285
2531384
807329
1331035
238382
2637380
773994
1421429
660965
2244656
316964
2763402
2502807
974438
1677911
372329
2097933
2361201
2137154
1676889
1585179
1645167
883842
5036908
1907431
2393983
1333015
1140585
214712
2507347
1119643
4148074
1054039
3761835
1733425
2374760
850373
1306880
1397130
3170138
515807
1196499
1238204
1839781
1637114
3192776
879011
1190259
229084
1203046
512317
1665531
1278719
231141
282711
847100
460676
1033221
681988
2327046
2102909
528837
1656969
243490
872160
794199
2576229
2482140
2399561
677383
1637842
809246
1810609
2262244
3482088
1461955
695512
1758891
2385304
398369
989197
1423020
962404
3816764
2212172
1683694
1649642
586908
1707439
1700437
1061073
899851
800518
139568
859852
831523
948459
799786
834172
3098594
3299183
425268
496202
1381630
454190
