5092617
4276196
7957315
5639620
1747491
2934059
4999763
3678325
5108613
7898298
7114344
4307402
3089087
2027471
3794226
3291476
3142018
2121603
6485872
1225202
2602553
1932762
4367655
3592498
2788275
4049716
7690986
5372426
2883410
2121827
4971353
2903038
9549591
3012766
6065848
3437127
6903012
4609846
7993397
3181777
8376272
6840042
9215491
5857446
6355646
2299643
7746957
3332161
5247057
4000527
3984880
1933320
1759935
2255503
2597117
2472755
5865306
3956650
6350614
4248131
2880845
2659424
3970041
2482695
