1015918
803434
2721917
28146
2032904
1484323
2867742
746655
2274602
1680140
2085881
1287255
2653861
916321
1490856
462385
959511
3475285
562682
1025790
1422724
376607
962248
2135980
1458871
1885717
4812749
1250515
287069
1501816
2946121
769890
801983
2747101
3363203
2301217
1297358
2316259
2160951
1744505
3014082
1859062
2305888
1370794
1579390
1097227
1611654
2387692
1528971
2599557
2149243
838383
741193
2040230
553226
1827975
1086556
1400171
2657076
162329
1926214
2670
1326044
424148
30084
1430821
2834854
1775487
1834595
1014604
2255729
1247000
1302766
1307862
1139023
1007221
619813
740146
1399086
425049
1008718
1242085
1210794
295432
930228
928498
665079
584783
1363064
1072004
1446172
13927
3063672
616426
2901262
1487908
2694685
1138847
841998
540733
992605
284319
1525567
1380204
2673674
4882281
3127825
1029441
1132720
141338
2000405
386213
1700005
1493157
1280552
1237812
2453049
2140832
74153
725555
4050728
772341
2663961
594048
332177
1532351
894598
2286582
2580945
2314366
1397140
1483524
1582191
850921
2926170
1776977
2984242
1970312
4203914
2372633
2500725
2915910
2231316
1673226
3208656
484772
1702836
1032826
841262
1087634
1288401
3087719
1422070
857097
4056242
2174250
2085325
2830137
1159359
830453
2359181
2761632
2161087
3054633
2195436
2676195
3691905
2841004
3803188
2349295
1735212
2558627
2395792
288938
3469708
757192
2369404
1179458
1534874
596794
474232
3507
927802
974348
3526086
2120150
974919
933060
402508
7218
1412746
1948889
960206
2600688
402389
2251844
589406
1554428
1383480
1753897
1665044
2584188
1148521
2024057
1348920
605683
200064
1122109
910707
1159784
1302840
833901
578337
726146
991063
2279286
982418
381907
1417789
237028
286947
457258
1094944
1969385
1949548
511686
5186408
3439668
1963283
1051441
1143275
943700
879469
2330676
3304900
1970030
599479
854141
495646
252992
633191
25643
2463891
610407
539955
406161
1474456
294239
2455481
813315
2209553
528336
1073769
1184090
2386281
1034931
