965385
879949
1675637
770003
1151772
3559928
2362823
1918150
1322472
1588962
2947448
3894251
845718
3017884
1780008
194627
2808429
4059392
1568850
1323521
1583382
2150650
2246842
2358050
1834936
1452676
892709
3013594
170637
2721266
1305345
369006
1886954
1121987
2003560
2216690
1248299
2347310
1982954
1750283
1645801
558582
2269043
4152788
1471983
4182914
995603
1992003
294544
1622482
545388
101704
2342757
1377203
2035522
742285
2328975
1656487
3424447
1898538
233380
556305
1320307
206182
2015592
3528355
1787662
1433079
2809828
2072733
1832831
674478
1841199
2605964
2249932
1154469
581887
1586612
3998112
609167
975397
652404
2203171
945714
712753
1503675
3322447
2801832
768669
2673391
3985422
1990310
938526
924804
1233923
5398695
2749696
801528
2253281
780733
2620226
1283222
2169097
1261487
3382519
602895
2798074
3216751
1743985
3542204
3184283
1027726
1007477
1661445
1579745
303358
1224784
618014
2682083
1291114
318216
3417724
1378361
958119
2904939
1369838
2662625
955763
782151
1925848
4689304
2185753
2532310
991687
1651002
1620344
3210450
2406826
2505852
1733459
1026599
1590701
2368361
1250667
3510176
1144809
1178157
1827686
1789583
2001898
3309198
1908029
2944474
1243214
1493017
446997
2569598
1139823
2552895
1007095
2632114
1549695
3911521
2677638
740313
2037286
807059
2739081
4164947
3007145
3655656
2776387
2081430
2071713
6059772
1969615
2728768
1896716
1566117
321514
4160395
2129889
4502861
1669456
3879644
2485094
3485188
1237463
1342838
1673726
3105608
525329
539818
1667677
1642609
1449594
3256936
1761061
1345922
364917
855458
732267
932174
1889772
110029
307050
1167400
251897
1475152
1537965
2934080
2679305
708744
2705056
553950
1449087
1052302
1970965
3612833
4074090
873478
1033901
968645
1129202
2320469
3322756
1706732
562425
3122260
3383029
1169380
1523924
1577922
2161777
4910747
2042855
1248831
2701490
853095
1668330
1374746
1541565
732620
1110022
941786
1302462
1498992
302508
1396019
1665659
2417899
2378067
278138
446189
800704
205363
