24481
22019
156541
5405
5873
210373
6222
40053
81044
163653
9064
33967
6157
10884
12445
2474
5286
7922
19808
15641
35546
73761
633635
36758
3097
5552
34956
11964
3775
47375
67969
33747
86773
4120
109529
2759
19865
296027
32367
85835
80843
5639
210775
16377
43926
144543
122999
48781
3852
4660
5305
2979
353192
33525
15259
73170
25032
2115
10173
161281
1815
769
2639
1444
49578
1382
330874
2048
53957
331190
7749
8114
7097
739
19624
6055
827
8800
12845
28962
5293
3844
41489
41630
13384
166241
81022
801503
69842
83305
490650
161876
28928
12127
152573
1141986
4950
657
822964
2723
11808
14946
816243
88064
4934
12834
34705
40709
841
16349
5229
2573
1878
1273
2340
4118
147760
26677
924006
188823
4271
7456
86717
29657
61087
9465
23944
149192
6147
804572
111718
3851
12913
78476
23477
35657
83945
54165
10159
6416
1180
976
9842
2355
33012
2540
21094
18541
113503
35400
625363
22553
126257
29831
63405
2599
85712
20125
221338
55788
20452
2287
282630
14577
24608
877
49686
108766
55921
128295
36713
75490
344528
8630
1292604
18977
2170
43787
203096
10275
447853
820193
1136050
24282
58381
83696
52683
4408
11019
12887
231611
16149
13936
22734
19738
427
25486
22634
656785
8734
3071
933
3222
4810
2158
1736
2425
491
19874
12067
167074
334195
11635
358872
36985
97905
3589
1071997
31146
181220
5961
238071
43948
32698
23347
47498
73786
19826
2223
90328
32774
104912
164360
356811
81540
314259
3328
133542
14625
191156
804
9222
9060
458
1253
2620
33459
8151
1024
30551
7831
733
3882
1909
8521
28642
39227
334884
378131
53675
16658
44267
79209
18933
6221
10696
333097
6934
34890
25271
810497
1266
1901
1285315
102317
40352
538029
325447
729086
11524
10449
2192
12854
661925
1350
15746
7994
13965
55094
10506
323672
59982
1466
3844
16261
905
44611
5329
23266
779843
5951
2276
16280
5978
3767
96005
7485
39863
8131
482892
14947
52157
175886
108382
20863
63387
3380
1897
49777
1501
21580
3255
120307
4234
1873
8458
327744
98511
165985
91969
344458
3261
698
12474
323090
61840
22203
4441
7076
7196
79671
20040
40079
157192
329677
54978
11574
22601
100659
76974
14562
631893
12289
935
5683
66130
53908
717532
140181
15910
587755
5633
10043
20361
82647
4222
107639
47145
32742
152868
19075
22849
70220
154294
71702
4083
14364
74555
477504
5001
806802
167767
14173
171400
90899
1248
76141
7408
428
42484
206503
2861
194263
774015
2632
157196
22871
3618
1134
5787
23001
1280
17108
50945
5362
37561
57431
6753
803917
7925
13386
9656
8854
11240
86909
5449
62095
6278
38052
3198
10964
122851
11915
5604
71602
15466
9796
10461
76357
9947
273235
59117
124980
51647
5104
1720
864118
34451
19255
36913
33038
601825
6304
13674
31496
656307
6174
10444
579
3767
17147
1139
71508
615
3478
953
12052
1849
3760
35441
4003
2501
2050
1002
108837
50073
29116
67129
196526
2432
68707
4050
519492
274702
144013
43897
478282
24752
102480
144214
1627
3664
6476
3827
49493
723727
125439
3244
64547
38432
208355
8803
31703
1783
35711
12759
10434
17731
24857
20184
2821
4374
23568
4081
45420
18989
17116
11398
41235
109778
58674
10443
16933
22292
33010
21879
69373
821636
19634
113782
14675
89264
5242
264345
10735
18484
305214
47639
6692
22848
289090
3045
2480
2176
150158
5739
896
50442
17460
2187
2764
3550
538700
9079
154959
100386
51741
666793
59901
14556
13392
100057
26245
8432
266890
9091
11734
11365
142089
211196
9317
45435
336223
26418
264551
1388
19826
2985
109182
79872
191548
643138
6857
3430
38198
2480
64891
91929
78917
14811
7945
17672
230266
46088
57145
13087
44735
7766
33833
14462
230108
192010
137015
4405
172279
14785
5520
5808
11950
65272
45839
267959
405394
326102
38507
9437
33808
13960
328568
64755
88410
104978
776854
1649
65017
2444
79722
23506
28893
52903
5712
3200
3899
10921
261065
31340
103130
6705
14667
5506
792235
23183
4233
95407
221190
55632
172941
23102
40291
23050
5843
17944
768489
18494
8625
1581
80813
19088
299956
75290
61963
27381
15717
4607
18717
1908
8903
1710
27488
627
3668
16694
13111
44456
11548
14048
73286
9479
19760
4145
229317
111703
35792
17853
250472
27480
112058
4711
131805
555032
106382
20073
49601
10325
28701
26247
44069
152325
201895
42785
328304
5423
78425
6468
13149
234071
182694
430768
1775723
26437
50315
2433
14972
26249
3838
24589
22330
752611
77491
4436
33365
4661
80155
56000
190231
7969
865
2461
12276
1222
2351
19481
25583
414862
7052
740118
328681
33745
12515
149435
722749
407763
58479
14058
390855
10483
18064
186426
62998
88385
19300
142979
68480
14404
22429
18080
246025
24661
2289
1802
2519
4409
4592
101157
7742
2678
18648
33005
439708
3256
52237
424439
364795
20371
32449
20678
178496
22800
127180
208719
107175
7009
6263
32388
7192
23863
23100
1886
3449
3583
1627
975
3123
2109
110675
61382
131949
3027
8251
8663
95857
6245
9580
6067
35283
656322
2777
6876
71148
786
15057
8037
52917
33662
1505
21859
1200
90261
57706
10560
78944
26848
8088
12967
44029
24917
953
37493
20242
1482
5772
1807
3121
5556
2327
5467
10900
1925
3048
236
2969
1995
4606
1316
3112
21118
2610
201100
1859
12949
341278
383744
7962
4890
935
337624
739086
144479
31831
58972
97706
12541
305331
19831
46568
113317
26768
4491
5250
8726
55343
127670
62117
216530
12996
389
6502
3368
331228
18214
319822
530077
181733
20462
36973
14068
161868
5039
100171
4283
24074
3984
19295
1346
218864
30626
6843
57011
3024
2685
5713
39916
139258
6475
25979
17769
51448
27105
517923
4037
37102
215863
564700
188430
90862
44860
2858
7173
1362
4709
3541
131614
15120
16433
20618
3485
61799
494173
209357
19419
19831
7834
53052
31615
189368
3231
73252
43885
31776
131220
42055
157820
36070
477153
179672
448485
307296
52345
47075
44828
76532
143319
211205
363758
2622
13973
7749
2104
38379
77618
142577
125751
16964
14191
18929
5411
24224
7512
860556
9121
809
938
135579
1612
2466
14613
3439
8781
11530
1779
21950
76912
99
18146
2681
1665
517
1664
93945
88413
2343
3087
1892
4364
2760
20176
27507
9363
2000
41568
9189
4090
2085
1914
52533
3194
88597
8086
1048
76240
179582
3618
280781
133143
170579
2324
2532
37934
1021
4507
60756
3512
1579
2926
5115
3512
2175
60513
32968
2448
4664
16739
14877
3976
164807
58064
103959
17906
8730
327313
22200
22749
106768
104543
277362
53040
1237
435608
18954
596
3012
58090
3209
1503
4962
865581
16860
23079
730782
93101
42721
2246
2165
885641
2953
11595
2713
83522
13170
1898
22385
126996
65150
60379
52395
106700
56101
355320
8826
459685
7278
6339
39051
36319
1390
1210
7996
126094
3322
22349
87858
23328
759014
3826
991
3578
1232
476
103178
1299
1845
2342
46471
1208526
663270
1255
27388
10638
156826
2460
3297
3745
41949
1260
1629
244534
128871
319327
8442
11778
318101
7723
9172
672166
49423
3164
3660
171534
14149
3098
110540
998
175681
452
49309
49183
1630
2096
71693
7717
43749
198685
179609
110797
625997
33272
1124
798
2197
593
6758
5227
16677
388801
5885
1880
6366
19725
10330
13905
20458
62756
62342
85630
171304
309106
26292
4203
6353
10406
432463
6577
256986
118784
5452
196057
67361
15073
119489
264973
29512
441603
12828
7460
134115
9567
166015
28897
104998
2961
16129
778075
3147
2165
4840
18099
61587
6051
1301
54631
6320
69612
57842
207645
12013
15380
42165
258667
793205
11149
7754
29708
3209
2070
3049
27492
6239
124566
86979
6092
22247
729
1108
441118
97483
3129
203529
3752
3482
2883
161004
4067
6103
34489
5900
21012
17586
7494
39875
10329
2081
3213
3710
5766
18526
877315
187123
111298
3258
193979
9151
5597
10326
5737
16499
32955
2358
12677
566255
147074
42273
1123
40859
634786
11501
142911
40527
751220
299941
352166
12204
57928
5311
38647
135527
6196
21960
1221
95180
1910
1694
39842
33745
54205
25833
885
62412
5527
7662
3246
111685
5553
21282
19995
3014
88150
2426
40043
9807
88596
115178
12732
404
122001
46410
347
53787
6401
20184
2142
5466
7871
1597
2821
181839
5119
249872
5068
1426
18338
21418
64942
206583
6846
249189
13005
412182
133730
208600
2576
26356
46700
252799
216207
19819
16007
78717
21768
103854
492
5682
642
145453
10673
1700
4278
291025
3033
292407
24188
23591
42330
1960
13189
126129
69122
6728
21368
53277
4045
5171
3039
38488
7115
5081
24953
102142
4188
91147
1825
9835
3179
9475
83989
7634
35239
7376
106038
9038
26184
16557
49552
72731
8233
39386
650251
371110
3469
4607
9739
670920
12168
42721
11053
10558
16374
669142
11839
102209
656627
62339
19360
15049
5854
133945
85008
4597
2606
78936
18092
12410
7097
18441
31064
985789
236487
590031
60104
23127
4657
453601
2627
1855
3329
2997
3321
12097
2480
4210
6271
25164
74610
26644
18585
744685
2965
5890
2586
2635
666015
122341
62525
324636
2404
214437
1430
2784
16128
11974
11322
189096
10111
489842
293800
7842
41352
14836
4603
58170
578378
174316
99725
150612
171901
629022
7093
182998
55162
87146
87759
667536
5549
65741
22347
257126
2233
17268
18010
5096
58556
23912
1655
11540
71990
102470
12819
165641
14230
8031
131660
141898
7221
61298
7763
8187
77106
13897
24236
6148
3203
15826
78637
9513
4300
5525
142550
3132
56915
38698
65992
7426
1476
124693
6611
16628
10983
8001
1702
119356
7896
91638
2311
57323
76527
380559
52624
13924
39247
39147
8843
104811
1114683
128464
664691
3000
20308
778024
6292
271364
30389
18065
1022091
46021
50555
164974
153527
9137
44979
114077
7579
15765
27512
2270
23596
807104
239077
238882
269454
2292
333677
4453
5347
6327
6804
1398
3217
39988
116685
2178
72417
4112
4510
7603
207913
26583
235603
111240
9443
34307
75057
284055
6797
3832
27976
776865
17225
7194
37512
49764
267843
160591
31270
15697
18158
24280
104928
44055
2063
8625
6155
73212
8716
21768
31387
8586
19937
24986
22264
72362
4073
51748
1427675
110993
1691
3846
3857
2267
849
190317
3738
44157
105342
67366
2587
58302
551
7374
2398
4453
2843
3786
38010
679381
8191
70333
49608
55969
24652
209905
8750
63413
8822
903750
747
441633
3790
11022
428
1442
579
225873
3269
6275
301407
52326
31818
4842
13770
12764
8985
654716
1122
24851
2386
978
16163
16262
87905
3267
9917
44364
4732
11429
734
78065
34633
175414
424433
11536
57905
3076
19235
45479
43385
666251
205528
5734
433773
11955
507485
25341
1298
9656
1730
87583
13100
55300
58658
37193
2353
9182
6435
4438
2059
124898
1234
378524
32918
305405
14942
11538
578417
2239
11325
177634
55661
156549
190267
15057
99821
41222
23946
109424
310700
9707
36352
12640
31126
68941
123752
1305223
9254
187960
136916
39371
22326
57508
18817
22175
437994
94939
139523
32077
51750
3595
51086
97772
5194
66434
268061
33857
95207
1812
927
783047
691601
786771
49348
7040
29659
2858
13028
86496
4021
5421
135253
40774
11851
8448
8791
252437
6271
771061
26236
5966
11161
5094
605664
76608
7663
7009
3287
12550
599527
2672
190745
5788
10837
11985
35491
5030
727529
10287
97286
25535
2543
3617
1710
65223
4924
1491
12161
12258
9407
10001
1336
6041
147972
16506
8521
25923
42977
324002
47325
1742
268813
40079
1725
742365
625888
4311
167104
30494
13996
3185
9882
2262
1857
84471
6076
910
144402
10087
2183
17086
12673
289419
6097
20698
26162
71708
3227
5418
6161
94574
3399
733604
39199
17916
27801
3607
3087
1647
8434
1838
39431
5095
36828
7707
1447
2196
34173
2581
6908
21201
6279
145388
2139
28377
406
80690
24602
20947
445
53756
3248
911
438280
122025
11253
73395
1451
4020
385
59803
171018
1615
1782
2124
6592
593
1222
5837
70381
6724
681
9426
199458
9171
496270
19255
4060
12741
226226
97673
1570
155279
996
30182
2902
21119
25420
807028
52940
306209
1720
188962
4603
38366
2075
710
3304
230607
18295
14416
2972
50765
16075
126823
17958
78816
2984
9867
8001
90182
27080
2616
2795
126751
1763
3213
1345
12660
4807
7345
481
893659
108768
74728
380766
90318
14769
611382
26632
163949
1643
256891
99510
5142
1353
2980
1132
150730
22390
154318
153426
3358
72987
48467
7717
9220
283158
267021
72439
38337
68112
19048
6167
9588
4910
40581
3089
2716
28715
471913
8807
59406
1903
4167
46488
6979
49425
7024
10430
107246
140424
21959
27525
9935
850200
308211
9632
19040
10242
30998
293635
22664
144135
461399
81554
2230
94295
3491
7926
9151
42584
1164
5434
3360
811
822285
5184
5559
51525
2850
5109
7485
751491
3405
134110
29507
14750
18360
3817
7892
6649
108310
16449
683449
196276
181282
80682
14781
3283
69348
33146
4514
136232
24314
37360
42617
1122
51577
161321
40037
17815
82534
39835
7036
56964
13670
5667
21231
67409
24734
41337
7734
69421
22479
158047
8328
17701
165691
3013
46317
49858
5130
29236
16058
26557
47969
920999
2667
24674
9691
5136
2577
339763
26901
191898
818629
27317
16777
2083
25292
331485
99242
191590
29106
57949
7599
1061160
206038
1023959
65250
61341
990
664491
1030
2179
166151
211267
530593
93198
13140
184122
5824
146287
13873
38874
26809
31012
380565
69342
20533
42648
43622
4199
6626
14192
162128
9366
534472
15615
136161
539067
146054
23608
3262
44164
53889
2457
11272
114945
3556
3934
5253
140648
17498
32494
8443
117186
207655
7076
56447
207712
2000
29128
29450
29668
14025
21613
16508
17282
3369
86579
2286
781591
6690
14590
17285
22558
11279
4302
99355
235693
35799
15148
4507
837517
227082
8575
954
3509
44663
7927
7094
132272
83334
56758
275578
73769
39906
496342
82680
88867
31160
234799
329191
15810
923858
14308
84433
31014
48873
6639
179010
5625
76110
30031
211675
786234
14162
16706
252743
32762
151017
40604
772921
56147
42833
7568
11909
7009
45697
23100
127303
234120
39984
133920
110046
61822
304444
35469
56123
21292
120203
2057
9000
5017
150546
243313
145683
95222
230598
3073
26720
28262
121416
195984
209944
40681
7574
4177
52992
73435
37493
38057
97069
93545
148401
61790
16635
2549
8573
3000
5289
201059
539192
7282
1923
8127
3217
2910
10090
118625
126852
77108
969
9971
4957
131717
7209
593466
20997
88896
11822
37339
66909
29319
133022
11836
60612
98442
9594
10471
34287
618158
2149
4802
53568
19328
88576
2580
24251
2319
21186
85140
561948
177370
967
2686
23878
7068
119821
35100
57830
65533
45551
776343
786497
706296
84273
138650
95916
12959
22998
5176
13946
3769
2231
51595
24582
4186
116734
9427
2445
15500
12483
40273
10259
189467
1144
380278
3852
18518
15378
5915
199986
183881
24787
16716
73571
14761
17154
78425
16028
96296
4227
115974
16264
3628
1456
99840
20862
14782
15619
1215
5503
6535
74353
272937
783096
12495
30248
72974
59235
35791
6133
56079
89935
120446
6049
4499
72977
4058
23901
651283
95232
100550
662
144823
4664
14432
69873
2729
7800
4999
10318
77642
23276
401675
35747
8604
10605
652903
47402
2597
9732
399783
100661
6676
10496
46769
12915
124383
358197
10076
87840
28585
219459
925151
233174
101992
33857
16291
126069
158137
25621
5564
12323
6796
8554
6143
1774
75851
57493
36744
22128
327936
704676
17314
57725
55318
884186
332885
12085
53852
12818
10599
174778
40694
351395
50652
122765
14809
43771
97748
770219
5370
10788
73370
2885
9949
3654
1557
12996
2220
2819
82614
10536
15418
7886
42396
25280
55500
51145
232436
2133
33318
7155
120714
42784
1670
57922
36149
8907
29108
532027
62695
30177
28627
3023
41450
4200
3302
95606
5315
106115
6578
1313
963
15294
51108
1967
61345
11515
17963
23222
262420
1299030
38494
80788
24492
28593
76537
4121
745562
1630
3016
5192
9175
1350
25406
21754
2084
27706
3486
3470
2929
2381
3800
903
791817
11271
6938
21935
3949
31989
8975
40633
7609
749613
9158
304037
3367
318317
14729
33871
67984
8200
466814
12066
11957
138921
44698
60938
1016
100650
26592
8538
49604
163260
14825
2556
14575
2779
38822
13608
6161
13410
58134
29685
8771
39468
158563
18619
398055
40287
53550
894712
59421
2038
606970
4367
42578
83969
20817
176372
22440
9983
4502
14431
53226
287924
32464
84524
39222
18708
145620
86471
30629
39416
485594
32078
3434
77380
244152
176499
306365
836943
29482
204873
6216
24972
360486
312723
132354
31015
37053
18421
1088
470197
6029
235273
3500
568463
22502
56655
3257
38319
3259
606857
4757
13673
41526
55016
6193
3035
1630
2619
342098
74913
110966
37878
5852
9263
555
4005
3547
15949
10519
104787
1753
59759
21863
2447
310855
39101
12228
183851
11813
53791
10736
51430
721719
14771
19322
27123
74016
70274
13016
29174
68402
45870
12382
70167
21167
44178
6759
6329
74325
20260
595991
8666
1051
9843
817
4624
2676
34071
463867
198922
431384
3779
147113
142282
24239
10781
551722
57468
43963
208718
16819
288230
206607
164934
255988
226892
337844
58364
26600
574620
25503
64471
335614
168487
2027
16925
4896
15435
587937
17349
67998
33623
74934
590036
4013
322488
196634
111088
468782
96051
540140
107865
30586
37494
76826
171085
91843
91041
47742
64816
245839
335524
57303
99194
5914
78283
2537
137887
15767
21416
206242
363135
26746
45997
4357
766413
9389
307029
52624
6369
388337
27484
35846
406761
10330
1598
4640
19408
321679
66314
51222
21092
3043
18846
3383
172474
14007
45155
14791
6047
18411
18199
13043
15495
26109
219943
47755
5876
134609
135311
353136
1030086
554558
124380
183620
476263
177732
96664
333758
372227
115280
1227012
471904
69299
5492
106909
8462
818205
31583
22862
10935
68728
8860
17681
6845
9756
306379
71550
361963
22065
30761
57496
5424
2660
16991
9981
5846
615435
281099
89717
5515
24797
30187
86907
6339
21225
717700
188491
11119
323774
685789
250368
6388
22168
6842
53322
4286
3822
1999
9370
32216
51879
9082
996
1081
5653
1664
68436
159774
9339
249714
12493
114090
35586
161940
201328
92330
28514
282456
7584
31608
503
54637
1768
677
9639
2940
88151
1758
10822
7203
5242
10296
2084
2128
2462
727
327705
138209
484861
9117
542959
4058
208813
1058
15724
829774
9291
18721
9029
398565
64049
16870
7502
1231
80942
932
21859
48429
736725
9492
1398
20186
307470
24860
9667
12666
44460
133796
138000
4857
13863
4994
24859
17493
107082
120167
463567
17726
72340
429917
529542
808773
602598
32472
88157
2532
19254
1273
170801
1006
2207
4001
3395
516727
32979
7855
15519
3658
457963
30630
173683
7543
548003
736984
574814
9959
16337
149801
694299
80073
241762
8492
197990
4702
62335
110468
6464
6135
14638
485834
9486
41781
9161
319380
8594
5688
90160
67161
606760
2824
343677
4958
31134
22423
375926
76274
5475
139775
8831
18911
383360
132325
849100
172448
4180
66382
488087
88828
4440
66341
15699
346
1881
4523
601885
1303
39122
23086
58521
2039
3297
5760
231577
5903
2515
20394
805878
1176
10825
106724
2816
35433
1850
12823
34815
50404
481
660
47151
25728
1430
15784
20810
56307
21528
737778
14138
7116
8704
1785
452046
8347
25846
144541
25297
7924
4691
37745
34291
12344
154290
667828
72008
124941
78454
22585
1011284
77436
19987
342953
182389
17837
28138
80473
23551
2675
3105
48742
3944
3968
46707
37495
18117
163147
5055
20296
6441
10726
12350
125467
13934
3125
13247
174352
1056
48987
8106
96692
5501
115494
1137
11226
1717
638
332668
285504
5566
5054
37096
97990
108302
356671
94819
10693
6266
5740
1174
14426
30125
7618
17760
35631
15207
7615
7821
42674
25474
45415
159173
14233
22755
236263
1526
805136
4058
155672
12966
7407
4334
410
5946
134405
740750
132056
38549
20705
142461
31477
2907
2703
9520
10330
272956
87168
6474
825005
1286629
62435
9710
15501
253607
1795
142641
6501
6916
6765
168008
2660
139628
146202
381635
35213
8220
4833
16779
15018
1562
32444
73409
44964
186599
4397
197842
9828
4478
42911
127851
1285
1901
13681
1586
1582
16902
113506
25580
94341
822
46600
17197
654598
3083
51937
37347
544
1246
4143
5327
158101
937
55737
1648
24269
1036
7867
3960
1394
18617
2356
7701
14341
6817
4141
1314
11594
373507
38866
12540
16917
81098
76199
23934
19362
13852
3888
23617
4302
24470
40285
214009
33677
82354
1330
2606
1516
48086
4781
1320
161170
12849
33939
78180
12801
1169
15475
6786
163511
90775
234464
98346
26717
88719
3220
28394
28452
738050
25212
8463
2477
2428
257102
2530
82118
65328
60286
6374
2835
77510
12093
409868
41468
22889
2556
1229
353
67797
19037
8181
432
3775
693
4977
16202
1879
1695
7564
1761
1301
490
14228
3473
1149
6970
1806
167116
449
3930
85409
7427
25299
32395
207
12564
4034
219332
8756
31996
838
22008
1363
32884
24506
21377
10051
29798
1510
182397
1302
53331
556
9405
27688
1594
700
4689
993
6537
3775
4199
2893
34532
2783
3120
58139
1730
74277
5493
84577
317378
673
2603
928
138022
1408
37492
28600
450181
19388
7585
3527
904
50661
580303
50199
3602
34972
5326
1610
187348
82985
54654
49957
93660
871
2601
635
10716
352385
23844
41692
28398
417972
10622
4689
781478
2484
2030
1568
13448
12796
26944
4945
511175
104771
9426
17985
464
736309
1197
8676
1589
218046
445852
350967
14095
107694
21550
3705
28678
4954
5642
9610
23768
21318
888
37405
946
247348
8297
97337
7548
8036
655
191942
3104
121832
55151
51314
103226
9012
23655
30818
106346
14802
647486
670353
118109
19150
17309
5576
193501
1579
426
4638
22445
18342
1357
2217
5257
297191
18178
17566
1718
6390
329
90870
6612
25916
2756
39556
10007
16816
10128
5611
112194
8755
64726
14172
28364
241956
73171
34224
206616
4313
8089
145873
3181
3382
131714
1882
366357
19194
8848
4130
11937
4346
4175
10211
2102
55166
1213
309812
2037
6306
17498
18159
221094
208896
925
306998
9149
655689
1652
10597
2606
439106
20026
381271
429657
17229
17959
21523
4763
559439
8817
338635
34265
230883
25595
210010
11032
366851
4219
343372
1560
773531
9257
50708
5281
660209
17076
69787
773066
12269
74395
1360
10630
9734
85961
298793
36585
3800
4520
2424
549
143034
36561
40508
30113
2956
574
24437
2647
60005
48014
429418
60348
1709
2133
290
68440
3749
3255
5895
6020
4471
11289
16513
57497
49620
99140
78014
12315
539957
2461
1486
1685
41431
3340
10106
2408
4305
4579
25107
40326
44116
1987
139910
23982
1503
7160
22044
5229
416584
2375
101743
91259
31175
4011
19523
11602
44421
29314
81219
156629
6282
5829
1250
26774
2783
266454
32922
772254
655262
43108
35573
15622
416324
18201
255514
816562
51225
10575
29450
209600
3187
8159
14535
557925
7622
993
341984
7944
51254
224601
69837
608278
30122
6753
61850
54801
9555
12395
16621
229648
2518
5012
4577
10967
197941
14693
2725
1462
10584
2872
4715
132493
12136
11971
47326
7691
10109
89034
129476
23491
147940
754189
87303
23306
67817
121402
17441
15263
82858
2730
81191
20907
26605
11378
851483
3103
112551
70586
589988
145202
16616
447606
15229
75815
10862
179153
616328
26837
14160
8074
23305
329615
82923
4542
60321
100714
2081
2995
5301
5267
12904
125119
33311
258878
1148
66692
99931
30861
21265
808138
85387
10181
1307
28885
1033
2102
34727
420542
17057
3304
26542
10433
1356
13574
15337
11360
48107
168981
75061
5997
75350
37433
50423
432822
125181
260329
7890
251568
45881
118311
17874
10826
24474
12986
24995
360122
163264
147291
69338
98345
33789
41609
11144
7865
452724
8320
139459
202201
337412
103721
340049
11812
22909
470265
759867
85431
105728
459385
77610
9507
35441
902580
50287
64567
43886
2090
17243
2740
205869
65248
44518
632166
195106
22997
27776
67957
370348
18119
3459
145010
4686
11594
751449
21615
8881
2681
38325
4681
170265
23255
2526
2073
677
2448
1998
32864
14876
9992
70332
28429
4155
140853
49269
90130
35948
1384396
6199
17488
27017
135336
170060
4090
66766
78268
11707
47212
1935
4615
35672
32918
61734
147778
2808
2713
10747
43133
1528
12487
57345
24921
2326
10851
3979
92807
1617
286377
750265
179089
16635
3170
28287
2179
12633
2952
98585
824
3073
156400
4179
15435
2389
47698
18960
909511
622
26817
1425
10516
14521
1722
17441
7803
642973
15463
1117
378589
161010
8664
121941
25297
37530
8785
453
10174
5432
1493
31457
1863
14292
18954
2582
8867
39388
8394
76591
26506
3591
10186
65467
456908
21991
476
2048
2332
2248
133099
1778
26359
243257
43073
67806
192292
31589
3653
19069
56243
3980
611
1901
783
58728
3499
50287
454
35455
742
1445
94322
704
682
152783
181
612
176
122233
19951
3129
100473
665652
106269
352
1345
16012
604
6830
3716
1269
30533
3700
1887
4532
8613
418
1551
1740
19335
470367
22558
802438
32994
5552
1429
10558
8990
13502
3117
22554
23392
170019
39253
9181
25454
2148
7976
4354
23607
5633
9377
1442
4025
7922
2675
9910
862
804722
48225
897
19375
41704
27108
20738
6032
4608
136782
6072
10133
96973
90661
77433
22858
757230
4807
3072
10156
56376
485
34463
432
123741
25912
55726
1961
29881
18767
296809
39262
21306
6436
6380
4978
86615
376702
250333
736874
41778
13402
176912
25579
148124
699991
172523
2184
16767
133355
343811
50181
203890
26459
197126
5472
61784
47108
118327
24856
4776
17560
15401
10326
18249
68404
2442
3127
7862
19630
63420
115030
3605
627
35281
1621
3088
1534
13571
2525
109983
92595
1173
25466
3940
397
27873
3738
30820
6364
953
3350
7295
81907
5327
8163
15763
84937
523
2477
119396
6339
53443
30605
150541
2290
67109
115731
4030
4004
52299
1916
11631
41249
2694
3982
20020
4503
107278
8878
12456
4789
37086
5299
