9056
1895
83011
0
1588
27201
40
4108
1806
95671
2620
1182
0
3478
20
0
65
72
83828
1164
4715
3195
121946
259009
778
2219
138
31
1
1499
5038
513
1911
83678
2334
0
341
311654
626
13218
1178
953
132632
2627
198
35132
8530
15418
0
276
0
0
140043
2216
1264
40832
0
7
768
1290
0
1
0
0
35912
0
1352
0
25
40901
67
0
0
0
85193
198
0
1
2
1182
9
0
282
4565
453
33832
2146
965490
14090
37254
155005
3243
12725
1713
262150
1000996
0
0
423509
30
11
18
998278
171088
283
0
6
5
3
28
6
0
0
2
0
578
2014
0
681551
11655
0
567
189
4527
1993
227
0
11872
1841
994424
135
0
235
91589
8
2722
5946
905
7
0
0
0
80
0
1338
0
58
280
35586
710
365923
1
6458
32
2108
1
63
12
34342
7476
1
691
14759
15
696
0
924
86493
415
42827
2567
90569
532
1344
465431
1758
1934
6600
182
174
287784
416983
129910
281
7820
951
1121
12
0
357
190699
410
22
0
0
0
1535
177
166909
0
0
0
0
0
0
81
0
0
0
1
8524
142746
2526
362670
0
43091
123
294842
746
2751
75
22181
34401
754
0
69
0
6
2
1492
479
181
42823
345663
11580
19657
0
8029
13
1293
0
0
0
0
0
0
842
0
0
41
0
2
0
0
183
74
17736
67511
143291
35590
67
582973
6556
1
50
2
4253
1094
1065
39390
411548
0
0
175255
11564
249306
9532
40609
363713
15
27
171
554
69225
0
12
1
121
36945
56
264162
1115
24
61
1
0
571783
17
3956
1082323
0
30
2144
343
18
265755
1
2016
584
48434
0
582365
86468
261212
5054
32
1
1179
0
3
204
0
86268
0
0
0
8407
6562
170
12847
638887
1268
0
10
625
4668
601
35
1151
3934
68117
15282
173226
32347
35462
2067
738
10551
561743
87923
1807
316650
1336
0
146
13741
507
93923
48988
1
419695
0
740
427
2281
0
244687
10
0
2860
11175
0
1156
1
3397
0
150
262298
404274
9
993976
78
5913
3894
15555
0
1372
3
0
899
342564
1
7716
417726
0
7928
19
29
0
0
9
0
0
93352
19
169
3361
27
1000091
10
17
0
391
0
168249
0
1603
0
203
1
26
14035
12
18
106
30
13
227
6
2251
2082
62
5011
88
3
31
456244
39888
0
33
85945
69096
0
1
12694
157072
0
355
1
0
686
0
1140
132
0
1
60
0
0
102
580
0
0
0
1490
592
136
89144
715
4
1534
0
324932
259429
344664
7592
76756
3
11488
951
1
1
0
0
527
416351
41300
0
334
1243
606
10
234
4285
90519
10
141
1854
4
0
0
226
0
2
121
0
722
225
53
11608
27
228
228
2012
81
23
36610
994414
415
13501
84
1708
737
272
13
0
9027
2
58
135
1311
107
0
217
18171
86848
0
25
0
92
0
0
366635
21
13028
8094
250
914527
1446
18
2
7588
51
4695
255211
274
0
225
43108
6892
0
2960
629261
0
195133
0
0
0
1200
1126
17796
679755
0
233
363
1
1640
178738
1457
93
583
225
107105
2
0
4
18
57
36
363
23447
49985
36279
0
462
71
69
490
652
0
370
16784
346537
6354
11
16
137
28
283887
1472
7000
1793
417726
0
254476
4
1685
3
148
912
1
10
0
0
103344
0
43
173
0
0
1000056
14
72
912
34042
2544
1139
6295
323
6480
873
0
414726
27
691
0
39400
149
348696
194
917
0
15
0
575066
0
0
0
765
0
8
262276
0
11584
251
1
1165
11039
79
16
16739
91349
832
1032
10200
1003
36308
492
556597
490578
411
21325
1454
2039
4
1897
4533
102731
562
0
681
0
8276
4263
1322
627230
49717
98241
1744068
1716
40621
0
2016
94
472
1857
1
260471
12051
31
4
1
4
94
1501
5
0
465
174
0
1
17428
267
270346
2
409863
23827
5
171
241181
127220
982
41
346
47991
1132
79
50802
127
180
59
1287
944
26
941
1
1197
1849
0
0
3
0
64
13041
0
0
102
3
354633
0
1487
57666
240234
1360
24
1085
6795
137
4593
2315
1643
17
0
33
0
0
1
1
579
53
0
0
1
0
2572
265663
2805
0
131
431
240471
0
0
0
2429
164392
0
0
90740
0
135
78
6767
134
27
0
0
5
125486
11122
572112
0
1
0
9
0
0
1796
28
0
0
0
447
0
0
66
0
0
0
0
0
0
18
1
0
0
0
8
1
1
10210
215877
1
83
3
142743
413574
7560
1752
1608
7
128
127958
6855
53
228098
0
0
0
0
38715
40490
8
12646
2480
0
130
0
252851
115
38621
46397
2462
2166
216055
1
15357
0
1235
21
0
233
182
6
15832
580913
17
7561
1
0
0
34310
50581
0
35
808
36716
84960
85503
0
577680
49879
70181
825
6
24
589
132
0
0
6
1164
6516
168
11658
1
724
397122
21902
972
471
38
428
0
343444
17
652
28
156
37790
92
16899
4826
360850
255187
281556
7776
5294
915
2647
5003
14699
105171
713867
0
8
263210
0
741
251462
7823
92319
1
191
1020
153
21
0
515386
931
2
0
1958
0
0
0
0
122
0
0
17
196
0
0
0
0
0
0
44330
21
5
229
0
0
0
6
2754
13
0
4268
234
0
0
0
45
0
11889
9
0
732
845
2
86231
11979
1378
0
14
6440
5
0
10382
0
81
1
5
8
0
791
1304
52
202
0
103
6
84588
17373
11383
3461
2
68789
1158
2018
2300
170
133920
8762
2
179652
756
0
0
377
0
0
4
979586
1302
18708
409723
173193
10
0
0
682216
1
11
0
4588
371
80
1271
14292
1456
196
42
86239
3029
3297
38
288740
170
356
0
1241
0
81
2724
74666
14
861
75
678
410631
20
0
0
0
0
49470
0
16
659
249443
110868
68403
0
0
1
16466
26
1
582
249242
0
82
8660
172
512
19
851
37430
1745
1187
95737
264192
0
15
230
0
17
16377
0
8709
0
93372
3581
10
310
1521
0
2
947
5130
44870
154606
12724
0
0
60
0
0
0
1272
76440
1
0
0
0
1
0
123
27
414
37052
325
9193
298
7
0
0
294156
1
259335
43088
315
196455
1130
84
181738
107970
0
73937
1
0
378
96
38982
254424
404
0
17
999836
23
0
0
0
248259
574795
0
11609
0
16706
1431
243284
4763
4155
70
631487
1081211
0
0
5451
5
0
554
270
645
45747
268
193
1949
3
0
355712
43150
1137
6471
0
53
1
266885
139
0
35
237
0
86001
1
1824
366
0
0
19
1
365
421156
969
392
0
47144
2483
0
0
0
233
582129
0
12
209017
173
164
0
18176
418448
35
343782
95
302482
2533
715854
0
32
4
1364
1960
122
213
0
44330
235
932
4284
17
700
0
0
10387
95
3
202
91155
140
192
112
0
142
0
5
299
14437
86197
360
0
36003
0
0
34820
65
0
0
0
0
0
0
8181
2
1666
0
0
6549
0
28
425
107
11983
0
153713
355
255605
3
147
16681
248780
625945
5434
1370
191
296
6033
0
0
0
7565
72
0
9
74920
1
575
114
129
4533
0
9
89582
144
408
67
34256
0
20
17
346
675
1679
301
5919
32
74776
13
1713
645
12
71591
3939
24870
14947
296189
685
89607
2753
183337
11702
2732
576
1249548
34830
0
67
30
398289
389
1753
85238
778
2503
137652
1325
12975
82575
190460
0
506
32
572870
881
2
0
90735
73
1165
519
984
1324
655242
627543
586819
3467
787
13
34159
11
0
1
0
0
1
54
146
8
0
14042
745
0
410052
746
109
0
0
89399
2281
440
65618
0
23329
9
1
1461
182
85055
359629
0
69912
16023
0
3332
932
5
1147
133377
329197
20341
334129
308821
93903
0
13206
950
2317
0
81783
0
4730
633
434933
0
122
0
0
10
0
0
502
18074
220
3
321
1945
32
830
622493
260
0
35
66
23
806
15
0
956
692
203
3
0
0
1
0
2392
1378
90395
946
0
40561
0
149
580933
0
90
273330
68
158
18
84908
1265
327548
5632
224
446
247381
0
235025
1011099
14794
407035
0
0
645273
50
60115
242
1
666510
3035
1181
8724
2095
1047
36509
16845
465
24
1602
2
19
998867
28862
5605
5603
469
253493
0
3
934
18
1
0
897
272897
0
1639
0
0
0
342555
1064
2292
41132
0
1831
13270
9157
0
0
191
417737
230
930
279
1704
63712
1585
6718
80
69
0
330995
276
0
63
445
14484
7
746
18
4
4097
0
999
2861
4
6104
819450
2004
0
0
725
746
0
202310
0
247964
44807
1020
0
93330
0
0
18
3
0
0
1775
85492
33
13
3403
605
1641
414
932
10805
0
1006899
2
69441
62
0
0
10
0
28871
0
16270
13692
3887
5
21
250541
684
390
278316
0
0
0
2
1467
0
165758
2
343
37
0
84891
164
344227
5824
1838
23090
23
1140
0
1
771
246
415018
76356
0
294129
183
98688
184
0
825
0
195
37
257
16930
2898
0
15
0
0
1
20
4
14943
14100
1043
822
66
130191
6
248
291132
6737
609382
501063
1153
30753
16597
237
28672
350820
6
1646
4261
2797
85893
308054
240316
36
23350
264722
1594
85
932
83367
61
13941
3937
8430
653
289
23
88
3759
0
63
15933
107
0
480
0
432120
59842
1000396
41953
0
40848
6
87
4498
0
155
934
161
632
28
1
227948
122
1247590
85507
0
0
0
69077
933
55
0
0
450
998542
5
1289
0
2
0
262729
0
730592
4086
85941
0
0
3
0
670
1577
0
28
13
48
593
207
0
17383
11
0
23
705
61332
1809
0
103674
2
0
410455
68450
233
1999
1488
112
0
738
2
0
1210
1
0
831
0
0
0
6530
630265
0
8
3
6906
0
27
0
20
70
267263
22
3
1140
580
28
0
66
0
160
0
39
90
0
0
86962
0
0
14
1
2332
3
331
1
16560
0
149
0
135
0
1
359643
86822
2483
164
0
1
0
37
710
3
0
1
1073
0
0
0
1523
0
0
579840
1
0
322033
732
0
248383
11873
1684
22
343988
18
2030
21
4082
209
1003449
90188
62445
0
15272
28
7544
0
0
12
53218
65
17
0
6416
0
826
8
355
2
0
52
635373
3
0
0
165
0
0
2
1
90
0
0
349999
1597
263140
23821
188
771
415248
215
248453
0
161373
40613
61
0
0
18
111396
0
299
53
0
124
1178
1151
211
61766
6392
260044
314
7468
233
5148
233
225
343
0
4285
441
284641
76
90417
0
465
247672
0
33973
0
70
235260
83
5612
121
1416
994502
16556
512
2
1
1
63026
0
5052
402453
7212
0
341703
0
0
226
289
0
9
1
0
645326
0
113
6126
0
0
16
728304
0
47151
218
62
84891
60
1
1726
90923
0
121195
263914
278497
531
430
1823
131
797
616
22035
1215
73
7840
164
186
2273
9
1063
316
398
128
9446
2660
22
83464
290756
99
761
83815
507
797
48376
283
657
1276
1
36596
25
1561
21
5
3173
86344
997611
0
428
146
6
579
13663
244
13565
994494
6065
230
0
3
38446
1633
27466
717
924
703
415246
8732
97500
1095
174663
0
170374
0
0
8647
243633
46871
930
0
1475
0
7911
0
841
44
257
77156
583046
1982
39799
11556
1092
0
12
42454
60
1202640
1179
267774
630800
101606
0
0
6533
896
0
3973
256720
10217
312
0
12214
153
5949
9
2614
134742
2926
1144
342569
1
19
0
2
23
6
0
26
9
0
0
452257
14
0
717
1055
1
2
89348
2264
255964
150
1
457706
1539
1
6
1
722
17
87
13491
2229
2
1018
7207
17
363934
3715
1567
1
7366
631902
0
1280715
453
1500
0
3
0
1213
14
5613
86
242175
417750
243
9
103635
222
3580
6696
415629
156
938
17
1
8
496
4719
11343
235203
6701
14494
566
8268
347785
41022
230
13
1358
1
230
0
243414
2582
43092
104
1020
0
168
0
1424
6559
2085
33
1
0
664
239458
3024
90788
6851
33
622719
9
0
0
0
0
0
8
220562
0
0
435
0
10
4
46001
221101
13947
107
24
0
47216
0
647781
590
127
174
987
2
260
12035
4274
2073
90454
263218
12
998
419792
0
0
0
0
22
0
999
233
28
11935
99600
1391
0
0
1190
19
4379
3663
95
7411
320
416495
579104
340270
4695
1532
1868
45
259
224
0
0
0
860
68
583
173
704
1
246
746
3792
1
103265
60
70514
0
2
0
7
314795
199385
264
69
38022
37
251124
11669
481
4502
17
44649
1
0
2
1054
0
174
379
0
0
0
10462
116933
998076
1254
958
44081
711
4346
240
8
14276
35996
65
0
710
0
2
396172
200
5719
0
7604
1
0
245
0
723
13
4
264645
79141
379060
8
4591
1973
83219
217
2
118
37740
92
1
1
1033
4394
265
38692
1466
9545
1611
345859
737086
1029
7202
287
0
19010
221
3
0
695
3
25
944
17
10834
14012
227
1335
13214
137445
268
38999
1637
996681
254500
952
1466
0
5
16778
379
65753
319
331556
516
25
3824
417012
725
0
1021
0
0
0
0
47
0
43
254433
1
4
2
50
839
1145
262
28446
0
7
2
2
13505
0
242524
16264
2173
89919
168404
84
3434
7
0
453
11
1020
1101
1
39886
0
0
0
250035
576698
0
1598
224
26
699
103881
479600
262
1207
0
6478
23
2
270147
0
176
0
0
0
616
12
110
38
0
0
0
0
220
0
999939
5
1471
19
0
234
183
148
0
30391
3
412314
61
26723
14
88
7309
343
284484
0
0
87
36
1054
1
341762
298
47
6208
86650
84991
0
307
2
11116
333
195
10265
336117
82887
193
1580
6304
22
14531
1838
99
411106
7298
0
47774
468
1053
10351
0
615549
18
0
4
3
1137
343801
6
0
39462
761
345452
2444
0
752
349819
3
0
59
6956
242323
106349
415626
254
10803
728
13
241094
458
1079
0
15
78
0
28537
0
267949
17
646555
278
5130
10
0
0
110179
183
7
154
72
3
1
0
0
69811
39801
37686
7928
21
173
0
0
0
16
67
5613
0
163
263047
601
16265
0
4271
334017
618
19591
697
14087
140846
250
950
1
2968
1028
0
4
54
550
4
254628
6432
6
1031
0
577790
42
68353
0
0
738
0
100
0
366
265146
342
281553
2
341989
86729
5001
799
15033
7939
588
587403
5
343891
348524
1104
10977
11320
916
82
3195
71756
210
15
68506
79119
1
69
737
646
129671
31
54
6288
567783
67119
610
249464
340708
409
1238292
1979
67008
44151
2590
15325
12714
565553
42329
62193
34032
255
607023
948
15179
1068
880
224
1
345360
15
1373
296284
17568
3358
3585
477
408513
1
111000
261117
70
39971
837
28
356515
0
0
247
0
555
296
91
1647
0
0
0
346542
4901
55
6391
368
2267
173
4266
0
688
366939
617
0
314683
293528
628270
181824
118287
1248
2805
984871
98725
162
13969
345394
22427
523063
981977
265251
1373
2069
2
456145
1597
841
62
4
3
85
0
5158
106575
1120
713912
82804
159
261321
6681
0
122
11
470
44274
2409
13041
4
4136
87
35
750
22
257029
8697
0
109076
113381
525552
0
31
0
264
2
23
0
0
4
89
0
1
242
0
0
2669
1422
0
913
69
119
0
262563
2225
140
68
17037
0
10
0
1754
0
0
0
0
459
0
0
0
480
174
0
0
0
0
141220
344033
290171
2723
14588
0
65102
642
4298
1000137
462
562
163
270307
46975
0
366
0
250851
0
552
48462
402319
2570
32
7720
15955
226
76
10
246588
17278
6403
0
157
5
23
28
7457
239108
90671
171
2154
399983
2392
999836
998999
140
44
0
0
167
314626
0
2
28
1086
338282
197
767
4305
8
720149
1375
2049
0
227337
176652
120919
3
26
48263
1003134
760
333908
1064
2410
4
86061
29
1
0
114
986650
770
86846
0
13291
160
1
1
941
69774
1
13262
23
79
137
346041
910
256
21349
0
130
43577
12512
477113
3367
28
264969
983775
315
0
265700
150
0
0
0
1000408
0
5
2527
4
5
0
0
248064
442
815
146
455185
0
1621
12785
0
232
0
94
0
7327
0
0
262790
0
0
0
102
4
112
724705
2827
0
4728
0
352733
10
85913
34993
273
0
0
6215
426
0
1725
416083
90882
1246
169437
1054
464253
20818
136
715156
1289
1344
865
82081
33
536
0
1953
698
231
259881
1034
1219
7178
1546
5
5270
22
391
4288
4532
18
78
2202
32
170
8
230328
126
2496
0
671
13
0
680
41975
2
0
145
16699
76
2345
13041
11
0
0
0
0
0
4
1
233
3926
0
63
40539
4902
1317
13698
0
100
48153
1
416879
122
3041
22
0
0
0
0
88541
254007
14940
0
9
8456
235
0
0
0
0
101789
6555
2081
411675
177911
265260
1527
122
259994
25
353780
1114
15
0
1992
1
86382
34
651826
256
1308
33
430
617
4
669
1757
238053
1286
0
269841
5
0
899
1385
0
0
28
0
0
3
14065
359
3479
0
339
429
160519
0
220
101
0
0
1
0
953
0
50
511
90598
0
0
233
2
3
0
134
0
60
6452
92
0
632086
6587
1029
0
4
1401
70
60
17
0
18
0
86
490
396
12
6982
0
0
1
23
0
0
98
0
39394
85868
254
68
262251
11039
326
287
562888
11214
2
135
0
70
17
263681
29
68
469
0
16526
25
1179
9
1077
17
0
12938
0
67449
167
0
0
580
0
1956
1519
103
0
28
0
0
0
0
0
66
0
0
0
0
0
3
151
0
1624
0
895
0
3
6
29
0
3447
0
50547
0
1040
0
190
421
17
0
250119
470
12785
0
344435
350
93889
0
0
0
0
0
0
0
1
0
9
0
6448
0
0
773
16
3826
661
1671
137401
0
0
0
344034
0
1263
331
288356
0
2724
0
0
15461
259447
4861
0
5
2
0
1
16873
93390
265
46144
0
642
0
1
9778
135
5764
117
212841
1
218
999836
0
10
453
1
5
1383
77
400760
489
257
86238
0
413031
0
2483
0
39376
402783
17296
0
1207
7
17
6329
1749
1
363
0
642
0
966
0
12002
0
250822
8
128
0
815
0
87853
33691
1118
5851
2462
35294
10569
557560
3
389415
139931
12632
628
153
1493
270294
0
0
0
32
7720
0
0
0
15698
223
2698
0
226
0
1507
0
5
17
38740
29
1
0
9
40490
579840
8
92
246496
17959
4491
152
7573
19
0
8369
27
1
275024
0
44787
3
0
808
205
0
457
4096
183
489
0
497905
0
2
60
114
11754
10856
0
36299
12
282009
7
361
0
13138
23
422756
350496
989
103
2057
0
16157
8
837569
12276
45922
997
268087
85832
4782
29
17506
103
999836
45
5
159
1002502
0
874
1000285
2
90028
3
328
137
37
62309
1
233
1
0
0
7770
6634
115
1107
28
0
86246
0
1181
14583
360178
14
0
1073
0
579840
0
0
17
2
38
6106
1233
6310
26
54259
19
1
336403
0
1
0
36
2
176
233
1
340
758
34144
6404
0
47178
7708
0
0
8
0
628585
0
91936
464
92
35
1388
674
753
480
35207
1541
2
84814
146
0
0
38205
403
271505
173041
372
20
86
690642
12507
629491
1000055
6532
149
153
50675
0
0
35
70168
0
0
49424
725
199
1001
3562
998543
0
26
510
248
147
0
599
333465
4
573
585
341
2119
287
0
0
4
0
0
47323
0
1
85908
158
0
22
143
1023
7821
342802
4624
388
928
176
1
766
274780
730
11906
1
1
16
1010394
122
14304
699
396037
7534
757
457609
5322
21790
746
20765
415071
239
36
25
149
14268
1375
1
6880
331538
5
0
34
0
36
4
1521
242526
0
1091
40309
0
958
412460
968
3
0
40
1
17
129
13933
0
521
4
108
16
1
83564
1580
154
26094
37821
0
47
80
4
345215
615
167757
1
949
4970
11928
41
1306
4755
173
5425
17037
338148
20743
1125
1031
254151
6
1211
211
281458
1717
8180
26568
12000
6545
67141
772
2233
154577
450617
4438
31143
87752
777
4907
3165
662580
11924
5265
69
0
0
0
279663
7458
2
996093
103476
1780
7969
6
712917
6388
8
5567
233
0
381691
2
0
0
343
490
263074
1160
0
0
0
0
0
275
4747
0
250885
930
0
259594
2193
7291
735
1998897
10
73
654
96455
1293
0
90310
25
1836
895
0
2
464
100
13046
265264
149
493
464
247215
0
0
6581
0
0
112
10
35343
0
345790
416245
2663
17
70
1375
0
4636
1
231303
0
0
229
0
0
0
46116
15
417451
0
121
0
0
159
0
86465
15
736852
1848
0
270393
2259
28
14280
27
232
123
511
0
2
0
1
0
0
98
9
1
3
0
35
17
29
747
1091
79404
0
0
0
0
0
1618
0
3443
51500
562
262894
351557
0
1
6443
788
0
0
0
0
248996
0
93261
0
1299
0
0
43234
0
0
23
0
0
0
11965
112
245
550647
142541
41326
0
0
2767
0
0
0
0
261
0
1
0
4732
2
2
0
2
351597
909
646853
1930
711
0
0
12
0
1
172
86073
39208
0
0
6121
0
1
233
273
0
0
0
0
0
0
16
0
998723
7628
0
1061
0
1
156
313
0
47233
0
0
1138
111
12558
136
416921
761
0
0
90986
0
84904
155
1237
42
685
60
3
42
169274
0
1193
2
2
1760
2505
145176
89947
405404
12338
0
12173
7952
5782
118511
1372
0
0
259527
716458
4803
1314
15
277922
491
6560
1597
1248
20
410
0
894
0
83602
1807
38
1
1
15
37
10722
0
9
1304
20
0
595
102
0
11734
12428
4
252
6
0
1877
702
220
93
0
0
0
272893
2
82
181
1539
349
4
717
175
2163
71
6096
1718
519
1118
6
1544
229
0
0
436
671
2
5256
87
435
147
22
41
267
30
