1109
6838
28603
2706
69341
6380
72609
9229
136992
1294568
16500
34717
619
70146
73625
895
182
257346
70102
71621
177
30782
1780
77606
85182
587940
16
10
2806
12348
145172
68647
952726
4798
11191
2779
75385
899334
224872
595964
4821
197301
261232
517702
3361
85299
3502
101485
69894
146078
29002
94231
4010
71072
1393
699678
25955
75158
802039
27
72809
77844
6293
70319
1120
150
4947
255424
3038
186346
572
149336
413
13
72829
16
7
71922
4281
29
69219
246
13360
107
66108
8932
5118
96082
12181
258866
72792
17
949
3477
210991
4514
143551
163
12114
72840
99018
583682
74715
2693
535567
3759
794608
148882
27280
608
2890
65
0
1681
99021
5
8519
7518
68605
1366
145990
71507
211507
9604
7
68602
1526
1520
79516
17320
806666
72599
47
4753
36
26584
84412
311
76747
82929
74798
72323
3939
1843
774668
76408
945160
2362
94234
138475
144562
766815
29228
5428
76771
217133
145723
521538
10429
3465
109714
528
71954
69977
967098
95129
2770
3806
202757
4660
19158
314457
1342
503611
107085
13252
230
68796
198997
73709
959
143242
302
14155
772683
4711
687932
81687
506
99819
4682
25193
156
0
69948
476
38
211238
75280
74314
25746
3547
3
5
177
21
399
94665
10
475
72041
206
206173
5217
3458
1543
69322
81
8162
514954
9546
1238
62
700177
26432
70733
796
1068
5350
28001
140983
17
198548
87753
779969
245
865
4248
8111
68996
3738
69500
73604
3492
3427
73378
5425
117
31711
25470
74901
42
25062
387
64530
6154
2750
69611
74043
1738
254674
97951
518201
5275
7648
331461
443
7015
1301
11
798476
66451
190454
10063
2806
391
684
545
254778
124
69957
140539
3762
1559
469
4764
146864
1362
10729
73
1934
341
876441
241724
400
71022
138386
1577
10066
6515
265123
63
746823
68
4
68425
3
0
193
68559
3400
1
2
27740
72493
4533
1583
502
2758
25239
67169
67905
1367
1310
185748
0
71101
115
10122
213248
3168
4073
68271
34
94311
117
67191
468
3866
282
4501
2111
4711
7478
4481
12439
8091
270
69849
1021
165779
69672
4051
10
12887
3095
518539
69574
872362
890
12315
138033
1845
6954
4770
135
3660
71514
70140
799516
4098
5
133
0
4656
3423
792651
889
482931
379
4675
97408
1789
69179
576065
67066
223249
3646
227
3522
407
68554
63
15844
25718
9860
513
938
79326
3392
797235
8095
97854
1235
0
68921
578163
70646
3084
1491
73715
870047
2099
4908
823
503
159651
10
526350
513582
12901
121
22
142540
778576
3356
25500
93863
181770
65001
19681
3214
615848
407
147670
29
2964
3529
147
976
733773
143583
138626
5149
145791
8
68852
67526
67966
145628
1576
69504
222
78544
801891
3752
73905
3889
32854
2533
115
5
3
1
73618
1073
6898
1405
771
16
7950
0
317
23
73334
3523
4477
237
518804
7594
3956
621051
73151
256527
70699
1296
574
4216
140542
5809
344851
206095
3803
5914
12858
9855
4895
4411
142
129
1848
687713
680553
286
4922
10
4759
3632
1832
27260
4327
70174
19204
7312
721417
140517
74624
5743
9368
137591
816246
86514
960837
11766
168839
704552
30599
155471
70827
71874
341
4247
68154
4592
16038
305
4571
27861
608565
26106
93901
31
2454
1471
11296
1057
11652
75733
776954
3050
5291
4115
104866
869447
77900
4002
73385
16
795519
481
683
146134
256
850
68520
70060
518408
1777
73070
71440
190331
74731
75973
3527
25399
400
71898
737972
336308
609543
5184
69660
144110
2610
2307
969995
4990
1007724
123
1
4676
28442
1340
182
74485
94077
294
6280
6123
200687
3367
678935
70847
4824
1312
3628
830757
98669
656297
68787
26384
3410
283895
137
1192
3425
68164
853
2510
83480
216471
3412
941147
142152
213894
68974
9105
115
70906
0
3052
525846
2845
1014
2453
12692
4712
322
5993
539
84146
142953
48776
951218
70458
69519
16314
132
1298
772651
878147
73954
71945
515327
138424
74679
43829
135676
872903
25437
1314
4914
79
94772
654456
254934
4043
73850
143758
72883
2603
7576
941284
4946
936792
74970
30074
5200
888729
76573
733399
53308
79192
18220
72537
3113
204724
282394
74849
73491
236600
9664
218
0
133386
506503
103413
142163
84611
75484
2029
4889
167080
196570
679045
2469
22463
73610
33
73606
69456
341
147574
170560
269290
73371
128
82296
4286
10
5114
146
3284
247
69836
2325
75613
3612
0
2188
1445
73358
61
919
13356
507339
947020
11816
718325
26200
138796
83420
70741
1254
88651
8276
745520
143208
77506
2395
83933
369
76589
68139
422
3391
9541
16
69868
25383
1488
1805
205993
178073
94559
180044
704
14335
16208
73849
658754
327
646
1644
73092
77365
10626
83105
3499
140269
168446
1457
486
4502
205
40
43
1
13926
140367
71279
141927
69032
3929
870588
3192
3534
68900
144167
176
1364
25502
219650
74092
69856
1
98036
10157
3704
487
200858
97125
20
73316
1181
28241
0
243
41
182
10
6714
69389
9567
14
56
1678
3002
5
489
97687
209
7990
70142
3974
1
9780
126
134
1423
257
6386
75606
310
33
198
1554
1510
5
256083
138929
68271
905
1498
9382
556
15
511250
7500
74975
3383
97
69430
252
66247
3757
124
4868
3542
64525
141
1330
583596
198255
102366
30483
515482
3506
73489
68529
267
12822
983
0
3447
1219
922
496
13228
3411
562
9773
209
1204068
4034
32380
148760
56
796768
32006
76602
11311
650372
2607
14012
653
75640
702770
685
70179
187997
25406
140112
1459
69154
4252
74549
1131
34801
2698
68155
26811
488
142225
586
503
5186
25
16521
150949
191104
141903
67840
638
95768
3931
242969
939610
760596
136314
138975
68482
74326
71751
112027
858
77546
3381
4687
4670
6252
54
93542
3821
74539
1911
300
176
146817
365
2039
4720
143606
31315
2
4149
233
138373
73413
55
35
26885
46
3406
73
3715
3387
9769
367
1442
186530
4817
506731
68023
5435
67653
831790
69249
1
3691
118
25595
209
37339
833
475
202
979
25403
834
72780
66417
209331
4034
111644
3158
68928
68486
96561
733
26239
232
153
4996
218368
3620
767
140
67024
70475
2329
19446
68887
4687
