34
19510
1665
2781
3921
3604
12379
355062
249
63826
19508
7595
0
2598
9883
50023
555
774
168019
34718
915
3413
103944
2981
402609
240890
4383
1185
1617
631650
249741
59048
7561
813
8214
48
144443
1142774
769925
469362
288011
2595
113852
128852
956
244044
105751
53962
199
1374
457
130
79034
836
781
51271
101228
413193
1942
78
651
6970
53731
822
52649
5
256857
0
667
415934
498
1592
1649
119
415546
402
0
1489
77708
322
0
208
297808
272
585
8095
16462
336778
428
13650
343628
53410
3940
2218
2358
530096
38
0
182557
409676
249840
735623
410775
1757
187
205
515
50381
106
142
478
1182
99
247590
330
455499
387067
114209
83017
279682
328379
2668
254909
609
976
66130
244574
76219
15216
590561
776376
464142
462
614
1642
236665
5002
7568
240693
171
1197
96
19102
1072
208116
521865
2392
4952
335849
370023
67113
674677
47606
377047
413205
664177
2362
476853
65108
273
399590
11618
14910
591688
104190
152777
362293
140556
99976
61620
4136
4435
14890
3
361603
350398
15
241771
193924
47301
87035
162296
248703
492169
2344
96734
294
295142
172
1423
2826
52904
56214
33
59454
0
240
147232
530645
47769
39
672
240482
55
0
0
150
74319
0
39
17444
63675
1690
65706
909
52
994
174232
129794
28193
1
29850
50694
897914
102315
3388
0
498368
464
28370
370966
50415
310765
14088
723670
31441
228
136
27
115
0
136664
0
238029
806
255138
399483
38
379461
214738
23
110
629
244769
3142
15607
4199
102751
52566
49121
2
181824
1902
5
10
366801
15598
241825
0
907
266634
0
0
194705
501660
1558
438007
49482
99338
25
111
207
14834
101974
0
95
122519
0
148982
162
29674
1125
0
123
728
2
414989
139
7503
215278
147707
1
1292
108
0
3271
207
0
70
269802
3
1013
0
1494
806
77319
47
275
19
0
81
1614
162
17
210
0
74558
6
269386
59437
278702
359687
48
21480
27764
38
1805
283
1798
169
1794
679
2906
25297
62288
2526
38024
663
172821
55
532111
163684
951
245
51647
6027
13828
198767
811
515
104012
140112
240883
1434
109292
481
900
240172
238435
133987
3406
11
140
214
154
2012
13855
1977
123084
6232
327221
27749
365879
47993
372392
1
68432
38
1
912
33184
0
108059
178998
185
4468
48
0
409442
27358
468
840
2110
248438
75
4029
1149472
281
445966
3092
96
2518
124232
657
418542
0
5901
1
811282
18
137
164949
28903
238867
1017749
7573
398750
1057
250654
238479
78655
0
660
1184
249998
582
117184
16128
488
4367
14888
333078
225
254693
134034
94312
1665
427
2
711
97
1
871
5
248026
52
1906
111250
25
323
455514
634
208
28
386412
551
98
1807
43857
744
346543
6798
81087
49032
3548
90
118840
241687
261553
496
271419
535214
2148
63
1140
190804
51333
189
10950
126718
425794
14893
49836
61
3297
57060
369
598
11
11
2675
17
47048
58710
377858
0
2496
1573
37
207331
106895
15958
15451
1877
234006
1021
297332
292474
4260
50593
380660
146922
649463
27643
2228
20
490102
996
539
96
1004
1
0
188
107888
592
329
279
39
1644
23
501
300801
35
4410
2062
2002
616101
261
0
79
7746
242241
325
393504
57408
869
60494
517942
49119
1031
416482
245759
57772
2867
107
121405
487
967
152
1476
437701
948
10
74461
1033
360260
954020
225
519
68
141149
19467
419679
0
441791
2591
996504
86
236
371079
90255
139139
252272
51839
168218
122881
242954
1421
4560
157
571817
15029
111509
10
14448
709536
933
352622
11458
1148
78
241595
20512
370444
600
44806
50980
1629
738085
56569
235
426555
489173
145012
15739
780
194
1454
268
224723
476115
1509
174
63951
1540
612
273
40
2
2011
447213
272238
354716
806
1053
27446
10550
240071
20314
12512
9
905
111249
58629
892046
11
1530
1096598
0
0
513
51058
234206
247423
243381
577487
812
57144
2672
325
139986
1422342
54744
341249
5306
53675
541
245609
287267
41802
11832
5727
10205
15210
231216
11837
267577
61676
125
52243
160
4644
6
0
198691
98705
341815
641104
33243
103806
101
1750
251783
48302
457877
47409
94325
51553
241745
398500
135821
281882
59304
899574
27501
0
1668
57827
47256
0
1213
54487
32194
413854
158993
31944
324
1606
30556
207532
15003
27340
232
645960
582
488919
328925
62881
246883
420062
25977
14608
497700
268864
361404
169696
319
776
2916
50980
246450
266
26597
27080
203
98
0
69008
72
52535
133956
85773
86543
101
159
98367
2342
1197
213
55304
5
1
42
24589
5997
6320
2551
56416
108461
0
0
1312
8
2
457995
47696
206
142
552829
389
10466
133379
40535
120261
342282
1
47608
236053
9
35
39
883
73072
4
0
577
103
108
7858
403900
207
282
48
440
22178
203
47047
368
421
56453
18
17
0
0
20
558
20
10
251
74533
129
48313
932
47
147
0
67
50279
1676
27295
82774
28180
182
0
63535
94319
228
283
2331
155079
0
64035
1801
593
627
178856
1044
55282
1538
49
186475
78060
330
2290
172
117
23017
52291
91
91361
80739
250090
57744
2417
0
274818
0
141
14
38
0
158
0
636
1455
14
28630
97
147
944
51035
94363
755202
143045
1919
15287
0
290949
205934
1081
58036
95037
59282
2420
38
453
247589
41162
191
64185
462033
93373
254
10212
233
32
62282
236584
230
1608
6765
73
364619
16570
49431
20730
104095
905
311286
1190
1137
1038
31789
18022
60671
27240
695581
30970
60763
659
2015
1440
201521
39
56779
3102
56858
34864
1591
251
111578
392072
292
632598
1997
0
325
175094
329
810
189
245559
3516
42
27228
24
136917
415457
676
0
1
0
0
438
239158
15
533
86043
43
285477
2127
8168
6643
345615
13852
9051
53585
28
0
11
39
678
380108
141
6
251940
0
50110
3663
283905
4428
307760
133141
56
111
459780
2023
1002
274
813
55350
296
117763
587148
0
1618
582
5086
792
1797
14061
10158
675
1032
9829
20126
4496
164377
104274
235811
616
2980
29529
321615
946
0
126932
100112
36
0
2149
3261
203
98
358167
293205
132978
108992
1042010
46831
186
1905
80793
37901
217
226
235883
125
184
321
170108
655147
735
18698
37062
1301
118507
300641
32307
186
170
0
5
0
0
1549
51668
27895
933
2992
366
1077858
57
0
0
187
1383
50667
1
367565
11460
49495
167307
102173
3
111
650
59
48802
0
93
1569
0
221
47458
389874
27650
967
947
47456
773
6962
92392
142026
129
20
72
47067
332
51724
0
47894
8
2052
362463
1214
125306
852
283764
581
27986
2352
5813
340102
0
0
2
1638
0
638
240521
682
81731
120624
543
359
1773
0
41590
1
135859
236797
53298
420909
27578
196
15
67
446
4662
3
29702
153818
6307
2574
1097
3883
244859
56628
1435011
140988
228175
1485
520125
50270
64152
971
1328
458
125751
219818
80
12
197
336
6177
414824
55
81990
245762
4203
18668
124050
2821
1647
634
199516
235897
198
95633
676
1073836
58304
101
612
3003
50469
128618
1436
532014
874
4427
65045
222779
576
42
30047
456
0
3322
0
617
9
600
1
206
11
0
0
0
0
199
3
35286
94758
1073
860
125184
265740
270
19
670
47
0
327
132
566
59320
46
1873
27400
93
271238
463
1681
1513
92766
33654
173570
0
34916
356835
329
246444
47
678
1
86513
14
78
12
875
719
237841
0
486
203
2619
41
13912
222
2740
155
1606
371
2
1877
29
47015
161
59051
0
79648
17
0
51450
47833
0
0
0
84
0
47032
47380
362350
280945
243324
2
160
91
0
267533
15
1099
3023
570091
261400
393
0
46
84546
126529
195525
173
348
361751
3
24805
41
37
0
21431
88
62
1
57992
159773
27599
447
0
36
0
0
16330
10
294
134
49825
88
1666
153
1194
1510
124368
874
62
46
2138
0
550
1038
2415
1587
103
22355
218209
13036
1227
14802
243179
2598
4862
322
19660
221239
48039
13981
528
1872
477254
6521
3543
439
817
242700
128002
1949
46823
89819
193
696
2059
2201
187327
57572
17
225
380
356
1798
210
543572
11499
135536
163109
144841
238287
220
0
48851
51181
5
0
0
14167
91
58852
47887
597
124973
61
6658
51766
1015019
372722
3142
1317
4
331671
2279
357181
52946
215
563148
900035
294
430
640
27
243408
0
104207
85696
46213
5376
0
381114
14067
128225
264752
543
257
335
233094
970
463082
124
4327
57310
91243
0
19085
52
28488
56832
1890
229
17
240040
110657
635
3652
238316
478
1
133190
943
998138
219
176461
24
13607
285
0
658
58050
1
82
13
43
134
14
215
9
117543
0
6
903
45
1
15550
185089
2234
13397
494904
567
166279
3944
0
77714
49980
254428
1712
493340
422183
7174
9350
1432
0
10
372949
160250
84162
429
4
419798
1
416696
0
125034
140764
236780
7121
47222
7258
25282
598
1292769
528
245149
0
0
77921
344110
290241
423507
81678
239958
1977
31
51534
0
1673
6837
0
502
1743
612
47
0
8920
0
47838
0
285451
50876
198
699
19344
107886
0
5605
167
369376
159
88196
81146
1071
6
418
386
4421
0
107685
132273
23138
47065
166
59
562
0
337883
95520
5113
112074
27286
86
53039
388
2929
281817
548677
748392
370700
389
1700
875
9561
114371
240825
117107
515
13871
1456
247553
406
1
74
0
1
11393
90722
251983
79
745308
48798
360682
574
197
352917
4556
540451
28
123781
108203
256008
0
369953
215
124695
95
1337
528972
129878
7250
900553
1954
777
199
222793
0
1183
1
1
23
417258
1748
642
49180
272
2
568
28
1509
990
179923
406755
0
9
2
227
1821
769688
222844
1648
6
373406
180539
103039
50323
76
36
109
48855
16998
109400
159781
16215
14207
3669
98
438117
292674
95
28517
57456
185
1069441
1699
6909
91175
5493
39798
236403
71447
513390
17892
2029
1735
39503
287395
437198
490416
2192
1428
132
4
239128
267
714464
4
323480
278204
4415
477352
3061
237290
1494743
81170
36296
1637
42
1372
82
494
365545
4597
440331
28690
4
687
57310
1
128083
77677
222812
1546
1
208
15906
4
1997
467
62
24706
2
59
5877
4355
109394
193
945809
14777
6374
466705
1733
84939
708
1829
373297
50840
239487
195611
141308
15564
178655
135654
194
62046
0
93461
241178
418
696
9
112155
247311
726
1358
663
17
3721
4614
703
337
713
265239
116218
303433
136
51598
79326
260795
2
42861
0
131221
85904
117149
133337
153
867
68
2
2021
2
744
999816
248350
111851
314
27
1076
65
0
377086
111
14
111161
1402
0
716
22
49541
5960
93685
33
951
649
0
455079
375
207
14
27
55
1268
98
0
57918
252
1
31
0
230
406935
421038
5971
2008
19
799
4
560
97
0
525
65932
568
238
1820
47
70
2
122
43629
94
281
668
241
49836
241101
1238
56784
1
0
117518
7020
49733
80422
7
108
587
755
220
47491
3557
13
1309
14
7881
0
214856
45
80361
1
37780
0
42789
1025
2
256059
184662
24
247155
736017
436
68
405
3422
232322
64074
24236
36098
303041
4077
1158528
547
949
424
366495
1225
1
155810
309723
78
96936
713
248946
94202
86
57601
130873
1455
77297
20
4653
49191
47
125
50073
47
56697
169797
135216
17623
124234
19
2791
1750
37351
226392
630611
51565
414505
241915
21508
12
291998
729
6406
6230
78
95
80719
9762
8935
5633
17
1422
6
52187
714825
104418
1021
6911
317070
188
513
324590
47211
20
50335
0
1322
252522
21
23262
62077
206
5
1578
3133
0
4775
167150
747472
2
126
1368
603140
2665
1409
0
4461
57173
37491
648848
295047
96611
47
586
318
0
267147
0
604
2061
92546
46478
2976
1941
598
683
236170
3252
135961
2601
7554
72901
2756
3
151397
1203
56149
4318
13693
3644
732
12019
48324
7974
35811
1426
7
501818
5353
1479861
129955
339116
1023
2324
406444
8285
294530
366853
245682
44563
59305
1712
813
328882
3960
417
0
300
103
93920
7302
314684
1833348
1320
240723
3048
348303
83828
18986
65447
654743
720114
54074
403117
27092
115614
14994
1536
115475
141893
239955
74312
157
1404
80685
898411
498849
36508
24
288
374045
300838
541297
132480
105924
182847
667
155706
33
1020
0
120832
1135
86
220549
942
3277
270479
437
19
1409
2
616
0
90
1639
503
109
51548
108217
76
55
0
83
57518
674
255912
33357
62047
27358
130
9234
22
416045
740249
8825
380857
250785
2339
116199
14772
134385
1
0
23
0
1766
43437
419
261855
353948
241007
7892
51292
15
22
2487
118178
125
1670
7524
1203
884
515
353
64912
2486
9
755
348550
247151
122004
421253
0
858549
1931
1921
317345
47813
93
335
20
253314
256141
44
246812
29606
7300
1857
498
650204
27957
248225
56212
994103
439
272219
52264
121560
4588
12664
499422
98557
4649
266886
6587
1097
584546
411
922
0
0
2068
104102
887488
616234
266778
1951
203
1230
955
47302
450
627
107509
1318
2
416422
47718
179253
73385
10
172294
22623
48060
56472
7
397
47
1741
79891
469
154847
397
55221
0
359
50586
178880
246798
160
0
918
96651
294281
152354
248267
41995
103771
59
1645
138867
1810
5074
246
501
2843
111847
663788
174701
3682
27555
415334
1567
43
468
22775
0
855
80301
132875
461758
55843
459925
1675
11031
6929
354682
1627
1621
2897
185711
1197538
117558
236670
399718
154881
379
5
168
752720
1405
379270
2
853
112
27474
682
140866
96
1951
127896
17159
1384
0
324132
113
177663
295259
515
158127
8622
1238252
490480
65027
127332
236
247640
2378
6045
943591
53133
299288
89848
5892
153
11
0
14011
124174
887
0
125
50289
242552
315443
247064
86923
585
2906
351
2194
105831
79748
219
1
252854
2
16
617063
2611
1691
24913
135
168005
0
343
506
122851
392
2387
222021
35651
61703
570
361985
419
89275
70457
259
3696
287927
50928
0
176
1749
150842
1646
1512496
2
430
49664
15139
109770
368172
20412
28012
110527
1955
0
274
1080
0
117348
412
15887
659315
51722
382315
185
3990
230186
173043
5391
897040
323480
810781
1959
2114
49
23795
242667
630
138135
122807
158
160815
168
89
1480
330193
942
423956
13853
407
18292
1856
454
245813
609271
14947
129833
5169
120
584
783
58205
16
74925
131727
182
165096
3608
56618
703
1781
9369
5041
677485
228
958065
240255
396890
483
548920
113
0
57
7320
204
848523
7298
373559
152741
242478
8
247912
1698
5540
419564
311642
174204
203270
1955
955
1546
125364
1345
5588
94456
148
73
9
233
422106
818
486
738
2
301
266
200
49393
35
250
223890
122
35
474756
1381
1865
1027
366118
49988
340731
3
2447
79
113296
47
21375
187
6606
61415
11
47952
86059
20
50425
0
1559
170708
136560
0
40666
624
2
1690
234
776
588
38
5278
265355
4034
4129
409387
39934
418
282390
716578
9210
425165
4216
132047
977748
1521
1158471
156501
690
695
560
1408
300
47785
180
376605
147
4242
1
0
21785
167820
10787
3863
43982
239396
112
1173607
47929
388038
31332
615619
993369
240910
127171
534166
45295
26975
669
546
1897
805
133
78804
54963
354765
1716
152357
54091
252
128199
420054
23163
73558
526249
720
46364
240398
3986
98
43
126680
82263
209409
1111839
6428
37537
5406
0
7
0
48832
284
84
0
91
8417
359927
46685
52610
116777
300
21
1468
118679
31643
337656
867845
257069
718
7205
266369
203
259058
5744
95737
121467
12444
607300
380394
0
5983
1023
504554
106571
2372
242
421299
501
812
37
142
926
205
60073
31842
309346
42441
899
5551
277922
703381
969410
877
47193
43820
22612
44964
488862
1501173
426424
147
4028
94482
2422
1450
81388
268478
5304
310
367842
8493
93889
492443
162120
255567
379253
117526
127236
997
216753
413578
54374
983928
88179
160904
378749
25097
47271
88530
493102
68896
34380
30345
111347
2622
27136
14997
29257
8070
48262
235227
110994
523
3979
4638
11393
39382
52192
309673
5551
243450
292845
14705
62875
2053
435760
46067
501239
29
921
2074
7587
52804
416305
769
49404
108
502
60421
47
330
267034
0
195
2
110751
68
238292
1599
1264
0
6092
243518
194320
562496
185308
47951
34716
151452
70888
252804
94820
440034
349347
165224
157371
188192
78852
157019
450
425383
3
635
307
96
6113
472421
4480
443
29021
33152
389096
390523
482296
6902
251730
320611
478967
970865
3754
63718
74820
53916
748054
24297
65852
235
2607
436183
94414
874
0
2131
92245
97992
33
282
3139
297573
499970
502
46793
349677
1180
1840
5
860
135091
665
107951
540908
1160
5921
656
481894
4885
16902
235319
903351
248209
459272
445181
3791
27347
6284
57564
20
0
49185
330
2197
38
57413
4
2
114548
11
46930
237
547
80517
61
45510
61857
76014
0
2722
1
1211
255766
10150
53826
2
32164
29770
238657
0
409053
1572
4699
717
3056
154846
3005
520
2231
290018
891
311
1
302
153150
2054
1512
19537
1775
238131
4
36346
1667
158682
26113
581
50278
34275
231522
180883
56
27249
111594
15
3
403
23
161
5901
570411
96075
259
248904
2170
4195
245190
486
882192
1187
776082
103471
323359
8
8364
186535
180341
951
158322
736244
451
0
282043
13705
4201
10
426517
146558
463521
1210
33724
70705
253542
233
58
15270
332292
200
343625
134
396995
3
557941
32673
239818
2196
471058
349
74704
5494
627403
50260
2554
27424
200067
359979
692
2739
886631
132
40
3297
209985
62714
140929
370
79884
268731
389969
1
515
1478
106221
2025
340570
283146
15409
154678
0
7676
245612
310
707415
27884
252
55692
6566
46
0
4
98
1143
16
92845
6465
31
240532
1540
69684
472644
16
50963
1746
4506
468
479
259
52465
1117
133784
30583
11
724
1640
365117
36007
224980
415525
87631
707302
389867
370
1847
939
2
236924
15459
231368
156
97006
769
58351
7664
230782
53576
16589
22204
333816
21133
47273
109
2650
401228
85243
8058
953538
62939
57078
1137
635
191
3838
14683
49040
827
265
237972
654
13825
75240
78062
116009
132
238
699895
58712
291817
14281
6235
1750
4375
18286
245237
51521
59022
9242
56893
285
1233
77998
154510
599849
273860
1662
0
582869
837
0
838
14648
224329
28083
1313
231
554
86
0
348740
3
129472
399
1808
43
100750
648405
3145
14935
201
177193
0
3148
99012
206
66
173
0
244
27285
280138
21616
2419
20045
39335
533092
28
33
1341
297259
371904
0
38575
239134
133194
911
541
0
45
46689
40891
364
75917
140476
1043975
239085
247632
16674
248145
95093
711
1364
111561
888
52
133
49869
218
6446
252
315249
56596
3
949
134870
362
220
240
11
500
102
107643
231
0
613707
506
422565
126955
467710
199
182
71890
4444
475
1568
14
93
218
111444
10
491
585
421849
61163
4254
0
290
636
27621
30
3654
162
0
50918
188962
3307
1583845
397907
49971
20558
269
3
253687
431
551454
1119
266
271
885
443552
1257
27713
110573
244385
1294
3280
49521
1675
133876
325
14
41
6431
2
502371
254
57856
56670
381
1
13
368
0
18
441
207
49201
50244
6197
0
94
287
55410
339
24095
187
953
15
38
652
616
106
56624
58352
490
135
20
1
2
11
440
103
57325
1289
113718
1581
7554
1818
189
11
204
0
78
46830
900
28
449
10152
359010
107
483
317
652
12
10520
48247
298890
176889
1108
418679
511
1727
74
13681
5358
32191
0
1558
62291
166
13
77283
52
0
0
5
1531
396
50289
702
472
2049
1638
1
597
10
27222
33
308
1105
70448
48368
957
219867
6348
2
10798
21681
137020
839
987
203846
2
492
563
0
95389
0
54
18
30784
62344
32272
6
290
0
238838
458
313
38
0
0
49194
47067
605241
92
1158
154835
2065
48
0
27
48154
0
14118
50064
888
103
1316
8720
5096
147264
500
110096
92211
45522
151
344
1714
11674
446
1
55184
173820
752254
484974
0
435
328717
288
24020
122178
939
0
58488
3
4
6
302
48
115
0
10
185497
223
78063
123692
43
152879
552
324
6975
49639
0
213611
240326
6392
1952
1
79943
19453
525
32
6
24554
559
134944
274
238752
41
53227
44
0
492
1435
767
29291
13642
77417
7255
94313
1
49130
60
281850
222
6400
440022
4049
2
1782
82970
96714
6138
168105
324222
2851
810
48345
480899
753811
202
36005
0
223974
0
438
5672
179827
163034
51057
185578
68
921
0
7
197
27176
80517
0
0
58
1
111499
74728
14
37258
488
0
0
3
0
28133
0
66124
3
64
26
2401
12
0
4
203
160
1
42790
247432
224
70601
435964
291
249291
95950
0
147
46
816
325
6428
240832
241763
20304
11274
766569
238900
223
94561
1838
60
749606
5451
4343
244803
327
142286
436
3780
4301
845
54563
23053
271819
423619
412417
123
59454
0
5713
638167
71234
335495
46081
197654
1130
44227
139346
289701
119435
215434
274881
118
118
3837
57763
1984
416127
1377237
218893
1
0
136007
109766
1553
1607
2647
176694
1084
268
451
133
85204
244478
3000
192370
52052
135
1228134
1
758
92939
0
0
502
155337
27
96227
255497
95039
797
276723
8
71
475283
809
1178
224917
3038
1403
10203
27602
614
229
244682
253613
6467
235332
50
125005
238270
530
18
562
570401
25024
1125
59300
1160
59486
12
233086
111685
55314
1260
365
0
70408
274146
141
136467
47192
6601
344
474
102
612
53006
1488
2714
379611
96
49187
0
261183
86105
1081
27
217
0
49450
124
132
341065
70392
5577
103907
131
70
713
269877
6469
422
539606
156764
1530
311439
167128
715
363591
241335
179682
2323
1902
1562
45852
239741
126688
1593
0
55
30703
924
2244
376839
111816
328
7239
1615
77
60281
441
63098
5600
68019
6390
137082
1083
1013198
89691
1174564
37529
98738
109144
53160
6486
53871
270744
1700
28647
416346
936
87905
0
1889
241861
14357
218542
110742
61121
9819
109
204681
350600
216648
339276
7355
0
95172
56678
89
565
1303
421892
11078
463363
63095
0
56725
0
130
40
44872
46
1575
3330
245976
43022
21321
7285
26838
408612
111623
106
20557
53569
602699
6277
20740
27
348
6196
18
0
279078
947
50877
383517
461767
41
140693
129663
129038
15700
953495
1
1051
12
1985
52385
1
3587
174309
713784
2681
85
50458
54550
99102
5588
54755
1710
535
1565
233
7250
8
245451
992
659650
147524
131002
3
348047
15350
41
504
54
329357
39050
701
137219
766
71
30261
16017
871
2363
141608
8
206
92
246315
466075
564
0
224
197
13745
6
696620
23
93
28397
354581
136341
1
57491
1
38
0
55760
23111
107
58407
10
680
9874
382
667
294949
558
5
0
0
15
1500
1067
510
9
136
2893
95
223503
487
0
43
658
0
290360
1346
6
539
158088
93434
10061
251
993694
128835
226
0
0
6476
633
450199
6394
460
135933
1554
1844
0
13863
316448
5096
592456
482737
473261
29
186193
884
872
7
75086
0
50686
0
192
12
1839
149
54
4233
239252
0
27
57667
1593
39
168
37571
275885
0
753542
22
20
525
192
295357
52179
96811
47
403
36710
37746
54628
124296
133448
297
10
1
126005
506
53052
0
11
38
3611
10
362050
155785
92064
468
2953
56
4436
0
4180
313986
132336
222886
30110
60385
183119
5880
270674
92517
1529
56600
10255
289214
175976
1864
88055
273
3159
460022
708458
3051
2427
1562
53285
469
4566
340815
38
1264
95
245
1469
0
1665
240265
57258
156
194
57151
0
979
137981
2
1504
1160
361047
436
7803
530
716622
131477
74879
91
61
235232
880
1905
655
1163
491
318
98678
18
58803
1388
1781
108854
104076
16621
1295
4255
8659
320
4728
55221
2706
6984
246280
6377
80
1937
13738
66031
3347
13197
4364
240
