31452
76507
51471
14885
18244
87239
25284
584184
17143
126991
46596
29436
10710
19376
33768
16268
5159
17565
537391
20709
9532
110403
64968
238581
568542
48829
64621
137360
62836
795605
432812
80479
90750
70100
198082
13062
347821
863490
1165487
325412
465238
58118
243641
42054
64774
228388
206727
90820
12435
31874
22436
16069
22010
256971
27064
31717
178359
632464
22508
56082
9646
109632
26693
6181
14452
10171
147875
7916
72062
577304
9670
44511
28674
10351
756660
10158
10564
30386
6249
34202
3533
25369
160715
26860
20276
145999
41950
343693
29571
30111
155776
83445
25393
295957
193201
532463
37918
2784
209651
602488
419910
354418
679329
52463
17228
33359
36234
65608
27670
9907
40297
138012
5878
492775
167389
33205
658075
314781
48748
273812
338868
412165
352122
110380
32772
134780
158663
78697
143296
723419
985412
154196
40253
39685
36100
216575
69349
188340
223980
70258
67787
10784
25473
144095
237101
750267
87939
187405
193880
500821
36615
624453
212635
542299
564309
1284593
112405
283790
47856
43176
600843
41119
29322
68993
216916
423906
612830
291423
72342
150906
106911
154727
61547
109145
134990
406792
27818
151334
125172
55986
190550
240465
118299
485120
207557
127673
99577
162248
125789
143508
179153
22543
17975
41781
317187
12883
101986
337411
778859
113113
20598
79930
55773
21776
10929
13844
14508
582206
7750
59029
20918
36089
17813
234342
18276
75357
29084
7420
283069
3353
23158
15407
18223
343859
207392
151471
12576
20457
30475
116456
684266
53698
274924
68327
737921
25027
25942
8740
29689
51659
16090
305784
11592
322644
4031
607439
637767
25122
633071
147554
9564
4439
11022
128243
16145
96294
10023
32246
55447
16838
4533
21883
3853
16268
18397
581487
38055
134426
4581
14599
658274
4959
6606
26010
74720
40603
350841
21020
256736
14751
10620
2714
4127
25446
6284
55153
175238
17748
185312
3912
133046
66043
5703
8282
32778
19709
728989
39277
20850
318731
29881
14970
24226
7729
3115
58152
17786
36524
35646
216772
12959
25009
13714
46998
47498
46182
53574
80290
19991
11834
15738
39209
72290
19493
27333
41591
2636
21032
182449
65118
161545
357024
23135
22357
6653
20075
17928
23584
26999
15707
17253
26853
158860
67931
34623
140238
64788
14516
30936
36183
900001
171169
38059
40718
81149
181261
82946
238830
28504
18488
188464
395305
141159
231083
36113
12668
81095
38353
135023
110724
60873
7857
12616
8495
117017
194975
80651
170440
403156
13766
506104
11557
172507
22875
380015
12741
201483
15378
1396
58632
37897
4925
44293
186499
16695
33216
31288
6592
615820
9784
134746
19200
176528
372650
4495
65918
1014061
9469
513035
69397
10829
141347
13363
116765
585746
42973
50440
8438
431287
43517
24000
505595
6889
278446
1018968
171377
637160
18871
662579
280539
67623
25244
17770
25055
514741
16654
49894
19481
81803
11979
26727
495169
13823
211260
236566
22674
158051
26480
40420
11288
21739
20291
23038
8055
463261
18816
219711
107203
126991
67170
13803
8815
19471
7086
634504
26328
72832
17132
43754
7932
406090
33393
14169
69780
58294
15007
69955
81333
272272
94688
101476
764891
127365
44764
207763
157338
60229
129676
213692
195960
592108
107979
83389
41962
57051
80788
24251
16809
39656
2831
9013
5210
135923
14657
209333
15433
130643
9053
128001
271680
17962
55297
85417
56139
246285
51530
277737
458639
78025
94192
671187
466987
491358
38421
229637
25164
42332
221298
9190
11367
134640
9416
2803
2679
160011
11087
5025
10414
42344
32513
159132
11719
306392
60011
149497
30853
41496
703107
14828
13808
15871
203156
322883
26964
366422
199513
283305
55047
372994
46526
69442
854047
124484
469399
20033
2579
82061
190820
28161
77517
120801
508423
164745
8683
50495
27333
549580
578077
25660
100312
16604
372948
25110
396081
17865
897331
148320
1095880
1813
29478
587583
112884
17046
187594
23979
392979
70843
316995
128417
59657
5227
854256
27183
203794
3318
19211
619139
48419
543420
242912
140509
25753
375848
158978
240539
15498
91450
110647
44452
1092331
68205
10223
722582
855792
558289
15237
167931
11193
78087
11650
439235
276444
17265
56440
41836
66869
69171
11084
61042
25778
151198
535130
422190
718323
34462
26403
37873
26729
214468
188266
291699
20779
45325
22795
99750
726139
42780
38043
1200650
8196
6272
58281
20730
399759
250963
177347
1001743
74544
258597
98883
72376
202481
621368
97981
105336
159804
75924
16531
224253
136112
205446
39171
344118
136692
31644
158586
460071
200894
25880
42527
81565
13036
38830
25741
11738
235399
204899
348473
579638
400295
155236
12387
173877
187033
26885
181165
46323
21280
20475
69011
719532
159784
123566
36785
358988
38053
26191
30677
167392
27329
15509
19481
176075
22869
728107
198097
39499
48815
60341
22402
95253
58895
20849
14845
482077
63262
224277
254199
71580
250174
239428
129082
72378
333020
384151
493232
736232
34546
164867
20280
120883
137312
188775
25809
38561
25036
32449
72025
75734
49535
91977
83030
138141
76978
18010
5463
21260
15551
11667
18725
14381
14487
8724
29594
5643
48829
37706
267570
31426
140867
14547
3317
99000
9921
7258
31427
139451
14675
40017
820915
216269
99900
107635
33402
325505
474762
46614
24965
384532
6288
23460
12859
52653
28715
24320
4155
16911
55621
92429
7612
87901
10404
16659
7856
54138
14151
5674
28301
58763
45278
181535
7381
18813
21186
6792
17198
81697
57399
29280
74736
595890
14239
24764
9298
11605
2681
4493
6070
5844
74382
35168
17753
183165
29342
3382
21387
36507
38905
48889
21623
346551
8465
45261
160237
77422
53114
9895
20300
168529
24355
24747
62829
44737
84958
13439
39275
12439
9378
12354
4376
13177
11968
351691
22788
54265
7897
199919
846
4018
3538
36634
10697
38270
1285
7605
3662
9128
81388
84792
16473
135678
16890
42934
301956
84788
11701
29553
18587
371761
279938
36291
9139
402422
38917
22906
8050
16202
171313
49787
6712
60628
20019
233469
66391
377406
32207
43017
37019
502990
14666
67547
177663
68217
510700
61232
12350
23851
21176
95838
256428
137763
111752
57667
34778
204443
200637
70017
564673
260476
59204
64663
36102
39441
150826
32785
40375
44230
10525
69909
13700
76964
119847
465666
46442
701397
110302
35156
11212
253737
8850
154622
25382
481089
103592
12908
2947
6650
364149
759421
10708
34405
16114
2407
4571
13506
358339
15401
3716
30828
12935
425342
49047
170219
195487
626423
35645
65186
97824
2545
3340
17269
17178
11885
716702
23044
19784
400150
32659
67156
17406
412849
12900
441512
93051
93651
2380
13359
15932
45042
49131
22944
95936
75382
71427
42574
10812
131026
7943
50639
20332
20005
25572
76018
18445
9904
72032
24669
7653
509910
29522
42591
33463
54573
38308
436127
19528
15737
28388
176692
10741
8279
25652
35351
9622
49416
320279
142612
251695
172323
834235
18589
3893
93363
91397
65047
35832
60873
135390
36725
140631
62654
273659
1051882
45152
48495
231762
14313
209270
78489
94300
115580
26377
38182
37670
6078
904
1395
22663
5159
4628
25669
69995
1026480
3111
8792
9898
24078
13754
12203
2826
587961
352914
24474
28386
22258
19774
50054
19343
90453
16923
2061
16023
4621
40721
10470
1965
347234
6513
5534
38223
16585
20121
94194
15659
535757
11280
14123
6120
84630
62999
96186
1374
15902
4283
76596
538174
11496
58775
38329
251686
16856
17085
54986
89400
200034
35152
12382
2814
68774
1998
52694
153070
13767
67938
166469
5896
125132
20148
6135
12556
20344
239743
222350
88630
480703
112919
11819
2580
11418
144943
252680
25006
168160
38295
210866
34599
154936
8097
175584
27224
1963873
44160
407092
60434
882851
24456
222707
15849
94579
14928
335307
298572
19072
21955
56212
17159
218778
731012
16097
24257
312022
143410
214698
62684
85982
14531
20217
170810
587959
15568
72985
21700
364784
19205
26371
5500
85785
11690
134255
49356
1192568
28381
32861
16008
46277
4090
5511
10668
6207
5055
34728
10823
4400
30947
32963
6123
13427
14454
23106
9631
11334
7577
14037
15811
31243
50779
107951
81000
18047
93298
9099
14095
34931
2293
10533
3455
52237
18476
20939
16215
6055
1391
126630
461314
44238
27284
22797
232482
101162
124582
38078
25775
529408
28914
440913
52531
26084
38957
36458
187055
90541
6885
48058
7604
181304
11889
34556
48645
96047
11304
41358
6103
14482
10258
26721
16445
8652
50196
13823
31577
72109
21063
28728
2869
15620
11923
54143
16419
39210
1960
5478
35375
2093
85865
7338
602617
289851
247683
3815
19476
3844
5527
201274
10707
160020
3967
989438
287011
50794
20293
19029
27773
110495
193272
16225
15320
384758
5082
9609
10217
18085
5352
22954
24741
7620
33278
12171
430112
17348
78626
51066
42447
31445
5814
13505
4088
26338
6760
9392
16774
70047
2865
28413
21519
30415
22414
2911
3996
14605
4413
14577
3328
23043
1458
10149
48383
119934
154525
58275
172002
458035
37812
19184
6448
181533
163218
20779
3644
102213
28591
778033
167710
25188
11523
49281
235180
372296
58267
57076
3499
17425
7894
68229
7094
62965
25521
14613
4046
45952
25490
181296
16454
906751
26234
134819
122643
260668
78110
45523
1812
68208
5981
35086
7097
6333
3731
16293
121866
61876
41872
59576
5908
180931
34580
746605
590432
144005
7714
5201
129854
9916
664352
13711
38767
854680
979511
26629
5122
7350
19152
538908
7732
159342
126935
26006
45481
13066
698811
80471
193435
282533
68429
48201
15114
298841
61203
686803
2315
96466
2670
3006
15583
20873
1774
72327
280516
120359
8024
21940
46705
112626
3739
69320
108017
13651
73328
24245
30750
1002186
62623
80370
28265
52206
29689
18955
10314
31819
4244
2283
8174
18902
12263
13417
2238
11204
13481
16781
10911
129244
22396
7767
17712
83986
202847
32918
180339
63691
587397
232794
8056
20130
42930
212280
68536
971259
941797
30111
24853
96951
11598
17382
519038
179533
89167
43272
32352
695826
28879
399247
37075
83488
113803
69519
39383
128653
54082
89919
36084
1344940
3189
220239
16238
24679
31125
448043
332861
877865
49955
64331
9327
14645
4186
2011
14980
84710
41070
40241
25004
122030
5598
7181
249412
32339
15091
23521
95484
11525
85953
35137
9144
96718
20558
58128
6679
445274
57887
107284
50531
21484
11308
24694
24703
96292
8479
98713
249551
4279
4867
4203
956
10518
12727
375213
239806
219107
253644
22165
3519
34791
30935
14447
407204
1098402
291428
593154
11158
86945
21721
345681
297297
335965
29215
4832
4326
58947
371785
3111
2850
20051
1355
1813
99460
15875
132357
3624
557844
142670
508298
6172
7295
665266
15201
595278
7452
57470
78038
197871
33379
219326
8542
12755
3814
12296
863003
131607
120757
1030068
104731
40647
3634
49545
3329
115374
3192
9728
11541
517926
2713
11579
76081
24783
1895
32593
24687
102469
85248
165652
873114
16535
10755
6095
23802
60529
443100
332978
24341
16455
273215
94743
304651
80516
40666
26447
15769
65552
102436
319077
247080
7992
16681
86295
8217
841180
241184
59069
191094
148742
84398
1062116
54590
145734
47380
21679
235197
303760
223474
563935
55249
35216
187523
39801
419637
888527
570407
153752
98053
19864
20508
293913
88798
676995
48966
788810
59068
45669
99524
52112
230721
1709147
74053
90104
12992
3781
23355
26039
7258
614838
104603
874996
9185
4638
7157
13736
5119
47499
2900
281754
2970
3618
11014
21578
28157
19613
7952
115703
51073
4229
1244
84516
8913
149858
42569
794311
20892
60622
852121
107336
24195
92299
81662
674380
8558
283217
222343
248679
46497
416405
167524
84549
161117
17697
16699
52628
12789
21926
39250
239872
397363
22745
4272
18570
28952
147916
77865
12683
10811
14472
119508
584700
803464
36188
20054
31080
136718
117615
13495
21299
14989
33567
27558
23226
3983
16703
26472
6851
17766
8504
16649
1007835
464127
65457
66851
16342
76062
44333
11834
541460
33902
4014
115084
85739
67423
17737
20789
68620
224596
12494
9275
28777
99190
19878
8120
9570
8892
12689
4330
4945
10691
6857
12567
35387
21657
6841
9223
5415
5860
612188
605556
23310
15687
16522
9278
6641
49719
66779
10027
49029
35817
8874
10491
85245
20422
7361
5421
27725
22203
3176
4504
3911
4115
9909
164202
57580
221364
3853
2545
27197
25168
60896
3902
29786
19707
111572
9243
4686
8529
158178
15364
56334
18276
222725
6161
270183
17725
46335
3714
45805
8498
11196
14466
2800
115432
123260
28448
316720
350838
27045
24671
86554
285718
125551
33703
145307
13380
211098
105069
902171
36458
107132
16050
588365
19747
58970
294450
550615
4813
72366
29719
372808
395645
19166
18249
93355
61338
38623
7443
42120
12775
29103
44640
99336
91167
189620
219139
195326
38436
152812
118459
42350
49616
297751
663120
739275
98299
747679
203148
243918
60103
267366
15938
81075
12001
58799
25020
241912
45497
140632
118970
47150
82260
64284
35125
294626
52322
21942
229370
121872
50727
8679
510196
29424
23468
56492
9965
87340
186051
4512
23704
54507
38501
3574
8988
52533
11032
70471
30338
228153
9738
39985
2619
864032
96039
5048
10651
32641
20238
36729
592734
429477
41957
50889
19756
49610
35927
104074
16733
97305
61392
73784
118698
50875
28011
130537
6035
120200
13781
304696
111501
137983
85425
109648
8135
51399
35974
112955
42951
120745
30776
92003
97162
96652
29907
33490
92440
21084
627756
97087
1584289
129394
420811
23651
264182
662185
119174
158384
596846
230895
47062
19851
64787
35866
482437
58092
38903
48206
29456
79780
102130
290218
149887
1811411
65989
257301
84586
441426
154297
278015
61483
171641
1250113
187116
422541
45297
38899
49555
114579
298610
217554
68865
587657
80490
52771
7152
357023
66607
170092
41261
44533
621668
615955
733101
220295
77732
30806
16556
301330
27012
13604
3761
182393
192426
30617
187494
32528
88756
238418
135411
82855
13839
55935
10883
7596
16543
20480
117907
14703
86610
288753
85183
21888
7275
5770
18191
17451
337828
41099
11042
45618
171095
185293
11316
635064
243745
218434
621038
652343
34921
58799
16110
237865
58142
7191
161193
5596
24492
13999
14991
100079
191933
108163
157156
26467
25374
6289
118428
74933
38871
79115
172840
34467
105443
30058
25570
162001
72987
20591
158868
218124
170294
245716
530674
81550
799205
16848
14981
488837
6987
4239
53864
34088
420239
223662
22047
256593
168498
219525
9185
82557
1071983
55728
424034
80086
1053439
21245
204695
179156
225657
44945
203023
480872
70623
14368
315877
96877
126915
788056
34304
165128
6474
14394
21789
65874
438005
466860
212151
170649
10472
66874
6138
18742
31159
25430
139780
106419
30282
810285
141645
299142
54262
10170
58244
50053
93683
203978
84440
121142
18141
10758
28225
5922
291147
3290
20876
25395
8692
15927
95834
197865
12423
77992
157914
52739
391412
308167
192693
111211
539124
9940
78306
27029
212317
163522
39889
75244
30382
225752
665770
216299
266658
14774
749534
12077
18215
29101
9439
2717
46113
23412
107933
100419
140792
11244
41599
26140
32013
557245
32348
9272
29696
233281
1008090
35076
326558
807521
372778
103038
43171
15143
414383
28126
891467
22993
35697
18500
3304
15899
369671
62736
89234
73204
13896
61989
53810
204098
22636
247364
494915
133517
133518
202913
1096269
1067093
205057
353779
82867
403372
163010
168240
364717
36397
872515
38901
12888
2832
23647
7512
17927
48138
35425
21472
10831
116260
390188
467167
434550
177919
37378
150013
4759
52760
15048
24869
4172
23084
177337
5536
25399
971592
61639
28418
11779
60402
347766
65249
11081
59284
11416
5718
10815
228221
255466
97523
25377
472576
122906
15083
106521
27859
31271
168001
56000
5941
5523
60921
396842
15531
1786678
24418
57601
134095
38788
73926
670577
23604
81444
135888
46319
5606
8822
14185
3011
20326
10092
35887
587985
93443
674366
54251
112355
609964
143791
129375
967250
251667
1196444
34053
99971
45652
189275
166255
67536
256125
98899
48806
90671
7788
41417
12489
613397
89379
577019
57162
3195
43889
175788
11286
187140
348406
11662
138991
44867
12983
5495
13870
121078
30036
128453
127940
44467
177277
90936
277152
47255
33354
56617
90227
930219
117146
1113033
292005
854639
19759
711743
4886
3522
15753
51995
76522
643419
160949
712830
332247
543928
17182
417587
15146
134068
1364593
154003
52962
41146
19259
22372
32783
266442
123921
135603
37660
9380
4741
14584
13505
612152
44463
48456
92504
3893
4901
11661
4105
77544
49446
50579
468327
21840
42303
187808
113780
87776
21095
501145
32399
326692
8639
5028
5875
47234
34299
31743
16305
119051
234665
109204
69342
275788
33408
60318
26575
8035
52013
10034
11715
202137
66182
21885
110800
45645
138018
30067
66595
41310
338252
218616
25229
520796
96929
39273
467462
611111
94898
305707
73636
821275
441097
134622
1795370
342466
18546
116175
42544
20870
107788
53933
18021
406936
29936
51226
51755
27840
36126
74522
44385
74127
194711
249824
82944
1241680
33281
433472
160572
865287
1080222
359253
110716
729997
9893
80447
17934
52932
45937
25971
25124
27185
46930
219561
72957
334507
31951
65625
145309
847411
44918
163563
153279
26135
96343
248574
94902
10595
59777
57382
98426
230325
1114445
163683
77431
7771
18768
22142
39267
71116
12729
19178
56991
10610
105745
465786
87492
72004
303862
21097
51374
48909
33740
107858
726610
1036141
248247
57309
39136
496206
36016
219904
45833
241478
463899
109004
421387
822260
4609
86530
21112
986794
62024
211992
13004
584241
4249
109866
63514
54106
18757
40942
276019
281730
58143
248162
173140
98921
415420
415158
1058515
80569
126870
196511
58762
266831
775443
1249407
692679
32687
54801
263245
55269
138375
104596
236032
36897
81748
474991
100860
98047
315084
452771
111472
828400
141654
346737
69333
202155
830144
262592
1580388
144433
151411
546306
70355
276332
359679
683507
320074
265915
144264
81436
151385
149126
35930
90338
241451
19176
156126
89229
91790
140278
131478
405184
118672
70562
230964
22348
574264
262868
41193
46777
50133
836414
13283
536243
110014
55025
287159
107999
118286
822117
14375
70282
14740
37259
53104
23446
37288
138941
48500
26696
62629
34676
24109
283675
55247
90988
11288
89899
255143
283913
829015
132468
100020
33958
359930
184268
337569
190448
594939
436686
173215
365089
414212
32554
186007
126043
411302
16437
29773
29132
27308
38969
49054
59852
109096
17314
53625
818133
472280
289251
222217
226161
186828
941538
1385251
15799
8940
18217
74904
393233
93181
38780
60133
135435
819604
17840
39943
6641
11704
4667
43645
8441
22231
51517
143982
428682
119074
51661
683516
41315
33300
14422
124663
68629
208751
107252
639879
274769
94905
8137
715469
122987
27968
374109
752405
285108
33324
768542
75531
57043
2642
31493
20747
2475
4541
32515
30436
49894
73410
14074
108001
70717
6772
13685
35225
23179
28110
88950
66879
28585
12284
8742
59472
22738
125034
284433
89996
47633
3601
20018
8389
140097
6431
642236
16244
128367
5003
20436
205050
31075
17166
27436
416741
40244
50806
15861
16283
58158
11321
84280
9115
74882
280908
7211
153527
3090
102470
21800
101677
88085
96714
334922
259867
41023
10858
114837
19157
8317
4877
6758
13968
85411
431192
158631
69414
213585
17394
100222
214772
44000
1524513
47884
443003
53898
114278
16847
307923
67164
271154
52676
316457
392283
53572
10768
258543
9572
213457
35691
263839
175656
859411
99233
219617
141950
344049
51788
82257
75173
204873
22784
315633
19517
468416
37995
701898
110194
167941
56033
728124
179836
120858
61434
1402233
172075
61691
34759
236862
597717
46952
34499
873986
61369
16312
10509
250104
18646
326645
35875
196168
259400
164669
3534
138394
26266
171522
82420
447060
485896
1018
118399
2525
107234
108024
88273
213988
47597
8770
170273
18343
39898
17828
33785
23855
20293
10285
91811
16392
18822
57843
24976
145726
40121
8788
20690
73497
32374
115621
79531
25232
27618
10311
133249
18183
67016
104790
83648
564100
42199
646842
453568
186070
270264
490515
25397
13156
10765
4770
152634
57860
87397
60177
21921
30346
185286
23585
196005
48956
51780
41987
470503
47558
27806
20828
215014
731224
128867
203518
953008
198741
121192
32833
26603
15427
5996
8602
63841
2953
4160
138010
59026
56213
76239
56698
586142
22170
47650
468221
310925
425549
140328
45831
62203
60121
10051
412251
67694
110805
55467
56545
6398
40503
40565
172535
675686
225004
239847
40953
1045774
80771
16874
20401
13881
283691
7695
121775
11560
16737
13055
16315
541596
12298
11286
11039
2946
21951
20794
25624
24605
7755
8794
117821
6344
76461
17657
15359
6831
8933
8179
119452
10062
248824
31411
42041
67179
78483
762879
130569
35842
180437
51784
268803
25659
372960
102761
138158
58104
46433
10591
38858
16493
35509
13891
234724
312084
1174230
304200
457604
6223
490688
33187
21201
11668
123957
10215
16906
10752
80166
78185
341939
30874
476147
106839
19843
11296
67467
80466
36483
19967
30147
217517
8082
104589
17820
15149
532542
15154
365787
431586
1070025
4067
27307
18253
43078
17458
93139
13865
13822
11043
117939
7413
97311
11579
659867
100118
137442
6684
106623
20235
100009
14655
43248
14505
3471
15835
375913
19399
472256
195056
329410
201607
10685
18230
498579
9648
48361
9811
33640
11362
11103
757801
12354
18636
21048
131496
144226
80574
109333
3899
160021
15046
5145
15111
14815
2341
26903
19559
16105
19399
10263
5417
71510
6660
10779
1353
52755
3511
8512
5233
186189
8400
9243
18097
166338
24402
27548
4571
23170
4943
41141
5110
25575
26851
80694
11608
7597
4470
14489
10688
17512
10980
92528
35560
75990
67989
33616
21299
100973
14603
42035
13664
34800
5072
4534
18181
89580
5691
45402
338849
662042
8777
26946
12412
56307
6451
31285
20529
447557
195937
18081
494674
11953
184541
15620
14884
21391
56896
6371
1364
37580
11424
5108
30428
28123
2462
6771
8219
29108
4558
10873
7237
16165
45487
22727
9975
116956
8428
26682
22744
59420
135567
120750
12616
59994
284042
193627
10418
83236
117781
68162
62953
123726
48134
1979
10110
7645
5195
36133
11919
4702
4981
7871
66952
29408
31600
20206
20863
159886
23871
38594
6149
25198
8200
70918
47526
900267
3026
140982
291432
97993
14021
5482
2488
169295
41027
7421
13098
41496
3179
4314
30156
192616
51747
37095
201386
70033
18831
6077
20204
18472
98017
7559
2098
53889
10245
236818
389381
45547
3946
538695
20252
73369
60214
25761
1642
301893
2958
14837
1354
58301
17892
11579
7621
6697
56484
14631
23882
212067
69470
55697
58159
58482
61943
82726
24053
248155
37183
6543
81735
71112
42486
33932
5588
13478
30724
176224
8401
251094
34516
322617
15448
112659
3827
14922
10093
13311
10022
26643
2942
14613
127639
12552
5017
9850
8024
516503
11183
144017
391543
69580
6983
8689
80960
204895
52160
173347
505355
72447
10926
98223
49411
327841
13789
280825
6470
282194
13866
39728
8695
267720
109115
10305
252096
27402
14715
10310
29271
5920
38736
35289
21007
1643
10312
7614
110876
66132
13077
17266
15565
4782
9076
10714
2833
9202
3380
21822
3576
1857
812
24451
7804
6023
4112
10374
13847
5822
2618
275956
13328
96766
289887
42104
244604
105674
19522
15823
86217
169908
64751
205230
189466
144299
71349
126406
284722
106885
5469
60756
3476
16030
249358
162955
13403
294733
35541
43571
38709
27850
191484
29117
131694
99683
345433
423909
989900
14946
33304
32803
30891
492050
41786
358698
86819
59585
22535
131462
173522
73811
182086
109871
454675
24173
34641
147837
14362
16885
714185
1612346
249633
22291
10603
92728
35321
67496
90233
83912
225766
7882
46298
30567
58553
337233
301444
207366
176537
77486
19060
738802
29354
82406
133395
18944
4334
11935
290403
6260
24990
266847
306170
86527
235548
9590
2430
29146
8501
41192
230434
238806
14605
349414
8738
69756
13161
372334
413719
169657
110567
32521
70777
320260
277309
6309
7731
1025459
34267
4317
71913
27787
54565
47668
509755
115135
148511
16621
9122
18139
206520
280066
2627
216939
9865
273314
6017
6663
7472
61915
12471
61444
78144
571394
12593
11288
12555
139677
35895
134458
14690
20853
5553
89808
14370
54696
270085
35516
114886
20921
10964
59406
57370
271676
91143
83907
544445
390007
37228
301467
74257
60743
466369
542436
101528
55378
16211
121037
124506
204626
43739
123218
27127
8819
36080
23834
171964
807387
152048
37791
24016
34122
75629
191025
166476
389859
19328
237812
48212
143986
147366
1391759
113140
1954200
100198
404786
69197
176187
50684
75275
323614
25070
12905
859594
7077
38403
37263
57547
176575
84090
272976
86866
230000
57567
41180
199434
531261
752936
193774
141514
14823
31411
20933
41311
19503
206020
699814
87688
65714
12267
9782
70741
9322
98597
57881
54870
7750
13329
28543
378424
30297
75990
131323
48447
536587
116898
5134
51132
21123
866639
79210
68891
28210
30659
157159
35829
17522
249541
121389
175098
525880
155145
22512
263067
23587
172835
19672
305990
22241
18583
10181
91557
13371
25230
90890
366511
265957
28634
3871
36075
50223
242450
59293
65185
39497
47711
162757
47405
101664
11723
321075
22061
902981
232758
291432
3967
552209
5049
3679
12783
12354
334581
52848
32578
225311
18328
2692
10214
7755
22323
80172
430448
28406
28159
14160
112213
783208
45037
22867
51327
25089
34599
12316
290053
17973
41416
14803
219284
119352
9340
14399
4866
11788
10688
174462
6130
16989
17512
10289
47191
21212
52731
22568
418723
58947
31928
6075
7935
9872
33517
24646
7919
11308
17793
168561
82769
190769
9316
6449
6505
25656
16007
353592
154909
59372
12093
94024
43146
56579
36896
464383
49811
46669
13267
2280
232117
67240
307789
74343
32543
367296
51018
27866
661
11918
452398
106991
725895
117186
107691
6295
110056
19429
8253
1599
9450
9384
14504
10099
8496
15641
34946
23839
108071
45796
89540
15169
27373
38833
180389
12233
19451
40734
462470
89028
991546
18902
69073
66686
101909
281646
76821
22013
25520
15184
7091
310322
52476
100389
154375
5080
6490
33975
59540
56177
21880
9446
30751
51043
37857
16957
237882
290832
137947
57649
21984
32223
46605
38775
207250
508155
129677
298653
29878
36071
156060
23459
756601
22569
59861
18393
74274
401998
228347
10575
110832
40062
129609
12667
257010
84079
65378
31587
59855
23178
211386
441767
12182
16375
730
66749
15427
35451
19674
146728
24761
9918
10484
116383
18970
31460
353167
3801
76854
34936
183383
95852
59999
28162
327806
9557
12402
14198
89484
101017
88740
177385
41735
50603
9030
15804
12138
16214
103017
26312
44643
49326
43372
141878
43608
124473
71704
15583
61420
41087
23585
56553
187301
33670
58104
15390
91210
111749
33455
36653
30916
28450
