6437
78483
142073
22287
143197
247959
1122198
1183801
1126993
1780507
328215
867930
7697
520790
569063
7007
4705
1438020
327829
48067
62894
208888
608236
877027
487711
1236569
2409337
744032
1090765
941200
2301633
9957
1933988
823573
925891
92418
899070
1642287
1906782
349532
84707
1542645
335891
830183
616855
1730574
382904
100781
618031
2391463
952
994239
1337
523429
625985
325128
23062
611496
1301405
660265
928767
615072
118016
34575
214963
51722
254528
913975
1077666
255790
1255718
1093040
701381
2785
229741
130106
82061
6574
1048047
37290
1045249
722
723886
67675
3691
200283
35239
198997
119209
1379510
1786320
81780
610379
248913
1094842
849737
422331
546789
895716
945115
703331
496588
123495
1337526
697350
1369341
2441759
2422465
330840
637646
675332
702172
6200
937824
176008
80525
26773
1671931
606064
261471
1396163
1176106
2743122
135322
7206
20288
130876
697551
92547
91971
2789997
419631
1000089
614106
7210
1235490
374968
345582
2680190
1783377
411222
497231
832470
723447
263860
1538126
2213132
22303
1338095
483607
1302685
1172379
1092796
962517
829968
1268426
1508232
557013
713035
1102794
1230517
328735
1506574
1138638
1030288
1331278
2302800
726785
800678
255663
1939383
1005877
824380
324769
1313158
206925
1080392
650480
837092
5474
129031
196281
1563921
577136
1020811
70977
2088950
275051
48004
99198
211646
982229
4418
1904382
28412
210494
166954
1549906
1396275
9836
30058
164884
6895
61076
2484
149229
55611
996743
277
79030
719592
1506
15018
1410121
476118
1009515
3851
23242
1462508
82046
8973
109665
580937
83659
648101
885799
22422
388983
1993109
724189
589881
53876
800420
419294
1743563
17240
26188
748027
1441866
2749
113563
715434
1070448
315392
4047
633483
213591
1772
1444256
986333
447498
591815
83245
58000
10194
8160
21334
179399
855447
18424
67234
597324
91283
18619
706125
1589272
509452
1803413
5080
421
1003427
16369
919196
1235189
688809
922491
112826
3920
1089135
620979
4280
720592
1004701
295319
83487
3501
1118535
56085
1028733
1019121
665296
1443905
2230227
2311463
871604
291219
1053767
1939110
242664
581350
104906
47966
1864166
51006
732926
9869
144122
925
98626
456004
610093
533
86262
1724401
262026
69325
138772
235238
9406
35780
643284
608
456868
1246
996769
18226
206262
285
1685805
1602210
370056
37024
64639
607339
710859
106483
48727
4410
995645
3458
20479
275417
725762
261823
651281
294098
927216
2607
651335
3055
705150
318013
451549
82211
158964
629216
1439627
47931
2205884
3007
642059
1639804
922199
409873
165781
635
734554
796
740083
1243675
1266063
330447
22943
68
8082
852605
1514478
701023
2224253
216167
28157
1985792
917911
65919
1158180
1655142
429647
4630
35771
585165
1505925
123151
38605
521531
833933
617038
350222
671291
747290
2333
1637643
576740
2055849
863787
1986
7867
510053
95314
84429
7396
1216609
1347354
6583
207465
1125268
1553
1042656
707386
706277
1861347
760265
1968709
620060
1672141
984239
1290779
641270
2313451
2569851
1226019
1272748
317223
1160727
39993
1032061
3540
1735
3894
868087
17944
368216
1318114
561776
825634
1321596
1514
430636
8182
16182
1695859
1003
1084505
3479
246355
1379234
663119
670415
706955
660677
829521
7774
254816
65660
157034
636096
683328
1187928
36114
2684
5151
892353
1826385
20613
650841
37063
232235
3074
96617
539001
864825
260963
574035
2081902
946241
1186210
961679
97020
96481
1914573
2487583
2606174
1051317
7325
830005
124208
88378
476201
173918
11391
1470
18617
43813
1891497
236165
240620
1360446
935374
670412
48493
883123
58568
44323
93941
2048158
1503355
1060471
396894
5289
2306825
1455487
1859014
1362180
1871463
12731
1223961
334469
15668
1514971
512474
1000934
46994
37785
1259747
6632
375045
1007890
2058720
671087
1602652
652250
13944
1028639
664720
133040
14382
1014030
1160000
545063
297879
10237
698939
964537
3065259
1074488
2897320
444348
1123215
506411
1117287
1006402
794655
724553
112130
208557
298718
1917328
330657
460507
1207229
1026035
1349882
1449724
911293
3803
1380998
85177
191983
99627
3287985
109146
1607618
873914
566213
61578
1075770
2950669
2189793
1594985
741222
538081
362198
275972
1288
1011734
987462
1365031
1010424
293486
783466
587827
99178
2013749
279697
180278
1308548
616287
1460143
1251242
1446026
1517901
901686
2288
1776999
26192
8803
2255
781646
1790264
107757
2515432
1431927
227062
1662809
1059355
1800576
52492
1423370
73462
2498359
819454
258321
246104
172542
4963
1678012
48639
626978
92904
1053044
21943
2083242
1509304
878082
2637732
516868
744859
1221116
410543
240635
1103400
3428634
109905
971569
446318
2500267
983285
123093
4421
2337567
18049
443366
697415
39882
3122546
2223523
682732
3138330
1302262
1678086
2388745
4108
311988
2779398
1438391
1599192
1631183
217643
723347
2056318
814874
3071129
350779
2677377
1756506
1575718
232929
2806053
1133322
2168569
273269
2394012
593721
86603
691759
5300
1643110
2606840
1057123
1834861
627356
665976
240784
1218706
206273
2109855
1098318
273029
1921243
3694
255296
102437
614923
1300016
2214897
1526920
238173
1911
433
622378
669872
630792
27576
122966
701
793741
76725
317540
2616
1032706
914630
764383
29321
305120
9863
2212090
427790
1701698
998703
1504343
719380
646732
1759396
449989
401595
676100
1333574
2491556
828898
1220692
5264
538701
141068
1357671
648516
56493
20401
314633
18071
8187
3964
24248
2557
762686
1454425
11685
11974
1065740
192540
128745
398436
1611333
8834
1215652
909503
1360855
1692175
86993
72818
89826
149871
2771698
622648
1012271
163661
1501
9635
3252
166226
402746
221984
1299213
300372
261023
41467
1917115
656197
13442
594239
1375265
658391
420913
2575
1441665
390592
613935
334261
688798
2277565
10355
844791
530344
820593
729687
188537
94148
183281
2308
4013
6138
1697
402721
17586
6476
370
629239
3292
67801
43900
241418
3746
1962647
4496
29236
625046
612194
1026
84045
680787
863
107268
695826
1151117
1040169
306524
177
15153
21847
2102
6793
207853
991572
54644
17670
521505
334196
635106
454534
12544
628645
639969
1010081
15537
1405087
580064
938526
105615
55259
197110
1219939
47912
319600
1636
2202985
226066
1761934
48493
315349
27634
5922
2207
252614
58495
5957
1054
639
235626
69209
145286
785340
462042
1430621
652050
1521
92084
1109903
249336
1384033
913486
1012913
35160
48389
705839
2254909
75054
2083315
6997
549146
1247963
111932
1396748
956924
675583
1668081
992065
1212009
1016849
1583714
1490705
724783
247389
476487
163951
20584
474035
162421
674799
62993
380068
2065500
421373
1083656
276495
478226
284827
2379593
1176905
2600069
1920985
2611413
676585
467235
645794
749233
676298
997878
13800
1032930
692006
566714
301696
308561
721648
934526
817565
854553
183337
50017
3772
385726
85549
21635
482172
98356
1356280
6512
178675
516
1355753
269489
832113
14137
69895
1996
23663
1173
389182
4602
83364
1166662
1192
455276
18539
53309
173150
242286
979
1979530
8382
1068
235837
4937
78837
741168
630487
281430
1086979
1066863
603561
4379
728787
463325
86928
977565
646131
1488773
319331
690460
293714
14232
5898
50603
79152
918877
10172
118987
78852
1032985
54304
31155
79549
6773
174405
63675
30359
