10243498
10204996
15197847
10973325
5481108
7314730
11122803
6755568
10229639
13474815
13920774
9448482
4321358
4943082
8349409
7152835
6940035
4329837
11423205
3833044
5352269
5077017
8969283
10720850
7680636
10057455
13769359
9893193
6659430
3483219
9494457
8590088
18944324
7692728
11020184
8065693
12129024
11386927
15407838
6596876
16534404
13682369
18834193
12035970
11931504
4874339
14867524
6869864
10535229
8496718
9475288
1920774
3613579
5388791
5947781
4190714
11327463
8450453
14627356
7220940
7717889
5880878
8973859
5700970
