258980
197343
690103
50262
44657
793027
31189
381141
1122637
298923
702600
665024
31191
330078
604679
4980
746270
311403
15542
94987
36380
1176466
1675164
2334062
1040999
1154363
41674
49678
11038
1784212
369234
216380
1600965
198643
651236
162523
128333
540721
1098161
224392
675655
152728
171790
2015411
596764
3482656
975283
255525
45594
974093
3161
74144
392744
236347
1765635
205209
57218
681919
1068046
852668
27263
399463
89919
7031
900046
94006
715394
1025390
1886642
2030997
957024
28104
381338
11697
1037719
16454
154311
800268
231189
90111
98660
682754
441780
798848
26111
300359
314095
948194
70242
1149579
695919
1016246
145217
1694538
1528313
1831356
121601
314669
1179393
7597
52430
36725
1167505
64871
478984
424339
76394
690866
60755
1106866
927223
962494
13422
54783
16291
6085
640169
639871
1086761
508561
5390
1139994
883590
121978
118116
14885
160208
653076
42373
1169138
1354635
936218
685792
138974
21114
899888
1832961
634215
178936
159184
416125
497727
1073804
35805
898135
192629
79523
218230
214790
151259
584526
33437
1284716
1078087
657032
6187
180001
1044970
276907
650025
1041226
133670
850510
25702
50980
44845
75920
278252
335254
1426781
593477
142935
1274887
193570
2494635
110900
1056586
156554
698023
9653
761791
1742563
1717662
875799
359823
972162
711636
11102
42542
327143
664002
201529
1188931
91292
86551
3031
719266
310737
950893
35636
59904
59870
70652
34615
25240
77486
8166
7497
3164
608351
971143
1275076
645264
215639
12404
746381
15716
1228981
433019
651003
11306
194043
25204
178577
557572
1580602
235755
36419
30609
706915
371511
482598
223034
2249290
815683
422447
19574
329646
127616
1053102
33848
23632
80506
3478
591947
8044
485651
360145
43574
161136
527354
108519
100403
13542
99104
11373
809452
238702
1339258
313775
180040
1102405
1072550
950879
185037
624106
864524
793869
31611
91601
1031485
3190
90570
2721357
158435
29368
952546
232014
974119
589551
150172
51497
775560
1038080
1232
285552
26422
577328
961576
18336
1006476
159487
397985
60970
741365
995190
77787
181490
792731
1124616
90720
105216
241629
372552
580619
678650
20809
23146
1045206
768136
12179
28989
1208467
480610
2392170
46252
45871
79904
44505
116928
81031
83063
124371
84310
105512
13039
804594
566042
300675
904760
837683
345422
45478
62275
1107932
33684
125632
31376
127578
109512
136724
198771
98965
602847
288999
920592
960764
1007360
191105
88516
183902
2051436
407672
28334
36416
52721
987795
1009292
376464
33644
1362106
99318
1134827
884205
766680
991944
888809
31987
113453
237810
126887
104419
623448
565533
581181
86663
250193
654486
884532
129126
3120220
1513765
1566074
677679
124408
52437
1559818
244828
18766
785504
134012
724877
699573
1028019
223199
182208
99437
47742
30471
537540
2012360
13461
199366
567705
8916
940198
88014
199571
1872987
11015
561958
92789
920578
69520
64818
521001
1651831
565923
1268808
1057237
38149
578531
27389
96569
1889043
914818
430452
117533
281146
586296
1747592
591805
915369
77358
1614163
47766
2953450
50830
653684
52146
1330920
916494
254294
1017147
41901
1004908
10221
23884
31340
258535
158775
137590
1971761
29155
381237
82353
199428
147151
124234
1011608
6828
70277
23375
35499
685815
144458
234230
601208
296906
8697
360300
580536
806416
717260
99931
1107966
361764
10110
179104
150986
358932
104594
83590
15381
2171504
1054935
785243
3869
519512
482548
872696
264938
54703
792388
147954
103448
651888
2340682
314637
987703
61913
17169
1519370
70103
1027117
21715
93961
1187705
67134
130940
1089811
80857
48742
159019
189463
600451
60776
2045198
26475
930353
1203788
1017019
1286068
2810015
1013196
1093813
909909
426742
216476
38700
912434
1006001
201622
77808
192230
1178177
167877
108088
67442
1008632
51464
711111
1722434
127047
928443
1508301
832196
1294350
772611
146469
1129009
280455
1118229
42865
792607
276196
161499
725159
758299
235391
741129
318221
196693
11179
1411832
8504
512909
56706
1012092
397506
201278
425190
56247
960069
656056
34814
807414
3047663
850081
38354
42385
57032
98377
288645
541395
78787
296299
149395
550762
13997
1151215
104031
123394
249168
1502087
61240
75337
439117
943454
851828
163936
317387
1101317
225068
206730
13058
87366
1967774
1345722
544150
895478
624044
1539706
10532
92524
564231
1084625
176557
148834
980213
110007
543500
65917
40732
232441
2166608
1067465
4462
58465
17957
1059378
28534
113559
1072544
349104
812175
1142357
80804
107048
29696
75235
1815425
1597611
1200729
137765
538106
320159
301848
802036
521256
1724519
1524870
124776
1387927
900330
568467
206482
184264
284832
5207
391602
735217
277080
1355561
118363
1112194
146855
59155
830300
32301
1240651
178022
1885292
399893
1554233
994680
486091
894816
598125
1130362
1687805
252276
308498
981771
93623
225626
798242
1679925
658698
235161
791295
25527
132222
63458
610192
507738
2428603
1198292
1855255
95283
1209282
83470
1400689
67115
42942
1409969
80946
1162181
1316735
69940
21897
50286
415118
809658
1227391
771026
26408
40626
13554
8433
1093057
963836
1039307
772561
112939
976360
799881
150491
107274
219436
1496625
2708460
131927
141264
822428
427250
2733323
386207
1046390
1172707
334562
718269
578484
1606312
526431
101530
1904515
475109
50715
392599
54796
659169
1102379
60898
274022
49298
73004
975478
337166
79356
102333
1620468
1648550
944072
41890
29069
118125
128787
79820
653205
571046
7563
883979
1297757
160370
118563
102613
54142
168165
1048811
21706
1085887
114298
89303
1686019
1833429
361728
145767
834772
104584
93482
1122456
264382
6875
786547
963028
26864
94837
33743
27852
12814
20403
315870
410620
89889
237775
57402
653474
181671
72981
743434
661522
1073167
786666
78822
370467
2490
46772
6480
10069
9841
607282
38148
118380
133808
34162
51323
206503
12098
7180
50775
65436
913506
81604
779332
9585
965799
648600
156171
8472
923092
1201388
6137
298867
552941
978065
1637427
61513
25532
528677
317781
280302
159269
99982
1822824
112943
9335
20179
723172
441280
40209
61936
120639
1274627
109766
776161
22019
31835
213282
181916
903721
915458
1619611
40729
1993456
657186
1728997
1069420
1637027
46121
232269
5358
272365
21017
344427
25185
4537
78453
193861
1151190
30585
35580
165987
59899
497822
55265
754466
27227
1810600
1063127
1331889
187724
878701
688566
1229166
145907
104420
14095
627735
58460
33831
565127
1627974
95927
503471
1028918
1320823
486231
863573
687087
134682
7052
1029032
603121
1540792
17737
766927
12114
113089
198935
901088
906009
106069
1241802
735626
778628
924865
528698
1902471
1558961
68697
308463
543286
380392
70036
990561
121719
6512
23028
183204
1552246
87242
1254298
154274
191848
34105
193222
50116
2241140
25785
48301
705765
1049839
9118
19880
1748263
666703
15027
85065
23434
239110
492311
7342
585485
380716
84345
2482
64367
185656
586051
97120
995600
21415
21165
11559
50826
2282760
15258
26064
107189
385496
22764
11701
1019150
127684
61993
720097
878312
40193
245711
852314
29025
1325819
138397
1064534
331376
1304591
694657
25620
25260
171875
17415
112328
134569
19789
35051
48783
80756
75592
1157042
33795
130632
55551
23236
