994157
2691878
3739628
1175496
1429712
1875472
2248462
2911705
2375186
4598260
2888198
2268880
2001271
1045325
1975688
2377580
1311765
914290
1227188
551895
1006602
1383209
1384729
1661879
1354234
2718197
3541408
1492641
855209
1569802
2393352
859465
2858768
711601
2201443
2089475
3913459
2301040
3857562
1453563
2856532
3121065
2440215
2143020
1546119
1756860
3212049
882814
668179
2123710
403134
1061595
499797
1053182
681156
728379
1296593
1697187
1809771
1692558
1827811
1350642
2017570
561598
1232298
1791331
2201241
1060575
1020693
1018123
1341315
846823
1410488
3652477
2164196
1673493
202007
485710
1436437
1045235
367527
1185402
2005749
697846
274782
1035971
1498190
1631146
505503
3496339
1969183
1253155
1362738
424861
2653971
1988556
2844992
675251
858031
1134790
3198506
1730210
2748088
740644
2240334
1976546
2798670
3282762
2800952
530909
3023992
1325249
1763752
1438571
1075737
187714
1351555
601202
750367
1148036
2653092
1005078
3203850
1372971
1185603
1223896
1462185
1184380
3747406
1999507
4275165
3382190
1277731
568332
2837742
921295
1719597
2165900
3702402
2230861
1803756
854697
2548060
1271653
3255632
1822179
4532619
1499941
1522606
1413712
2750835
1745501
2750874
1743520
2962321
3638408
1943692
1500707
1371187
960698
4914520
1129569
4644477
1887609
1953898
1617418
3227706
2630503
4656200
2747154
4497631
2131494
2433296
1232879
3650243
2386968
3336584
1396971
3531816
404154
905927
1313316
1193547
1351171
3259762
2669918
4172508
1936718
1874238
497276
2254013
1377774
2636333
1998144
1929978
1792690
289373
1988783
2699996
1006008
2373215
1125769
1817481
1236944
252937
581844
547296
1069334
1369440
313191
1148403
427904
1460688
619352
1602081
612645
911548
476400
1838902
1308498
310935
364596
1825403
1262196
2803320
3101381
2129107
1376221
2066434
1796532
1270688
966968
2840709
1596182
4317462
2166528
1915834
1256284
2174101
1420455
2600518
1034476
1551884
800792
512056
1334807
1921536
542353
2214140
743654
1752974
1779077
1103760
1246917
767451
782217
