86868
21043
144147
22487
83610
703372
28627
230336
543864
981309
49887
37463
3398
240369
215373
94817
4289
180685
82418
178176
4295
13985
4463
1060030
17605
94150
158
10431
97028
46039
547523
243696
1534005
13867
722432
23617
381568
1233204
791814
315070
167
502555
287019
7313
4315
21949
278
33219
243838
629897
3436
991892
43828
244805
33174
6437
11655
324703
1029227
0
320737
414845
1644
5720
1855
179
4344
994176
18
79591
139
186713
31819
47
80089
22
0
176554
1858
0
124245
811
16440
0
254979
70589
226019
70307
66723
244528
353782
4264
4289
799140
464355
4278
328078
224819
588
17079
5905
745198
3156
67834
55126
728769
1066176
334902
90308
12
93481
41652
224
89642
316507
0
725
43447
233497
1900
260903
287462
524838
11
0
244303
4129
31567
973629
26573
1047312
259887
22
0
34
97658
814145
85629
275075
391643
184148
243527
34961
81806
214353
381789
2282062
744
249581
505942
366764
723789
760886
37112
324592
677023
128120
114587
498915
30559
274180
475
277074
64848
1271556
279120
162922
110136
1394654
3611
170025
635916
3986
1741
303703
1412
4293
666
4896
6726
75123
44310
143
40275
292885
87613
1364459
232432
1510
12878
38047
550
470
12
243974
11620
8
557584
366535
49962
1608
436
1
1504
6
96570
1829
1002033
3
43372
244176
358
658807
1447
85042
12137
2100
107
58404
709
0
56650
23473
17876
17366
963372
34
5
718604
44657
302426
0
10818
257971
976376
0
0
1582
46627
0
951
232023
46770
89318
46
405823
20576
518
2946
714711
449557
79
1294
792
36071
684
6208
84532
226453
1920
103661
330566
91345
12285
39888
1246502
190
4525
0
0
1027908
4682
720247
203
31737
1311
12205
14525
415131
573
78478
28316
14023
3737
716
92
234562
31721
136990
84130
496
163995
1483558
611663
633447
361962
304719
29715
716058
27775
7431
63294
1546542
0
6
232890
6
3
284
153415
21067
0
0
12110
148239
1
975
129
4981
31149
228618
103759
18724
0
36226
14138
43183
0
15934
874716
27761
12089
232432
79
159866
103
228767
35438
1733
782
5030
21169
58167
57380
7609
3233
272042
13088
30187
1458
312529
261903
155
0
85407
73130
13573
1187
1363448
842
90758
360267
32163
236356
65245
0
38321
2385
20735
998195
11660
79
219
0
86475
717189
728505
116829
973109
613
82
950691
36090
254461
128818
10712
477340
2547
0
17392
632108
225791
85207
756
85740
11056
7446
1
85999
16
919173
289
85419
1090
0
19493
724052
2799
1519
41669
365331
1118754
631
169
66486
425
663841
23
56628
4725
2176
715173
10
414534
987476
195056
42194
964023
786277
89659
128157
250346
435547
1197
671153
152
0
16
8
85457
737328
599091
311839
35529
382066
1
27160
731
16342
372434
30535
0
0
120880
1089647
863
307043
12917
11684
7436
0
0
79
0
101130
8754
31905
712
11673
75
31711
0
455
1
330689
85808
0
1
693659
98283
11632
164445
144867
1002187
314611
15907
42857
116125
398285
14115
362767
598683
5478
85090
86205
869325
31558
77
22890
8
608
5872
1196612
43
82009
86062
31517
75
20198
38918
24492
313493
154303
223568
620821
1149811
264720
11
658
45108
1708289
211100
750135
125
1237213
54773
112513
644851
276028
89788
0
897
122278
17296
665
0
232495
701519
1054228
32338
309282
0
13636
4130
634980
6
97727
260955
102000
176
44024
97203
318116
1168480
1014966
38216
5002
30260
430770
11903
12237
112101
109
109147
173346
275897
662
68746
969148
729983
69230
48624
48797
3357
81461
290
90039
105186
1268391
38637
717258
349110
84185
31984
306899
2216569
721768
1511692
470
9
152
32267
13
5851
365848
243809
5309
50425
11933
478615
125
1129793
4494
55695
519
1796
751595
966655
294705
649712
96648
4468
977103
219
75464
90
299750
42293
56043
645565
854579
85475
1309279
366370
399268
123592
11775
0
141752
0
96994
17467
329056
222
232495
87994
54846
1757
115000
2972
464736
276321
851192
1792551
276524
124403
232456
4174
95397
155547
1294124
5002
1954
842
958707
53802
17088
85179
1272271
31079
92
20849
52462
982522
252875
899134
228355
366091
377293
129923
219
144237
2017548
6821
1175874
934319
97373
53643
1323266
127766
1206822
54624
153064
88451
296282
25105
666557
1007593
365148
423933
594279
726
4394
10734
4532
130196
296910
377584
396031
311088
263303
1
1454240
4770
1355943
69249
12497
365232
0
339835
85145
741
477085
523556
538248
47772
649
6798
21
0
8
234
75027
4235
42821
105
4589
10456
1571
85518
35
4302
0
5
212563
43327
630505
87617
747071
13165
359976
365385
349967
27
351395
36414
1459581
456875
324464
8
284392
944
301623
263677
636778
85424
1
721
12071
0
31608
11615
474409
1238633
227165
69
3905
5006
27336
720198
623696
1192
3
48958
3495
419531
2234
284913
292
17749
628452
33104
11620
3
0
0
8
0
4954
578449
249551
213494
244675
482
1116797
179290
161
233473
282756
456
1507
0
748623
100671
915241
1180
334046
62
178
128278
187643
237996
3
45857
2030
8227
6
1210
0
0
72344
85053
6761
23594
33
1290
753
2
0
10046
1079343
1947
784
330741
5
8
6
611
68
52027
32075
1230
252726
95097
3
0
291
4976
157
52994
546752
149722
1417
616
413
552
84860
1628
89238
34178
78
1502
296612
8688
2441
1509
158
8
10133
603
85310
79
280494
2215
1034480
38356
100682
0
244643
7
0
0
0
0
0
14
2
56001
10236
85271
110494
957615
224
6387
44540
108333
357936
40
292359
7829
92015
811
1157502
204
577
4499
890651
70982
42612
276350
739008
1
354259
717231
1121751
90
365894
793
47643
11572
34567
75393
126782
457317
30720
11660
85262
98
433487
632673
45925
13379
38951
8705
263357
14
548579
1349589
1141001
309122
300574
33587
286492
463011
999136
3
322509
11
0
4518
86832
78
152860
11660
236590
32654
640713
0
468826
230157
1174
31247
18359
296328
0
31732
8
465455
69983
715846
4294
1253
561
85111
157
89342
1
19
31991
3
39764
1412
88692
285560
149
10600
966688
254551
0
0
2610
9
174
38132
77500
42661
800634
0
1509
11633
368805
5563
554590
31529
993239
4813
18118
469479
244770
1450
86899
421
31359
4553
2862
2104
42026
1412
5783
247092
85397
1296
232480
17545
