14892
62167
22782
16651
12352
30922
10252
414625
63698
68622
167187
25882
2557
44099
157723
5876
6413
10234
279092
7758
2778
353480
242599
148336
242456
35874
69021
29024
99958
412339
592219
345414
59606
245604
107691
422679
134268
1138366
894794
265065
408593
136866
467342
284981
14972
192877
517159
139034
30958
86225
4637
20703
42159
460010
2954
11909
198678
409006
14156
23815
3039
78880
15470
1655
46007
40569
226768
73042
667328
429044
766799
48314
344199
32150
230171
43322
33057
4158
11193
58244
4379
7774
31033
15783
5567
89424
16284
384662
64316
162297
305190
256296
266614
122069
873326
50739
79959
10646
30785
785545
31203
723617
116281
1081683
65991
686471
202514
199716
77668
6869
33465
52572
14189
757765
59570
238255
84856
514738
2973
293925
953338
248819
600324
74392
6617
231297
207432
2286
190578
560414
441995
83465
21522
56343
371035
238687
371513
70490
193982
9653
101381
1853
45658
725486
18002
361981
47769
7241
533853
646406
19548
650516
92589
356759
296418
749484
16737
225730
104007
291919
367771
73172
30394
23382
649685
226212
647504
178202
126628
35519
143614
401388
583766
683097
161128
66411
49497
28316
9277
76436
193361
17899
1150094
430040
87308
208777
910511
81404
14677
43604
43494
103932
4685
336953
218670
29322
425129
727226
969249
80198
5016
28844
19989
6002
341897
11043
237115
561280
66441
96352
274604
1358
7947
469339
46412
54620
10377
295873
67417
424
129318
15346
74481
342292
285933
518004
33079
181119
59530
272487
408890
18898
92084
155798
867972
2263
19185
20124
56368
19735
7284
73050
36768
364063
67809
551082
60494
6660
75919
11435
33334
5681
4397
27320
3583
113951
4900
142
8975
41807
44202
6141
15883
2
15981
23981
13489
227179
25113
169742
337159
32025
113215
8993
15019
702221
383363
2944
44656
4768
12831
436
927195
765636
10926
3008
699689
11680
47864
176614
117650
152401
59
32231
3880
42382
237969
16649
19326
3276
7443
7341
15337
39414
29296
202
49142
17
1491
2277
37929
6355
56
1003751
1648
49907
39197
12398
390678
49013
73691
6582
897727
2825
14066
8444
1791
21211
297220
27321
91879
359186
9832
15992
5075
97650
13385
83603
11606
10217
6587
10505
101102
15791
9869
496811
30432
8928
6881
8064
580075
10233
37470
79366
62893
28816
569378
3122
54596
7856
213077
244400
238145
98755
63842
13475
266848
7563
228007
271310
17680
198783
49509
16936
132490
94017
661901
466446
413451
82634
55958
85692
232414
122109
234190
555434
116739
10954
4413
41831
71480
6141
124075
12552
139509
68292
517715
242031
646782
1399
13988
9
379131
86403
51
24780
975380
3896
12049
2905
278
155122
140146
24236
1276309
29399
203660
65966
383262
11889
47174
403553
13752
1308009
1013329
67438
95580
1063670
980133
732993
55216
244891
86996
66243
992544
41185
4598
27095
12506
4312
32834
769898
677078
53608
195912
7186
45052
15909
6054
3876
4734
18320
15252
54770
729216
29843
356203
3850
96951
56507
8436
297
229287
21298
26481
25
59823
1526
23127
44181
330441
1093862
14130
9914
6557
1626
18246
34812
312232
2502
49078
363029
1046846
36275
163832
107842
70719
43893
1064544
169004
790506
186363
203181
13826
16519
62194
20304
12587
6714
198048
6001
151026
95746
10327
201714
4849
16433
57278
27627
91804
15470
65724
237127
105330
354804
38451
457035
245483
97579
87512
352660
285013
233374
6528
163335
304292
56327
29938
1766
962657
13947
9093
5675
4449
18918
37705
274320
2975
316959
9814
169068
916710
364263
1816
446019
93688
69398
381020
6273
211
22910
77059
1044730
67134
735798
171374
126357
17299
532756
1008683
156775
278693
96232
285344
5750
18
93286
18060
118674
59512
596946
92183
625711
56
77763
384235
182153
747522
5115
66934
10306
171618
26705
190718
32
985744
79739
974603
53710
84645
12989
4685
15627
678557
19305
162656
187965
149851
70834
307956
598631
1011206
97144
26798
83565
3542
515549
383789
313600
123505
58126
314170
151230
87016
243915
8066
307409
694597
91238
465791
15867
2923
351303
911903
89493
6598
816769
5045
20739
30970
55392
185241
84375
10010
328677
13631
69924
185207
551360
31827
452897
224095
979684
175983
8903
34562
786994
16749
305659
246106
432009
21839
42398
6259
617409
352761
706444
130034
980854
57845
1868
106051
6880
191979
378881
20841
1036504
54254
64817
63088
92929
146715
792236
32355
54278
86169
68192
7736
111139
14088
163055
73629
276598
190084
137984
170829
1061503
88801
930139
26607
35552
33737
13248
67719
26053
630600
120917
144014
582981
141066
19520
19920
41489
41194
10388
905590
40203
144842
5849
21889
55830
22839
17188
51986
388678
15193
666
37811
124160
44111
78576
106704
124926
7590
184654
12214
18406
2859
960258
19247
161486
55558
6337
27700
422918
62901
126191
69315
107477
283887
459334
4746
235812
47951
620241
700394
1271794
88315
412348
4419
154006
33426
53203
1913
23474
6512
6304
2051
8981
35205
65939
29297
764576
13415
30577
6381
1023795
118349
7620
1340
8872
3337
111615
182066
65656
385110
464340
200331
18446
67668
523743
78972
449179
11757
77
4528
18620
409029
20012
320956
668318
32320
103190
14672
166348
1035937
64303
73024
136675
1291
83728
1766
71861
254474
9089
411432
4047
163586
89681
183
58626
11249
13681
2601
89761
2098
267134
2346
63304
84715
71110
50249
18456
253106
106944
206608
127621
70531
47404
53348
553379
9742
336655
40693
74539
2264
122335
10
2455
111919
305257
223359
49866
152066
2232
4302
330
5646
13615
2092
132038
59507
50355
295547
213702
29710
5520
67619
301718
63604
45929
1989
1000939
72273
24513
20393
5848
3356
307853
6614
12
88339
134164
616159
18717
57005
233735
81
2659
92186
10238
18682
286300
84539
4264
26766
36224
22835
27095
77381
10123
55046
11066
349636
64689
7717
319798
360474
873156
106996
6633
17101
630981
57911
50523
50245
112797
37467
96969
242234
96526
362619
1020492
54662
343750
40824
48
11442
350248
78097
3174
330085
1884
670254
52199
10341
6963
63296
46451
561660
255580
83691
14598
17910
53148
202721
72057
546372
422289
19135
56024
50600
20985
226981
43657
12927
10332
4
79465
47471
6584
39808
655097
186774
56813
215335
103656
378
13960
269989
76595
44404
69414
392114
2711
5384
1635
123676
246771
1222953
425538
98642
5156
4171
5966
371304
39734
4196
53672
5155
436919
14451
65406
295030
37567
60
96441
51872
1575
8668
4508
5068
96814
49000
31
47239
141560
7170
310492
225770
699843
50405
515929
12986
413130
26
6781
45978
34053
357617
9508
430614
7043
17785
86510
20629
63643
55055
59266
6130
21235
279157
37203
127477
5800
22216
56421
2951
207119
886
10755
348816
307684
3661
44826
295955
1628
40059
60238
82
82785
1860
11962
2637
14745
102599
182627
144533
512635
751642
9299
13722
32487
59960
67699
13078
83751
53470
6882
39305
8772
118405
494891
12282
15657
881251
71006
3060
32113
1158231
289142
3194
25941
7523
12018
1972
81983
11326
2724
147865
332232
74488
940766
13653
4899
1436
37231
5472
8787
3
31995
318598
128647
9034
1910
609749
7483
3875
7833
12700
104
10872
702335
425256
176114
7
458810
16838
1222
4587
5573
1075
6183
4003
264745
9526
8909
9848
98984
203419
186459
1624
15205
3510
4952
160651
268
8050
50023
943509
91744
630746
138910
10911
715776
1826
2751
12965
48939
1779
1633
13128
77
15431
54460
46293
792616
48561
220606
26614
17558
65116
357003
269067
233779
74657
0
6336
218809
998640
193598
4912
243955
2449
36705
7054
235003
78382
404815
27352
1969846
3915
286370
9579
973392
5531
72553
9238
28615
917
44876
263
325
202211
30403
482694
275497
586426
4317
42363
134735
113162
132246
90595
101581
15084
4006
4131
23326
2018
13038
5551
388014
9
112279
0
18661
1384
79612
8370
989683
3138
35024
85
37816
1391
908
44635
11858
313929
150
7750
54177
123
22007
73274
40002
7336
544
10392
49894
7408
2273
87953
65973
10706
10119
3231
4311
9334
21171
15665
37221
91911
239
37121
13453
19101
3633
10069
9
309761
1013957
152903
14805
18932
6614
9109
22885
219729
2692
34938
213825
720
36309
47146
386614
7787
10355
262630
29076
1488
2360
2573
648770
1155
3276
56730
146169
5533
60881
315706
33133
982
7068
34581
2563
33542
39377
12037
860884
18515
3130
43665
2172
1353
101555
499293
38
423006
42764
1217
2498
94935
7914
166186
698004
32170
2193
3985
6543
19919
82747
917806
163734
9436
1000176
147498
1572
8556
5941
10935
92073
4394
6832
2587
358737
0
2668
9868
64072
10372
58116
3026
18897
72
4508
113743
7864
163571
53806
5389
61370
55563
73654
32441
16298
7084
19620
127887
184629
1683
239191
24365
4230
7251
14115
53249
3486
6085
4482
23655
9685
5195
16538
9682
41051
47935
14542
70970
495227
5689
4798
4939
70649
23175
8965
3634
89372
147
96180
27268
638801
2548
66203
145153
498613
25066
2679
57
4840
8438
18960
8771
85952
14203
2590
4568
16333
1881
415045
33353
232236
349095
26045
88276
12389
51834
323561
3244
13764
7721
78169
542671
13531
1076
3893
110031
42402
95714
20407
5
46673
10218
353570
17285
41364
590361
55988
18291
481
52656
2970
200045
1424953
1097846
17173
6111
42981
3988
482523
4376
88096
679747
39786
224711
56583
279648
248265
308169
314060
111914
29566
695
110775
8045
177851
3204
41121
253985
3
1546
9489
13489
6631
103227
261317
8870
1235
10684
8914
7842
17849
77305
5702
534882
48666
395275
1019793
3575
9718
22268
134331
264601
208087
71827
10461
8688
378578
10881
2433
10638
7
4218
4727
17899
93831
20799
54292
1951
97
7752
219220
127121
36309
611560
654182
359745
85083
403574
24427
29579
54154
1091169
393755
277193
47846
99635
55387
302992
12563
86087
120282
0
13468
307163
708767
55621
236731
36901
28833
1490
94209
41738
137749
114430
28066
27234
1179230
4045
214660
763
1003232
54357
29368
39794
511678
7366
21749
4532
5295
5778
43472
2939
89212
4770
23070
3709
54238
552167
256122
116238
156896
1570
816
32161
8061
77384
38314
84281
19304
6240
49727
547
1181670
14112
134088
47129
25410
13625
7438
22
162141
46667
306832
251590
38428
10562
127466
105475
1882
32262
536082
341892
127243
25730
3217
5867
12889
1062
4151
4941
296632
578374
16162
207568
131943
2421
180966
317263
130633
31616
390703
7941
528353
415871
112
89026
60
3035
6152
67122
10701
21251
1442
833268
26594
340065
4454
2127
55957
4480
33777
1343
13453
1777
30434
200287
227416
18406
1742
398864
10232
1047706
328060
54124
1067635
66377
102987
10831
134417
51313
21810
8
7037
6480
327004
3224
989578
8260
26366
90
11145
45182
135890
122427
232285
824574
8485
74256
696008
44687
65992
307230
154979
9088
373903
241769
339526
802590
147203
6778
203945
56017
658306
371957
39848
258015
41504
344313
597155
845269
821541
281288
25101
835253
398920
9596
1010206
74337
44401
59844
91551
432680
207890
281469
150806
126894
212303
108353
975912
231092
1082808
786382
227738
41754
9410
630601
30211
138069
523899
23725
87826
79339
12165
18408
7720
470847
1306553
101882
109581
2730
197
68769
44045
480
459802
594047
1528518
13817
1531
5453
109779
237959
4
5817
6242
1260
1311
8832
7841
24441
12765
9213
44081
4130
6547
15384
24166
1249
150091
8056
481794
5589
18241
1267003
35064
499171
323710
5787
1288231
26896
41844
16602
116569
10729
66721
32648
136604
416164
5456
3628
16272
5599
17526
2952
73467
537388
1315
14452
142215
14421
9062
18229
6923
44097
65643
20349
31343
858460
58268
1607
50742
36479
665507
281504
201422
4752
6115
1689
73294
4
185214
41341
7125
319156
10224
3418
1103594
716259
27264
1587
6687
14132
17778
21930
640026
112617
1372
51579
78274
125262
216918
9132
59678
100720
13789
23230
295305
765681
209297
2968
102238
56280
110860
3467
1826
5
25861
198830
16236
44790
103652
3827
11611
13354
317029
338793
90605
6242
1855
215966
8089
36028
192813
1881
871968
1448
5663
7254
14528
5145
133
254
4921
27401
2492
39852
17994
15172
2793
17725
258109
92313
984746
203486
41866
112734
19728
81531
15512
10457
14524
3695
52652
5272
63824
8854
13796
12033
57521
5
4929
30659
7096
18375
30029
6800
3683
1816
15348
36904
259173
9223
123240
362482
50405
17422
19063
127919
11802
40205
32697
89499
22048
63831
1135522
7361
1985466
1743
264171
5892
9492
130931
602279
66138
273411
28436
122561
423421
2548
161702
5942
418717
2078
94
20638
81193
39909
13405
9227
25868
765417
232111
51126
343471
34354
44726
1039060
1086926
644468
497755
364220
80750
258076
292358
236158
92309
171040
3289
84669
14096
216825
165295
23029
16438
25284
57087
9259
19990
225239
4735
96073
352095
42414
1008657
21197
15610
40895
655039
6372
3909
7376
14510
185398
65813
196862
221667
9554
205
2679
9332
9380
1362
130791
8099
532004
295328
7483
34653
1320165
67871
5251
9264
15938
104775
13463
280624
328068
5755
28708
5426
124397
375319
25966
1628
45536
8305
4801
11760
87322
155224
68023
24669
53701
24037
139544
6022
89190
209374
304971
50033
101226
5016
138733
18752
115612
37541
66405
168063
140825
139728
76121
643582
199087
593316
342953
1444040
508481
495983
73817
431442
423880
64180
222944
440806
252918
36010
11001
11431
247927
31478
146722
986988
444224
88760
11102
41536
890819
12501
1089453
108444
156932
371814
146683
529280
85155
263766
47260
618061
107699
712613
43269
44530
158219
14395
511868
67195
27970
556821
55601
21841
295396
386881
62726
34495
24686
16752
466287
595338
67884
136075
955
25561
13147
170066
8158
781
922742
56767
100539
145
24946
7253
3062
8639
1933
5961
13149
31839
78304
32207
11418
10898
491899
6283
61037
25783
74248
14870
3666
13715
561290
92268
555988
75588
295802
612022
371024
115931
48475
334678
367810
103374
873493
1146230
14485
4944
15040
202580
10678
50374
171538
1386
18
906406
10334
46544
364183
79929
305634
140545
125
4157
26647
120095
97983
17307
139105
350177
965963
3641
8666
184105
137376
20918
1215667
177176
143594
88323
372844
192777
465617
4726
4203
10974
544
18964
5625
28395
633584
122070
191826
462401
33094
62051
3977
257271
1104245
117455
689209
272923
1221523
33299
31873
71709
68484
40770
241738
870429
208055
20463
182358
47478
1004879
72145
39357
124919
6091
8355
10870
11637
416770
519618
439501
202757
13128
8928
63278
987533
7304
358473
46729
714249
6736
308976
296393
193829
55685
402197
68888
89885
21209
315357
148643
90549
48546
91
254418
454
182326
35305
85717
1055301
15828
45129
631457
236497
23034
38048
64815
14702
1312662
163205
171640
292172
163959
3595
387708
58376
721540
102043
113198
73619
7141
22238
734399
357848
453973
13664
993277
12080
18137
1370
6
5
98385
11610
52778
414504
789434
12058
13585
308225
5269
210903
8561
57378
44756
91020
1240647
73806
62934
534732
87211
1075082
15876
30596
1007260
9893
145055
7696
13721
12004
1670
7653
170101
217595
178383
7651
89403
62926
1434
12049
134054
81599
410085
126093
106048
38114
1364136
997037
78753
36483
269961
264386
81314
13081
350648
5024
680834
31222
338222
52203
21735
56247
98647
20696
106006
55973
316440
70850
245291
38501
385764
277473
32434
104807
3919
29296
11094
2190
900646
1795
520067
9739
18475
973207
2859
117
1497
8756
110718
65317
108705
225014
240825
6021
15511
28347
173748
35748
3698
143734
56281
746
93737
11835
350948
133474
1760
552708
48773
39576
57313
3164
1937000
50165
213642
151377
11667
18186
348427
11124
5364
9567
389093
137654
70650
81095
264235
5425
15439
49764
575234
18114
106011
54835
31206
513033
40644
103617
621959
438597
439387
4870
54431
47811
342386
109453
14521
452865
19463
37850
33596
27169
317515
3365
456834
324779
235687
355756
32077
57073
226161
4825
25504
253389
13714
209696
42223
5146
6440
8540
358086
731641
16163
384283
219231
124537
1751117
273846
10264
38688
54471
108885
1099486
23907
473765
249259
948534
2070
1464464
59509
8441
12010
39012
29488
585636
883536
699614
123179
419890
11796
576793
58459
52005
893261
126964
538820
17219
2748
61525
15062
150565
213641
6489
748864
21567
38815
37842
100591
349137
250277
1003130
14795
6411
14456
33148
205420
19438
29563
13229
54295
12356
15584
152012
75209
49740
54377
310822
69578
315465
1
5200
4285
90325
939516
41529
320191
5804
211615
14696
14899
1044556
554377
9993
7005
71
189749
63831
57793
68209
426207
20881
172087
24891
196053
265315
67615
199725
1155058
661689
39740
244066
28692
105938
780370
1088972
496847
78858
159468
884550
441248
31746
1144439
177724
6183
16732
772
112995
500267
32083
69443
944094
66354
706376
9996
13994
8688
494084
64899
108313
14919
324481
73007
415421
10242
189165
252960
741064
1016157
389015
28684
72878
6996
176224
10982
648810
141565
470000
277354
69384
2910
272138
30248
653434
19770
170341
598974
745043
8848
433796
408321
95151
623361
282358
208085
4476
6471
130314
12386
97944
1026219
145981
12124
18
168867
61940
6562
30066
664820
17264
14998
333874
16525
117339
78591
36244
19127
62177
4164
195375
28638
132734
175437
1061793
430504
374079
37433
539591
747
30640
13129
1174537
1229526
91315
303119
932339
15903
870724
6960
1240409
9386
100069
54617
1570102
5574
38475
41209
23346
294114
46985
15697
976240
68999
84903
212668
793756
129913
544603
979546
48638
58888
199670
325260
107804
207983
1076927
206444
644619
67030
438079
69046
139216
3837
68662
37809
27907
62231
25775
59789
486367
130519
112957
867376
372231
163698
258351
346394
1054858
114577
458863
550606
63373
36201
77068
658631
959480
417847
174196
108033
262072
106222
167457
62641
799523
95335
290700
132105
169424
89099
86954
85741
1924663
498153
73999
43965
33022
16527
251838
132279
174305
1412390
700857
1075681
11094
615897
103505
227635
234628
300188
104445
297620
83896
52789
73577
906
15141
2130
17955
170673
630562
15417
89891
61148
14719
28143
28305
74996
184687
17669
329071
656817
698502
45535
1206398
886312
105527
5494
444337
117484
136659
626586
201413
60946
147484
84879
90779
25033
72319
6966
8096
71515
16157
11759
31502
210959
47300
5529
54870
203690
91659
48268
114425
451698
312779
303412
1553005
24996
905089
611988
698252
402497
180780
104072
573745
145741
1026493
14790
182543
1
2264
12091
2759
121
211455
11435
45803
461184
23459
114768
58730
9665
172677
7033
65608
6193
109648
7987
448783
261228
177614
655780
516604
105821
45759
684638
616505
765543
18725
206534
146955
15149
4847
1734
82621
131
44864
43053
3840
5131
2774
61434
116109
137497
244188
1428
8806
41348
7257
6476
128495
8144
107610
10350
9558
222516
75545
9135
85848
5378
2881
5848
344
169603
9733
170076
628230
8908
19222
10771
45499
3689
6018
90537
500002
4839
27843
91546
30868
133174
287174
7268
681580
20811
38604
6071
52956
121
64660
68270
161740
7388
116223
11894
8697
8
58112
87716
5390
51178
151
14156
4406
42544
533421
95265
153223
17615
81270
523820
127333
25000
1285570
52514
301297
18756
1615
19464
135410
21523
17914
34441
342478
1422881
12342
557765
639029
51811
170583
3003
405309
7810
956343
79697
51626
372389
185840
21157
17017
543368
184209
6215
20307
520938
429126
4016
284102
419451
295552
3580
1090611
23434
411457
48883
1342119
999948
36479
10980
126280
56902
177801
9455
686692
3268
5013
30250
67504
9092
155246
9132
146349
165498
22657
3526
20089
22515
33172
59705
44816
99968
227
23188
42
18162
16088
230300
40702
39076
2603
365345
7163
318600
7975
6302
13601
3343
2617
7506
8762
1730
18461
1015
93678
14005
1
374
211656
42644
55685
5062
56889
23398
54
4447
2668
35079
138634
18024
47258
893820
266055
471134
13432
101911
311288
16487
34424
34784
2751
26646
33121
22461
1230338
15580
14817
72332
45438
347196
262949
273371
29572
217011
105529
51369
10508
71904
158997
96995
121372
920899
578913
47298
65035
2604
6817
29239
74304
1462740
109002
60600
30487
28676
115990
989512
7367
179197
632549
39433
926978
384190
331510
77574
45759
280185
375084
41113
146001
65327
26198
97619
23940
68017
61843
494160
73971
397084
325664
49310
21450
2043543
15304
572008
259378
86436
73109
14982
424626
244762
138578
61489
7865
13794
6469
6167
105
95
9234
2778
35843
126
14659
11156
43051
42492
17070
6312
42689
24469
339914
2057
787251
5973
210584
63980
100674
29583
32467
215700
77760
442959
150577
71848
436715
147503
91912
150044
96647
36016
2647
9130
73200
6135
5597
49027
176572
40234
1073242
37607
957052
25878
769984
7453
5480
8553
235313
17992
2000
58507
18866
12256
127102
12134
514917
33720
10462
1310
29765
13973
90515
42918
63704
45821
38
463
5710
31030
290078
10272
368836
497828
540555
20217
214341
92809
115554
5677
19310
134223
55724
42480
732514
302096
11631
2884
1046629
69482
823784
4467
328675
87142
336358
174005
12343
138888
1531
5107
681612
5053
637924
34372
218637
173816
230579
30061
624855
6425
33823
1481
36628
6501
6622
194618
17091
77694
3454
14037
346755
319542
22975
2
728818
86396
8295
4654
474169
6427
2594
1176
1576
2416
329551
83915
31010
4947
54105
57343
77562
5213
338301
52585
135907
0
6953
82846
302726
2089
6752
46209
90148
14
248168
30
18490
57351
58607
21436
46825
15425
222619
10938
196857
36777
129238
21744
59943
59210
37948
96307
113571
10339
86256
0
581916
3267
6584
686
97151
11701
16988
659492
546033
44634
35254
36036
21022
37404
16463
44168
602073
1901
3310
313938
28531
67358
65634
64828
9728
162571
3820
74
14580
5778
407
233383
3123
1398
227009
705
67473
4093
9092
1930
2291
6978
52276
11448
102499
215445
394866
3778
58848
157663
42222
101657
27276
160861
865055
3128
146905
12881
41790
117390
29122
4185
1365
8
7783
1617
8661
1115
3153
7623
2476
12429
3602
1681
35
9306
171330
2517
260318
9650
5748
38447
89568
3418
201138
31
619046
133735
14449
6086
61653
2119
171580
7385
3079
2197
13090
55524
4402
67508
271759
5093
74261
54271
154491
681
22739
586
31371
12058
300314
0
51478
9096
280981
95279
96188
9725
763067
59955
234958
7646
63634
3
103826
3197
4
1049681
258180
4989
86219
8
6910
208550
9790
24856
1069427
20104
106166
398148
5075
110815
62266
276192
22209
13985
3713
1006
103469
2908
5672
671173
19066
14595
36098
2636
22440
8112
60529
16568
6495
310924
4125
5598
1373
6713
10155
20791
20361
54222
100240
19
5360
40966
273254
21482
50333
683144
107856
575664
6827
104974
221653
215093
303756
243453
50015
51251
78379
7612
311108
42011
102564
101
316
1805
9607
81
21042
63447
10294
337
35671
1350
1525
90464
2761
2259
10386
61295
80
100052
23406
1311
277879
16870
149980
29985
132712
5226
8254
1888
149
2172
2782
5758
3350
13324
2949
25963
41
15884
24855
35337
31664
18
71334
9991
39358
203388
247880
344861
285714
77628
4026
10800
186717
5619
364729
98995
17864
96677
25837
298266
11814
53330
136449
223235
3343
318447
562019
11541
123042
66243
15383
28332
23926
116512
42838
62985
51094
226402
601993
915079
40910
27097
460161
34569
258449
203727
665466
87226
94807
9857
45718
89939
257
16816
13373
5178
14070
12202
70815
11655
64935
687843
1311553
215935
50356
6064
25635
8002
12093
969602
1139505
339901
15277
42557
17356
12484
268203
230151
72504
245906
1036253
12702
711283
6700
14921
138411
12323
5436
101545
1250286
561870
60440
632571
192747
117325
407601
103670
4777
52997
330267
2704
75375
1177524
210293
147867
11520
50934
24005
403633
148605
273791
50092
24068
19932
68187
375114
789
82
958620
5713
53338
20332
5967
182573
6583
185668
209095
5785
395166
300632
51015
124975
101218
29
79539
28689
653450
32138
1398
22833
8583
47861
19733
34094
1202632
16086
5661
83054
179791
69740
69115
87895
6089
222896
15939
22407
52847
18642
26789
209612
544679
57191
40444
265445
677160
685118
69794
526806
135503
547436
44345
196416
43127
108275
513978
30874
478969
60445
48725
375050
216859
14313
29352
85783
39201
6625
49554
22535
1002244
88862
1055227
60663
146645
1148795
4667
17093
202241
476210
78708
509355
73806
72488
1318811
37009
851922
63652
1064357
174952
707801
46819
336931
51929
551958
50633
387213
4306
14600
9690
3475
336834
270755
9349
282298
85682
94912
215709
10508
63182
707074
199866
153910
3049
112
23581
4544
832
119479
513944
93806
63767
3275
2053
10971
12868
56998
235523
27091
3
2926
42997
485818
195121
9178
41777
68821
2324
4861
668
25038
36821
688818
57051
22290
85358
5543
184180
54000
67884
59194
84269
44389
55504
280386
6322
115119
359
46578
130
158657
200389
2212
3317
70627
2954
10451
4478
205435
98829
274484
16343
53057
345076
75910
17896
101196
31569
625516
351243
64107
76575
38906
29521
5242
598772
437416
59066
36387
18021
3770
43589
14380
4
651271
7490
22406
13838
7919
1339
2
33
4287
10077
480285
34086
32189
5714
10519
243749
88123
14297
534549
849541
311194
636
331536
16055
32373
66504
154064
55474
12311
729
201365
53308
301055
298740
119056
66971
6752
427
11644
5706
276692
57812
694179
65313
4780
29092
9601
7623
6518
72957
226
11809
41853
97683
20660
33798
0
3234
5141
3583
291684
124308
8216
148179
2004
3852
7315
18313
346771
307152
6791
10198
255882
4779
51057
302237
43756
1970
7595
34842
34084
1441
14
52870
766317
102325
790119
111211
48735
0
78933
6173
1259
93
154117
5569
2773
3107
20265
11398
16581
197082
372166
3767
282145
4530
22448
85755
183262
109757
7963
25421
5556
8421
382416
3426
407264
1292
99755
303076
52518
1043214
13971
11409
2372
148438
6638
16591
6868
9428
43
2750
19605
359544
70815
15239
131129
237426
271865
297723
722239
127531
107891
118356
2221
51737
28013
4366
139722
410727
30076
45476
646297
11525
265522
8847
673337
3417
13785
11851
18565
484437
25452
2135
19489
59939
31752
2772
54991
70596
189408
44991
75133
6940
538815
43547
18027
11568
1276
384139
24850
18965
9690
105520
63112
195451
1851
404756
808
71695
117525
2141
4150
1560
65578
23606
25078
52688
260227
394
154234
19253
359571
242438
161024
65901
428096
1044874
3779
2048
27742
302272
212900
16391
18318
17159
18508
48268
6506
57137
252444
17039
61524
175989
42912
45014
129614
525054
101546
215184
89621
47056
302188
97591
37728
347269
