2
1286
3392
6
1
30295
69
11157
68671
5523
11904
16225
8
5401
11909
0
1
249
0
0
73
80217
957966
3562
2220
1882
1730
29
0
14716
2
171
59385
449
625289
0
0
6015
2256
214741
618006
101
5464
1761
616
4622
838438
26
0
1248
0
0
245436
181
2149
31587
0
583
1915
620238
0
1148
1
1
200
1
7
0
90630
27375
0
0
0
0
0
0
0
0
0
0
73
0
0
0
5
19697
3077
1008305
1781
59
962348
639541
3364
49
5
1052429
0
0
1195478
0
0
0
998129
0
1770
0
1478
0
1
0
1174
27
0
3
0
0
630828
0
871808
101489
0
0
2
0
1847
1605
0
83847
1998
994504
55554
0
0
13280
29
232030
625217
11615
0
117
0
0
0
0
155
0
0
0
81856
616
263324
0
623087
7
605995
5
223518
395
9408
216797
0
0
720749
0
103
0
0
589
1324
4311
91
1857
0
0
974390
0
0
230078
49741
0
715925
966240
773729
0
263958
588957
1775
0
0
0
11762
17
0
0
0
0
556
0
362134
34
0
0
0
0
0
0
0
0
0
0
2
250097
1648
83748
0
1437
0
754499
1070
382321
3
232771
254
31515
0
29
33
0
550
317295
1169
7
20292
626190
227804
169466
186
84
1263
630914
0
0
0
0
0
0
630207
0
84
1005
0
0
0
1111
2
0
30451
323514
1218899
2017
160
6369
230681
6
11900
0
82
11697
0
4
958887
0
0
1200078
90530
192
160704
26629
223334
0
534
407
120
964703
0
453
26
0
0
0
88908
2
0
0
0
0
0
0
3343
996271
0
1
2388
0
0
34
0
0
1156
912776
0
509
9060
2
2003
85526
0
0
0
0
30848
4401
590
603
0
0
44252
244246
1
0
244404
494
0
84
107328
0
69
492
485
190
89
5
472
19650
23739
682
1818
1200
79138
2187
781
931632
476
0
1865
0
54
296660
11598
31435
960607
0
1745
5838
179
26
629656
10828
0
631588
3
1507
598593
4
616409
0
1
154
329622
4
1008850
32656
1990
13497
6
0
0
1128
0
0
34
0
40726
967874
2
860835
0
0
0
0
0
0
0
0
155
577
117342
4
1000029
181
0
0
0
74
0
0
628610
0
1835
1132
181
84902
0
0
2641
165
34
708
98394
36
287172
0
85473
86708
0
191
967565
597
0
0
1748
877653
0
0
0
341095
0
626
0
0
0
0
86567
3
0
1140
0
0
0
0
0
0
0
0
632012
1150
0
111
66137
1035
490653
0
664875
204451
34
879
579956
34
1176
635194
0
0
10979
0
1
880552
3848
209
2
166
424
0
0
0
0
0
0
1849
28
0
1
1556
55
0
0
0
0
0
1465
82380
84
1642
2961
79127
5216
1137
208
995963
0
87052
83
620413
1822
53442
41
0
327433
84
0
34
633620
0
0
177
96700
1794
0
168
0
0
0
0
868855
153
622393
1303
1140
1008334
612701
1
1142
255731
0
1597
82865
4
116
31570
13485
37136
0
0
277432
0
14
0
3
0
189
640761
85377
340210
0
0
0
0
1688
34
840137
1666
0
0
208629
84
12187
1145
0
0
2233
0
7194
4585
85811
0
571
178
142
0
479
0
297
5000
253306
4003
0
0
0
4
7453
622194
90
633503
967874
3
11
0
604749
130
1172
3
0
0
0
5
234970
0
0
436
3
445
967874
418
15
12013
8765
556
36395
458954
3
962
1724
0
960676
1
1627
0
0
0
719268
1643
1757
3
0
0
0
0
0
0
103
0
0
5
0
1503
0
347
0
0
238417
0
214088
595
1778
81439
1408
0
4311
4
18508
771197
3034
15630
314
3909
95
442
3932
2
13676
31
42566
0
2458
0
0
244928
11955
714955
1260225
483
0
0
0
0
999
22
0
555298
230404
0
0
0
85
67
678777
79
0
1066
0
0
0
0
7
717225
0
950821
660028
83
973
456780
542335
124
0
81
608669
32013
1
277443
0
2
560
631450
587289
2474
28
14
84560
2084
0
0
2
0
0
3
7
0
3
0
224760
0
0
334605
247802
632
261
452
34307
701
22270
608676
0
0
0
12063
16
0
0
0
0
37
0
0
0
0
625800
0
558
0
0
0
0
0
0
34
0
355914
0
0
2171
0
0
0
275703
0
0
4
0
1
0
1513
211
0
0
0
0
0
0
0
0
0
0
0
0
84
0
0
0
0
0
0
0
0
0
0
0
0
0
0
1154
0
343515
136280
0
464
37
250550
967167
243634
0
629718
2195
0
83263
7505
82
1689
0
0
0
4
1437
11930
38
892620
0
0
1016
0
2845
0
149674
595427
548455
1069
999
1178
0
1
378097
0
2
0
31
84
89196
0
84
221526
55
0
1465
198
11909
0
31489
1731
562
0
251732
0
0
245073
967619
436
0
358
0
4475
0
0
144
12
0
538
386
0
312242
253171
14220
629693
15
1182
0
0
3
1208
1332
0
4381
15941
2408
85221
6
715774
625557
715048
316716
4011
8056
83197
84500
0
87312
280250
0
4353
206
0
0
0
85609
34
0
0
1886
1
411
0
964882
1824
26
0
11662
0
0
0
0
0
0
0
0
18
0
0
0
0
0
0
231704
0
0
0
0
0
0
1104
1258801
1178
0
0
0
0
0
84
138
0
207641
0
0
1002
73702
0
194
77
10695
0
0
231040
18
0
0
0
419
0
2210
0
0
426
4322
497
0
0
74
0
3455
6551
95628
5396
2
324296
2772
1445
617177
1749
611491
825059
0
271468
1759
5
0
600
0
0
0
946550
6154
18126
1193392
0
1502
0
0
794486
0
0
0
243023
11915
0
3
83329
606789
17
11917
591
103
1
0
714757
16073
0
0
0
0
0
4667
85403
2
611
62
1174
957133
189
0
1499
0
6
584190
0
11157
4
302
394568
965408
0
4748
0
85386
139
0
0
188
0
0
45598
0
110521
282
517
24967
1724
485
217182
0
0
0
0
0
39
1135
0
44147
0
0
119587
184
0
629807
0
1750
292277
172236
4
878387
0
0
0
0
0
0
0
1453
482601
11554
0
0
0
0
0
0
84
83371
1728
77
332276
0
17
0
430
721893
0
84507
11966
0
18
739
0
1550
210493
0
14168
0
2
589
0
636596
3
1137
0
0
967874
375
0
0
0
0
0
0
0
0
205168
76
82499
7236
2493
0
247420
995790
0
0
0
0
0
1333
76729
596
708
3
633857
985
0
0
225599
231696
902
11070
0
37
0
626124
0
34
2169
0
0
0
0
0
0
0
0
0
1154
548
1211347
630273
7786
4
274890
0
0
0
0
86
18
0
491
254206
0
466
0
0
258427
13
1332
1911
1430464
103088
280885
1
85525
1
557
11688
0
18
0
231704
0
7
0
0
12
77
2
18
419
4200
74
558
4
0
30518
0
74
0
4336
0
1
589
0
0
86026
0
0
202
0
0
0
0
0
0
0
44209
0
927025
591
0
231930
12134
0
84578
0
85367
0
91483
468
630977
0
0
1582
84031
244447
0
530
556
75
0
0
0
0
243671
177
0
84
64730
0
104250
0
0
0
0
0
58
9
0
142
200
0
1779
409
83306
1330
627
77
0
450
326
0
0
4
1691
21
5
547
0
32694
453
18168
5866
3635
1966
471
5874
522220
23320
0
33
2
949635
581
240
61
3287
5699
297657
1892
3
187508
2161
20
0
2505
209
79530
2213
0
1620
51
5901
359
605
152
1796727
268880
101755
5733
48
6197
22977
290
12
0
0
0
88
0
1780
28
0
1011
0
126
966181
1746
0
0
0
202921
88915
325
16031
0
118160
191
0
31496
0
0
165477
4
962408
633076
0
5521
83000
10
3217
289417
5866
3701
5830
2941
962334
0
170
6
0
0
185893
0
0
34
1112687
0
34
0
0
14724
0
31
0
0
0
0
9226
1858
1359
630877
1644
0
0
168
0
79898
442
442
0
598313
630811
84
0
4
0
0
0
616844
1907
4
0
0
11948
34
0
6031
0
30
186761
153
1
5
0
89719
240485
0
549
154
34
0
3
1708546
89383
1110391
0
4361
1021520
0
103483
0
4
369122
6011
3354
861435
27042
0
189
2259
8
91071
0
0
0
996434
4463
1568
249482
0
2597
0
1129
0
162
0
0
0
1150
0
618808
0
0
82839
178
0
568343
167
0
87251
154
653847
0
0
4
967874
456
1780
225628
438
15698
631202
231056
28
0
0
0
0
0
257
6
2193
1471
0
33
5
0
0
629738
512
1099
3556
1928659
50
0
0
1789
1746
0
1124
0
2567
188
626735
0
0
0
0
0
155
0
0
3840
194313
383
110
115236
85096
3794
9357
0
189101
4
1226433
142
860980
265
0
0
178
0
145225
0
514
116215
0
0
189
0
0
49
582497
0
0
0
0
31570
0
341
0
0
16042
0
0
23
2317
25150
21
1235728
36
601116
0
1136
1906
243
962862
602365
0
698821
549
296577
0
0
629970
0
84747
161
0
5390
83016
0
0
0
1
0
0
10
1300340
5073
36349
1903
1124
282872
132
611
28989
27581
243631
75
170
3019
2571
5
82157
21759
160
0
0
34
629673
2942
1377145
0
853
34
0
0
1503
3
164
1
301
85169
33
0
0
86655
0
0
0
574109
0
0
191
0
966215
180951
969205
0
0
577
12
0
0
0
1177
580169
3
31
0
0
476861
688
968724
1833
0
0
0
877433
367011
0
685
0
0
335773
1140
630877
0
0
0
0
0
334400
0
14708
0
0
2
0
1
651
0
4
12
0
987
427
0
66
0
0
234
224043
101281
14
0
233164
0
0
961225
965431
1
11015
544
5
0
1338
1199
0
160
0
0
632017
0
0
1433
0
278954
0
232376
0
0
437
176
0
0
18
570375
0
0
197
0
0
0
0
0
1144
0
78940
526
0
0
0
0
0
441
1
620128
0
11916
0
598102
0
34
0
2
0
0
937519
11122
0
194
0
0
0
0
65643
124
479
905
44
0
0
4
486895
0
31
0
11685
85371
575652
84
0
0
201617
617289
370
55
1
1971
0
0
0
968665
4
102140
0
509796
0
213262
22
0
426
13144
0
0
0
219711
52
633977
1651
11761
0
0
15
2016
5862
10
0
10460
0
0
0
0
30
0
0
901732
1512
173
903339
2
1710
878838
153
33
0
3654
172
0
0
213
1
8589
0
1458
12
84
85039
0
4846
17
236255
4624
1
34
0
208
0
0
491
556
58
0
154
717576
1
0
0
0
34
0
195
0
0
214713
33408
4015
0
585
1009054
714091
1291
0
0
0
101571
3
629796
249481
231089
0
0
1
0
1550
267509
0
28
0
0
1021815
0
0
226187
0
0
0
1002757
0
11904
2
0
0
0
0
1
37
0
263888
89553
21
11742
531
3200
1645
2589
151
84195
1875
463
255820
0
0
609080
39
1609
17121
544
743
12017
1351
11917
188
79882
2
2298
1776
5518
1735
2099
1252
1111
608917
1145
207
90760
0
0
0
4402
627346
992738
0
0
0
1172
3
800021
0
87049
994636
1875
6
0
0
176189
621631
8913
1468
0
1834
960764
281213
778095
1758
53
0
368436
0
0
0
1440
606783
35
0
322329
0
11781
0
627561
1101
1106
360568
6377
563
0
161
0
34
453
84520
0
913711
1693
34
914441
85525
0
0
231531
0
84
393
23
244
2638
0
128121
5849
1188
4
1216885
244584
1790
0
34
0
0
0
139
29
74
0
0
162
98529
170
967584
2
0
0
0
0
0
2447
562112
2155
253
0
882506
436
0
30
2
0
1640
1329
86994
622595
84
633654
85384
139
636549
9495
614668
4
38239
277431
0
1066232
0
610794
0
12903
0
4720
5
297
0
4105
967878
2
0
11774
472
11647
243666
962408
0
1761
0
0
0
364
226900
1786
100954
2062
57
14218
0
17466
0
106
422
631159
0
0
0
230900
643465
13485
4
86646
2
10
0
4990
35248
619904
12079
0
0
0
0
660
0
275703
5
1724
0
0
0
0
0
0
0
486469
0
0
0
0
6
1025
1307
553281
1
28
1
1467
11938
0
967603
0
156
386
639190
15
1204
85362
3
84120
1559
4372
0
623
335234
0
0
0
0
0
0
630869
0
138
208624
74237
10280
0
1099
577
0
65443
5006
229050
16
465
964388
964338
795036
243036
691212
49
4404
0
160
0
1505
0
37
0
0
0
1750
0
39
1746
121224
522
85521
0
251677
0
84
208
447
643983
52
161
155
6765
379
0
204644
4934
2530
0
187
1
0
0
628666
0
0
546
0
0
2
182894
8433
997554
558
4
215
91
4275
174
0
0
85475
0
0
302316
0
0
721630
85039
38
0
243399
0
0
140
571
1477
450
0
13319
3740
237191
23
219
2311
188924
1359
1155
363
703500
6959
14
0
1
0
400
124583
0
167020
82934
2269
963382
3
3542
1819
3950
0
9292
0
0
629660
0
1332
0
159
187744
0
561
13581
712278
358364
3500
2226
14
1229999
1481
0
620490
83108
1122
616933
460
242088
545
0
2927
38
630835
966085
1789
0
627017
0
0
1
2
11
0
188
0
29
0
0
16829
316
603297
0
143296
0
0
130
0
1459
0
0
222
2
3
117856
0
0
0
0
0
0
0
581992
0
353
0
0
0
0
5
0
1
821
69
224375
233621
1842354
26
0
0
0
438
0
577113
0
434
0
0
0
0
1207
0
0
445
4
0
84
0
3
967790
31570
415
2
0
19
1
0
0
1024479
0
44
0
8680
84
16
242
558
717576
0
0
34895
15378
0
0
0
231707
1361
226831
750
2
0
500
87
897
2
0
1
2660
2209
2257
0
628525
1172
800021
0
1487
960687
231573
0
611748
3
628564
31570
0
86085
0
0
1063
1182
599991
34
0
15931
29
0
2739
0
0
1822
722253
4
0
11929
4743
2969
11320
962398
376
22520
1758
423
614045
89449
0
0
0
0
0
492524
0
555974
0
967618
387
85518
19
0
1131
294151
579
227972
0
4407
0
0
0
0
250218
631363
4499
4534
0
0
84
0
0
0
0
84901
0
147
13729
5
688999
0
0
1490
3
18
0
676
380270
0
83053
0
0
626116
0
0
17655
0
0
0
2
0
0
0
1
224648
965622
438
0
0
0
0
0
1
295906
118
716246
0
209
1263
5
3068
1402939
228775
2203
116038
2326
68
1597
2874
11657
23420
92224
0
1981
967791
570
232376
245574
10325
0
163
1913
3
281753
132
19166
0
1
947984
0
84339
724
31222
33361
4126
916483
241825
5541
382
19858
79918
215024
24998
304
742
101
5739
20065
2593
30
251
0
39
0
1164
2317
6935
85878
2527
3
946025
0
74859
1871
146
13810
83803
0
21894
29
0
1
15
41179
84586
5
0
0
0
0
34
0
2423
0
0
33
0
1
0
0
630839
0
1516
1393
444
246786
389412
351437
16134
631535
281556
85345
0
716428
17241
1
1051119
280396
34
534
485
0
962632
0
1715
0
0
0
0
0
0
73275
5947
280162
1761
0
687
0
0
93
119
1152
28634
13269
3
26
1
82067
149
1761
0
548564
85253
1
247334
247269
4470
0
1
8
0
4366
0
0
0
0
86629
0
0
7
556
0
84
13
0
159
2
39543
1628
21920
702256
45970
76
571956
1
457
0
0
0
0
0
0
1058
0
57
0
191
0
0
0
0
0
246735
34
714789
4667
175889
0
8
0
122
970139
0
1330
0
717204
0
0
0
0
0
0
0
18184
933197
181
1142
18239
638062
0
168
84
0
89388
850
0
85632
6
0
5
456354
18
528616
0
621333
18984
578195
999444
335810
0
0
0
1520
0
1446
52
0
0
416
605240
0
4
167
31463
246803
527
621901
0
471273
394046
615998
84
0
13485
967788
27
15484
877
632677
669
0
0
682
0
1
281912
1768
1310
0
714872
0
0
0
585624
877304
3
717538
1361
1632
6
15651
361967
15
0
0
0
134136
447
920621
80408
1
0
280944
1513
0
34
0
0
0
0
336308
0
1140
487
0
1140
0
0
629786
1125
1875
0
960757
0
3
0
0
0
0
7
0
233233
0
0
0
0
0
0
3
0
0
321644
6014
0
389
0
223503
0
0
14858
0
84
0
0
0
0
72667
962570
1
0
51
4689
1194923
18424
607
280715
629752
0
1761
180
475
0
0
606
450
31
0
2440
2307
33282
4
0
674
4
614
21703
4067
0
62
607622
1136
2
0
210797
203
1905
0
1408
161
0
1
27678
0
0
0
105
12300
43210
0
0
16
2
0
0
0
82
83
0
152
0
153
81971
0
227483
89366
0
182
11877
0
964277
28
11701
0
0
0
0
0
0
541943
232710
0
0
85013
240
0
0
1
0
631681
230978
11983
959215
1206053
49
527
29
4438
0
517
557
0
0
10952
0
36369
13303
244899
0
570
0
0
1308
84
0
0
0
629730
4
85214
4423
0
0
631239
0
0
193
0
0
0
85089
165
0
0
607
0
348532
0
87745
0
0
0
0
0
632017
0
2143
154
0
0
6
0
1
1979
0
0
6
0
0
0
0
277435
244133
0
33173
1
0
12
0
231946
84
430
0
157
2
0
4
2
0
0
0
507
0
20
37953
0
1627
176
0
0
1508
0
21875
81475
607287
13519
67
44258
0
18
0
562669
0
73
1076
0
570434
1050
0
0
621
0
0
0
0
334616
604
0
0
0
0
0
0
0
0
0
0
0
0
0
84
0
0
0
0
0
0
0
1172
0
629694
0
310
0
728
0
78779
0
1185
141
245533
4342
0
0
0
0
0
470
0
1
191
0
34
0
412
0
0
0
0
0
0
0
0
0
0
0
231496
0
0
468
0
16647
0
609521
240690
0
0
0
34
24
0
11892
714773
0
4667
0
0
596683
170993
0
0
0
0
0
0
9
0
1183
4
0
0
0
0
337815
0
156
712
136592
0
0
967874
0
0
0
0
0
78969
632456
458963
11142
0
0
0
967716
0
0
0
109
251448
715760
0
11702
231496
0
436
0
0
0
0
2
0
629716
0
86865
0
0
553
0
0
65119
0
0
1341
81890
122
1627
19375
24160
241017
2
931467
305072
980
3
74
1
15805
0
0
0
1137
18239
0
0
0
634262
98
6876
2
0
0
483000
0
0
0
1602
0
83
0
32
11931
0
4
0
34
89235
13173
16641
876156
177
85195
0
841
150
24
0
571385
85521
0
0
1205
0
5
0
388
2
0
3912
0
0
387
4
199843
1072900
0
147450
0
589027
0
345
0
474745
77
606573
224162
629789
0
0
1
1337356
1206
294516
1201
2
629673
18279
1506
1
0
576154
0
967874
0
1177
0
337357
0
372393
967790
0
0
2
4
608
0
101533
0
0
0
0
0
278748
232376
194
29
0
0
84
0
33
0
306564
11147
0
74
0
11716
0
0
84
0
410
213971
18
220672
11757
1856
2
0
601623
0
0
0
1458
0
3
0
4
1
0
197
219177
0
12160
0
0
31463
56
0
910428
0
34
1764
427
56
3398
26
23072
600
1471
609053
0
0
0
0
0
182448
1
534376
375337
15
11779
1
335939
453
280265
1000000
231615
912
37290
244602
0
74
39
967575
0
0
13921
1519
0
632017
9952
335773
0
303
2
78
0
0
30
14829
22
1152
7
4334
631985
677
0
0
657
0
0
11966
0
0
144
0
0
0
12
0
68651
800567
95148
0
37
0
530
1470
19
1822
206072
1
2
464
1183759
0
0
307299
721124
243221
2360
236792
1745
17047
6946
6760
877262
1614
0
630992
0
713726
10
0
2
33
1170
0
11
0
0
0
6
3614
0
583832
170
0
0
877075
979
0
1204
4
3
0
4
717549
209
1332
0
1361
1
0
23
1630
4372
8542
0
0
15932
6
33
17490
2
74980
0
357008
85222
0
3
4644
3
84
0
700858
1492
98435
0
625303
2
0
4757
0
715049
157
303756
197
92180
51984
241021
1589
1073
241575
873340
9526
51303
22433
1899
0
83126
1005255
41
117
84460
0
0
0
2
0
210
282503
85227
533
18322
0
285471
578
64
29654
0
0
252864
4348
0
6
556
21
10335
458
0
0
58
0
0
0
0
0
0
149
0
89556
85521
4
84
1335133
1
1
0
202
632017
0
0
0
486
1155
0
84
6
0
1851
29
0
1
1140
34
0
0
231518
0
0
0
0
278
0
629719
964336
630306
400
0
4126
0
4140
69
212350
0
0
32093
0
66
0
4006
0
974194
0
0
0
0
238
30
483
0
294649
1868
84
713669
630080
159
85098
0
1140
0
154
0
0
0
0
0
84
0
0
0
0
0
0
0
0
1715
620
334566
0
0
0
84
0
629722
0
1184
249461
0
490
446
0
0
231055
467
0
0
0
0
0
0
0
0
159
0
0
232123
0
0
0
0
0
0
85225
0
140
260137
309768
13969
0
0
5902
0
0
1
0
1512
0
0
0
388
1107
0
0
0
236845
628720
1011024
630007
0
1176
0
2
0
0
0
0
14840
11716
0
214247
0
0
0
0
84
4
0
0
0
0
0
0
998646
263419
74
1519
0
0
0
171
0
11936
0
0
69167
3
208370
460
962575
1776
0
0
0
0
1
0
987
0
11
0
51
0
73467
0
4629
0
0
70
159
244583
23446
929240
124
2
9
22659
30766
258428
10665
0
0
89551
281249
169
630877
1238
0
0
231107
84
629693
1577
466
59
1780
0
171
1894
1303
3
0
77
0
2079
81
1110
954
433
0
0
574
0
83675
1221
17
1485
1
3
4526
0
0
486
0
4
0
260817
34
32
1065
1781
0
2
132
9
2274
4293
31802
701
2342
619680
0
2
36
8
4
1605
0
0
5063
9
82
12692
4
0
0
1
