4446054
8019024
8050307
4889111
8074494
6471527
6264325
4415640
7480947
6078642
6784728
6679788
2401464
5751993
7871387
1528167
7802584
4427923
6631844
6233757
3579479
6055338
5779908
7275531
5205764
6026874
7323141
7266701
4612488
5567469
5387624
6622040
8110147
6737997
8973485
4973702
6718900
6031880
5583234
6680851
8873932
4997728
8858859
8654917
3560759
8961465
9441277
6147547
4106012
6106202
3420918
1509705
6791789
4205807
8285550
3863636
7294611
7977833
8491596
5589153
4615479
2936168
6711683
1294891
