433426
1039156
2927865
836461
790064
1139718
553034
1966169
1800398
3418752
1724399
1347847
1897019
851088
1520786
1383020
690392
475705
497921
105074
598035
496977
982821
1049056
549603
915051
2544049
1313955
615184
590545
1698855
636465
2270713
357690
1608222
911754
2719882
2196599
2481793
679174
1574228
2460990
2076949
1130937
891481
927104
2263670
356189
501850
1334904
246726
840763
249229
586769
598720
596498
728617
1114580
1160611
756550
842265
673450
1277886
430400
273594
950245
1087813
920300
315438
850623
803734
384105
1117502
2951887
1090451
1382634
73961
172394
445656
536489
152969
721173
1539456
432799
259617
531608
627411
440221
322027
1821372
1607383
642362
1157108
219568
1334271
772379
1442113
340036
518276
347259
1245280
633087
2190616
299881
1863512
1537710
1915852
2373956
2302513
139049
2145803
1047269
1079233
1284951
598345
79253
601047
271844
337844
924674
1800483
628089
1654559
834386
525404
809552
836840
681520
2898433
1163590
3230037
2618368
461188
130768
1879688
520711
965951
931694
2845252
1345237
853429
688476
1439579
385346
1730932
966378
3871353
393801
1349492
604195
1771078
949909
1534671
1454543
2179363
3087029
1162925
1055162
405706
516112
4016499
714580
2775096
962587
1691279
631331
2700720
1829703
3201659
1913709
1913528
1481769
1756004
827781
2011751
1145352
2601956
905219
2625651
231625
590840
491692
360998
1049709
2683145
1590304
2308213
1315001
1103558
280936
1332337
643620
1646002
1312507
1059728
1286356
214801
1018696
2103284
681921
1285645
790766
1608966
373592
112300
325329
364225
928297
660650
203611
646880
302808
652610
232080
1017923
257307
261080
187225
1374233
604027
110272
276589
1500958
931200
2216534
1592555
1205810
1164671
1329265
1222326
909086
337596
1855635
956943
2620176
769494
1435311
605198
1496598
815126
1130909
504393
604860
583159
378205
817855
1130526
257060
984363
471513
1101884
1456700
357156
826149
570223
650784
