4814
41557
104438
17319
253
1042095
5861
14902
687624
223587
625333
845288
1260
279388
622746
1150
209
119287
0
0
73
1031274
1603766
1057636
1195612
998129
3248
1203
3
1609223
2
87302
1054104
245347
637362
0
156
347504
1230676
451154
720757
692
7583
974403
281829
2461751
856297
11780
0
369684
0
0
250103
87024
1150877
264943
62
324086
1044061
632448
0
630208
1103
1113
1576639
237356
23710
959219
1297146
421992
965969
482
93706
0
999614
2389
34
914441
96665
0
36442
290432
244899
110605
1250
20237
28288
1013975
2350
345362
968197
640729
633098
1216938
329803
1058681
1135
34
1870864
0
0
119919
1000213
74
631577
85089
3555
390806
172407
968195
879563
348559
0
87748
0
0
633275
562112
875416
1216360
11554
884649
592
0
1877
1613
0
85572
88677
1083226
678226
332366
633654
98681
168
869009
1634040
870416
84511
83495
277432
18
1066983
0
844445
210577
13333
14168
86733
625
264210
4
1263790
967888
607134
5
235799
968741
21450
498416
962408
1627
722686
0
103
1508
364
454532
84661
795051
22908
4474
58476
247420
1987664
0
562775
230500
680973
1076
717258
1613403
1006275
644173
277446
1223439
89406
2
10
225599
583064
36771
630974
12079
37
0
626680
0
362828
2203
275703
5
1724
0
0
84
0
0
0
1154
487019
1461444
631921
92706
4
906027
1025
756116
554351
383050
117
311569
1721
45129
254347
1213165
4841
156
936
1214912
1197
2543
108035
2056657
415013
452101
4559
85643
1887
967117
11688
0
18
0
231704
0
1261083
0
222
209641
74314
241778
18
2629
5247
74
113099
328524
2057470
273241
625
970831
1195019
799412
254960
691213
12612
730874
0
90857
958887
1505
596885
1371108
90530
192
160704
28379
223334
39
46498
121631
928850
1050819
0
484060
12160
84
422601
447
818414
766
228236
623
637742
968253
0
206226
92308
1243248
0
79687
635401
459038
11142
628700
0
0
1213089
912953
0
595
256793
259883
1819567
86084
11706
231711
91
4711
31080
4410
590
86220
202
0
978063
244655
170172
722960
330070
1162
0
243933
172773
0
209
2408
85543
783
1721
33246
28372
530552
24217
950536
315067
194739
82466
3887
7019
2173157
30755
14
1898
1140
967928
297641
136421
31496
1765176
88731
308547
971114
185
191076
1116636
14798
0
643385
1814
81037
1230549
4
619393
11982
6061
188261
330227
751
2908393
1026987
478750
898886
2457
91406
1252976
3740
162
620514
83142
572507
743268
968334
243870
862613
0
3943
38
631349
1932268
3535
3912
627017
155
203885
206262
200174
2088971
181
265798
191
589056
31570
345
16829
1269148
603378
1570816
1001666
629970
90423
83130
11
1344673
290788
300416
5832
104228
632653
1385641
1506
85644
86714
576154
191
2121332
597
583169
34
1452145
877653
372427
967790
0
355824
2
662
1429
69
325908
233621
1938147
1887
1359
632017
280392
232814
194
577310
0
80332
526
442
632045
599463
938582
11342
66137
1558
490657
11716
664959
821295
2028
968673
611936
214420
13144
855900
11776
7888
10981
30
1812864
880705
3893
214
10140
89969
240928
242
1111
717731
34
197
254075
1725773
101571
1110391
1
269087
1022992
226831
1014661
2
38
371386
7990
86687
864919
28710
26034
82576
11155
612455
91279
1624488
1172
887073
996517
808811
964078
1068873
375378
614360
339215
629778
367509
649
999970
1000000
231615
3302
135172
1465195
34
242
98809
967782
0
571082
882943
1672
711466
1355727
664943
1344107
624630
5051
971987
267585
964178
227601
105853
32289
631763
877823
102969
41470
631985
677
277432
0
493452
6
558170
13437
967807
641181
171044
340229
0
630869
294675
1678
301867
2729260
939742
1666
37
1789
210905
251772
644693
7466
213173
189
628970
548
1190953
4585
85811
307299
806751
243399
2649
254361
196542
706429
7353
126996
1217154
9414
9375
630992
189777
1094004
1233896
705389
861072
633801
1595160
3
200
17655
749974
130
1692
119834
0
583832
359
6
459618
1842746
583914
436
1207
449
967877
31988
20
1025809
9092
718134
52437
460524
1267
990
7132
1429719
1193844
1246474
117701
603442
16000
2739
724081
31033
988041
769572
0
1057810
1053562
297147
232379
250218
640401
84
84910
702937
1495
387081
83148
644816
2
1
1191159
0
1013476
1486
1637096
120070
134063
970370
488281
290006
20095
1033241
985281
267761
320246
26721
2906
3562
95368
1025327
98467
21937
127437
0
2497
34
630839
250187
1396245
1083336
1348832
1053
964347
0
361833
2452
1373
43487
84104
640467
505195
4377
0
86662
656
41267
773698
574651
0
1066
249
0
966249
180951
971635
717225
0
951580
660040
89640
86494
456784
1174435
1915426
1520
1506
609113
279001
1498291
629568
984858
633370
282602
717950
587289
1596419
384286
15
1138215
282509
34
336308
2767
630911
962632
3
233240
0
3
334400
224760
14986
0
1037599
1218087
911100
2423
1103
39120
705
26422
608838
213456
1579
28634
57491
19
92
235
310116
101430
976006
0
781728
85253
1
1834597
1212730
5512
11015
295194
1881
84
719373
631279
193
85258
355914
87769
632017
2325
7
1989
0
554741
13
232460
163
2
39981
1804
23433
702467
45988
570451
573671
621
335220
0
0
0
84
0
630866
1058
80208
250044
0
681
446
0
0
231496
468
866863
34
726707
4667
773991
0
1196
0
343798
1106419
0
1171436
11159
967754
967361
243634
0
629718
87420
65643
83527
286306
1243971
15883
1142
18239
643968
486899
1605
12046
38
995205
86221
575652
86732
394
3952
201622
1223317
595815
1313971
629790
1635327
650169
578195
1000621
1682572
6
102142
0
511347
84
318744
11790
84
436199
13615
605240
1465
202
231871
31519
912269
3909
634224
0
723005
394061
1616660
514438
967703
15440
978248
385
15484
5523
632677
12635
144
12
971581
2053
208930
1185711
1276587
257967
893058
1344718
48
1182
3655
585796
878294
1211
719094
1362
14653
15947
92984
447200
4734
800813
625557
719964
451028
485296
956747
1092846
84659
2
368473
304422
30766
263306
11427
58
0
89705
1420742
204
632017
1725
1886
1175
231518
279
2224361
4526
217080
33467
978214
0
759
1010948
715394
1294
0
84
0
336901
84
630906
250435
231522
0
0
232282
0
85225
590374
6031
1513
390
1107
2508645
1178
0
241531
0
88
0
1263658
172
11936
281375
964351
1
1004
73885
4699
1197428
22794
306992
370969
632115
862462
2310
3382
2156
2597
574
86406
4535
494
260883
2875
6711
655551
47
1609
17869
549
