13991
13426
63526
29825
241031
251236
99590
16515
329811
1442364
651551
9759
16264
626464
285865
565990
12877
705377
249357
856
15306
735571
3758
1377602
102310
111392
86616
899
454094
105021
119596
674235
2296248
99973
252618
3608
821213
1305812
964523
92022
12111
868447
1271819
717205
1497
30723
8923
220963
17203
1099497
426
1003905
2232
636872
89846
3798
632571
943880
1000988
487
326774
1461368
3844
20499
14545
1112
1524
734855
797
706766
1629
74911
17953
405
237954
633148
495
84799
1387
1172
1328
14004
68801
319
492
37243
697725
892621
3620
20463
774890
15713
87342
227542
1289642
1517
877604
1338
4042
731020
264211
363628
13282
598356
113180
327593
1422885
665733
232064
4486
1067018
3910
1216
441448
619319
12716
26769
88638
88036
14965
491780
27935
767098
85158
36634
650110
7389
723361
8799
612239
2634087
99093
97913
73
6166
633842
708694
224621
1529110
718473
964299
71135
632425
790
918302
821054
2189919
3120
102798
944418
1052318
266660
453945
317738
519059
1278231
100100
227784
624776
14967
603637
5630
382182
239041
1000859
159723
1672289
459854
246432
837738
889834
679373
88031
1014
952179
653156
1635
6123
1821
2504
635396
151968
6893
41820
22058
85928
1058187
1236219
31694
137628
218085
2338
1038
1061
110703
4097
652
339815
1788672
12257
1207
599
554
99
629
226180
3835
1544082
129
86202
202108
5280
729870
648720
87731
594
11888
1018
158897
2831
63
5114
4188
1623
42446
1510785
5310
637387
5975
746205
288079
940
4484
10490
1010437
615
2352
5645
711836
52704
695
489702
211754
222273
1422
294886
577721
595662
15156
267781
1487391
636461
3416
17749
605159
18361
6017
242569
15263
15903
6634
1247139
13994
6121
8128
319575
4398
19075
352
112
1638876
658
5203
8210
2858
37
9041
2956
781358
1704
2024
131044
26420
13979
942
84965
75288
734666
739258
620771
19252
825021
2843096
1056204
342331
2525
510746
236033
225591
7545
3809
641325
1677900
134885
143
1601
574
73
84156
84612
1834
363
5556
91345
2841
857
390038
1209
14632
619302
12136
3428
2144
508
2345
275
149532
11676
1873
1700684
3616
198583
976
1053
89309
1879
971
697
5622
1083
372
72060
1239432
22592
19976
634600
1438875
213284
3863
83540
990374
2176
2651
1131
6556
19668
642264
8148
1958967
5648
313903
960220
718262
845098
24779
1048
533710
3744
2339
998385
87454
133
315
3062
89836
221750
1005600
7553
1531297
220246
4374
290563
4201
89755
359417
118797
1571530
2865
845
4678
253204
3185
700
222313
93646
10040
22961
80
742807
1956
283295
8581
1187731
1382
17
4471
495399
90828
539227
89702
962962
1306569
4976
3525
585684
3951
1522077
5602
111597
646915
535733
282849
639006
1142893
1158481
825630
662118
531951
1624369
8371
1262505
808112
990259
2420
1217152
45
1741
128
4705
217891
236256
1578086
774713
1586568
92219
3813
872176
3944
3340
975814
1497
5949
839
235
1439431
1846
921334
636987
88896
606
565
24
13248
35
96171
437
620358
404231
1569
1832
87397
2326
3642
85372
722252
223091
194
858
20571
225785
4115
847400
497709
739486
639588
221344
224829
9546
139493
455437
1599757
601153
333303
1898
100485
4193
861500
6287
37968
394
6401
7138
893630
45109
101919
153044
6456
227677
2644
995408
19957
39091
61256
25102
732072
1449016
729982
1148
273721
102803
2299249
1303166
2207436
219879
1068102
18044
650111
1249708
733658
76122
13313
86473
4641
58
1905
467
875917
1008080
884497
222365
618471
2382
685648
7010
23121
17757
1327276
75224
252002
3580
337820
845639
633831
1557603
707586
654745
6090
19887
717285
4827
99436
1044215
1371
773655
7066
730894
69239
6818
1556957
6352
6028
774377
217334
3005
638285
1764
254735
1179433
335230
903625
13178
92224
21584
724487
1545283
2236745
545467
1007149
247
85139
3465
626335
15731
14388
1099359
90574
3187
617272
255529
166654
5291
1958290
313322
247501
493
3607
271151
385164
1172456
254791
313816
12220
482643
219649
712744
536
477110
679851
647098
2100004
1136076
217794
1940358
964394
983226
2541
941552
917
505363
1432
856209
5344
472348
622883
444798
108947
865753
7607
464651
9686
111257
379742
983417
2855160
734416
1451
872526
45868
101217
995500
1440640
6760
228911
10753
325010
861896
1388077
4609
1237920
83979
144570
89376
29590
296336
733009
551318
2211597
1592233
1822396
507858
237049
1323887
1577896
870050
2027122
274172
1154144
145299
2042557
1357339
2121582
1628188
1753055
37431
72276
229820
109215
909767
1007555
661471
480501
2566
1441
1773
15491
222561
897007
126147
1224122
302028
86827
1736
1025441
1270974
2002567
49098
51258
947281
629415
876843
11255
2718
1539846
348884
1400619
154671
1766
2398
1255
496
15516
4534
642578
811
139481
970
227361
6520
9701
217593
10385
32847
758
1165
455718
25577
2634422
9300
644477
6212
796334
963828
38174
70651
833281
1262241
1556004
14515
1744506
24908
2148348
1422
176651
31695
1597
2814
1203
475
24192
133067
218866
629872
56126
1261543
2098
34951
620822
620074
39837
335733
1628402
3112
632
637231
17026
1229339
17997
125414
12999
13539
1037057
88198
4517
430
360
741
629362
500
56371
894050
32592
231142
636852
126
1531813
1070566
1725
27177
498777
3070
299153
37
1586632
773691
21985
906
933291
28565
84208
642537
449521
317780
939
148283
2196
31992
616
1942
106
661
201297
14665
14278
43
901
949
16277
1565
80
8143
1752766
3425
3624
94397
12732
1017
409
589
4590
86388
640634
308405
197613
623853
684
52
6480
400809
222
138579
733500
1255
4350
608119
114555
744
1219
2250
315724
87384
473
324
223571
889
13854
4892
2316
8528
92952
77
219037
3454
1383110
639522
391318
99008
821011
1156
640399
275
587
64
337
114
595772
35
305
5446
134930
437235
67500
28792
882
4798
14018
234395
1796804
2922
850649
31426
77884
1060
1866312
631749
635117
3613
502425
13770
711761
732673
648449
929
93816
17775
720696
626998
974333
4582
947979
8430
41402
462423
218361
88373
1797
633889
215545
6652
632844
773728
32376
273703
28639
4196
751791
937943
1231749
1410118
2241034
75568
374418
2149
235188
14947
1055915
850513
1756113
808
24925
224591
244608
1039
2142439
82865
621784
800679
3391
17457
53714
744
3440
860676
7040
172884
86
2677
590
520051
207660
711
4371
33606
372
2678
1373
222395
53
820
308840
2400
6578
76669
4222
217009
4549
11587
1622066
1207169
90
597654
190554
1128
4356
222722
15811
710996
18105
2289
261731
780700
739899
4929
804809
15589
1589181
463835
693776
18961
5400
1757
1457
1340
303104
2380
1352012
19276
618416
13608
19586
641084
1850
628603
47064
35977
