67851
52008
1028266
24826
210366
51806
135093
992863
1765580
3073207
1927726
970696
8308
769053
513062
4584
39076
93755
236682
714
43663
927298
107614
809070
137608
1100252
1919925
952453
2018360
68064
1490486
42620
1914386
106823
1779449
23526
1891394
163604
2109004
55452
989390
3266661
89039
983311
939240
1070851
49430
47514
929860
3639440
1724
7684
3
787511
884998
46394
5953
1468645
1041364
99
913266
595809
14864
953616
1854
724
49733
957184
974956
28074
1049749
998628
107251
2101
216963
98
731
17871
1005072
1357
993746
5181
1007520
931544
7203
26809
54281
1075081
403225
1043275
1057247
15066
40291
5377
1056929
1717290
353481
964049
21991
1114404
5996
1126073
989703
1293486
77882
1981322
2060765
1084458
949179
6648
2521156
1164
80
1921410
100887
939015
19284
1040065
20819
17062
1309445
1709548
1938909
672998
129144
54
28555
946524
975864
59315
82708
1495192
1013892
14189
40923
1037428
3007828
953429
2588927
1712876
194027
2835
2236505
990272
271120
1879553
2505610
941146
1976483
382108
1017147
31241
84040
11395
2957804
2968574
2625371
58452
1059191
983769
486829
994501
978082
252089
1358601
1904737
1868724
34546
1027385
771403
2556401
947143
22459
621
84416
981928
1040192
29823
992760
1566828
412
150932
1000114
72404
560300
84491
1956447
5513
229
44364
1062650
985597
19667
996909
1867212
303957
41237
2523047
1904577
298578
323
13943
3640
40621
822
942905
7509
7432
0
2506
951284
678
972933
778941
940494
997508
5064
79
2819074
40443
0
68
23998
39410
95149
960154
25613
9983
1270753
953419
560061
18392
1014660
1383605
966361
40725
13667
111351
1281242
656683
26895
875407
1179371
40282
2468
1520527
6573
13153
1902838
358
1010828
2
5920
668976
69228
902485
21688
1090279
20554
1904
4086
1710260
96116
126380
37132
92319
1033326
1040179
0
10964
1010575
0
10823
998572
829
977157
57483
3663
950050
40306
258768
142984
1037143
610586
272
3292
1003623
983510
110351
997935
975292
1014454
2930326
3198024
5744
10294
280444
902101
1682350
1143
979771
1791
1491062
14112
938171
940898
14129
691
2504
8339
21227
79
30538
1020632
969292
1865
43068
948500
29172
684778
2706
53921
994101
0
999947
5181
746868
47
1036718
2873401
761226
970024
0
6872
943774
934608
3074
3251
2667640
17216
51703
369740
55213
382297
10712
59474
90835
1752
128021
1840
2347563
21434
2529
53512
5130
1357065
1073522
38605
2001942
3817
168942
980290
83106
5654
959539
28
2528
248
203732
1946501
2258
7313
11
0
3669
5524
2867928
56397
1562336
39054
939151
962065
816504
953453
1256654
1965105
476041
3560
1841
996289
1007072
14223
38462
1597692
2606
954798
945457
955146
573339
937342
127003
48838
883169
1036642
133
1054720
52003
56983
942676
1900
1000537
1057110
943718
4744
346459
0
3628304
81164
105672
1061766
1879656
2011617
131613
128936
1019534
25050
1047735
1966304
1952388
28762
67076
925978
965283
1819
3367575
743
161
1842
4826
5
94433
2828550
276405
1501824
887840
1566
42619
1844
123778
776422
3933
1035746
3525
944919
2908176
15636
647313
1036278
2850
979786
1891
6100
5317
937388
801957
43076
1001232
5356
1
41837
44660
996105
14394
80203
8271
5899
1874
13688
70027
5492
922218
1289957
2015840
1260601
728550
57886
144
987550
41529
1078950
2288147
1148828
65615
707867
463
130322
42893
1066193
16611
0
5274
43519
958749
718
1043244
991030
785141
5752
65247
59830
84110
2666774
991362
108540
3067582
1267093
75313
39993
3872651
742006
1958373
93743
1414194
42318
1351059
58220
950853
2473659
958041
1000926
52904
5345
955239
52983
56556
989137
2056743
299113
1127349
3796
4173
1012053
1980137
79788
24478
1001646
2797223
2201949
256171
6298
1912811
1673302
1441514
998819
2568665
20765
1714535
97
1064778
1001363
1323630
191591
42723
950391
942686
2896697
80167
16336
1054587
309257
1395020
1437440
1169777
1101
1886174
8766
1114719
1004913
1119665
64431
12473
976346
256120
944248
60046
3257581
912434
1519483
1893195
7420
68637
743598
54946
1035972
997793
936799
1897755
433226
8228
1045402
1003139
1031186
7005
5752
995707
1940
127466
1896899
2382186
999898
1866926
939477
919504
2139
5515
940
1022195
1111580
947488
1870423
2387401
5
2187371
933720
1058992
1875
2568207
4366
1834461
42509
84327
52687
1228374
4329
1026690
131200
25840
6791
984262
968890
1828115
1717427
1004700
3320310
996747
64751
1083529
2008194
971080
1291115
1483339
46358
1372663
977713
121527
1140330
1892366
1832
2314936
23120
70650
1006653
962301
1909698
3299797
54284
979011
952986
63087
1874095
43013
22769
2982871
1111667
1322658
2282582
947061
27376
920449
799727
4130977
991266
5091726
1579452
1617469
96073
1922787
947080
1997206
999101
814127
9572
28925
1440
26985
96582
1084022
921318
1071062
8066
28796
852813
1006887
1954494
3712507
168820
140941
999846
5307
979281
42822
2379
1066001
3506535
990758
170096
1865
939025
628638
4151
106753
43970
934561
28758
148239
1093
41892
1921
1661328
25295
8045
315
271
217
101173
65844
1404749
21417
1054218
78099
58351
1958056
2724218
27563
492757
1013354
2257237
13369
566683
442
944249
933051
1827731
96
688909
15751
39335
39172
810830
8317
89405
14
1081800
1071405
4941
77059
2773545
92453
93220
145433
3629203
7596
83527
88614
9579
1767534
66609
967187
957811
54953
3228169
884628
45732
5146
1801
958434
38857
41875
1882051
182342
1409848
984846
5930
1879811
1122821
1916993
940952
14463
1168428
103
568271
83
1727051
193123
527543
44823
2002205
2992710
7533
4842
969933
84574
126
153607
6129
1030735
0
6224
1
0
9304
0
1879605
668
94
11354
3631
635437
686
1444
984446
2531
18800
883071
40352
0
313
42748
6007
48033
1894290
16567
982916
1195
2
0
5230
29387
0
713743
971967
0
737000
36663
45579
4263
4947
986134
83792
939888
997939
48
1001218
38609
971578
2097
703911
6248
99497
87
7121
157
3611457
79405
969139
18163
46225
168
498
0
682223
3207
0
2
1242
68
72
16122
90702
7277
38372
66026
33202
39432
1000143
7307
1385968
991441
1951850
24818
4845
979686
1359720
18331
2016524
13884
962962
1071216
2396
2000230
1280807
1366
1017470
263134
56290
715095
979998
947014
16627
1025073
1868579
862420
17904
542731
4823
79734
947300
979281
784059
1967924
1393548
22489
51217
5744
2373103
1042718
1531362
911317
3112666
96796
236345
30627
1011826
990561
1022518
67
574957
95
1086666
41347
666928
134
827285
937917
480791
933256
1620776
964
133117
6430
23748
10585
35204
1830086
990901
18931
73782
1812247
791989
1017425
70821
2589
1685
1571
12566
40227
38663
7602
8088
0
570651
4224
987976
42339
6336
1943
1846349
263
686452
3720
7612
970682
1940015
96062
969336
1939583
1040
94
14352
978111
2627024
839
150965
1070366
955894
980686
960106
46593
4391
957081
4256
111
7307
5926
81083
1649483
1911019
2196
977201
1866721
889805
941013
1830707
199823
