175217
767551
2887669
254100
652626
1215907
4061948
929495
787809
2004304
2576194
1699010
2218542
794762
1401026
29984
1046084
3264086
109182
1661353
2131851
688514
1488718
1578681
2855774
1822625
4615599
1678175
745402
1196975
2377858
302216
195357
2509508
2212253
856942
1524559
2295767
2868930
2811503
1919929
2940086
1248125
1022219
1046386
997814
2846447
1676108
877642
2428028
653670
653574
307539
2184209
1750826
846449
1455649
2299373
2844036
201140
1014173
75695
1010205
38301
128716
650652
3474575
1460618
2420328
466883
1864554
1478278
1870248
3282806
706629
872571
1372165
1048398
1942623
99471
1619844
1243491
2157668
465727
1556558
84095
404907
1227050
724952
1861636
1121214
624328
1485183
814373
3783392
577245
3676996
2932625
854908
1707184
1731415
197759
2123547
1255215
1860163
5092913
4214844
748956
1291859
720978
1771204
10308
1239659
1768931
1450645
274532
2082706
1192797
18734
449258
2692665
667478
4468075
873833
943947
588651
1031337
1172540
2582833
3837809
664384
872933
1733994
2399580
2745523
2038954
2112670
1044133
3042091
2840520
1019639
2857232
3201640
1721185
3028575
666567
3113386
1649589
1073440
2408308
1546535
1928120
4445250
738837
4637616
1487406
2162648
1725625
1219114
2121293
2094944
2843448
1704620
3757843
3157655
2944813
6317483
2075730
5324831
2425422
5462715
2755289
1653035
1047694
3614567
429668
2392028
150718
2039888
54678
641166
311886
997912
1147353
3575160
1424888
3665995
656604
32564
1571
1340954
1006672
1216552
1625449
63572
1881232
1282751
1819786
2316004
188065
15043
3197484
821643
1164350
13252
400128
279278
292850
31513
1068178
1368920
689584
742669
95852
904958
1947896
1163494
898690
1571708
3382
349875
786
1333743
754388
2021318
651198
4292018
2494453
2067748
1558103
28097
1091623
1320427
4071778
5093394
2233915
659905
332623
1112692
274211
292252
1270669
1055880
9303
129443
10442
883656
1438
1761315
369701
1766821
661350
638474
372042
1194628
273848
