74559
944791
1711874
41260
891980
1571346
5296290
1067393
2355978
520787
1711300
1373947
2055255
735009
2444015
853090
1737885
2927911
56193
2795112
394007
651171
1480105
3603527
2914275
3244187
3184524
285987
1768317
951840
1930566
63252
1370884
1929026
3730152
1083106
1439166
1165228
1397358
3193234
2054202
2076383
2526425
2988898
3356876
376403
886353
2024364
1800197
2927208
1873025
76260
83329
1252951
1359669
740944
1906853
1270349
3538127
836078
1108363
28126
1955145
1650051
56122
1131581
2382718
2436476
2014879
861601
1106597
1855478
1063046
1272270
973053
828837
1896567
173782
2004836
948787
374703
1852482
1128071
77001
1056416
118718
50639
662973
1420942
1469542
111208
155309
2629004
136827
4321515
963921
2180520
2020058
701223
1970164
1161639
440913
1602972
1840089
613231
3761748
3074363
183608
1374083
133686
1469409
849832
1826065
1933573
1970883
854146
1977479
1315288
20441
1032198
3390822
1663666
3039853
372379
229525
1572790
2600652
245059
2184472
3230366
1685025
815723
1855109
2501194
2018219
1776634
2883369
1443712
3662344
3444830
2700085
2436239
3047084
443649
3717501
66183
1884497
1183352
987487
1068785
1457753
1895507
2292945
201637
2422915
3154764
2175401
3259853
1820686
1265636
1960375
2843280
1820357
3419560
3228095
1918633
3401457
2031285
3823902
1674816
4651699
2161181
1960602
261376
3059146
412998
3291069
83778
4296318
893748
1106406
101502
219199
173018
3931378
1015163
573369
222196
10420
535031
2045186
1303021
469509
3539834
222180
2809942
2762878
1211622
1230246
26254
833076
3981457
3320254
1019044
28372
105863
65342
2497571
201898
1003974
1085598
969753
1003653
60203
184473
1903018
254114
145199
1943922
245843
18701
6475
413687
2359352
2434487
1377989
5212647
2164683
1053624
1900712
1681647
1465382
3577406
3092204
2099696
376206
1892923
834069
357682
621338
138171
294401
1021590
874910
101048
487332
1010407
863952
1994277
2154619
2009280
2292844
982691
342297
1858215
410430
