7987917
10978693
12365978
7882357
6151268
7132240
11795235
7706520
10322823
12018246
11992200
9285366
6553923
4715364
8225590
5472209
6231758
6748303
9525919
4073997
5971396
4323221
7282241
8163368
6838722
7445816
14839055
7899529
7105111
5340467
10983064
5869568
13923759
8234325
12744513
9443590
10141645
9094934
13127438
9320096
14548689
14664456
15928398
11206889
10436411
4690405
11921315
6501757
11125772
6867114
8244179
3600917
4349129
5225588
4866622
4158390
12699184
7609207
13667240
5217783
5803388
3889630
8121812
5285318
