133830
396469
129478
40922
28700
968811
24631
98749
366082
249501
213777
171015
6230
567845
134763
5502
41299
83922
14726
17958
52111
1115823
931224
857321
869471
853314
36035
11877
5214
979419
67999
131241
826758
354501
395770
17299
69242
391630
178864
365697
155909
151490
149483
1126759
53655
1388495
122917
232900
44405
337505
3040
1753
536377
232604
903735
538145
94417
69213
815863
171709
21647
12558
12958
14848
977016
406352
44275
824823
965234
406037
732706
16475
180298
10982
809683
23781
93695
646999
419502
14593
100168
102276
561596
123872
11794
152474
79821
1014171
29073
605166
651245
347567
132966
128675
594265
844921
54406
135999
1029618
8521
49106
47938
814301
41450
45027
73990
67987
377420
65962
843732
686440
309997
1821
34793
32999
5300
192549
124111
784782
731254
2731
804638
60221
48363
47381
57412
45187
69509
41761
922042
116911
110251
217632
359596
13713
356497
905258
388832
138857
462470
483766
114006
912587
32117
160253
132403
375363
407436
154012
20642
300057
26097
397516
816225
136285
12599
405487
799196
626416
48725
804711
32952
198636
30514
18387
75811
56343
476803
116510
645031
36087
93713
30454
522102
2334577
51595
522813
51498
107747
7019
286866
936723
398896
204931
478677
152927
32268
3362
43846
562404
1071280
110184
551517
8553
27089
8585
200020
106766
322488
43426
79649
8984
363741
30892
35130
10326
12423
1083
3188
22820
458869
1579576
117205
241977
14660
554912
14002
884776
99890
103369
30073
531743
17143
413708
478058
1156302
95615
14637
51303
899706
31934
153394
490165
734050
110689
762831
14879
191425
49166
844170
180956
27158
64374
20853
64117
9570
49873
72241
27373
87902
203878
362511
234630
7502
29954
17091
178585
468336
589040
543525
7170
1082733
883824
741974
320346
235479
122389
289485
27126
110688
827019
4517
39956
1080083
102156
33698
141657
60033
227711
32025
105097
65503
109150
780875
4454
545427
16233
17372
170447
21290
722706
96760
571713
25280
194841
790058
51307
104002
135197
1272097
23639
79382
67536
610464
403939
122744
19778
38825
1123973
573746
40203
73929
484700
916652
1049157
58838
194549
123224
42619
238091
78490
31973
112598
102840
31484
30443
121371
24500
158372
408997
591387
73489
58107
356805
190173
97619
57143
17362
40475
104291
51313
148790
53722
788551
84368
786968
286214
251302
384477
59679
29731
1707365
55994
4283
8052
70937
768968
233743
691174
37778
838563
39367
454753
822586
57364
167300
159683
290582
43937
405474
375421
68397
77035
7152
116873
347787
51130
93028
582345
54517
1831456
669305
885150
180240
43767
34641
953876
188768
23267
156021
115407
181542
273402
804474
485491
160967
101345
38853
59109
51418
1579574
5873
141021
95313
15886
181407
101289
373389
1408038
4224
525887
43028
516003
30424
36854
5408
304955
100422
845684
922177
36902
92811
12426
7918
669580
244698
379711
83153
523521
165173
1041231
44003
117455
34609
148594
28593
1719092
31527
84363
38552
859292
688262
52709
814516
28533
616602
13918
12004
34795
11933
469927
406756
1731597
29018
29107
91970
461842
61353
40422
580610
9068
29137
18548
48651
145723
67226
576744
410543
90074
5005
36572
322309
255361
462185
123584
851142
604515
9689
420209
170900
87778
323665
81781
5749
1277013
723036
223825
3498
332561
42942
545177
62500
48587
299568
56595
28220
108555
987414
477247
751615
77256
29312
710802
317916
1123109
24285
85000
484428
40736
87778
151190
57943
61273
74744
110274
120551
60415
853753
23933
341189
838531
478192
809012
353628
310168
683007
103193
48678
816358
69297
704603
797360
65753
73375
377655
565557
130627
25548
338992
782961
27503
216337
798263
32515
171631
546640
216292
1402090
400552
73574
928509
707004
806485
24429
153546
509984
99113
233904
413494
162303
146801
139816
454507
12448
406832
6857
160186
359020
691385
135420
201839
724223
26904
43154
585526
19959
101634
2174073
491341
29906
59539
15515
114742
537983
481281
56120
143514
73945
82044
40945
1099501
141204
152697
59563
462115
375757
10060
630958
201695
261676
17350
333209
1056775
42763
325779
10863
85949
482869
1093886
92538
674697
160340
844474
11098
46558
9374
369739
11487
104186
343608
53997
69041
46838
30693
422809
1437496
524233
14985
13955
7167
788669
32672
35887
1070211
314977
298441
23609
383455
112680
50187
90243
309285
851767
504188
130509
75753
452054
149234
282102
823984
793730
277112
41276
419913
741560
574868
77083
504799
120365
9956
43407
211003
175077
312848
37728
74143
96607
46333
653561
6733
820536
480148
357335
325085
502145
680455
612929
247053
44608
1163170
929076
122788
169405
239263
45278
206068
78224
896192
77853
567624
51130
22094
161582
41492
181371
665000
1362044
952475
1899701
80233
825217
35410
600413
84351
14282
122725
57844
588175
858531
8150
27590
27467
63827
26966
450100
142663
44995
2540
11003
2539
901721
169396
820826
284355
48348
820053
176963
101217
11913
147291
446593
1559700
38171
115833
280402
573252
563205
1281673
833840
160716
643166
243357
67579
887976
489091
32387
878605
704696
62762
676456
19925
173136
816212
42390
41250
39450
24081
345104
550379
338409
35608
825293
1300417
609468
16408
40617
117738
52252
328361
180734
173419
10014
63740
53805
43191
6056
70206
46581
439655
989184
48780
861329
88457
3812
1356448
902372
203773
328250
632160
12758
103073
247399
125537
8040
81476
337079
38106
96266
34253
38934
23814
25362
560338
30816
38276
13992
60965
23366
53738
349603
453882
31774
518885
132457
64299
785250
1591
78677
6077
5970
3548
117216
9026
20921
478478
19478
34530
146258
50398
17201
43083
16477
623831
108048
320354
12426
208342
19673
95681
4949
193079
1111158
18626
612751
352672
767203
809485
345718
16362
32242
168570
101107
148033
112053
1085483
117303
11500
16849
168242
39738
52647
349840
73057
538635
19873
245255
14287
11074
160854
387349
438325
505794
929512
25438
754304
240054
153123
799259
1524134
46066
456738
7135
218021
16804
918154
316618
6073
93449
409619
266163
28443
31716
423973
25626
680105
39150
192301
14188
564761
354782
2016895
491410
697945
388929
878195
94746
77164
12814
127315
364826
41635
19580
985981
85489
119988
855196
839815
696222
877818
202017
180744
17478
79581
99331
831224
6229
243998
36021
292599
349384
634511
151298
43853
331977
141837
316918
151104
1061082
877193
812102
122102
157049
849155
554350
73849
273892
379277
3515
13551
138157
1506304
101642
146916
49036
123583
34675
42250
51955
1092261
22026
93160
27062
991343
5455
12003
851516
178737
44954
35550
39834
36928
752233
3184
108803
636900
74962
14407
73914
86604
1887
64371
401711
8938
35799
11061
12096
1288799
9890
29395
680322
19973
11464
8138
833748
52253
372554
81158
753797
56245
73880
120568
25552
1370919
152792
612828
593333
230533
163819
12083
30614
281039
12344
11703
132918
11751
13634
80406
29572
80937
153104
44510
33927
47617
26895
