3183471
6866669
6151711
3749000
6426901
5076093
5439868
4449757
6417012
4309046
5069314
5338096
1551425
4428202
6678085
834736
5641515
4356123
5637599
4427316
3921252
3661917
4710988
5957433
3942711
4153749
6056779
6947767
3553764
3858123
4842969
5970621
6714739
5041953
6994192
4169774
5240818
5499304
3624555
5496588
7300046
4694897
5994243
7155618
3023954
8076837
7936987
4367328
3659003
5175777
2387094
1231449
4519972
4062644
7406609
2352740
5308239
6765174
8071286
4027975
4357654
2036802
4760974
1003765
