44935
3418
438405
6
104
75692
29
339
46
12181
688
486349
6
6244
9388
0
6
48
0
108
63491
3063
793394
1476
2057
1494
1427
0
7
3052
9048
10976
1472
348
0
0
3479
8877
80
171499
20
30
32728
2089
359
3629
1135797
23312
6
258
0
0
274285
24347
1845
25136
2
10
1431
497691
0
1
0
0
9
0
36
0
60
22935
0
0
0
0
0
0
0
0
0
109
0
0
0
64512
126
79173
1512
703826
1442
28302
782831
0
1515
1
0
816921
0
0
1114382
0
8
0
798597
0
1451
0
0
0
0
6
0
0
0
3
0
7
978
504539
646026
507407
12
855
9229
0
2818
9665
491683
514393
1434
795641
44
0
0
2436
2
185857
3
0
3
7
13
0
0
0
24088
0
1
3499
191
278
146932
0
1191
58
270
0
179890
333
18121
198700
0
0
4164
9209
0
0
9192
3500
79
21
1127
34101
1740
0
786128
176
4
184310
6378
0
515584
798607
620009
1
674784
471497
1699
46
0
67937
141164
369
0
6
0
0
24826
0
120798
0
0
0
0
0
0
0
0
0
0
1154
449
279535
9518
494590
0
62
0
701324
0
317378
9228
251346
59
25075
0
649
0
132
0
4656
939
1216
95760
501469
182339
9656
7
505292
937
505416
0
0
0
0
0
0
454
0
0
0
0
0
0
1
0
0
5231
212684
32686
1520
0
3944
250970
194
7
0
649
1
24800
4
788957
0
0
872800
9121
3
53957
22047
74922
0
504
135
68304
793812
0
342
3
1217
4
0
528064
0
0
0
9041
0
0
0
1490
797565
0
0
68133
0
0
78795
0
3499
937
716358
0
373
195230
4
1495
88
0
106
2
0
24601
0
3490
454
0
0
49260
185493
2092
1
253071
479
0
123
1911
64149
57
488
487
129
0
4960
517
98180
26465
162
1472
0
5961
1410
499
699963
486
0
1442
1
3678
70897
24454
0
784891
0
1415
0
0
0
0
0
0
507181
0
23
0
0
2
0
0
15
262466
0
807397
28
0
10581
0
0
0
0
0
0
516670
0
102347
796501
1
756944
0
0
0
0
8
0
191
0
15
386
127952
0
800050
235
555
1
0
14
0
259
6
0
1685
1271
16
9252
0
0
76278
12
1543
18
0
0
11688
28
517
0
0
0
796260
215
28
6
32
793477
0
1219
1
113929
0
234
2
0
0
0
8
3
0
957
9242
0
0
0
19399
0
7
0
60
0
918
765
902146
1640
398
0
434622
208217
28
68283
467059
0
508019
505390
0
3
12
0
14
795078
2276
0
9219
25
519
0
0
0
0
0
1285
2681
0
0
26
9655
0
0
1211
501222
0
0
8926
495470
965
9962
168
11299
8
13
62
795642
0
507904
0
191
1439
1061
0
1
5779
454
0
1
573185
0
0
5
946
1447
2
191
0
0
0
2
762124
893
506650
895
0
799803
0
0
0
186211
0
9478
490418
0
1184
0
26342
56144
0
9343
280162
0
13932
0
0
0
2854
9
518727
293687
0
1
0
0
23962
0
185713
459
0
1
134948
0
354
17
1216
4
0
3499
12925
9251
2
0
6006
0
21
0
284
0
8802
4848
137103
3
0
0
1
683
510059
0
505866
10587
796501
9
58
0
434
0
20
3
0
0
0
0
244692
0
1560
429
0
346
800000
790
26
405
17971
0
25493
358322
9
735
1625
0
858432
0
0
0
377
0
10765
0
4263
112
9222
0
0
0
0
0
3
0
0
0
0
0
0
62
18642
0
189860
0
216359
3503
1533
2
487190
7
183
0
481651
497556
9693
19278
426
637
23904
498
2934
8762
13268
21
1083
4
24230
0
0
253580
30
514936
1068999
713
2
0
4948
9
1809
1391
1179
1001236
184575
7458
0
0
91
7
511454
13
0
872
918
0
49
0
0
516590
0
785646
475723
114
802
433188
434533
83
618
0
457208
486
0
220629
488461
66595
1
1017
470012
2148
0
74
2213
479
0
0
2
46
0
1
0
0
0
67930
250825
115
25051
279819
287972
23793
29
1936
30259
24390
11348
553963
22681
0
0
11000
24
0
0
0
0
574
0
0
0
0
24859
0
585742
0
0
6
3487
0
0
0
94
118762
9242
68282
9242
0
125
0
211336
2159
0
0
0
462
68033
0
126
0
0
74
691
0
0
3499
0
0
0
0
0
0
18926
0
0
0
0
0
0
0
0
0
0
0
0
0
0
1155
281410
153979
0
0
170
279526
795998
279448
9074
0
504448
438
485898
9470
0
1303
0
0
0
0
138
25032
1022
690248
0
0
1
0
37
28
160695
534227
452
0
0
0
23316
0
298919
0
0
0
9242
0
8928
0
0
242449
57
0
0
5
5
0
26005
362
1077
0
591327
0
53
253753
280227
538
0
295
0
784
0
0
138
27739
0
0
0
0
0
280378
4576
21
0
942
0
0
21213
0
2153
0
3665
24831
851
580688
0
514550
502224
518518
189761
2729
3707
677
67484
9153
5474
279295
7
112
495
0
319
0
505886
88
8983
8
1446
0
1717
28
797612
66469
161
0
92724
0
0
0
0
0
0
0
0
3664
0
0
0
0
0
0
2
18
0
139
0
67740
0
455
194
0
130
62541
0
0
0
0
840
0
0
0
0
0
444992
10
3696
511244
243912
0
897
253102
185
0
179170
0
0
137
8881
124
0
0
25880
925
3544
175
486
0
439617
4222
48870
6244
0
204436
2310
11012
339
39
32680
180157
50
316251
1432
0
0
0
0
0
0
780014
3938
13547
1044440
0
6
0
0
647907
1048
492236
0
185520
11
0
24094
1
0
701
3085
3491
677
35
1
514644
3515
0
0
24787
0
0
5303
462
0
458
185
933
787559
18
0
0
0
0
2
0
0
0
107
132131
794217
0
2
9049
89
0
0
0
3
0
0
50485
899
1955
108
571
20808
1283
379
72650
0
0
0
1
0
19
0
0
36985
0
28
130360
240
0
1507
0
78083
471
517
28
793659
0
2
0
0
0
0
0
1184
465839
3
4
0
0
1146
0
2119
20
534
62
922
5870
1
0
0
354
1027180
0
500216
26336
0
0
13
0
237
136958
1
22391
0
12
5085
0
514897
9
190
0
3
800000
0
0
0
0
9556
0
0
0
0
178
487114
8949
9828
1927
1213
253580
797288
0
4
0
0
0
1024
0
450
481
75890
938
475
2
0
251776
2
481
23192
0
575
0
503793
0
0
77524
0
0
0
0
3499
0
0
0
0
0
4436
1075651
504448
1331
0
210579
0
0
0
0
0
166
0
330
578704
15
1072
0
0
280403
3
13439
209
1034032
4528
278645
0
60
0
565
92885
0
3664
0
2
0
194
62753
3
0
1047
0
179355
9003
2
3719
477172
919
22
24184
0
0
0
492663
0
11
3490
0
0
457
0
0
2
0
0
0
0
0
0
0
36121
0
11830
0
0
185869
4
919
951
0
1020555
0
9780
5304
505127
0
9531
178
505409
253113
0
479
9228
0
23660
0
0
0
279099
0
0
123
388716
0
1853
28
0
62831
1098
125
468888
889
10
1
2
0
99
389
1904
947
1399
11
23279
517
729
125
8996
0
0
431
0
3530
0
34318
501
14953
2130
1245
66221
24155
64
490588
25950
0
51
19
781361
127
295
0
2563
1717
99394
1610
1
62947
0
0
58
2187
139
71238
0
0
460
25184
0
0
496
67
1486293
211604
4585
12587
47
0
25468
238
0
0
0
0
3
4
1441
41
0
8513
112
824
798610
1413
11
0
0
67915
1259
4418
24465
0
126303
213
5
0
0
0
135959
0
782872
454023
0
1698
0
2
2508
89161
1976
9530
0
156
784659
0
1
0
28
0
62471
0
0
0
1847
0
3
0
0
0
0
0
16
3775
5314
0
200665
1504
944
505379
68153
0
9
1
0
2172
587
68502
0
0
0
0
0
0
0
0
0
0
1480
28
25125
0
25084
7
1
17
0
0
0
15
0
0
0
14044
248886
0
215
60
7
962
25000
1319103
1268
968299
0
0
792601
0
13506
0
0
589425
4341
1941
180004
20675
9786
23729
474143
877
0
478
0
1196
797087
2133
0
213723
0
483587
0
0
0
0
0
0
0
0
0
0
0
0
0
516661
19663
405670
1
0
1477
135279
34218
0
0
4
796501
349
1439
180654
403
24306
1011381
251660
0
0
0
0
692
0
284
847
8533
0
106
0
17
9001
0
0
1277
4
2982
1587174
3376
0
0
1471
1413
0
0
0
201
2
503041
0
0
0
928
2
15
0
3
1312
65278
375
0
125840
0
1258
206275
0
0
0
981321
0
276411
289
0
0
231
0
155323
0
501
124808
762
57
211
0
5
393
523222
0
14
1
0
0
0
0
0
0
247
1835
0
3
4460
19034
57
535500
1274
0
0
35
1606
7
782933
677
1271
152653
10533
697547
921
1
16
0
502331
909
0
1660
0
0
0
0
0
0
0
2
983186
68007
12240
67271
12
88038
0
169
32359
19155
192125
190
20
7911
1698
27
0
9137
0
3492
0
0
0
155
929496
0
1700
166
0
1
0
28
8
41
0
515
73
0
0
0
14533
0
0
467573
3
676
0
0
795219
60687
801024
0
0
206
2
0
0
0
0
464136
0
6
0
0
993
390
292482
1585
0
0
0
861559
289491
0
549
28
1219
292457
897
506646
0
1
0
0
0
111730
0
0
0
0
0
0
33
200
0
0
126
129
752
437
0
4170
68051
0
3
179410
6233
25049
0
251869
0
0
790874
804692
1
199813
532
3
7
966
1043
0
11655
35
0
506323
0
13
9242
0
280077
9242
187431
753
695
329
0
0
7
9
510962
0
1
94
0
0
0
19252
0
2304
0
446
466
0
0
128
0
68009
68373
267
8763
0
60
0
0
13
0
0
1
0
917
254639
0
0
759
0
0
0
504620
394536
1636
331
0
15
0
0
0
395
0
0
0
0
0
431633
0
28
0
205244
1195
399
49
0
1458
0
0
0
868283
28
94929
121
397596
0
170922
0
0
333
533603
0
0
0
240464
0
504450
1368
0
0
1
26
1489
25125
0
0
507544
0
12
0
1220
0
0
0
662050
1216
16
516846
9233
1471
784373
15
2061
0
1413
4
0
0
0
0
17617
0
9218
34
0
9255
0
4813
33
244489
4872
3
0
0
0
0
0
158
60
0
0
60
520345
0
0
0
7
0
0
2
8
957
237023
4
28557
0
518
796886
514392
10191
0
44
0
26718
0
504338
278730
185212
0
28
26
0
9633
185539
0
1676
0
0
793626
0
3
171754
0
0
598
800652
1
2
16
9192
491431
0
0
1
27
0
88030
8
3488
504448
9364
2452
53
1857
921
495401
1448
346
180641
949
28
1160
183
18017
4159
7920
0
607
9408
9388
0
25095
49
11743
1435
3651
1494
473315
214
1895
487385
1
9
60
0
0
0
1466
483
794177
0
0
0
0
3
1012261
0
515881
795651
1436
0
0
64
139777
270
18250
0
9171
1950
781383
190637
623585
10603
67923
0
122861
0
0
1577
480459
543440
9210
601
4729
0
9920
0
453
0
1
216844
4144
0
24809
1
0
68282
342
25127
0
716378
68083
82294
717668
89
0
0
185481
0
6
388
23798
2
1810
898
0
0
0
5
0
253227
1442
0
516678
0
0
191
0
564
285
0
0
0
0
0
796277
0
38
0
5
0
19529
769
402733
2
899
0
787252
523
0
5
16
0
894
986
507715
1633
455
573255
4
191
576808
0
0
0
33225
280165
0
813314
1
6
0
15
0
6042
19
263
0
485956
796501
0
0
1200
803
24
185865
792139
395
1436
0
3
0
9522
180424
1407
483092
9542
80
11304
24267
1419
2
507567
8059
505461
918
49
0
252219
438455
25159
1268
257
0
0
108
10281
55855
564853
11018
0
0
78744
0
317
9242
213753
462
68159
765
0
0
0
0
0
3
436068
0
12
832
0
0
1
1032
455
8475
14
0
0
2
0
279741
0
2743
0
9
0
8918
514108
0
10130
73145
602
2
9511
359493
0
0
0
0
19
0
1
0
841
0
961223
245434
0
0
26333
486
4017
4164
179538
23142
0
793555
793617
653033
185524
691
3232
3515
0
459
0
0
0
0
2
0
928
1453
0
20
1413
132433
0
545
0
280821
0
1
0
354
2
0
204
14
940
3
9
0
20
1403
4
2
14
0
0
502765
0
0
4018
0
0
0
0
13649
798559
509
0
196
0
9055
917
492257
1
2
0
0
0
913
0
519514
9263
9217
0
278582
0
0
893
1
971
517
0
18257
1283
259737
18
272
1715
63361
1302
2
0
511756
244
0
0
8639
0
4618
128278
5
133687
0
1708
783293
28
1179
1462
0
7934
200610
7
0
0
0
932
0
18
0
0
156
9630
513154
94070
1134
509121
1676
988502
483573
0
0
0
1
69718
349
205626
506258
694
1152
9011
0
795032
1471
0
503309
930
3
0
9
0
0
232
117
0
1
0
1916
242
0
190
153252
923
494434
0
0
772
943
8748
241
0
0
124169
1
7
60
0
690
0
0
465641
0
212
0
0
0
0
0
0
0
808
7
179632
252342
1596605
0
11874
0
457
3029
0
517080
0
579
0
68147
0
14
0
0
124
347
0
1
0
0
1
800000
0
333
457
0
25
8
1221
0
732233
0
1202
0
17780
0
23
0
0
520345
0
0
4
238
25489
0
28
187260
904
172334
3528
0
0
163
41
698
9
0
71
1880
5347
1028
7
0
0
1019047
0
83
790550
253503
0
557451
1
0
25189
68282
25127
51
0
0
0
0
516688
299
0
42
0
1787
0
22
1443
507820
0
0
15
6305
0
1347
792513
62
3754
1418
9780
440052
347
11458
0
77511
2405
0
427659
0
1467
14
279644
0
78531
603
0
0
1206605
2197
182708
916
3509
0
0
0
0
279629
2
189
16
0
0
0
0
0
492689
912
9249
0
905
9879
0
496097
123
0
0
0
18
0
178
105108
0
0
0
0
502602
934
60
2008
0
495764
10192
1
7
0
0
0
179930
794647
328
0
0
0
0
0
8
216152
0
519413
0
28
3688
8
2216
999836
182259
10124
92594
0
516669
1772
496868
460
1499
21022
69526
811
279807
2184
186214
274255
188
0
950
1090
0
86747
0
3846
487717
0
780134
0
1793
202
22747
515928
10068
266427
191357
1694
9535
15033
65298
168772
19636
81
483
186
1256
15064
1500
157
24357
4
90
0
19
8319
1773
2456
1938
4
781855
27
9583
1407
23
10439
2644
1211
76711
21
0
0
1
24736
0
644
3496
0
4
0
24237
0
51
0
0
0
0
0
0
0
12632
16
0
0
473
261411
129837
210953
12765
575040
282628
517836
0
516826
1689
0
789628
281639
0
553
871
0
795575
0
1505
0
28
0
0
0
0
13828
25
278074
1414
28
1721
19
0
78
6
1797
24619
11362
1
14
1091
1173
0
1505
0
491211
505756
0
260870
82915
60
0
1
7059
131
20
0
0
0
0
0
0
0
0
0
1
88
14415
0
7
24722
407
0
228150
497480
5837
2
487776
0
501
0
3499
0
0
663
0
859
0
0
4
0
918
0
0
0
0
275262
28
538850
5303
59004
0
304
0
0
800051
0
1024
0
516571
0
0
0
0
0
0
0
15036
770810
0
836
15141
457761
0
0
0
0
182
792
0
0
3
0
0
432829
0
424514
0
497197
26853
462530
800000
292512
0
592
1
0
0
47
0
0
0
470
454599
59
5
0
1
261225
507
496992
7
456
137388
431922
6
0
44
293677
487618
12278
27
576110
504
75432
20
0
5
0
283155
501
4414
1
515034
0
0
0
468571
861349
1
518050
906
10
0
1578
285687
9
135
0
61
45435
495
745593
2115
2
3483
282141
29
0
0
1219
0
0
0
293019
0
897
718
144
897
0
53
505693
954
1527
0
794048
0
0
2
0
0
0
1261
0
255101
0
0
0
0
0
28
7
0
27
107603
1991
67818
463
0
249337
0
0
22940
0
115
0
25051
0
0
1568
292084
30
10430
162
5357
1063982
15242
563
278623
505693
23116
1440
32
63978
0
0
1681
480
46
32
487854
3176
29763
1241
22411
10119
1380
3427
68065
3865
0
62
556396
1146
0
1
168524
28
25452
0
1292
931
0
32
23726
0
2
1252
95
14961
9626
68044
8
18
6
0
0
0
13
0
1050
3
13
0
2
1171
207553
10408
0
18
4755
4
796961
247
118306
0
0
0
0
0
1
485095
251399
0
1215
515
504026
0
0
0
0
35322
251110
624
789190
883898
42
430
1220
503253
0
82588
125
0
0
198379
0
28545
237
254769
1
543
131
6688
915
132
7
3483
0
505684
0
9274
19
0
0
505724
0
0
15
0
0
8
9269
88
11466
0
215
1248
116340
0
960
9242
0
0
0
68282
506323
0
9258
13
0
0
0
9208
18
9052
190
125
0
0
1
0
0
280165
186211
0
25125
9332
14128
2052
0
185857
0
1574
0
6
1
0
714
25400
0
0
0
66050
0
407
504
67923
2
108
13
0
0
0
227036
132
487845
9575
10
660
0
17
4962
504154
0
9
884
0
464715
851
21880
691
961
343
0
1
0
465588
868
0
0
0
0
3499
3493
6
0
0
0
0
0
0
0
19083
0
0
0
653
0
0
910
0
505799
0
283
0
567
0
443
3
965
18753
254199
25
25098
0
0
0
4
0
0
0
0
7
946
0
453
0
0
0
0
0
67879
0
130
0
0
0
253558
0
138
482
0
14071
0
987
268938
0
0
0
28
0
24135
60
514657
0
5303
0
0
0
57373
28
0
13
0
0
0
0
28
293
3
2
0
0
1153
272231
1
5404
13
151807
0
0
800000
17
0
900
0
0
1475
0
253158
170
0
0
0
796068
0
0
0
739
280412
515580
0
96549
0
0
182899
9048
0
0
0
0
0
0
0
1017546
0
504501
0
438
0
391368
0
460959
2
2803
23635
9456
11101
17196
188811
2
766406
102201
1
145
78
0
12811
0
0
0
833
15141
0
0
0
454933
19
2741
3
0
0
391
0
1538
13
68018
0
0
0
115
25032
0
0
0
1022
10395
67815
506196
183034
3
0
0
780
0
0
0
428511
0
0
0
1
0
31
16
459
35
0
2
0
0
377
28
203496
433935
0
157697
722
529382
0
0
0
428185
1309
488
258613
0
0
0
0
1051461
9
231630
52
12632
0
13720
0
44
13
483938
3
800000
0
0
0
293382
68282
294092
800000
0
27
0
1
620
68613
26270
0
0
1
121
0
220709
186211
7
42
0
0
0
0
8786
0
255568
0
0
0
0
0
28
0
0
0
462
171447
43
241416
1
26586
506323
1220
451953
0
0
0
59
0
0
0
5
0
0
5
239898
24
5
0
0
0
122
0
783037
0
28
8445
420
7
1804
6
9388
0
1065
487594
0
7
0
0
0
157323
542
429364
125175
389
9562
0
220639
342
211345
800000
185487
25993
0
253254
0
576
0
279632
0
0
25658
0
1219
506325
0
293677
6
274
486784
27
40
0
16
11769
27
1609
0
0
575874
1451
0
0
494
0
0
2
0
8935
137
66413
0
19
3016
24627
1282
656201
506
0
2
969
0
1200
0
956
0
14
0
519
800000
0
1
0
522990
278582
1455
268130
1471
16646
0
4507
782913
1459
4113
932
0
514128
493220
1
0
0
936
0
6
0
0
0
2
1440
0
467105
4
0
8888
814006
1220
68297
0
131
1
0
1221
518049
0
932
0
904
0
2
38
184
3485
17414
24818
0
0
2
25
7507
9193
442805
43
281781
68473
512193
0
5373
0
0
0
504920
125
18858
0
502016
0
7
5285
0
518576
19
187048
27123
10948
18798
269106
964
881
269488
707864
10447
41627
16169
1629
19
1533
769031
26
67456
2
0
0
0
12632
0
0
799898
544
551
15223
0
277587
1738
57
25413
0
7
84571
0
0
0
60
413
221333
21934
0
0
0
0
0
313
0
0
0
0
0
68
0
3
505892
1092457
0
41
60
28
506323
0
1220
8969
531
1097
0
2
0
138
1427
3509
0
9
897
8
0
0
254860
0
8
0
0
23027
0
10685
797046
506201
64078
46
489766
10772
64028
3455
171068
0
0
29
0
0
13
28423
9199
888391
0
0
0
0
46
1
471
0
283031
1455
0
513992
504730
15
9264
1214
960
0
29
9213
0
0
0
0
0
0
0
65864
13
0
0
0
7
1507
1303
465864
0
0
0
0
0
504405
0
965
278847
0
0
360
0
0
185185
353
0
0
0
0
28
0
28
0
968
0
0
2
0
0
17
0
0
0
512985
28
965
201781
103347
11716
0
0
1951
0
69499
115
0
77010
0
0
0
477
0
0
0
456
268599
0
784515
0
0
0
0
0
3
0
131
0
85333
0
28
171595
0
0
0
0
24
121
0
1
0
0
567
0
798862
185869
0
25083
0
15
1
835
0
2
0
0
0
1001
954
518
791839
1452
0
4263
491773
0
29
0
10306
133
0
0
0
0
450577
0
5364
0
0
491
9265
292743
22031
769428
26
0
513378
15224
26321
86252
243177
0
0
8
279102
41
506646
904
3483
18
253143
23025
10651
496363
434
28
10707
0
0
1600
871
11
0
64668
13
183198
0
1033
498
326
0
0
942
0
503353
26657
4
9460
16
1
10966
0
1
507
0
31
2
184111
13
0
927
496456
931
20
8002
487
26140
2142
27340
520
973
2636
184
0
4778
0
21
42260
175
24
3453
9531
7997
556
0
1877
7093
709
