716091
1357950
445837
215194
515309
2985945
1684487
923547
1078541
1100836
1724790
2390406
333115
2230245
2123107
2713
2330695
2107326
1537414
1501403
1545039
909607
1721262
1153132
991506
908646
602088
1882805
2057
1727380
1255188
6689
1154116
1344175
1690116
1634086
871831
871962
1208157
1995062
1429033
717263
848309
2721517
600366
3242502
290822
1291549
200690
677787
184147
86678
1473942
1405269
1881498
277991
1660888
987844
2955366
1146230
181821
182426
1159876
170857
1568544
2104245
1479293
1467214
1640504
423565
1314462
714575
1583778
1766871
1657261
771361
320203
1549861
2086034
879239
1152860
475962
2114405
528871
645318
856902
1327716
1957348
463585
1288108
2470495
881668
236286
183700
889517
4463999
1739599
573148
1577977
524115
1663955
365177
2266553
602373
2154814
560629
1224827
1836221
1550783
1364269
2813883
489218
828908
1671044
762921
22408
349553
32115
2082241
609099
199737
2731059
1425089
724560
2363710
834294
1799853
490212
173755
1313703
3228555
1501210
2542991
496366
506094
1352628
2763472
2046923
2081698
390403
331209
1266416
2220482
731915
2067577
1263089
585879
1141444
1020054
1073500
1635599
1892711
2028781
879050
583243
605033
2571859
805642
2227029
598255
1905227
479639
2142833
2197540
752204
1864719
86015
1870402
1692196
2017273
1492990
1597489
858456
1191549
4281431
1611215
1570961
1031906
743682
87176
2667824
1853985
2862007
868871
2731961
2058744
1865899
899064
1290577
835631
2055662
124981
279641
547134
1150943
1532221
2796906
1440029
889425
8192
404452
40118
255881
1895693
171350
14992
331278
83042
1076081
271180
1553699
1670848
1070410
1961743
443263
778643
942555
1848693
2144953
2874525
485743
361881
718719
425932
1451651
2505852
1879869
201679
1781255
2536100
550680
1746498
1465025
1285707
3246972
1800375
442610
2474892
184612
925888
919653
1767907
916362
404474
93678
972091
1015412
241483
1458842
849351
1560407
1269721
172986
479271
132835
16336
