6479345
5294131
10088824
7584523
2156680
3594791
5929146
4488200
6552832
9607780
9273845
5312111
3745315
2516430
4932947
4252038
4097653
2530527
8258425
1645100
3155650
2462388
5154842
4427584
2974635
4834340
9396875
6543536
3624258
2572195
6209589
3414339
11997246
3540200
7756590
3996094
9065575
5376753
9516291
3905385
10370837
8674046
11461015
7105402
7877093
2642076
9370359
4517881
6955282
4839117
4738629
2338873
2180437
2837669
3184733
3030907
7500801
4833453
7578275
5552906
3649030
3517433
4994455
3549155
