656
619
666
14
5
1391
5
11
2
785
318
768
1
747
7
0
355
1051
5
0
59
2445
836
1452
1232
1107
20
4
1
1836
7
25
1091
17
4
0
18
1788
4
338
81
660
315
2362
116
3589
23
26
39
1081
0
0
497
581
1537
1051
617
11
1104
19
4
3
4
2
1031
253
192
1958
1571
3133
1072
2
422
12
1714
6
641
415
200
0
653
313
480
175
129
1328
1009
1648
40
2578
1105
59
5
20
456
1436
749
617
1518
1
29
138
1099
9
19
78
565
48
37
2115
1073
1075
3
13
110
1
609
104
1716
512
0
803
112
9
2
4
25
29
16
1375
28
24
624
597
5
211
499
3
70
687
307
666
1379
2
29
179
585
1322
684
211
1626
2
936
1097
23
103
216
1090
1551
12
1103
283
325
7
9
592
7
797
636
294
52
823
355
451
4050
275
1094
97
25
6
630
1115
2565
353
398
21
31
0
31
1066
1035
408
65
1
0
0
743
607
1077
33
86
0
274
7
12
0
0
0
0
6
1088
1610
7
441
4
541
4
1804
5
28
6
790
264
292
830
920
703
138
22
1353
9
63
414
1454
46
525
0
658
31
1119
4
116
89
1
333
0
3
15
13
640
789
197
112
2
5
2
671
437
400
733
10
1862
1222
1798
14
130
838
624
7
560
1690
0
279
2543
32
0
427
1029
1702
8
955
162
601
1766
0
478
0
29
323
0
508
745
2086
356
306
1097
9
599
618
1509
0
329
21
1397
26
627
18
12
1135
408
0
8
924
1384
1170
31
8
345
632
113
114
763
666
287
264
3
307
24
149
1395
433
49
23
46
816
18
758
260
10
657
619
789
107
2603
934
1149
1067
1643
55
78
613
4400
962
0
4
15
1075
1704
1397
40
1130
21
1691
2558
82
1171
590
1
69
149
266
47
11
8
36
307
4
16
1079
9
2327
558
3820
247
925
52
2807
637
0
654
612
297
338
1090
1012
148
617
20
21
85
2205
4
957
27
0
1058
735
205
2126
0
820
1
1089
39
9
4
808
2
1745
1489
41
56
21
7
746
942
1008
167
1364
648
3213
20
185
12
38
107
3927
266
10
187
1398
1061
5
1665
0
1210
0
19
20
27
466
188
1718
5
9
0
317
51
2
1325
1
3
20
39
618
595
1073
47
106
2
0
10
941
156
620
1125
532
0
323
143
5
325
0
0
1748
511
1560
0
923
99
1024
72
2
1307
30
263
150
1118
326
1171
26
0
565
0
1476
5
623
3535
21
27
18
215
597
303
662
4
272
1151
19
59
1095
962
1763
1257
1073
1084
27
10
921
20
1434
1094
11
636
631
445
691
2
64
1356
10
623
887
6
28
1412
382
1560
8
361
1807
1414
1127
1
781
1259
8
702
296
520
0
625
349
0
1071
0
298
290
611
31
164
1116
90
2
961
6
10
3265
108
2
601
21
173
479
963
279
588
289
4
0
1407
1032
419
20
1413
46
643
1066
1048
630
7
464
3183
130
208
0
29
1034
1999
9
1055
724
1110
0
7
3
407
7
36
1072
102
13
281
115
196
1563
1118
0
5
2
1090
37
2
2065
922
1318
6
29
655
1
619
55
1145
452
512
3
971
713
1257
1787
1774
687
630
684
503
832
42
468
540
0
37
1236
645
1026
85
23
10
113
466
3
1481
675
80
1623
2038
1101
990
952
3
1113
1831
325
478
1307
103
1949
212
1146
1079
732
26
12
634
616
641
1794
2352
1695
4400
627
1372
0
512
39
7
1519
51
1152
2406
22
97
6
16
38
156
34
113
11
0
1
1730
1734
1110
618
1
2509
62
26
714
714
2398
2278
110
778
939
1138
1372
1190
1595
22
1061
38
8
1675
679
693
2697
2249
617
1113
8
576
1349
30
46
21
4
1195
1063
284
11
1226
1541
457
28
25
368
51
31
51
146
4
1124
398
28
1
1
271
500
1105
39
1275
27
3
1879
2164
683
162
1124
7
614
15
7
2
27
1175
116
4
31
0
1
8
365
49
4
28
42
20
501
145
92
1
1098
49
110
597
1
127
0
0
1
4
6
3
439
21
1
642
108
1
42
1
1086
611
641
10
418
10
1932
2
42
2159
0
1403
15
1090
1125
48
1
5
124
25
294
937
2629
265
0
25
50
12
263
264
10
82
711
937
11
3
980
156
449
1089
2488
19
572
1567
124
1091
2185
38
437
7
201
15
1708
4
0
142
324
936
5
266
430
0
1139
4
6
19
1099
1081
2333
469
525
305
1288
711
311
4
1
289
19
140
1109
623
37
1095
1178
1084
779
38
640
0
669
294
1115
2
1266
0
280
291
1397
54
10
1344
200
708
1629
1498
2403
1113
93
637
1701
482
371
1691
155
0
1
601
2889
631
32
5
1883
22
43
270
1688
6
140
4
1361
4
21
1126
28
112
4
5
307
489
2
0
1083
112
0
27
333
19
41
1175
21
45
3
0
1623
7
12
286
5
0
0
1197
16
289
33
1177
26
645
6
16
2877
67
1598
1044
1873
49
6
23
344
4
0
88
2
7
2
10
13
375
216
43
9
19
