993
2977
3418
1471
990
1862
3468
2248
3445
5126
3191
1806
2361
950
2639
2746
1450
1297
1041
1007
1106
1821
1536
2019
1157
2737
3075
655
284
2283
2982
1223
4222
1042
2746
2005
3981
3063
4780
1269
3884
2502
1272
2983
967
1828
2593
565
1253
2845
237
808
662
1448
1545
413
1163
1758
1523
1577
1275
1194
1407
762
1356
1494
2496
883
703
726
691
2633
1087
4245
1506
1529
58
1553
1487
179
51
659
2390
610
24
708
2427
1884
302
3727
2881
1939
2364
873
2847
2054
3074
1206
1081
1518
2938
1953
3606
658
2408
2405
3522
3593
3035
418
2378
1365
996
1395
2368
176
1275
592
1783
720
2746
816
3120
1102
1234
1387
1172
1109
3832
2621
5782
3962
2914
1332
1225
716
2541
1310
4014
1611
2542
1266
1808
810
2962
2169
4019
1519
1327
1664
3744
2842
3673
2002
3048
3773
2040
1061
854
750
5980
1500
4276
1458
1894
2187
2574
2209
4573
1937
3677
2667
2792
382
4604
3122
3320
786
4468
98
1197
1126
1431
609
2667
3553
4014
2233
2425
80
2563
820
2684
1490
1957
2391
196
2576
2251
1182
2948
2428
1938
1013
189
302
104
905
1776
633
928
319
1255
857
1158
587
1756
700
2936
836
247
164
1118
883
2931
2444
1386
1449
1872
2383
1556
579
2354
2034
4398
1676
1892
1750
2900
847
2966
1186
1255
419
534
696
1478
675
1569
280
1817
2491
911
729
1040
307
