1156491
1652709
646213
176103
949455
3873517
2058445
2115233
1013333
1219594
2082683
3251216
959115
3435654
3079956
313
1926064
3963100
2185775
1656375
1624748
1792387
2214028
1451579
1576436
1036682
721826
3724086
481
2157622
1808942
703182
2351540
1924626
1480083
1956001
1273575
1264096
1382128
1952923
2002666
984378
1177795
3099147
951692
4800671
148905
1089249
155053
1377593
87003
1908
2007858
1523097
3131099
304846
2010404
628309
4128420
1868339
378
58978
1832271
4974
1071130
2811850
1914003
1783518
2188458
1513398
2111765
681128
2950651
2282053
2165846
1109576
259977
1837172
2562243
910140
1741283
144933
3051545
327768
1116664
1479517
2532617
2521501
1042116
1682858
4161939
980764
167330
259923
767370
6679918
2664279
1117693
2022495
924039
2312834
459002
3199695
902295
3099377
705913
2185198
3643241
1935092
2816094
3490985
911150
1352219
1645508
1045823
41406
839125
13336
2183427
1008232
28817
3958049
1149450
1284621
2841140
804506
3484716
1044019
1193855
2523510
3323691
3292011
2676097
333613
1332485
1883946
3658571
2179642
2799402
381649
398945
1604450
2691828
947640
2364985
1610802
1009523
1536473
1166475
1823945
2460243
3142495
3035443
1003789
1067862
633250
3209667
1030916
2470026
329307
2960924
552604
3620518
2397666
759358
3649964
18175
2212445
2597002
2734340
2436752
2395662
1289552
1722200
6965163
1827609
2579552
2069654
730937
34606
3729408
2281538
5199465
1546902
3800226
2652032
3558856
1475640
1744850
1438885
2225550
95179
208800
1012384
1683245
2223731
3916593
1950672
1554964
1078
89826
191672
216767
2248297
3888
118242
301522
38684
1548353
777334
2261609
2048944
1357827
2556112
671650
760370
1160545
3150658
3682404
3815611
707566
597047
1374652
462192
2578808
2631261
1896370
365320
2175948
3220632
1140483
1972561
1845442
2215552
4382429
2666861
1238753
3418882
881907
1676554
1041651
2330727
882934
384448
59985
1528065
1296833
281836
1632480
1271383
2275244
2587787
53643
865390
224625
52673
