25304
22281
21206
7982
5761
34663
5211
126546
11405
71887
2988
8895
4482
11836
20200
2673
128
3392
104470
4105
12229
91363
12955
181059
46919
740
39326
36179
74511
67892
272630
57985
85710
109602
84364
32179
216487
509187
622824
290362
6398
10505
124200
18350
16704
81300
102036
39894
6658
15598
14581
5615
3971
138779
638
50037
19244
420705
1462
132
4555
135459
144
579
3455
16601
60920
1408
5087
321328
4398
17010
26095
5679
130283
75
1
50769
21
207
0
0
71152
28604
3920
113785
13231
165740
86
14017
38703
48654
62708
151245
199430
3333
6966
3923
4977
59082
2636
216104
4176
8247
6596
72136
12342
37971
6419
26360
27735
12782
50
266451
85084
5949
12282
312525
2405
142567
151635
420478
182005
136133
3
182498
37025
25921
173525
314473
630464
84590
69648
46152
15239
12985
27926
83206
52156
61774
148506
72252
35463
14410
17882
522147
12521
53481
89889
392662
60468
504869
81211
331376
16940
729631
58417
271724
22722
25474
59925
70918
3252
16822
90744
420120
333295
73773
33697
73404
132531
113004
107454
90276
6965
80813
3441
38282
84100
6072
216784
12969
3555
258845
87443
78250
30928
6328
16968
35188
86267
46435
7059
6467
410770
16760
42754
266400
656193
13625
4310
21042
20016
70
6027
33751
3564
527808
0
38768
8412
2861
28431
106428
5608
53041
415
1
212076
243
11218
41788
32104
146180
9057
222184
28
4562
41484
143554
345780
7
129703
12246
664207
666
46120
0
17432
1528
6552
271613
5
178241
3745
366365
136924
45543
804
75786
5352
7
805
54354
3676
118060
139
3300
5115
1029
19
0
61
16291
5356
9511
7333
62791
1391
0
583001
44
4603
47
395
113
226805
3473
91940
23
121
7
9246
4240
0
29260
111771
19293
113168
0
36997
7966
8
36
2
42367
130864
3810
7606
0
5519
3012
1791
0
0
2813
8067
1
73173
4317
40377
3813
16
7
5901
1
182
716
14
3946
265
11907
39543
24251
6867
17456
1
34
119329
11674
77333
233772
20
11169
11702
17011
12564
5665
10697
13983
13725
8766
114264
28478
12786
72110
27293
1109
3494
26931
250512
4074
2016
49609
54777
65686
30431
526
54853
15712
49839
383914
75285
63180
369
7
44541
5212
106866
57026
15
16867
382
12413
13094
125906
97375
106173
279869
20634
8080
190
63727
9381
155410
21269
203953
33287
75
3937
53515
6
6829
10029
15889
4994
59
0
97452
2903
261
163
38151
2188
241
19188
310383
48646
398
457
2193
7056
3337
40597
163763
1974
20732
0
408487
624
67269
133055
3000
101201
773146
73586
25179
10975
476573
16036
44272
139
5974
19330
329150
11174
18465
24
14359
3396
17787
253576
2977
85711
116215
3100
13954
233
336
1571
19057
88
8046
27290
228613
4704
111919
3954
6673
4346
36949
26
5956
0
3898
9719
28503
0
49515
4520
257660
5636
41
70043
17294
2271
0
21507
142437
4663
37440
333041
55143
26947
193627
198841
102993
41672
148091
139607
584589
19981
36192
66187
68111
23274
4206
10
26919
0
2359
0
143342
40007
98684
74
17766
35
59707
132430
31234
46768
48172
70874
119368
15608
250575
5717
90282
54021
378011
235809
350823
7944
248884
32231
4136
138614
5832
248
3105
60502
46048
83
4203
0
76
133
13611
7924
25220
11
105083
45390
43553
4535
15168
141409
8706
27755
167
184414
114593
17891
176971
388937
101233
101124
200496
12981
147281
123074
10150
371367
10383
679
65417
110547
123
8900
14626
103446
562
215
29216
269
113753
180408
8320
154880
51
326029
3948
201165
66
653404
58231
873251
101
66145
2166
11420
3920
86968
8149
384331
31232
326935
41773
19407
56
633686
64394
16013
3
17869
541696
13274
117983
107971
116185
3057
166873
21612
152771
6
95152
8922
54158
397370
40743
54755
261700
631385
38709
14
106111
68
116855
9310
71103
262380
44396
86
55576
20636
74808
3061
50069
251
135081
195074
356938
217454
13725
17677
43989
141
195138
30703
83098
3264
1222
18450
73827
124027
12211
22522
896867
385
2409
120058
2836
306042
75927
48672
643046
925
94575
29355
4726
43289
307472
78701
124308
91589
49879
6715
35536
25986
101569
16455
211591
110553
38600
104481
411833
152539
3549
36834
77277
7587
7965
5636
56
123633
374349
101079
316454
56962
34253
5396
7306
63305
13977
49174
26827
321
19778
14429
28323
51360
5577
49104
152028
43639
334
92
32574
5956
4724
3372
227570
3
73698
407
129523
9703
4647
3
6872
10935
4570
6160
279427
30563
178962
104893
48881
196459
119935
18385
29492
62341
196354
237867
674484
36137
232139
160
60872
58103
32245
14720
178
275
15291
190
50446
19684
36165
9
114536
2996
5840
618
422
40048
6842
41804
876
351
11382
4101
0
7806
10298
414636
15330
39457
15
22354
147487
2844
0
9229
39731
5956
43964
218199
84143
30540
164119
5798
311512
272741
966
4035
232950
7838
2132
13
15834
40727
8770
327
13544
8701
33342
266
56229
3072
54
0
4733
16
0
4701
27443
6765
61905
29
234
33799
320
19706
19411
37563
36018
124324
568906
4468
1399
30
5642
0
2175
8858
3362
107515
3984
4710
73447
6200
2590
0
5
2862
19910
4840
450718
9265
30186
61849
79220
7271
6829
27172
218707
9741
14
0
35981
17243
490
7236
16856
4253
6485
1
51
16480
224554
59821
52909
39620
88300
0
93
0
16305
24
5585
0
41514
203
72120
49621
72229
9730
60367
40199
1494
130226
44615
71860
3838
66
306601
11344
11114
1921
273921
26976
11705
7
529
4579
7369
0
4072
5447
50724
22779
166981
41628
2855
1257
461950
8
5161
68109
19170
282075
15662
26
732
7
18743
130280
37045
15936
6176
0
69740
10841
12433
479511
193617
80224
25317
5948
6890
7048
48150
9843
64
643
6539
0
1813
12011
227417
7992
71310
22412
1475
17
3807
42
619
21221
10958
7713
0
6190
0
316952
125138
23
14031
16
12
5626
6270
183649
18551
132
3327
91
112027
110755
64790
80135
18128
88569
34603
136277
16
0
45613
0
306
53967
63
38941
186725
2809
43266
10775
472380
3944
292033
12338
60483
20
2779
18092
13868
80284
289
56938
16932
39562
22156
125
21593
393
10295
5992
5441
55846
57178
29815
5802
29406
5242
241
104931
790
5691
12040
56146
1338
385
565
8737
3793
1612
113
16842
10271
28438
31
13889
176185
59866
191645
5630
161767
89
6026
55357
96162
38089
58
113292
6496
47783
14832
4791
242496
399096
51257
11230
32445
2807
142
26939
67302
64926
3
57
51914
155
1372
71
47
1
76
21564
64575
796808
0
0
39535
23713
263
294
36
9516
154579
0
448
2
28590
7881
36741
9
379
2129
10
7381
85
24545
0
205116
4800
653
8719
1034
235
55474
4834
373869
524
144
33
22727
28027
44574
7
3325
42827
16495
65949
133
1869
9795
97522
570
224
113308
9871
70366
147
1505
99
4743
0
28850
343
67143
88
98679
123
131880
15359
1095
2416
18494
198125
85490
49551
238825
69699
0
0
0
46609
10331
72350
209043
285
65393
10108
38335
254
124464
5306
1482286
20746
393954
26710
643225
30715
168196
1279
21610
765
3400
19499
45
55412
59427
1144
230493
126375
1847
0
136060
69689
173387
8341
67932
2852
34
38603
134665
24312
37239
5551
136786
325
18127
0
18515
172
98662
7079
985729
47613
16644
0
43082
105
5
3142
6
0
0
116
4238
8309
38566
0
5956
0
1
0
8
7
41
71166
8690
2633
20215
70439
85124
116
4784
22840
90789
93
3366
0
15574
0
0
7597
0
62
33831
322541
6998
13
462
7822
29737
296
3546
0
23573
3268
23215
22068
24
10212
12746
1578
18015
75
42768
9138
98503
61
9572
18564
22287
26786
16283
1074
6520
36
27123
0
5630
48168
39733
13318
0
3922
1328
0
46
23971
10024
417
7868
6747
0
2155
0
22720
8
63694
93246
70500
97
0
42
0
115868
98
80271
5527
757797
352250
26640
2627
105152
6507
7396
23751
0
251
279137
0
3105
52
0
8
6704
63187
11047
0
5703
325437
9032
25896
25624
616
45329
6119
6476
5663
10685
64
5733
57
31143
0
29976
23823
4400
47033
4
6692
6874
4511
10061
706
5764
3088
904
6434
59061
29100
3544
25475
438451
19421
2178
1884
47063
14610
175
2965
13161
23688
14189
4986
75436
68261
93044
195105
244657
111410
2181
9
19580
50
9223
4724
53466
45422
40
56
93836
234
163689
267
134840
17026
442
811
9340
20265
7833
497
2120
358
45889
0
6685
0
44
72539
11164
38072
21787
7
65937
12926
182771
93
69199
273
86
748
6741
2625
11564
3005
659335
783043
69985
55
3
17791
382522
551
32071
64726
45907
48113
0
511529
142021
180597
142920
20049
97155
95
126464
66886
56016
122
46703
0
3951
0
1175
0
48503
246241
48640
5444
11115
14123
3204
3128
9956
50424
9459
50921
20095
27773
801737
9189
10
58497
54608
8975
85
16823
46207
6471
0
0
406
0
12410
60
16
13254
42
8
85016
27742
0
192
78
126140
45697
139689
53967
543376
105739
0
13388
10909
84900
4523
300917
163294
28609
3552
42700
0
3202
5246
99138
0
99
8603
225047
33690
64961
8604
11653
3284
8485
16334
219069
18728
10530
10825
523917
96
27203
405
23544
34005
13718
51846
564697
5554
38535
83
1593
877
0
23
61226
3466
18680
2288
255
3916
8582
98249
53386
2900
2213
17200
6116
9941
4690
2992
28284
16550
40354
11018
101189
30745
97334
16482
755
17
7
71840
140752
3487
3682
63438
16
0
4227
0
163
8392
95479
2791
80724
11623
14
0
19044
423
1025
2703
390758
159829
81
5072
121633
3925
146184
18571
211442
9539
8
104
13539
1988
90
0
241
0
11523
1041
13569
6995
0
260495
28097
48474
48516
0
2491
1781
22366
28
9316
379
34895
99
146471
35430
7864
2184
8986
651581
118057
69471
780068
17073
12869
31904
66108
23
40081
0
7
3124
151190
0
11
10035
2937
177
16297
19562
30429
253700
65781
594019
4016
204
433
10373
25049
159724
290153
3919
3121
215060
15225
205282
36915
7748
52627
68745
54526
51686
326
132334
303
0
3004
0
615292
163633
8197
50896
89510
28377
961015
13405
62953
8786
14621
188922
60247
112243
12297
8654
2433
88548
17417
312290
656701
482948
110949
21703
25
18344
4222
23709
349696
368
155189
76997
75647
31480
73313
128121
778645
8597
23109
1722
0
23160
10955
197
411305
2388
629130
414
2
3568
11320
6
3957
0
0
18464
24
99
65017
0
4476
7976
19779
13676
3672
5
23223
3397
117260
363
474320
17718
10414
617029
133543
2870
36820
4918
209656
521
125483
3533
200101
3120
241273
97824
43299
161267
8930
1
9733
3066
4280
34099
13550
225164
1243
91
6193
1609
312
7113
3886
3807
7186
57625
4597
606240
4700
21922
4786
11519
97236
0
42574
1
3471
0
20145
4512
369
27281
25428
3916
3307
6
800010
228569
2271
9958
38596
495
32777
0
269648
10444
32
9001
197680
28939
60209
3244
76129
14144
9
414
10227
18800
5887
37057
0
68
22
0
16849
0
77
7
46199
10518
6363
9001
0
22
1267
493459
3971
5632
44983
653
4737
93585
1905
160
83105
466
4
3477
26285
8753
0
16
61907
0
105
79
4387
36
8284
4340
11332
243306
0
0
13074
5636
4279
0
75463
1350
90065
0
0
22
61963
4061
74071
1769
88568
0
37613
1552
24
0
0
0
44
182
13960
13792
9121
3135
104780
168202
10084
1295
38256
310669
3263
9829
120358
6555
125944
47163
434133
8152
7026
4848
223317
553
32270
433402
275274
0
36688
41
155851
121542
36219
14978
26714
146953
98321
28
23583
45
17496
8982
61559
34260
110153
164481
98430
10877
98930
72173
16039
19970
341413
447660
104195
42511
100424
23244
80000
2769
75425
16614
43551
6132
108565
5506
20046
43
94210
40672
4928
81157
13726
12426
131371
22813
12382
132232
65154
6315
8
5332
5
2599
34473
0
103146
8359
14
0
0
1
0
436
4054
58
4952
194
102496
3082
389
470
338413
138922
0
196
36410
36832
35386
70120
194643
62590
11818
0
14396
53259
1205
6845
32506
6752
27119
13884
5818
5516
162403
5018
4661
1121
228860
227
65776
11777
149630
25988
82287
23378
138496
59982
153888
27697
29943
72296
46277
17903
3695
71509
58077
266991
157595
705426
44608
147622
8053
177136
421295
134784
64309
325816
26683
47211
11944
20269
5394
802
18981
62560
89707
28232
11990
15106
456630
18183
997724
14952
64487
220807
150363
105563
104166
5230
108828
876471
216132
263900
45816
20081
20152
47701
431090
84659
11432
530476
46036
38019
4
175662
7951
45005
8593
65003
448972
376002
57875
176272
5919
4
5982
428467
61
3190
6
116607
57445
1
7563
9832
2837
71237
797
4607
41126
17790
46900
6348
9850
217
2420
46
36976
569
92481
0
3914
2
1793
4735
197474
53508
18708
25
10637
98311
5820
197234
154643
130284
6117
475572
20443
25
5933
91755
445
1757
33778
0
5
15
0
16946
54224
63182
64785
25146
3336
179
51679
19247
14479
7377
87461
98809
4
4027
3039
116510
14601
65486
212883
91759
14191
104849
48976
15686
301406
574
9929
141
44
138
1732
37505
85357
7459
73428
105131
70083
163943
77
42245
689368
3529
66476
72651
835970
6087
22963
24155
158558
1718
84514
322867
15006
8248
488369
2622
41611
70277
14811
32632
13
119866
309
61581
338641
144924
108642
231305
0
50482
5705
350
36961
13927
69124
155944
22
114139
53839
223899
16097
13375
3084
4739
33212
62479
68690
205750
1418
6495
12270
6
431425
1385
6739
79
4265
15
74096
88058
0
88112
126546
99275
296237
77861
12651
8331
203654
113
4965
16781
46141
64560
25987
12113
876
14369
239896
622
4444
2389
128562
7106
0
1055
2
11
33543
6578
19955
78530
136827
114
3692
3180
6327
118935
1531
703
24140
74814
161811
2958
122568
659983
35450
32106
50673
126
287905
39650
146135
13245
11
629
0
795
325428
28238
88176
22665
699
112461
324
291
4409
200942
208267
46544
44227
76738
829155
734683
85545
33732
106460
152540
78875
147461
154450
10657
810731
20168
47
101
36736
7
2730
101193
67364
11776
1954
13966
4828
17
27380
31185
36713
61386
105
48075
3915
1325
3068
7809
61369
105
5516
663109
9490
6
26
63080
321313
47032
202
30326
13002
964
3511
77546
255015
8359
19982
2641
100043
286
105939
65353
21134
4968
8300
0
56
7911
3533
3278
1276753
30
3997
21131
73520
70995
57384
5150
20730
23811
175
2
50800
7316
0
13496
5864
282
514979
20759
30822
5298
99021
266240
14665
206257
377880
47610
433861
1575
11297
18367
98165
30720
45628
94397
70718
97905
21597
4261
29400
8
283176
122418
182710
13268
4
387
21312
1684
20371
213762
1207
115922
34953
3323
15
2990
143296
14293
18825
130399
16029
58379
309
158454
93306
21922
12544
62558
675989
29557
371160
232648
622507
10945
450738
3722
5
54675
30174
39436
485812
124362
205630
238670
394306
4513
259954
1448
4995
619616
1811
88833
0
1725
7
35361
195916
169374
89599
16326
5982
22
4638
8920
496683
93711
6338
39206
0
27
9250
31
9156
20035
34480
82728
0
1761
86945
185997
45414
5200
129547
18224
358
0
22
8192
44696
24420
3267
3097
12728
47654
20993
27791
147357
2729
11357
14
894
3155
1216
277
109866
24745
10092
38033
2434
85239
17113
28817
27422
237109
170728
3571
189747
20574
76172
413294
533109
65489
236328
31129
724609
196345
81116
915389
433890
3027
9221
15562
47556
309
92877
4764
251678
5642
5288
0
12
14
61375
12949
146889
99759
234654
23777
265284
767
85515
56229
473955
818866
244301
32457
15743
37
17748
185
52002
20332
16840
1004
1532
9693
101364
195545
99663
59844
8261
38883
144951
866
68284
143098
10735
75104
107364
46827
13607
23192
31899
996
101102
860998
63688
89720
40
68472
5038
24620
49434
2337
7940
11012
144
16636
64612
156446
13295
3123
892
7557
8434
2000
23242
420696
588855
51346
6667
25548
254380
1726
51896
6281
184495
210130
64869
239408
600150
56
13860
310
626511
2841
261091
10039
468974
0
32207
9266
5153
4760
5994
6990
69184
1349
98860
56895
119071
177137
399779
839398
897
4891
126199
3156
240786
170514
1038755
14736
53694
74829
85462
23558
94026
17615
94266
23042
13843
575
20431
11911
215413
257400
54883
601855
175550
297486
6891
46827
735845
25769
286656
107943
90926
1703
27356
266384
162610
215850
106078
62497
110353
6057
61517
21044
6483
23683
165668
73
81958
57140
39900
65225
117049
367169
46733
18562
8870
9884
542553
57538
14480
10174
11146
644240
144
423428
28165
91540
180008
107607
106676
87962
1210
16311
7617
20695
26464
3138
10805
65639
18801
143
65064
33
3514
6605
60
37124
5958
33675
52324
155418
665746
8814
209370
64
261212
1582
200431
4392
116204
234320
15154
202467
179589
151
45836
11322
97065
19843
19561
9881
3393
502
49584
10124
90
3915
5371
625457
49578
54623
98146
151870
91090
250482
1090371
15745
1
12622
1669
86821
31392
29334
17054
115761
642429
386
170
3307
5170
20
14703
0
83364
16250
95236
290872
10178
11175
39832
9458
38336
72
86828
28986
151071
180
350009
264741
85524
4036
394247
72796
5648
286483
411426
212231
80
86111
48363
10915
8
2126
36949
0
6
9286
2766
12994
25074
3675
35850
7645
74
126
19895
10029
54028
7379
33982
6558
3712
0
6584
6030
152819
4049
139975
43743
8
8
18606
65470
15334
67983
6362
6950
198
11
1048
31
17894
54585
243132
53259
14159
32
0
0
447
6178
6478
12073
3829
0
86679
2971
15424
9
12065
3664
37202
10719
10648
8733
5956
2941
8263
0
205
66
6017
33260
215452
92470
6032
40606
12946
77341
67568
40178
1108756
19097
338781
39907
0
6
136131
12816
98992
86198
202855
368737
10586
0
208358
11485
262854
43219
128488
0
656151
1522
14594
7574
208509
68794
81493
61455
22198
92
3248
44173
291607
48
98226
19664
60751
0
324079
94671
52723
21773
771635
66024
26780
16390
80414
137681
11383
8378
551383
27177
24788
656
16461
125
209126
66182
24006
220695
8875
257
42280
29640
21448
2421
76342
340228
19
81622
71
50394
10532
12474
59535
40693
212
170785
3767
0
8930
15894
0
14975
0
442
80
274
7304
4764
186733
32669
77
9042
10727
19612
67652
12120
66
16877
2442
6025
1
44110
45468
531
93424
16065
566375
105552
82523
222732
61634
2423
9473
6077
74
2090
8000
45351
19661
97
3571
94687
1545
65877
66401
90530
15740
48368
22587
13167
238
190655
56208
68071
86825
864509
111979
82953
21209
719
642
3638
1435
11273
5742
7
61703
8880
23280
53916
5094
6455
215
3011
216178
290845
125207
169296
7628
13145
28581
3225
234822
190736
34914
32091
24868
2919
9984
3356
42733
323542
16060
97369
8714
827671
16209
33750
6
16777
212095
5601
187079
3098
0
0
2894
3258
596
8
21
15
8607
2
20
0
9208
489
66838
4
7617
98
5956
0
4508
0
10574
6865
119607
223
28516
42990
96733
121627
80294
82137
68093
5279
114015
538
280784
45302
166624
97
10781
75
11179
1
106
5699
258894
4785
863989
23484
225464
3
256358
28942
19404
424
4075
36982
1537
4516
20190
9269
153979
53870
515639
17245
26950
638
9583
27057
494
30448
16117
171410
56
162
3486
12
152982
21
225668
262570
430575
740
4698
262
16727
3233
80578
5562
3229
256
14069
0
12266
1276
445571
152148
13793
4569
91956
5383
98898
0
13242
4754
5149
5221
279943
4712
237358
34677
156455
269058
2976
227
221709
2898
8191
15
14974
2
813
83143
107
213
4883
424
22448
66970
13938
0
18794
70
5869
1
11
0
12141
280
39970
896
56
29
64093
0
0
68
5388
1317
5663
5564
59384
0
4711
385
165145
29
19488
173
749
0
7384
33790
8816
2761
16741
6318
4319
4035
3943
0
19268
13
26651
2843
45952
32179
8278
8571
48988
0
6429
27543
14103
0
8898
105
123837
0
18035
152515
657271
2781
4197
5973
8669
306
18022
2842
45375
12493
4743
366948
6017
122758
15561
14909
3921
60407
154
71
11995
122
3673
15354
36758
2158
9557
4278
18172
332
3341
141
4994
6899
6025
67299
132767
0
6484
4
130820
24387
45878
8472
79676
115
78754
44991
159089
27035
20139
22938
50275
39756
6
9781
0
0
0
7375
0
3416
12
24441
18613
4703
2627
1
68594
5823
17091
15303
2838
0
9404
0
137312
0
47021
440968
51741
923
3122
2
26303
9410
71
287
75909
74
1487
3288
58781
674
3979
62727
79450
1103
46
0
452
7276
469
0
62266
4419
204273
1607
50023
3831
333436
5425
92347
46535
44768
0
264188
2988
4712
0
18142
0
0
4
29
0
6787
2843
112351
32411
0
776
889
22150
8919
16636
216
5898
7509
3251
4752
5264
26
6465
16849
75460
24035
8558
149
3724
88672
8097
96427
0
0
13177
278
1
29
0
7910
78817
3104
7
39
16311
398241
187
19769
243044
36917
83
0
67977
84566
4872
12889
327406
26817
650
43308
8999
129335
3918
219227
0
0
10441
260
0
57644
139830
99
2911
22350
1
267
4401
44
12986
13047
1
4
296
0
2535
5583
4572
3677
37
0
0
0
0
3977
41498
51016
1
12
1
424
0
72015
3
5125
15063
24
4751
56597
43587
11679
142308
212
153075
14633
26125
5788
61736
108407
39639
48635
23334
65274
16919
76891
129398
61466
6
9095
1
1203
99075
108628
0
84932
46296
7938
11146
102692
72802
14022
285841
80920
81989
246054
724696
114
11728
16066
1612
373792
12446
325738
89402
46648
31220
40123
5798
772
118634
16396
2
268
9941
37129
1815
10141
211206
704677
107332
8656
0
36110
6480
13127
16495
107145
3211
54
0
86137
5058
149226
36710
146175
95168
42644
8903
465723
39945
73312
189132
10358
23
4156
429295
0
0
200273
154527
46719
102691
388
0
22443
55
4653
5920
344318
16826
146308
174
67472
0
129160
151224
152595
24146
37002
48549
101
118868
0
0
661962
36187
1638
393
3804
14830
3107
386394
76289
37353
1407
0
4684
151095
139782
2
176717
26356
145987
0
694
24
19756
13760
62655
38237
330905
12
2879
11517
37594
2739
39143
9436
11890
0
43209
8
119
3892
14197
71999
14840
1016
17960
57071
154659
76501
47525
268690
443328
123190
92742
61656
44765
50822
159874
11929
32430
2
32438
7805
96985
22268
73451
6129
123
66490
1592
4793
385666
9080
3672
11668
15283
21234
3196
85662
403204
2710
97220
25418
25453
30022
1052195
45679
835415
42013
222108
17534
45504
37083
59165
133158
8669
407
132192
16682
16516
2816
3187
35700
45261
768
56084
85522
27927
16966
11702
105448
642475
33981
132483
8
0
24709
3415
11803
172789
400368
28242
16144
37570
5219
20794
3680
67302
9873
102350
26
6365
666
109404
4717
12645
78946
4579
5585
3068
8
66
8898
550600
34948
24444
16227
43287
43072
58539
369
61455
5829
16898
22416
63283
38287
213565
8749
70217
8
60627
3397
12207
143
121812
6647
56270
14613
22432
131523
23068
301
13276
30952
1731
17707
51160
6344
139
73450
8901
103242
6211
27180
3964
313342
146676
211750
2
640
11
490
8
0
10069
31240
31390
115450
57
15
0
2
19798
21535
384444
27169
33416
3533
7910
125428
12585
4553
7724
5795
18002
5296
154447
1825
23040
385
31885
3199
1
3069
48
0
9021
160970
678
6032
5948
0
6378
10439
5928
0
242245
4641
22116
0
51497
153
15327
22845
758
0
3120
132363
14405
82778
7245
7367
3435
55
0
76409
21817
22829
45965
2354
62979
451
34277
173857
9001
5783
8981
4
105913
1001
26629
7538
96
18845
93349
13457
29
7
359585
41087
291324
35143
138969
0
152134
16796
3845
0
27
0
54760
0
188
9013
10647
3008
50681
39964
46185
50
1
52716
20389
535
40590
66206
761
109
197482
3425
22384
295
7349
183889
223085
49
16870
2906
21506
148426
6170
41746
3053
2937
56
2806
33169
10129
10380
3650
34159
46007
25014
12618
128204
427955
34705
26557
33186
1714
4283
113
123008
205214
50814
87381
8218
13108
20706
14612
674743
5164
25187
39849
39998
106811
63571
19
95607
30501
7356
6
110300
128148
47716
15155
42551
30080
198469
4846
502
95036
0
83801
3803
18222
3152
9747
2880
333
12729
69167
46303
22501
225242
2983
4668
774
55836
32842
27375
13486
167893
576
3779
54773
12223
42512
24534
66108
19456
124596
16948
20
87
9947
98611
28033
49052
21713
91141
91004
42475
55084
47157
91694
20558
20976
51246
52525
113480
53027
43884
526
101508
155739
34942
88564
24335
14757
