321074
1409327
2659987
99647
1782250
1340094
3637429
1532159
2007246
1129162
2696442
2347897
2456383
823782
1184191
230747
453004
2829872
353364
1783524
1262141
1008232
1256562
1723071
2160535
2003848
4192905
960579
262365
1145045
1766045
712866
903344
2219293
2842562
2096186
1707688
2191858
1744555
1621877
2162507
2215354
1443796
1397855
1358664
1095344
2152807
2270228
1378977
1346329
872717
1187970
853612
1292401
1284012
493996
2336017
2012213
2132192
289849
2150307
33195
2086848
1082564
1178885
1144393
2218568
1018328
2026749
365297
1691224
619227
1325201
1747762
1209606
1089198
791187
257402
1831085
1282641
1123052
1101157
1193999
216806
504421
215455
754586
891628
1279348
2023798
693516
116135
1808390
734259
3391553
1443244
1955006
1237390
1018039
1571183
2813447
524006
1479980
1090481
1785839
4484241
3019341
1127302
955099
229918
2111319
106794
900941
1375891
1119429
269738
1874953
1013918
148146
380462
2744831
1139207
3127151
332988
1943183
2223646
689912
991410
2272384
2318116
2085214
1503325
1228448
1759083
2774918
1550209
3556363
1321261
2617399
2289127
1316127
2135841
3100945
2607945
2948337
302539
2444737
2076034
1193610
1022661
1423096
2298118
1324838
1221928
3453191
2242137
1330471
1476708
1428926
2437455
3849650
2941604
1646724
2665650
1918734
1922090
3842400
2209185
4694308
663079
3833179
3117962
2714405
1056324
2754737
652928
3685408
235227
1333288
257457
174929
614547
1067688
664407
2614490
1085214
3444853
248014
224255
158676
1350696
1717927
733492
3436417
1241036
2091828
388212
1796677
1244300
189118
184890
3094103
717732
1160475
232109
709549
675545
1243067
1049891
476797
1403948
90910
687935
134891
689302
2482777
1025377
681793
2101620
95198
272960
67151
776716
1269571
1499556
933199
4291304
2845535
1359932
1323565
1191759
1754100
2495933
2543967
4046422
1557187
500629
147237
392957
430877
1553264
672099
1836176
1151185
124161
1080712
1415236
859480
1904568
1402013
1960991
614043
897962
1112557
1768029
1250610
