15164
60672
4912
9738
24980
14904
11339
889788
1565
122375
13073
10038
14442
95643
44771
9065
197
907
724579
74143
764
6889
25873
19646
148518
435753
3191
5713
11747
895441
340269
37698
11152
4072
19081
826
199609
868347
1103580
22930
183616
12762
489044
2613
3548
12462
12942
479303
78914
465367
18959
1457
2654
197777
423943
2273
553529
677090
1699
145670
505
11304
463241
1184
81
474
16549
169
72092
220379
48
8399
1868
2600
786555
80431
9569
505
375
78253
8
1627
34871
90044
876
22945
2073
655337
26409
773
33302
2092
626247
10298
180848
554332
19482
502
207580
168043
212702
138631
523952
444223
3488
425
3467
5604
10693
1462
430944
3576
307
54960
565673
10049
747903
697512
8924
121052
62120
297302
734033
104357
218915
164393
46181
109288
12256
589435
1445252
35265
1416
6568
1114
21153
7995
284930
51076
4431
167173
5
81382
94799
165125
914887
27223
66421
39708
667987
4416
199326
116753
281561
574746
1002455
168264
22443
7400
631
300142
5945
88818
2149
478593
490970
771765
33046
18904
629660
22196
164133
2690
163514
96985
1071264
38
5435
5427
5093
62124
232592
159099
74720
561826
57488
76297
14191
3521
486439
417210
6751
1571
476543
351719
6
510780
561020
954206
167761
130522
471713
6543
9753
0
1475
1389
750195
0
93023
1480
9045
4722
27681
96184
93406
427321
8636
649288
1192
1201
5764
282
38582
1025316
119514
9164
1682
9977
6866
689955
30375
125122
14968
671763
33924
457600
1305
162990
221692
0
182945
80717
18140
50808
502909
601915
9150
1061201
472382
128
20
489
158032
7899
13492
800
23052
9447
603
609
1685
603
0
129
576641
1651
81940
0
665
310886
27
10
27192
90769
67220
217507
694
8159
285
8184
9
44
25346
30
467
172218
592
644149
368
16003
3513
391
4
2298
8915
769899
1591
5672
367701
81042
3
26420
16
9630
5399
169
48110
472308
298165
510
20292
2458
122193
3913
5637
66861
77174
14409
298
80253
20
2081
178
1551
161051
4353
739
85513
37643
148611
219460
177667
894
1120
120
505
623
995
319
333
3569
12072
27778
2216
85672
3463
915
7766
24935
1209612
160421
456861
159453
31364
16705
27838
590557
7454
3184
34852
742723
12269
9439
2757
17
1274
1442
171069
319204
525844
306
2483
1775
4284
3912
28944
17674
360614
3634
555574
91
13170
2683
27575
3460
181249
9091
809
25935
8448
0
283
203608
1591
19534
4557
257
153913
13933
35810
325
1032469
213482
167
31205
171745
2260
566204
3645
0
17292
122
473531
1037939
2010
1446
81
599832
3427
488
583432
1056
87142
780531
4654
675311
535
159301
98212
5391
1999
3550
724
64698
3964
51828
1489
2775
4458
428510
78397
2674
485547
824258
1784
6395
1972
243
23504
4767
293
1009
124
55254
576
542063
162820
84269
19761
14
0
6877
6479
745785
1005
470
9994
27158
1736
580151
97111
3416
5238
91568
2017
47807
14860
121391
302557
2703
783316
162946
7314
202070
96961
5696
94048
44630
186796
1240453
18852
1752
1570
5090
101093
2907
1002
225300
0
64
2011
163708
92
46872
3976
88607
1311
604340
107824
582
29593
3833
7209
47123
18477
45641
546272
1758
203347
838649
489117
677514
42666
172389
8649
25641
529061
95
52
216091
87
0
29
12934
1853
35
232
78239
544
1003
25
578272
6304
134580
214506
2351
1030147
1546
757
9515
708294
48761
4448
187601
27389
664002
84641
36420
2962
105999
843297
10204
209981
26960
1182
2697
158590
256633
89263
227100
622881
170278
68480
1576
7282
721344
314313
551
9685
471622
741493
36935
173332
6447
815586
7923
809634
3129
15416
638577
36736
168
39127
151
650018
2289
616200
13607
501149
136
797619
1035
167193
6307
8883
195037
53967
156291
82565
28661
424
333924
2939
181686
0
2481
3127
3028
1249075
5906
7
764627
720447
659092
2510
177608
38220
268125
482
306623
110190
316
6310
1645
1281
21217
126
688515
1469
91839
193009
890007
1162930
28893
5292
7964
14141
93279
17000
35063
161
4193
236
98450
782527
4316
12693
1264065
2987
19
2821
844
617078
727152
11676
674983
8607
12208
34690
1604
38696
91564
4450
463633
10957
621963
1870
8779
28730
87733
14336
49086
519516
29659
16910
873644
37257
2117
13
16185
10
1795
372
25
190745
15695
524348
325570
515262
561989
641
502639
39132
67756
48795
17936
11816
770
2165
706965
548036
73978
894
67334
79326
932
4991
169145
109
7
1551
20237
41976
750939
223915
8027
1908
156495
33
3406
77982
644
9456
158140
5295
123307
13116
481047
128619
43231
80323
9647
14898
67154
375599
749462
66629
79145
14193
23819
165767
77289
54175
317
3246
5293
54
12451
476546
171851
14309
253851
30436
6013
904
4415
235
10443
42763
4167
410624
9211
497
459
494458
58
267964
5925
88474
83584
8105
102573
7
1122
10219
522161
1969
83994
758126
472113
22759
166271
64028
579048
213570
5276
10524
177538
22
141670
78046
3699
8558
478352
13
3
1074
167688
65
3172
20
9030
3
6556
3023
47202
449
162434
31088
4021
0
1339
3537
88216
1416
120581
3039
2533
2357
750182
1586
463079
51
9552
8940
1363
18944
88
93508
1264
1695
20181
1392
0
2125
42816
11883
194579
9191
171341
42
3997
27299
18814
2009
183
454
37853
90695
367763
3481
2658
251817
1890
424919
20
1602
1406
1
2482
7189
676444
591
1740
73
14160
0
1140
405
9693
30
368
1143
4709
143
348
3096
660
6
9064
5
152138
117370
4557
19535
8654
1017
507252
736422
14568
1318
174453
8172
4431
253630
7114
5299
3371
263
13872
2539
348856
12488
366950
7117
15179
3386
677687
19
72655
9998
835
763269
44264
8412
8038
287
111115
36371
163036
116535
159103
38404
105976
362482
87254
177698
499329
26227
5869
29574
14932
20596
7059
457765
2817
1294
18671
344
161809
877
240444
457200
1101337
507128
77776
659
261966
606
168961
158187
211169
10308
6414
295
0
251331
777691
2566
12411
81177
0
28
55
18872
260
45977
82833
9932
496393
1559
103503
7101
596161
1640
16170
4749
9144
245
56
9117
7567
1069766
477195
179
562844
1427
501161
9324
181175
9254
483896
105582
173118
28
1195
27
450853
505
8227
24066
459870
165046
86228
346
15214
2133
429538
1765
15687
18639
13823
3063
18588
232320
80731
32030
700615
23524
1549
16067
4777
6339
186044
625
5257
3886
530934
452984
231
3830
14308
2325
106571
194374
10203
169724
160373
644732
245
11
18663
7799
5535
93
1419
8432
13665
94909
163
18777
813756
165972
4872
6662
2846
584266
1569
69612
85284
1192
4791
2274
100
1398
832
1576
0
29
14026
3526
817203
3887
22
4
9239
896
1414
0
644776
116450
921
3537
25813
1072
8390
7695
90668
808
233
471629
265
67039
346
482
259949
1278
482
41
2054
777
402
3034
745244
1250
2332
941
179356
9905
23020
0
471
4
553735
57236
1399
448614
448
83924
999
1658
6656
3355
508866
32777
6713
14
5023
0
1306
5356
801
33108
171690
6
94500
1072
2895
640
4115
164795
41031
3857
518100
166469
366
12
27
478449
540517
33
177610
26597
4307
77
13700
2232
104623
35520
1601873
10063
648621
464689
797888
12224
84129
1556
4120
441
217449
303803
5
511
1027
351
8979
769766
7
121355
611045
3496
13201
3134
4751
1043
13
28090
379386
19511
88108
80803
51622
1027
1017
483
2754
1013
123542
31293
990868
34
70483
2666
5492
178
5304
10970
6992
0
2601
3392
9
89
98778
0
39
10
47747
217
87893
0
472030
420
312
48491
175142
12312
788
287674
50
2
25425
569
554
104
7
19540
8651
981
2021
196
201511
684479
77769
5455
2659
314170
28258
19987
7009
406
1095260
859
425881
1227
6524
172
10598
104670
1826
254
23171
9480
22518
146
6442
552454
13685
11207
306755
13170
4581
7
358
24580
11
3155
441
8468
1651
139
1684
535
1035
173
24919
987
6191
159
55
328
384
161109
142
576559
42338
486263
6759
100
775
626
40716
2
150280
0
845087
173457
77920
211
45
121025
2863
34708
9420
48
262406
3586
2880
56
95505
87730
1016
1064
7
12
8233
675218
1062
30564
932
261
1023
9
718
362
37
2
65
302
3262
151
1005
2064
1210
978
2320
11
7869
4
26
28
394
6115
357
2448
19807
35476
10709
20859
184988
14118
1316
1127
40061
462176
2688
669
14075
40
805427
17983
6054
94
513
22019
176557
5488
474690
1479
6911
317
32477
2069
8735
1144
5006
270
44960
13
484233
60
1215665
1716
144670
44701
523477
5454
1919
0
457405
499
159713
0
182
234
326
17243
30026
1086
4824
1313
15365
1360
769009
652905
28938
356
0
32607
323
712788
3730
2663
795427
806793
3462
50
1409
2506
37896
48
31845
28480
9043
638
25
763930
3827
168024
16955
2562
4267
1726
38022
1617
258348
109
524977
1
1490
3
3279
166
5850
579457
1823
882
4
1758
162267
316
38959
13878
279123
158569
723
10430
798646
307202
4524
50080
477557
13546
314
268
90859
153
12
3244
4203
1284
209
60
2176
9299
8
937
30063
20078
64
10
2527
4645
12707
489108
18663
174981
7552
4027
979
11898
21460
18884
1510879
763108
9883
268
163306
103
1097
584443
54606
108349
26564
930
899802
1305
362055
1265
457122
51675
7954
4253
93413
100522
34509
443
935459
41
45068
3380
29
699
621406
200033
1400439
966
11262
5626
332
796
5
285
160836
8
161331
1891
600388
9426
0
9548
5
8443
155266
16718
1235
82222
1183
919
10791
121
6357
630
707025
10801
40528
4741
1484
9451
17760
144
3503
541
6112
9917
9
123
944
6577
1635
81450
117367
352044
24233
185285
1225
13818
9278
431801
6290
356912
743523
498225
650925
8203
6879
458
8740
675298
536358
70647
7245
24590
76715
289464
78
165
59
0
7
6396
1819
58018
16
147562
2958
25287
1299
0
712423
581
581058
0
6554
1791
15770
0
171801
2664
1645
5
1451
796215
175374
7476
811329
6235
4295
9
2591
0
473439
0
70
45
147517
52
1308
890598
2918
6992
74
2500
33837
10287
12310
772028
3797
199
562
10750
1951
23317
621500
707
1160
18516
283
197944
9031
629
30845
510
3671
6827
569153
20694
17
1100
2527
24906
800463
15453
69495
29218
287580
7388
904059
13382
4087
4219
455
172234
116283
65514
543044
10543
2732
29599
3696
476885
808463
124470
7563
508017
11
1075
113318
1350
713067
192
581663
89726
544630
4221
18771
43978
876241
50719
27009
5346
8
534
168
342
782981
443312
235523
2023
9149
133
3868
871
50391
3750
310780
391
0
612
528
347
7037
239
13602
983
2963
107
1435
91
496794
24886
172595
434360
2678
797410
8227
22919
99021
6332
758257
205
486007
125881
166623
161723
1159779
251816
158045
32640
625
2271
1480
17164
1230
1219
230178
28801
3676
59
971
586
6679
33684
8566
700
2273
11471
691736
795989
289850
145
26030
10571
313164
3238
56
5
21036
24010
352
539
4840
9503
343
905
2022
1452
800400
55926
1443
307365
14
1143
10550
5766
740417
542
6
211840
5857
7013
545221
10638
7479
31481
79364
27
12256
31249
38234
580
14
67
0
165
11
115
4922
3792
90856
3641
6470
9434
10
239
728740
271548
5154
21028
418
4254
353
1229
263487
690
4503
5281
3749
102
474673
9927
190
254
9362
26908
71
49
1435
464
69
6194
269
576065
5
0
8446
97977
36876
2951
355
62
26081
1001
264
330
95545
24552
2976
212
3544
2524
294497
17519
38509
5
79044
0
102
9097
5
15006
178484
1666
19297
45057
1350
2966
300650
10831
3803
603
14214
4
251267
6724
1114988
14
94548
106
227929
402
7244
171451
154015
9394
6765
53655
9866
477653
49192
595
30524
20571
7121
59
4634
581
9821
8037
11808
76958
95975
14307
68251
1166
166007
15389
15529
12943
335178
1333600
717071
450136
772863
45506
4591
1630
494673
240
10255
53
684
91
746234
28024
5041
3671
1220
162539
2470
1147
66823
75797
1911
521433
13985
2240
318
549716
32504
889
650580
1
13621
229285
1
96692
10387
32
149
2245
27899
1640
101898
417
16094
2
1563
1326
1077780
172210
11
370
81220
615
3573
530977
212701
1059
3119
6
691
14199
15673
4
459846
511145
6207
47857
245442
3155
159521
1130
451361
5117
5644
105842
487005
4455
6198
34
2836
88091
109267
12197
35137
7741
21715
19506
33138
18703
1716
7913
1426
207628
15903
1604519
8464
23526
10465
111712
804073
13055
15553
220017
127557
10856
425
475311
41
556593
5142
31
3899
222
888
94483
278958
333269
1785291
12906
315193
247927
663867
18852
53818
8939
169744
1753714
328841
721208
711
5052
117675
12908
744131
564666
80387
750045
100134
17389
2106
42393
480766
47534
24796
695428
275104
557550
1062524
176267
28107
1702
129
174207
88781
679
30
163257
163895
1246
230309
25994
53581
320866
131777
13624
7
161494
723
0
273
1756
85563
910
11518
625144
8450
14
141
43
10659
1850
12095
8547
79
4556
514879
7758
278
620318
12176
6957
667020
154061
1450
53560
173
639111
49
560
161991
3299
477
1866
104
29379
14615
100372
480649
863
450
233
90827
11660
10507
113546
85244
7508
216232
3619
247
82257
25889
793
24932
23127
17414
188993
1104309
80350
775825
1269
1569
613207
1031
174
921
3626
39797
237900
707
481235
47642
364284
1278
705176
1331366
47759
40154
98522
805392
8713
17172
33913
29672
3673
539340
774304
15614
965
661609
14637
34139
1172346
17987
169064
7
128
48
87653
55501
55548
21764
26108
348
5269
1245
4400
461349
17103
3668
110807
13487
772503
66811
24230
2653
6844
2332
8887
193454
7232
4565
6347
9472
20498
19066
87
170732
7036
751
153940
1227
1166
2869
13588
346
2433
5911
235247
132379
66145
260026
16988
525406
5019
73245
19506
265019
92259
1690
5011
1224
179475
1041817
120205
109466
73670
777923
522
77585
897
13862
24
1123
10649
547654
174200
26130
979
424594
17632
32205
705279
2409
7651
19608
191164
808626
4949
108497
414531
591335
30838
6852
470
506675
1040
739428
883
7862
471824
1
1680
740126
9106
15106
483453
44201
37514
2212
39886
399
171230
43442
1557
314141
3746
903336
1749464
10081
209964
6672
613485
8886
3016
123452
4136
757650
69514
7261
306
3142
210
6283
178327
25535
6
248
154244
324533
609905
366196
38948
6731
574185
275
2913
3393
2219
0
342
39393
6780
5
888014
1086
46778
6148
1212
648419
1175
62
971
1749
1361
20
49614
174734
426706
943
548453
12018
418478
32806
24400
451519
94170
231
5
1931
3774
605153
11
1594806
3081
1760
2796
871
29257
60347
3459
1982
162668
7959
148
8497
6304
13
9717
2114
88
181925
5266
727186
6264
5862
883891
177043
12790
899067
45695
1351533
6117
549
171066
6656
93243
12219
505977
12620
1517
2588
80667
1
136
701506
7009
213870
184066
53
1652
3763
14
19310
183946
1493
175326
1216
4
106
2677
1781
14468
3274
7854
1022
15331
2970
37234
9386
5222
1021
6063
802409
2142
1242485
591103
804468
217
864470
9399
0
4
7488
6
573452
8589
859053
166821
778119
1187
24710
2314
10072
1455813
4063
157627
45088
560
4492
2324
198420
5566
31990
13762
37891
26
5293
9523
282788
2033
268758
473513
113
207
276
16
36792
21530
1352
298618
33
141
102834
9788
1941
359
140881
9894
333734
528
5867
19
16882
3974
2060
760
452768
775573
523
2688
524893
1127
444751
1
2356
79966
7241
23
13878
10834
432399
248357
3630
27117
2067
1814
7341
163236
10713
6554
283011
484695
930
504146
228233
32073
863486
77125
1865813
152522
463078
1001802
177493
5399
28164
4944
184
86690
8035
42
25225
25380
1117
1085
3412
15324
9502
11448
74943
81571
30730
5061
1384717
1963
45659
152779
925337
806028
1151029
24785
711213
2750
22147
4188
9331
10257
10507
1516
2971
153731
14512
2783
82943
9971
84796
18008
790295
9299
712924
30200
17836
8859
208436
6304
43
631
482074
36504
195824
1267151
3220
3347
307
409
926
157683
5014
102
523
751
49
16513
546934
37792
5578
579693
242
120
11465
915
14185
631057
858051
190058
1332
80852
264894
2509
11462
622
22816
52854
12907
593341
806660
4
31434
2939
954945
26454
19606
593
272153
15
41914
1011
1500
493
1485
335929
946322
7293
17085
29327
46539
950601
196232
1256269
2151
88497
8074
6511
20567
902717
1497717
709916
18434
151302
61732
452543
24912
505817
10796
154953
2399
557407
15948
2911
165387
20516
3155
782880
185977
182398
964
896430
1295243
92483
1436042
477693
32475
569759
18698
36797
645542
539503
549135
45909
541848
6870
23196
22333
547810
1636
504873
1269
11808
10226
25201
72440
7558
731066
160429
2942
239439
993
496075
37049
98664
466273
702
803192
4856
124154
27
1810
489295
28464
12213
763937
1678
34916
1663
471117
1364
31
1364
11352
6793
283
7972
966
12798
99739
97052
25766
43
69671
44591
192596
693536
33646
10203
10291
283757
530220
653734
338245
812737
51194
89704
344485
24490
6294
562398
27778
885176
8
7514
467688
3
2050
2115
2095
495654
3715
4402
536431
585054
55661
162540
63834
160401
648682
1413505
7486
1239
1290
72875
546481
5974
13138
25503
24186
798971
7109
17929
16
4863
1528
2249
164
88025
659
10193
28834
26355
1597
674791
3429
1550
410
540296
465968
482096
9718
596903
273005
10137
173
709040
443004
962
22590
171515
210672
11
768448
78646
5454
85
11621
7
32
120
30606
388
9299
2023
4983
164717
4604
129
161
470145
1662
3077
18554
47109
309
1336
3
4126
2435
18970
307873
8608
1645
390
41122
91
11373
5207
725520
357
26796
1967
4898
216339
653
2433
7398
27762
3457
1212
1087
9
39577
5660
314001
12581
451230
98330
26
3411
16
11060
49109
71682
8535
26578
324775
122852
68573
2889
4828
6967
0
392
85
628
80297
73166
6837
112968
41864
191
174587
31066
1353
1612544
6898
223052
499839
28590
6669
29277
9959
141490
1228
481320
50085
473436
35
102408
28
193817
672
44178
96463
795354
436049
38597
384495
1115980
7325
966
4430
27820
204
344476
725
223376
5176
1212654
27731
39051
747
388197
9537
99953
31783
1469785
9874
554
1717
247356
765331
90134
2104
785578
376
6325
59
130898
17656
644445
62
13891
260913
474817
17
190177
161169
1098698
74720
437587
1149940
500
196762
325
109668
9085
1157
16046
240002
1257
31696
4969
466480
644
1337
4228
13
27
2968
580
1265
1214
99
22897
528
1121
163
1828
493652
184913
11985
1739
470498
191
97632
533
6371
153529
2975
649922
8546
506649
65166
177593
73796
652657
1750
1013
11687
98
44386
809
11225
10970
738
4873
163190
24572
11917
146064
34286
41509
629828
28317
103511
72761
7335
579038
173596
12968
461338
481678
474230
534567
415907
1071
1134
1297
76294
5219
1455
18790
7014
26906
628259
84378
241470
5687
441159
599713
579990
573767
170021
288378
5069
2067
24
310795
5544
6223
1082
40524
1289
14314
28942
10239
445131
494430
420554
2008
1161730
519501
204
10
5333
660868
1301
108662
9048
2570
246
6171
598260
2
1606
4783
743
598
21229
24661
2086
8219
586
490142
70
40424
264
170
2
2486
0
82185
4122
197186
88489
814
19098
2742
748140
626094
868
12733
2138
389522
1189
40196
7968
166875
26324
19662
266
996
1783
63880
798
588680
582182
791105
103723
54187
3270
56050
159445
21985
1447
76425
28
9752
1464
92506
305309
707917
2680
182259
3237
8746
628
682
457247
12926
93188
1440
526803
65
10342
77793
5251
812549
436229
14776
733890
989696
587
344
70397
1124
472176
8976
6298
121
423
162901
49237
28653
0
679740
6947
444927
0
1010
7062
706735
2590
9319
15127
83
327
22483
16806
509048
25347
104459
18102
11
515
247767
147
24135
107
146892
18
1444
766411
76450
10242
6069
4141
170314
242639
61476
0
46842
241
1032
32
61
83906
9131
255
2090
1321
396
885
162046
7
187
0
119427
116
120
82
3828
117
24590
5163
31494
93553
333
1374
1268
410
9165
134
3539
459
88218
12986
867
1226
596
3
5807
5782
35197
248072
88858
12435
3170
613
8034
1027
13711
198
8847
122
294
191
3452
9143
470566
582248
210578
20
450685
41
2695
8898
24094
795
182502
985941
193
265889
152
24064
9469
763
5092
45762
68
771
20593
8921
52
2840
3536
1
44709
659
1276
22131
99
1169
788
3550
2827
631
93891
1
1215
476930
268143
13066
3907
518
1036
305796
3627
408
4728
24898
7666
1102
99976
5808
3632
370
21
6
42499
8
0
0
983
18292
39074
459415
83
1078
33212
9393
243270
24810
5284
1035
30659
189
1058487
629
106427
170711
8465
9085
85
0
57730
932
527
2454
2133
2470
5861
2537
24136
15004
3609
178157
4134
50544
1139
30
631
4593
62
2
1336
2368
17430
137936
388
1076
61662
6139
1704
1984
92315
1
577861
3
280699
0
2895
83843
1274
2
7
3246
484
1469
12057
161959
48306
3052
160142
186479
42095
47
236091
2426
64
576763
2857
163217
211
505
12376
204
4204
8408
356223
441078
104142
7887
15963
300
83
823
4
401
2651
4
2410
1028
2126
6
290
5298
787417
723
12962
178248
30494
1919
24508
26721
422273
3111
44167
503765
482625
13947
100943
16907
48078
8
10095
872
316001
0
8332
43
122499
165296
373
289820
399
17037
68173
695
410
9121
40861
51
18
4526
30
1365
12404
6538
1159
76139
958
0
189
0
164
0
2158
3793
9286
16
21
5
125
0
315
550
70395
9203
18470
320
1285
101013
662
149916
7553
871
1
667
97472
245
83709
42040
40979
622
3586
42356
10688
27
171649
216
3018
35520
185097
80799
328243
1980
9891
3680
1233
464401
2242
32564
47534
47877
659326
915843
291
455
6578
2868
677171
25287
33256
16012
89901
2459
759587
541300
27016
247691
18198
517463
722
58
24514
1408
165
1108134
762335
685256
6379
6
9106
4190
7088
8468
31035
359878
1270
2426
41
251173
504886
49986
7076
631445
1870
349
96956
3585
472709
13998
20
0
18489
171073
43
1227
21274
173455
28750
517802
64
972
10894
254
2363
350887
193880
880
99081
591
55196
4030
152617
114980
84573
71199
265
169744
377225
502951
3609
7172
937254
6214
1801
12094
419314
6634
108
679199
30986
35960
3857
2158
13
397645
709741
0
496057
333
494405
53
15139
723
452
581
4316
1181
690864
22
652
76722
9948
24503
43301
14165
15078
115
12667
2197
3782
336240
19289
6794
598
75218
1810
1344
15639
121661
103714
292350
181259
1141
36372
8494
78076
645091
754366
30615
7877
4088
36191
110882
203360
665
163943
881
310
36206
649
17728
237765
246363
1268
24877
3544
82555
270165
35992
778031
1170
340191
183191
38690
4285
944013
1028770
2454293
39890
640383
18355
481372
66342
1578
239713
10450
4839
765474
79
508
4348
98201
42542
12046
554368
234241
13099
18105
439
23032
748977
1187859
56721
23379
3771
3302
859
5
458074
15535
690066
91047
7506
169
378
1675
0
18269
2912
7680
66
345
1668
24682
39276
607797
1899
27411
442283
11171
2222
30761
9368
1030505
3340
11696
3885
5637
249494
457160
426
492179
4569
15495
605951
288566
9916
166479
472639
642827
2001
100490
878
301
497
8754
1167
467
87004
329537
229299
74287
17
11861
152239
626674
108630
4100
534296
71629
667732
9085
86591
1378
42444
28631
1250145
488219
649175
15
608059
921
344
6622
0
196350
2709
159203
388149
18928
601
12600
119
91846
92209
178323
172
330
84
658549
779092
79
927
450
2305
19964
6452
475265
6316
82879
86329
325867
69850
10
329
881
88544
6
125257
1676
349
8259
2036
8458
1603
13746
1136
43076
458835
760
164
271
89
3357
45920
1048
213
477308
3886
488
106347
0
8
990
10608
74425
510076
114311
5042
1591
15486
2447
3306
1083
142926
5719
1
56
3
164863
10559
237185
1833
499
358549
2651
305
0
217
196456
9421
900673
605884
14965
79
163679
6
20
1077
10105
26
1041
5
10
51
1308
675
82159
621
29286
9539
9137
468843
41754
1681
7314
158251
519964
12057
1239445
1637
167567
1610
477201
46977
3917
19223
471039
229
16
92399
3059
471710
96748
197
0
1264
10565
492949
135
1
10657
13408
4781
1004
102938
171468
67531
14400
4741
1154
927
9836
780479
473619
468838
305561
1744
69946
548245
5253
680038
2183
5534
505
3267
66030
44868
7059
161121
253477
3729
7029
191233
8902
132887
846
5346
80749
663185
585043
659
2625
58
892
2886
38
466007
15348
88506
224
5137
31414
231
1222
473175
27
106176
18022
29669
167124
1299
124
598662
1380
958
333
1659
13667
13024
164359
1861
22822
1038
539
1284
52
6032
4456
438116
1937
2320
8905
4327
258123
73860
865
23783
84418
9045
6550
27436
629
170243
19
13505
21841
33457
926
10702
24698
