8297990
10581897
12434820
7870606
6151285
6845771
11744411
7414274
10042421
12312942
12107681
9179532
6738654
4990638
8421887
5728721
6304452
6350803
9691786
4305006
6035161
4587519
7460574
7979700
7055427
7471456
15169704
7903396
6637345
5235454
11003907
5812389
13751470
8386121
12721743
10054332
10168848
9427048
13262840
9219911
15287391
14752565
16771090
11234261
10444258
4778423
12125561
6014326
10881159
6879802
8051995
3682012
4329124
5256054
5177722
4126098
12591598
7608226
14078578
5108340
5724853
3910207
7893187
5381393
