233797
506424
1133152
1017234
834881
1016196
2796621
1215101
2075785
235044
1877370
1098080
2109114
171938
1796337
1012216
143015
1403806
906139
1476153
1411296
249467
1129224
528506
2465357
1550095
3402545
261312
28615
1343991
2263797
697948
1275030
1908160
1826090
2145137
1465096
1219525
911536
1250380
1380166
2579372
1985258
1701205
964426
917144
323286
1718380
1526957
1599787
670151
1505530
657196
906505
848514
184293
2647732
2376567
3081915
380419
1893102
504530
1642250
1066997
553046
571128
1648402
608180
917532
760526
1060238
1429274
1513172
1748933
1232827
666474
823750
34510
2277799
1281726
796385
901194
1172344
1433660
1199176
1020058
723851
353547
742401
996035
1160034
38303
1747372
607770
1707864
403345
941314
1428946
1305397
1124846
1271024
149418
1134531
875483
1402190
3084182
2662779
735750
1951424
540746
884420
25180
1091666
1012083
1429092
206644
1573050
1732750
508967
479829
2492921
231476
2626501
232038
352560
637594
1530870
199334
1156870
1798428
1624042
1268623
1226758
959915
2070332
1092039
2676795
523657
2725655
1287233
1364593
1163389
3594611
2327190
2000961
1155081
1965739
1005900
1101440
764131
665015
1960093
799898
797255
1620584
2392113
1876274
2342910
394326
1241735
1807608
1223799
1975341
2241414
2079077
1701672
2307401
2239362
2512493
743962
1756265
3042427
3261678
1164079
2008692
1108707
2831728
1063180
1920571
1217276
376950
1159410
992451
368515
1260517
912684
614346
522737
327238
844020
1076650
1458690
957544
3008988
902679
2208358
957877
592019
1770055
609210
100382
2354170
1834641
882954
1013530
1229904
837948
490237
455798
716432
1134071
507495
605940
1266456
429529
1627060
801670
97580
1719404
723261
92084
9579
1227837
390923
1855572
806428
2123364
2948978
1331606
1439712
1266735
1494491
1976636
1937593
1671730
2079693
871675
284854
104606
865692
1637894
260844
1159504
649328
211237
136728
1002925
699437
1357944
2022308
1357160
998790
1136980
75297
1501371
295036
