239652
40937
93980
238881
228962
292554
3465
86622
178824
2956
319674
91336
233485
232577
89958
0
457049
44642
384
1
568
608106
313961
1248974
368814
1233180
34
232895
232432
565890
310753
103156
1084975
1854
91154
21
12151
89437
411965
233818
597405
225812
231936
822014
121396
1356670
90333
21
233866
367073
0
570
234954
43381
734169
34267
31394
322345
378346
90914
0
206
0
1
365787
1651
261845
366595
747360
732783
368743
8
44153
233193
367862
598
632398
326460
278016
232426
235871
36932
76900
363619
235015
244858
3866
368108
32578
396765
646019
233995
6988
178658
991521
1017177
69
418
376530
58
265
233023
1000005
4344
68343
98150
228965
132179
23977
633503
324987
366622
232389
244530
480
0
90428
101941
380017
399263
225753
387728
347316
0
6218
1695
85079
16027
14475
1093252
221890
321961
323076
13561
31493
440222
310318
90219
44735
2499
2724
329761
381387
43
323592
13170
249357
43278
307893
1122
110389
232434
565864
368079
176028
188
1707
368040
228370
337201
370356
205
630081
37042
0
0
226177
4221
681641
144657
17112
33104
356487
264873
766072
3
367499
571
358628
667
332456
563628
395714
568532
549115
153647
122391
0
25
465461
308073
14397
175592
952662
1628
0
121963
662603
369389
32467
1486
559
1443
270
631980
0
571
0
0
1
336458
603859
90520
13917
28
353440
581
645888
323342
121334
11
46918
232836
1252
277762
435975
32546
234824
60
325683
799
353542
19869
588819
358869
289910
31945
11789
860
368389
21
82938
31344
0
36790
231616
4331
0
1482
43241
29994
233468
277
469
224781
5824
364046
239664
408043
227506
0
599477
368550
366563
1886
166619
260729
365603
570
47508
366595
0
36374
1100730
43454
892
376376
15123
354048
15
2223
2101
35628
379796
0
298020
0
4248
377546
232849
262498
245150
289293
234026
95233
368472
4514
2417
355444
411507
29
13328
316776
497803
85408
152873
270
631981
369736
92014
234289
60
314036
234998
866823
43627
114349
263447
13097
710
233867
228708
262811
42965
0
413
37148
4244
415849
340350
362452
86360
106
32947
378719
20
458288
487
13693
850
224859
36555
36518
232817
229718
362068
362002
361571
14687
449
1879
727369
458107
0
927
34511
399508
367491
32992
30946
811979
98394
446243
55260
264217
367727
89545
1501
1649
239500
1898
14882
120923
32793
89755
0
654
385
992734
344
2157972
148720
329120
93376
3113
16013
1685781
321
587
89851
11941
335128
106726
368022
32488
38877
0
265892
1653
4844
768448
1368
276083
173031
170
574480
24359
2932
1121217
5
2962
3
368059
84
4867
35039
169342
98226
402281
368412
1613
183821
13442
231967
664790
180809
23100
335472
78555
95924
418063
574
759902
12283
211068
636
1133733
2200
89647
233399
368175
324831
4415
368020
1428
366013
9
1196
523
280
245736
33066
906189
2113
318252
4928
1667
1447
506
368255
421
12553
543
1648
90436
36448
246148
116838
45250
240
89303
412
378132
91192
281
368184
44824
0
349608
6358
1
774
90675
225449
514122
583072
276318
1
550181
101380
1343402
43439
670
133820
0
21
17749
1133015
331965
818973
65788
231857
138938
410
367210
165
401213
411134
4488
12093
97154
2248
1908
13681
5755
88848
11687
995261
4330
301386
996830
565891
823339
742517
366037
398592
323419
207
43374
20
569359
1233416
35859
225875
11765
181994
265
25
44652
368046
232814
186813
617020
177
189105
489599
91932
381503
323134
64319
601518
228530
402829
2136
272573
34124
5143
135845
417845
245501
578383
33542
3489
0
335638
43
121829
234358
369245
92160
11756
278439
0
9088
293437
230436
320700
1104328
135590
662
31
12461
13875
298020
334423
816
43570
233102
121203
64
399569
94955
74279
4411
749909
32903
1535
235283
565707
142224
232358
34321
179080
38276
2345
1704
509
651314
1235305
102125
124902
237431
541088
4
60
4460
95313
19
223574
362628
233462
89781
499
555
1785
747044
367955
5
128
7
368020
81
4430
619130
233298
133671
135582
66040
232458
5083
2233
203399
598494
397830
244650
89307
299
226483
335403
758366
632521
760855
296658
96136
368351
290445
1440
265860
85323
0
96553
131526
85419
202142
12278
177414
226483
233545
336576
63
379064
31744
430062
462363
852586
629579
260931
102071
87829
373461
633440
16134
77743
272854
32816
341554
261652
1069147
468397
35442
174590
31155
31367
85027
121118
529114
676737
468720
645212
886
366898
568
334525
621200
230979
716099
240499
379533
401904
997
32478
11724
86447
368698
168163
354375
574
667
31197
0
367796
366174
629816
165115
0
362227
255851
44492
11971
1591
258394
991841
785
233307
335967
761043
803536
509228
280223
95389
266008
133647
89646
458716
35992
1
501054
235605
1
278220
771
90071
367621
34
2134
0
0
365906
466049
80
11998
235462
629501
324716
1193
1502
622773
12335
7865
315472
85025
785
261664
502312
462308
457873
488
11916
473900
369313
1438
368114
43037
0
459307
703627
32609
234995
383430
3222
629729
763367
5774
591
447356
368379
12156
4927
33404
1441
0
84077
2187
87256
4828
264059
1444
104662
33068
161
16664
120183
600839
354838
292
44677
232426
632973
0
0
0
322467
876
12332
266460
30610
609
3
0
0
1653
204
318926
0
134855
4451
438183
0
4
0
323660
412667
0
507942
116828
336628
403278
64260
0
0
364526
14470
12119
14064
709412
1235
255
37858
224799
89302
233909
62680
208
333351
11952
334969
43754
390
278127
1523
91130
368320
692316
234280
305649
43091
462676
368025
650410
0
43782
412
1558
278
278391
468
0
1446
86225
366426
465259
496
1984
232041
533107
1500
90371
0
622923
368196
1277856
262852
369255
35236
399692
1001
2031
2193
316222
93
209
237632
467831
43991
1158
399540
456888
237715
263983
218376
405
163
276214
90562
410461
49
378374
35261
232202
83
602500
16576
90079
229752
322466
137798
396229
482741
882447
1064055
242098
64341
346569
253489
1940
398844
233493
0
31469
11730
657598
82
94651
822
649
157
1438
21
559144
1011
2121
16288
367853
0
657
1114755
102024
2810
83950
4342
5
277754
232424
322455
265387
209
0
35636
31922
35210
243226
360470
7044
231804
387
443
609576
31
410
81
0
0
467
999307
1473
81
132360
134692
599
11914
245324
89895
622442
337584
601700
277050
94649
103135
878
4323
643
1502
225
13188
1119
1
620638
720
234596
107262
1409
486
18512
119
