854
26
860
14
632
172
246
6
6
987
733
59
5
716
9
0
1
41
647
2
1
1087
885
1126
1073
1378
23
229
0
1929
1
7
1068
6
5
0
2
998
35
146
110
897
731
1225
1
2253
6
14
0
1051
2
0
796
873
760
251
250
5
1265
65
0
0
16
0
755
18
14
1332
444
543
377
0
66
0
2246
4
305
144
695
1
889
9
36
4
31
779
48
997
97
545
1031
6
164
20
688
1085
49
895
1184
1
650
0
1075
298
5
77
21
9
179
1222
374
412
0
3
0
0
883
98
1857
241
0
1054
100
624
2
5
2
4
11
1073
16
64
311
33
1
1025
189
2
51
19
18
500
1174
2
325
185
26
349
27
3
976
2
308
1735
14
0
717
1072
389
1
1070
77
971
1
3
32
204
981
15
226
120
704
19
19
3807
13
682
150
108
1
356
1186
1445
116
135
107
11
0
0
853
166
3
235
2
3
0
365
928
399
625
5
0
696
0
56
0
0
0
0
0
566
1816
17
850
0
128
1
753
4
10
2
251
0
16
1452
98
252
108
1
1148
3
694
21
2045
370
955
0
1165
6
1805
6
0
5
2
16
1
0
18
0
150
816
16
1
0
1
0
871
49
712
701
3
1104
1275
1811
1
112
1008
355
1
22
1332
0
1
680
181
66
14
41
489
1
52
649
32
608
0
27
0
5
88
1
178
508
887
1
669
1072
234
245
106
1733
107
11
4
872
124
252
681
56
1093
121
1
2
1466
1837
1213
63
6
34
133
1
606
26
996
9
1
0
11
0
45
1070
27
1
123
3
800
18
612
1
5
833
702
424
652
1346
38
1606
310
341
61
771
148
1646
35
0
99
8
1073
262
299
655
512
10
1225
2506
115
207
34
0
4
108
72
47
0
0
890
15
1
41
766
58
2245
136
868
182
55
2
1128
376
0
734
893
105
14
1072
287
211
915
4
1
2
2139
6
538
650
0
446
32
17
1444
0
82
662
709
7
296
645
461
98
1717
872
53
34
55
0
180
320
1689
83
1576
1463
856
647
293
3
114
0
2184
109
10
206
1136
375
1
1095
658
1084
0
59
6
12
131
716
1207
3
3
103
18
1
97
737
1
0
728
0
234
207
868
734
97
0
1
1
848
19
1073
1912
132
0
23
105
3
21
4
0
1284
1042
727
0
1040
1
64
37
1
386
804
104
38
1175
129
923
696
0
136
1
1082
647
885
889
7
191
10
2
21
869
59
11
16
1807
8
126
1068
64
1094
798
410
586
62
16
38
0
435
1075
1
731
30
25
895
3
56
965
1
1027
1155
1
10
1362
56
1193
3
13
1352
962
1096
9
68
900
107
736
241
6
116
915
17
0
502
0
17
18
180
4
243
1236
2
0
838
2
27
3232
110
1
239
4
183
29
579
2
45
115
2
0
1931
155
128
2
1088
21
18
1755
250
188
9
125
2811
10
3
0
24
592
1473
0
299
914
1074
205
662
1
16
54
681
1106
3
3
10
659
724
1205
741
0
8
2
1072
0
6
1085
69
439
1
692
1638
21
878
237
1074
213
14
0
953
1036
1294
1009
1087
864
0
28
200
839
3
20
163
0
22
162
891
327
2
207
722
0
186
1
664
1706
221
1829
182
180
128
316
5
1132
2010
30
249
1840
16
1735
189
1783
707
906
10
5
934
2
920
1654
795
1747
3217
251
1084
5
1478
638
3
153
24
1492
1576
13
0
1
1
2
116
114
55
1
3
0
2009
139
1075
355
1
1078
135
110
7
697
1711
2203
49
893
1102
906
474
148
1768
296
971
755
3
505
1002
76
1248
1239
247
1070
3
205
1066
12
6
659
26
324
951
902
0
1815
1097
738
626
55
12
15
9
111
159
4
42
16
109
0
4
22
129
1074
643
1367
184
0
2079
654
1053
3
922
4
280
805
109
0
1
395
2
103
624
0
1
1
22
0
0
1
1
1
679
69
160
1
733
117
2
134
0
111
1
0
1
4
2
0
22
0
670
1615
5
1
0
0
946
928
356
13
253
6
774
3
97
1565
0
875
683
1071
1156
3
9
0
15
97
703
152
1353
95
0
18
114
5
3
114
6
119
7
840
3
0
540
39
156
717
2631
1
357
939
113
1186
2189
738
138
0
45
682
1155
1
44
4
21
892
208
176
17
0
1007
3
17
645
814
440
1223
23
72
19
1124
248
648
4
116
16
288
0
912
245
23
1091
1191
1608
1058
281
935
0
1048
13
1071
2
256
0
651
0
1396
21
2
1025
667
445
210
1010
2079
1103
21
304
1173
763
2
543
1
53
108
27
2263
982
627
5
339
179
1
277
2007
8
39
3
1071
0
650
1068
106
1
0
0
1
140
0
6
1576
6
1
692
39
8
6
381
2
3
0
0
1155
102
682
64
176
0
1
1070
0
16
21
1193
1270
130
8
17
2748
29
356
760
339
181
3
638
1
4
2
74
174
1
5
7
6
5
12
5
0
0
