2490
9215
23960
4998
1830
70615
2616
104439
3758
81272
36714
9355
5534
8889
17328
4147
198
7091
87847
750
4779
141018
5393
141362
35892
69399
12387
14233
19509
84187
360726
64311
60449
12333
116131
9833
169684
633006
617323
233061
50483
29338
123093
22261
62120
147790
69765
39584
14269
8060
8723
5595
154
189611
633
48143
297
437006
14343
12346
1029
86476
24907
100276
6486
122
98072
3464
658
328190
154
18325
3881
35
133862
3694
5
55
631
204
1
8923
139772
18
706
86147
91327
141541
29303
16553
66498
53594
39900
152533
144762
37831
28237
3893
13632
35362
3358
333673
1612
4187
5205
3509
1273
15649
51
25189
51606
11169
7
357398
35743
38665
751
286188
10224
103847
133449
335628
286270
88297
13
143328
113598
491
92313
264244
687666
71278
22266
35
26858
95179
46929
130551
150981
76671
13034
11
15664
17821
96
435193
41166
23487
166715
309618
16754
424906
116316
386184
46065
668930
29757
280944
18037
34412
81720
72876
218
29359
95669
309864
340423
66999
10440
71247
26291
129889
65723
58989
18880
146634
19365
103484
56522
3548
153198
25443
27388
437205
98155
85726
66940
19495
91501
32327
40384
520
564
43398
260035
274
36507
183872
615438
65258
6126
51823
29617
16284
3385
16674
7179
508033
0
3347
6552
22443
49452
216676
5623
7695
471
429
224145
153
11
48942
78
240205
3365
90066
3831
5251
38322
95971
436566
6963
240403
24606
552840
787
18
20
65522
949
48027
272108
819
214998
1166
453844
55175
4271
14982
105038
24434
25286
980
78243
34283
40565
310
6237
8991
1091
5340
2
142
4
25328
304
13487
93973
3426
5
565272
79
73
516
7943
189
239703
3507
83615
103
3176
1
109
192
6572
9752
49480
201
78131
3230
33044
13625
4355
13
3835
20
126771
8094
12220
154
63435
3396
34421
8950
0
64
9007
8
7132
91
17
6
12792
35
1063
27
11302
2417
8
4305
2451
0
91
33920
12018
6465
3324
4624
143215
5313
55
209015
9353
7605
3084
4873
508
27431
44538
45
16874
8397
63192
18935
787
131053
86579
4903
339
467
240289
4922
29268
12679
20473
64515
10064
793
11644
5535
19822
308778
101399
123884
19712
38
57765
15264
108824
45440
12161
35
3522
17
42122
107155
50206
85614
174708
7600
248
11151
137166
6661
178522
11828
116035
39549
30
3946
35870
14
46132
539
52758
13492
12795
0
56010
43
29907
0
96503
3205
0
78649
408909
3934
3812
703
23
737
361
35979
186597
4150
97380
9290
366632
461
5094
161815
3
220011
784241
158903
33297
4684
403360
41359
11677
16521
3322
822
393670
4774
318
21
30696
31695
4871
357300
32997
137855
170187
4894
7789
474
107
12890
22511
11290
17144
19
345504
6640
68133
7443
10977
1330
35776
0
38747
5630
6133
6
9378
99
39380
6500
239486
9155
35732
26239
11039
2133
74
77380
109354
15777
4003
256401
29894
4978
225357
74291
26480
142296
127787
100077
479334
82256
38435
14111
31302
59876
12781
0
8673
0
16432
0
86271
60769
162339
2840
42224
275
51043
142085
2338
46276
83017
10221
205407
675
180957
281
88458
6
506309
306952
314368
40238
164349
4895
9161
166351
3604
6506
13522
8528
0
2
227
13
13946
8936
31778
4380
48237
11099
113254
76597
54699
10543
22426
264889
7697
3582
16615
120037
160692
15025
213935
174743
230125
21656
194719
37391
49241
125303
16058
270718
62
33
66085
104548
5328
12841
99
209963
20798
194
17792
17045
161649
270526
25
108411
10
304225
11480
130896
80
657026
82613
850392
7
4028
40057
13364
5798
162028
7751
245837
48715
137249
126515
3986
3595
643839
16556
13574
21
6446
388274
37246
162521
123642
84073
8702
235023
101436
124223
89
35346
12854
74266
457499
22349
7570
265009
641646
25030
67
104165
38
8647
55198
101462
215350
43098
34142
17261
12401
68848
23434
61757
345
45911
235013
220530
179821
38082
9604
36405
16313
138241
56129
172985
3771
14610
38
62885
131548
11717
10005
886245
7898
0
22778
0
293481
119400
33325
726183
1089
87157
65388
35000
87111
412845
35837
32993
125566
14390
627
90777
76712
160836
15863
167255
26264
22575
147317
340584
153779
7440
43801
40659
10449
32434
8442
3863
86651
181159
69329
278691
133942
57763
17
10958
110003
37543
145198
8963
1077
15
68861
33102
107653
16287
47438
231542
35499
7074
48
63022
42
19936
4054
136435
184
88596
345
24762
820
43224
4232
27237
21444
29751
44761
405635
36593
95593
167163
79549
182662
223861
12596
45056
34713
256339
243052
594170
67495
123271
3397
70941
15306
41938
4868
52099
31004
21763
164
31593
10394
32371
136
40316
13327
3618
141
4514
347
878
37819
5371
322
8
44074
25
11795
12732
215249
36148
61125
40792
1
78228
320
34
20
32918
3809
21756
131547
98571
32461
124279
68
277324
344184
1290
16944
182014
82
7973
3243
6604
33584
13402
10874
3398
59313
24914
5965
64500
23809
56
5585
24505
2900
162
153
9485
39787
107710
9
8819
14186
3340
10353
45079
13719
32478
53362
507707
21940
1323
2427
0
9349
2
3570
21
6928
14058
12710
90383
0
4758
91
3744
22546
12486
816
286035
52
21348
135246
95707
9939
8554
1504
149619
5097
28
130
7513
316
562
8326
4622
3594
102
3
3852
53994
287499
7760
14355
3575
128934
1
3402
1
12595
4381
12233
2
45114
10247
5834
42551
46328
13433
76460
65467
3552
212963
27665
420
39496
634
265555
19784
64521
182
269466
4534
820
3886
427
4863
59351
246
14637
7287
11115
4645
310820
34350
369
4587
313099
93
15873
112017
22332
322242
3584
31
8
11014
74222
242166
64467
6642
7456
217
75088
3903
45142
376185
140541
94836
30147
25
4727
18619
5510
138
11222
1
12423
54
4177
12016
348055
5814
102914
80795
898
1
4127
30
6181
24966
66527
9191
5330
14
0
318880
112379
11530
17008
650
136
0
3836
229864
4596
251
964
68
239324
16016
68445
139288
44354
3563
99492
55446
14
23
393
13761
6537
119204
157
41249
236541
55438
48317
252
346192
5397
349455
5638
106103
5
25460
16634
64216
38335
3586
83337
48197
33535
11360
4743
108229
790
6259
9073
4618
9779
29551
10889
1060
20844
553
2027
85576
704
77950
19112
13925
8315
6038
368
17060
3824
19014
67596
0
6673
5848
8
0
91584
115870
117305
180
261606
59
292
31010
55957
29262
29278
3888
321
30110
460
60
181145
413315
44853
13650
5029
7170
7739
49608
63196
91364
11
217
6310
5789
3362
96
4765
2
8
7614
106500
792555
4891
3921
0
55223
1417
497
0
309
254167
3745
1084
193
4360
28403
8177
23
384
0
15
7703
152
36800
3313
197071
7788
3397
4840
1219
3596
28054
762
369018
805
83
93
9487
48107
16480
1
36
10793
67686
51705
74
4539
524
219686
4144
7736
64407
37202
114293
271
18452
6663
4238
0
9504
341
3578
62
49925
24
66323
13087
702
1677
7354
124305
168305
140
377519
63603
6490
0
12118
48213
15622
7978
78191
75
126302
8749
97419
320
217182
128
1508705
21046
250348
6841
643979
6842
116715
1194
84752
4630
3870
6095
3151
14800
26880
412
159238
155652
0
11
257193
110601
127501
27691
38591
903
4897
66715
183797
3997
7697
63459
217841
207
3236
6
63937
3438
130395
1011
875894
402
9510
174
27192
337
103
2815
28
1
78
5
0
13749
38723
35068
13152
9
9
3897
0
5717
8429
7154
9
5061
12490
44948
11874
23
11256
53835
11223
0
0
10
32661
3
14710
14057
745
705
34186
222500
417
48
3028
243
19025
309
4959
75
64198
25
19056
18138
11361
13326
4706
6027
48515
14
50097
50
163481
119
7434
19502
62195
11517
12037
3861
2423
5348
840
14
0
29253
32
19675
61
8114
8011
142
10568
23176
40774
646
32723
7271
0
1763
11
9332
37
57680
209346
116356
94
12
20
4613
139885
3
8142
5783
754226
135859
7275
16
53814
552
61670
86400
876
325
239019
293
2862
53
9371
0
2503
45642
7623
8617
3175
198135
130
60845
18303
5072
41268
4835
121
66
7418
93
27983
54
49479
15
4568
13940
22527
33173
36
114
529
157
6994
1460
10585
51
920
10447
68269
48659
29042
5667
286914
7576
1209
293
60692
16246
9522
49
71593
163
65431
705
116182
69018
24645
110694
365824
13081
1812
215
15378
71
3603
1541
11628
46695
128
172
15446
306
126237
216
179024
746
4567
6702
10623
24047
16575
255
33035
569
12705
0
3520
0
112
53861
48507
50502
17126
22
52502
15849
165028
290
71977
4175
67
2142
185
2178
103
3389
643777
810551
874
90
10913
73861
329107
31
28268
97568
120
29122
0
510360
115202
146662
173642
49236
4360
1437
162980
3696
74818
22
47289
230
238
0
779
21
11711
194486
58605
6435
228
38005
887
69
8033
103409
102
40239
9700
218
798619
35690
17890
697
11921
11772
64
3607
54156
0
0
1
135
3538
5
18
150
8306
53
20
58269
10
0
328
10898
107224
21610
96117
61706
455219
96956
4675
8709
5755
64849
18277
205129
200975
7744
18833
15045
468
984
3457
54373
23488
11553
1272
320364
15475
100248
6780
17871
36890
47539
88983
18892
23222
19697
29812
540015
4595
52086
90
11743
6727
70205
48904
425840
8971
65656
167
5518
1173
0
3826
37636
2421
6919
242
4153
65
11065
102470
35722
69
514
46990
81
20504
6695
126
51131
16291
20737
7
178415
33470
35657
45523
50130
99
23769
14559
93827
18
36892
118558
97
28
8
0
3610
133
40082
10120
66180
11039
11
2
57309
1067
869
246
276707
189741
283
14070
132062
24832
203374
29491
270592
199
89
12
31837
6811
77
53
3424
0
10
2496
68665
9807
27
363442
65352
42886
3692
73
41437
352
40711
0
47962
4376
87651
243
123512
3148
102
134
1218
643802
36511
70210
802994
8111
1267
32
4652
10
35486
0
74
3319
179917
63
10670
14533
57
81
52570
77687
22968
33122
185605
669632
4399
15
197
13210
27827
169540
215195
11140
9208
193032
42049
164246
23775
15263
14207
7230
29132
89574
427
159692
311
220
42
0
644924
235805
16203
147985
28050
8034
831649
57807
86394
76219
26043
160483
194117
128485
30774
78881
2066
111974
2104
305008
645118
333256
58058
67619
26054
6697
4960
97925
463110
795
162777
33116
38345
17701
31103
151642
847495
11972
38331
1630
8
30254
7118
137
418725
1214
616546
535
3
582
4641
147
19043
206
233
860
0
41
12876
2660
18692
11
35307
13699
8093
13
26815
31692
83618
20139
440537
8226
46245
610879
123289
3828
59474
12831
218277
865
220642
21678
152056
59
225083
136350
30672
199495
16378
240
30020
11915
2
8
4432
232842
5119
300
526
1728
317
4466
4550
307
9149
111330
8702
621464
20621
562
54
8628
66562
6483
32943
37275
34648
196
14311
55
4860
98
0
12748
10
66
800005
345465
4544
36173
4458
20146
6326
18
231965
567
4
5180
57947
12591
0
2
13380
13264
285
2151
11819
14749
38
37463
9
31
21
7
3582
7
34945
17
54184
3864
5685
8
0
3
9258
385785
5029
4651
8
4081
11494
39342
12603
18
23363
549
35087
3498
12521
2953
10
50
5239
33993
83
115
3960
2453
3537
598
103868
187213
9898
0
11632
5707
16059
161
45925
2236
91343
82
9
5593
38143
5110
39292
405
206030
0
36431
1593
62
0
27
13
124
192
35767
43835
40
8923
126018
252965
575
12979
7782
192251
14329
20748
97332
212
47415
33025
407137
169
43062
3809
199869
639
5245
241720
470308
0
23970
10361
213147
222400
34611
6925
12923
24501
4605
38
21006
17677
28420
51597
31687
55487
119892
109676
105394
18827
110810
23726
6001
11240
238521
435927
81858
29528
122077
85773
138894
45242
113491
153
45293
61
48629
4182
31504
16618
96757
39406
4052
11649
58508
3843
216925
41011
859
244635
124435
5926
0
3578
120
4883
15213
41
53237
1781
3423
3450
26074
17
0
7257
39931
3393
37852
402
155699
5744
4522
508
406270
78052
0
6
37812
38502
68470
122569
258271
18845
8053
1
28495
11122
39567
0
54457
13851
65313
73459
109
3780
112569
2737
13425
1421
229070
2817
134493
14990
12386
3177
5119
55277
112094
79712
101391
38102
29457
21199
85130
24045
7183
56216
3502
314465
34262
832519
36697
222302
13702
225099
430033
110127
104433
306894
50970
159
4869
31624
3971
933
41343
7650
13140
70134
8948
29560
181571
58952
1023899
59380
184957
18272
169698
77503
156080
15685
111012
783185
93817
233063
31650
84787
74344
13165
239639
115942
53216
514372
25698
59534
197
237372
13005
37233
11035
19743
498610
424514
89781
119572
9571
5439
356
240861
3929
560
3200
44194
53414
12
12065
96218
87
7181
5418
17765
3
6627
443
204
12086
310
309
133
20393
649
9615
3881
1
166
92
350
239796
35877
3244
23838
55459
107789
3639
222693
251782
161549
82431
444860
8509
373
10435
167500
20884
20
43747
42
87
4302
35643
53392
31517
72588
65034
7960
8481
274
81045
39781
31968
5931
92627
53651
77
24
20125
103297
22697
9363
120786
169280
38038
159854
115894
32065
315885
4177
1525
229
998
42
3823
175
115595
37593
8663
166484
79992
93618
111
63525
541515
31375
200166
26771
816444
606
39979
79376
125476
2047
173311
392069
31845
2184
206434
7210
161628
42579
49122
66580
3812
10353
4309
67528
291853
229239
181081
123721
5489
31457
3775
4546
40267
9785
52278
119114
102
104589
85987
120467
6831
61
27897
16733
46557
110788
29316
99099
1336
19
4067
3733
237529
438
526
249
112
3707
69596
123180
8993
41906
128170
494
213332
234398
5536
65912
288383
5
23697
7740
76320
55062
1322
20670
5560
19540
390759
4086
29614
2571
126329
5541
10
1008
968
9907
69798
8256
17486
52722
137338
218
5219
2885
3480
164393
11522
684
5090
37603
261801
23094
5654
608931
11721
73154
4010
4731
326066
4331
214066
9
11
401
45
732
300261
48180
24430
68129
7318
70825
4350
326
39102
129302
367349
60382
40041
102755
922306
772251
97538
28058
72470
355955
82649
111248
206777
43138
662083
13601
96
16
33825
9615
4975
23627
65222
24231
4511
47318
19158
5236
20477
51927
39364
85758
98
30004
14012
2586
28
2989
159007
102
5774
640684
34532
340
2925
56853
191481
54371
103
48256
1247
572
931
102941
78310
7276
10793
70202
117930
368
60545
10584
963
11117
3760
96
9776
21470
1606
157
1317139
202
24
65203
2422
14419
56199
816
333
23897
29954
101
6044
4539
0
8435
708
5253
449071
27782
1886
22458
77175
329957
13572
142156
375218
53458
417818
12327
23698
6901
102294
62257
24638
178244
30154
13729
43833
128
20423
3375
263710
132095
259155
26509
56
408
65665
35754
85642
210477
1309
36441
4551
3416
104
242
72977
8300
9695
95670
31154
88587
573
226501
11056
31196
135204
32607
671665
91883
480638
177580
603826
7164
407766
377
18791
7534
35208
30199
458299
160414
203514
250638
416317
15749
228409
1518
1543
622239
3600
65092
25601
13006
19
17797
134798
64460
4125
14223
60
10
6
66
391570
47727
27411
15461
4
111
55057
35
29069
70869
105
161798
1
2932
162107
87104
38027
16628
158874
28641
47625
19
145
14
58455
21801
8520
38
30464
8370
33358
28663
250682
5221
3654
43
17706
6259
1527
92
144515
19718
18231
61126
1738
53109
52319
122966
11464
227689
79610
45882
233475
36107
21656
247968
407641
56071
157975
99088
661021
265179
35022
958028
252312
445
49808
8358
224
172
9604
354
274161
29828
98666
46681
15985
355
43706
20361
83143
101121
186823
57333
295496
1212
113727
83725
439597
813875
310361
23834
7869
18960
37976
4539
58334
12465
12361
16705
8503
746
123448
72669
260734
9455
26830
77370
125028
10739
59751
127784
13592
40440
187846
37726
0
25905
13071
7573
100582
837619
139853
13029
20
8527
4577
11161
40880
91
18
18825
139
49985
242
62092
17517
402
47
8268
27843
8012
71674
461624
545169
72618
10640
54624
213951
229
75367
5127
142029
335408
24154
292975
605844
5501
5247
342
644258
31049
90634
53
427760
5
113105
33550
12314
9296
52801
44187
185262
2106
103136
111888
83079
212450
270643
757639
6169
758
107440
585
253157
223761
966056
13735
45497
6371
252142
16260
93738
7801
112510
4239
18688
688
25345
91919
187884
256255
60701
601013
21756
265083
34693
146545
683643
21046
456415
115892
88472
3867
30745
174879
183312
107454
146919
107586
101264
6335
23728
86503
42311
18610
138375
173
102290
51111
46107
73526
27900
318566
25463
15420
55818
1095
523193
95758
19903
11889
60702
625614
137
323287
23404
53555
133976
23224
89739
119925
1202
43859
57
62774
8398
19280
27892
109730
14516
399
49533
7410
3356
29308
57
46978
1973
20237
186161
116392
638303
16184
69100
20520
219688
949
168440
5671
73751
284626
14835
107077
254128
4590
17218
32830
103865
16341
54337
741
8847
174
14510
8063
74324
86
6745
564202
45340
153863
85828
125754
159228
262977
1012267
36900
226
10990
4796
224257
76982
22534
1948
136099
622467
5109
3746
645
70300
236
10014
145
19479
15473
92157
303669
34577
3233
39761
4106
48525
83
30688
81944
151066
2985
416732
146489
43864
54
466884
43131
11844
259209
469718
243854
4255
78071
74091
20511
3415
1412
39209
1
0
288
7280
36892
66383
22
58001
9510
637
120
29284
32606
21795
2288
43193
27930
181
3
33199
19062
123465
237
35738
45511
19
121
4563
109474
14220
63017
10972
12559
209
272
650
13385
409
15749
227449
50057
7293
165
2654
968
4283
3434
17
85412
29389
26
70702
73
39737
20
3966
21962
47086
14232
24323
9420
29899
5747
11438
1802
114
123
44757
19731
363594
98037
67873
129673
9356
52508
102413
30061
1078130
18951
297220
29128
230
41
209757
37391
76373
15930
184415
335624
10569
13
200437
9177
224134
10235
224888
36655
640604
2426
18611
177
167807
20188
106488
43047
22626
10
15373
5889
287689
23463
164061
11054
120894
14324
323761
57797
65173
6823
719059
62140
27251
204
84896
93916
16466
8474
598485
66329
14818
5270
497
20479
162510
6
48800
162834
11299
67
13716
34906
42847
316
107925
346711
2
110550
6931
47449
69228
78443
106601
14656
807
175617
5454
55773
16855
8036
50
25364
0
875
154
23
18727
3843
72106
11442
30
6033
11845
12420
26882
46271
14569
43255
3898
29270
3036
12101
16603
4997
33730
793
543619
206791
49914
179707
82201
29437
552
4363
95
3547
48300
102465
1002
98
14125
87133
5888
107061
16699
15293
7669
128376
21531
4944
3540
165047
48331
91216
147016
735395
145884
81051
4811
816
316
32411
3579
5515
334
12
148120
55556
40805
115535
5073
4418
365
3487
372718
231573
274797
105096
27916
72845
74414
18276
160937
26448
34648
73070
9617
205
11067
27210
39891
347541
35203
112054
50280
772471
36131
12016
6400
25776
224376
3726
81602
5
3737
29565
32444
5099
186
706
243
24
34382
70341
410
21
9
209
42544
0
4668
10025
9041
0
177
16
47
7740
22494
16928
56390
19913
130509
103487
49834
10115
109912
34567
126486
46
164314
68964
62581
90
96013
135
3293
1
83
0
216287
2232
893415
5108
338782
25
357245
4634
7871
5245
4910
41467
5514
3938
25859
45922
85382
60462
373213
34586
38244
18243
6290
77395
6879
0
10561
154080
3447
188
2776
3317
269353
104
215768
238510
289127
5629
315
5973
9933
7137
38904
13184
3624
45
13169
182
32865
35819
442886
70613
16089
115
85862
41853
34664
211
13534
679
5129
5790
246680
18344
343975
81556
132779
141739
53
3850
256567
21057
4421
313
7544
16
391
81220
580
8823
4805
1004
40235
69997
23482
3
14854
3232
3471
146
13078
61
95
139
50422
1943
35
62
48607
20
105
31
36608
3196
3418
2
107118
10
9
322
146865
35
5298
14
8519
9
20217
13314
41860
3901
94378
192
140
9935
371
0
14806
38
68608
7530
84050
31854
6378
9514
18413
34
10341
31992
6405
0
7
3830
98739
0
32746
227608
501492
70106
44018
209
22843
1216
8786
11099
5928
100381
1467
296460
196
93652
3798
10531
8355
28964
349
70
9773
33258
69
8238
9
15
7606
7153
15424
306
32
122
15417
29423
18779
3659
42161
44
24707
3399
20834
111607
63005
244
98647
222
93220
3441
38240
62971
18213
23784
74722
14390
38
13774
35060
0
6159
0
3498
0
9882
12087
2752
3508
12178
5
133289
5848
21046
60
6373
5710
41402
1798
174338
0
301
237457
145762
176
13
2
67789
10353
98
416
21455
168
394
7561
126421
4493
40818
44468
22999
4696
58
4721
8001
13848
8063
3405
51287
180
169364
3132
12938
10986
410567
54961
15357
22339
46451
0
201096
0
9889
0
12497
6558
33
5
95
5761
9218
2635
138280
11359
426
1030
550
5875
29487
6486
480
20100
7544
660
7650
6899
3362
15
13
54696
82190
3601
290
39210
8976
38889
76756
5042
3434
15
1
3790
4209
9
149
70194
244
122
10858
52179
412582
207
19284
215215
24157
163
0
88990
15163
12669
90202
334843
31284
1043
6035
41113
219246
29510
191211
0
1033
8066
1171
4728
77657
72128
21
156
4898
9
373
5662
104
12614
4164
29793
4
4695
0
5318
18430
3431
29
1776
1674
0
114
0
7308
7602
359
35112
58
22
570
9904
23
6
13558
80279
27
0
107065
3490
69301
123127
303
228862
97442
16
8015
19200
104882
12350
94753
113076
83716
59881
72262
231407
105577
8
3746
9431
4944
192345
81211
87
61638
18361
29915
44440
29915
97513
2446
139106
45906
114005
305418
730718
22
4930
16346
24804
303848
13732
328174
55971
33622
52603
31657
8635
556
42062
61097
11242
272
12430
20583
194
4328
252419
774586
135795
39
35737
21223
12608
39854
11974
62292
9437
112
336
23444
149
167931
63390
119305
50259
58505
30989
500637
3393
77352
58556
23030
84
618
237990
3686
3446
213686
287738
61318
126111
21573
1009
13508
72
7728
16709
234997
3336
214200
5019
14417
10198
267615
296796
129848
62267
43652
105678
306
166479
18
14
670189
41381
1332
711
4386
7528
14256
311515
127
18385
9436
10
18
63902
119661
4
104166
92
145467
0
11435
25
9727
16344
110629
29973
356780
8488
3390
11940
22439
25465
18493
47
11530
4
47712
3
10086
4354
8427
30421
5668
77
26400
40479
213109
61150
45085
314712
262859
0
306166
50842
9938
49299
239057
40900
30693
6376
17422
14504
150577
13955
79426
5088
12278
189
807
24821
380913
5670
10240
14903
12479
9074
33116
21319
199775
50286
130954
21245
29500
56747
958445
53379
745520
46278
201435
5648
74608
7789
24121
130781
23332
4993
133538
30037
4917
5740
24826
68145
80529
7459
15126
127715
23507
12892
80280
53622
568244
72787
129591
3675
80536
8411
18246
161
151969
485087
47041
23827
35765
6
66324
61
47976
29163
40494
3541
48
13746
206689
266
28104
66701
3174
13064
9292
46
27225
12734
608967
43998
23290
8858
6513
37544
1981
30
98524
598
30104
30939
97014
11456
134263
12133
126978
7457
132098
6480
3468
520
30057
30
24330
48098
5041
169845
62512
300
11513
17185
2195
4699
87172
897
250
193700
135
134199
83403
56825
9949
329339
141491
248716
0
221
12
201
0
5267
1304
166296
14786
11207
50
11
78
6933
5506
28035
338053
38313
6714
3493
71085
124836
12278
1014
56487
29205
12493
10817
152747
998
7803
7769
5996
3445
13158
13626
99
539
3422
146959
771
28261
37
4920
35385
7350
10170
49314
295387
13755
93929
1652
3442
1538
8140
22857
290
0
10830
149158
49663
85111
9109
0
7693
16457
6492
156349
81894
32158
512
3350
12704
964
50551
178772
22587
5293
11779
5607
140331
985
36046
10989
7632
34175
8944
7129
14
3869
282459
100435
395348
53639
58269
877
85818
13
4131
16
26
9
5063
5
7631
5937
11961
4572
57577
87
105301
140
16609
46254
67294
5804
42091
77668
3632
252
288206
27598
3519
449
19422
253198
84163
3773
3856
19831
3802
218776
8184
23190
36064
151
3
48623
37420
25184
17032
3
12120
7612
6410
330
154011
246227
7279
32547
10133
260
11151
3292
54560
280517
61116
51633
15511
18845
2825
12649
640199
98608
55572
35765
45491
211398
75061
365
78004
924
5629
17
202542
30213
12804
15593
45109
58796
180836
28614
216
79498
23
39363
12598
9061
381
8097
23085
387
12379
82976
79145
15744
254034
4539
931
305
33362
14165
21321
12092
254338
293
4138
12631
24520
103631
91203
32149
4150
8334
5482
159
156
3036
38104
14517
10580
29928
115170
52098
9271
61111
54697
48608
12619
29708
76258
9257
102958
22974
14396
4777
67908
86230
23054
14908
25954
8262
