7666
17324
66489
83236
1534
311569
358953
88859
2145
1526385
652404
698650
147591
1469
99823
1590
183
627384
7752
17289
249090
2243
231585
726393
263921
1008304
2066548
723103
743867
3823
167194
12923
128684
633197
2410
20016
29771
972525
709892
281573
18432
1865585
654098
31547
26320
995790
672799
2073
41618
1737192
9926
419304
0
2
1678
789831
5788
389967
910003
84500
6684
274
1520
21293
2050
0
263765
774618
986343
84528
1216630
973337
84760
16188
1205
6875
27388
627090
993708
13150
1004093
252102
702494
164994
607210
20499
55792
3255
616
941382
545294
20
92607
727691
664992
90190
279878
1516879
84692
973489
13239
163147
631386
1012704
119430
1726116
2398034
361053
22053
719441
929355
5391
23
741404
2261
271
12569
915589
148
265807
998415
84805
1059970
231629
24500
33415
15699
223387
3487
198
153344
32338
944226
631429
1649
927615
126450
92317
987046
1004901
15750
11513
98716
730906
424346
122307
964207
846
748212
520558
303102
714500
231937
650884
1341950
638791
1359447
275441
802035
374146
28284
888867
636790
364802
877119
419459
993535
640257
233181
269235
111290
629330
905667
101
104231
11736
995154
26200
12530
11764
4244
0
984341
9131
48064
109815
2679674
0
13543
14
668788
993731
14149
831800
30489
15
640281
1072879
650795
60644
5425
15217
627529
5099
544
128810
231783
286783
4237
30
271688
31565
424194
93018
632915
1029441
154180
866393
725506
1139
559
10
270631
572010
658016
498995
271281
17185
1227220
433190
3428
627496
108181
681750
1569703
478037
0
96196
93460
11462
5732
12590
994400
1225
237
36
73007
0
721523
277680
8761
13
1908
12241
2003
22065
80772
1196
17405
29325
11463
635297
2672
1181
629355
331255
1527812
985070
11692
261895
1172402
4225
279833
1058735
98427
979926
353827
816
25683
85327
11
6325
945046
911098
165
268920
965641
237789
65234
917739
84729
797566
1388397
769915
830012
278023
550045
86312
68461
106
11689
1994
854644
0
113318
631913
626926
0
11910
45397
951274
39779
11570
1676923
241445
11947
13032
75421
6473
1698
87352
0
1532346
0
989522
0
7843
240380
1003035
1143301
2769
91
1525
333494
49376
78032
615751
12534
916330
9838
41120
11845
7730
23318
91799
307678
2157
1431
87366
1405
1135463
2675
83
1606
4239
719006
754077
12174
854362
230989
276058
830161
12722
1
622311
0
1455
287
109291
939896
168733
264096
714915
0
1027
96494
961407
303620
1883308
626848
1413
518633
31483
17692
1506350
2129190
25816
4436
8226
1502783
1418486
3
11
25373
1
826064
1035
709451
995230
1275
709324
81
46474
973003
11749
1848
179561
1711
628422
5117
912390
568968
643234
183
380501
231295
646250
194739
38202
980582
1346494
2421541
1180885
137803
891577
346706
1345266
1615618
277803
79281
377895
7594
1774
27969
1261344
1
634500
122
1648
84695
159531
932975
265045
404613
7319
3
2220
283
2283
132848
0
1099978
240
25884
1652831
85608
548
715257
84744
649942
9619
262765
2073
28
45
1066439
1000030
16122
0
2208
269204
918455
7764
7770
1518
1612
1770
746
263844
180900
1273
4237
1953996
723700
293869
360993
1813
9739
459934
1996296
1217181
792965
553
234098
638395
766
272865
636446
30691
3819
13345
1090
564889
1391
6228
90909
657416
273428
613149
325780
13135
213192
51756
435323
1946910
138046
4480
261489
3487261
82893
153165
114501
369531
14760
322583
529635
1544
12697
764893
949309
1847
12408
805309
619691
257440
716279
1963997
179265
586579
6995
0
923355
1111265
161
899
958569
1114896
35104
10147
262819
664540
106456
724704
903766
500339
905946
1001786
30
823891
1011510
722706
48119
14976
233726
32875
2138764
673087
7733
1164076
231960
1689195
104262
992585
0
713865
14719
16717
650636
1678229
677339
359289
28126
13107
262841
69579
1747452
415204
865068
712192
36845
898976
1561
0
969673
40527
60454
906825
45927
337239
1116078
632473
599715
304997
0
388175
85277
986482
452947
2377651
1412286
627860
13938
84692
22420
630050
10
749323
2527140
1074928
280603
634104
1537
838950
4630
867940
1209
1279069
9707
1355192
266578
16854
86911
13906
16186
1173759
14940
897331
29635
349422
844752
440735
717992
92627
836034
768877
182156
1007108
880046
23094
648278
1006857
11494
1001455
628381
1148021
972706
901054
6498
1583841
662584
280101
844185
635451
1163997
3583269
65891
2375638
277873
50416
1360401
36523
626558
988035
1217261
929422
2170990
924084
92389
1374137
20623
2554208
788074
1704262
402659
365856
264645
1715555
401131
795224
87938
765774
109
173
79015
407
967553
2727332
281445
363016
240089
11242
1553
407992
891
1199381
387888
31561
764649
1642
92886
11820
40762
4256
1698708
104814
231199
3054
4251
42347
4246
4235
1688
299
634919
309232
573
1761
0
995760
1524
127
476
347525
30
799257
100
637384
127204
2051127
753568
270305
763920
18150
367739
240584
1206912
2188672
20232
283862
1
367060
9
12853
5513
13432
74
0
0
1530
41
38154
50
909581
385307
11322
0
976066
19238
35023
313708
856865
3493
635149
7552
213062
756562
3144
32163
26447
530
1736676
1763
127257
11472
1175
628658
1156
651730
723625
65764
974010
50682
627845
628731
1017426
36979
1370
877
133758
51343
540
3
10218
4256
96244
290508
664486
2145451
626748
84423
25227
84620
6591
0
495113
662525
0
10804
1842
544
262754
46
124787
9106
274215
523
3393
431
1872
0
288347
591
22597
16
235
8661
85174
354229
626974
1720
712874
365752
287451
537
631060
50969
563
6728
0
9182
498317
230441
1403
5824
4146
84399
64
12861
268766
622877
917035
0
996455
31433
1019384
1854
138117
751
879407
18
7749
11512
715352
9496
729160
107299
1880
0
1444
0
262405
86422
582
458
30
3
705
30
718937
262867
351038
416
20703
6968
634733
86709
632261
990429
392597
125
12665
83212
318280
231290
1963115
278165
1048187
998061
1399
1507887
959673
16298
993851
537681
518864
11632
33378
1041717
428421
47912
1622
16945
7638
1774
109551
89600
55
889294
432375
542581
100206
241469
9958
11424
2768926
1277047
1645865
1021407
2301897
107682
103709
703667
1416886
9207
599876
8611
240
42804
2249
232749
11516
85974
640233
100653
354939
11897
460
1
261954
11767
739
272913
1522
16590
640588
628137
558
1051
4814
768302
4556
278110
35
4302
3075
1793
22996
21
96903
6978
9243
53
1078
0
5790
23003
844557
155
21
0
11
1378
724645
20762
15614
1000000
276354
0
4706
86649
511728
186820
117838
942681
375490
2328
13777
261974
802
616120
17357
4185
115861
9316
244230
6
995410
1062
191063
2602
12095
34021
203424
19353
