179547
524115
1986410
402708
947120
1123733
2408962
1375236
984142
529290
2843123
2651864
1997909
938839
2057493
94941
372440
2293529
354234
917165
819331
87657
1545124
2022220
2353202
1602692
3230031
761505
162926
1857229
1672544
58733
829438
1886257
2153760
769837
1058333
857444
931938
2030066
2434731
1919435
2509415
433130
1602203
1213783
1284350
2620351
1195117
1608192
1230187
129032
107749
857679
1582116
587162
1881185
1921764
2936445
73506
814294
12896
565859
92510
316061
998507
2127088
603517
1113033
932862
2146083
808816
1472440
775134
1208753
667565
845399
48718
1533738
728495
1474328
1708884
748131
65853
1468676
448892
338783
110655
1810690
1363113
1062990
21032
1919873
56371
2708289
899873
2630377
1223918
911219
818646
1391882
360115
744047
1863355
2646070
3422494
2238842
851923
674882
434646
1442141
63941
1658875
1102203
888875
423604
1316388
1767883
60931
816839
2396754
845022
2463259
498881
372354
1679596
1272973
401953
2003953
2471353
2027065
1782069
798003
1229996
2637854
1459507
2211384
1929719
2278663
1875668
1244211
1788980
3014699
496805
2155971
108026
1733633
2132705
1082886
1781824
1118524
1939532
651417
1069595
2737623
1637997
1933064
2031098
883096
1160369
3408217
2722231
2183804
1967584
1431204
2876494
3912243
1568173
4343593
1079872
1555749
2292690
1265708
486230
2782352
631819
2674179
162496
1039466
226019
446678
85699
797474
864349
2358760
1512225
1491195
475411
440173
440858
1338820
1359665
605570
1872851
892257
2314111
1089878
1191219
779535
121903
189952
1658133
986721
1544461
77979
370220
224422
166091
57714
904035
1304276
41739
636431
53050
1265275
1520219
778083
338851
2146775
207331
63249
22621
956674
1616213
1443020
312752
3071065
3004692
2269196
1842905
516613
548769
889466
3377542
2985281
1597796
579759
66405
341611
275079
167763
318561
1228392
63786
437772
774126
1042905
404934
1220641
902656
1971470
226576
154537
537801
1150660
590756
