17889
15272
96760
5378
2790
145717
6019
22804
20753
107677
9481
24106
2817
11988
10579
1317
2661
4347
12100
7316
40326
32344
669212
15247
5357
4776
16258
9529
21846
34495
62966
9697
19610
2811
161379
2212
17108
289832
14873
91623
112595
4924
177851
13536
45151
55264
183794
19922
2494
3229
1583
578
299567
35470
9581
52141
4360
3139
5824
248133
865
1261
1509
681
34866
540
3703
467
29580
33991
3465
6721
4438
209
10751
3146
386
5335
4082
17295
2613
1120
22300
20441
12788
137092
41845
694701
54286
50449
542770
134004
7883
7333
19084
826201
2822
698
867728
443
10855
6675
822622
39532
5230
7845
38544
9630
225
10434
3712
1577
1029
906
2108
23564
167479
20209
771409
180818
6630
4652
53183
89961
28464
4400
17063
181346
3087
801852
23663
2738
30913
47753
3449
26187
163620
42924
1834
9616
821
814
6622
341
25205
1765
7215
15495
134410
5840
472360
16027
177484
9258
105779
1604
67273
36141
136948
32633
2361
1783
207626
13894
11806
1014
38577
79467
39308
101268
11896
67166
7403
8119
876050
13184
1581
43024
24983
13180
468467
793106
461925
25273
81805
170273
9360
6377
7803
8326
116328
16003
48697
3250
388
292
17564
31104
287849
1668
2486
335
1355
1056
320
1187
615
895
600
6087
66016
297712
6844
284597
11383
84356
17805
671962
9244
163922
9662
268564
34136
22756
22277
9090
42158
800
2520
71078
8618
77719
132244
428592
56964
295533
2221
60971
15700
257311
790
20008
6735
591
1304
1064
47301
55559
858
32266
18858
4744
4350
1654
20794
4668
46598
285951
438841
25146
3476
54109
117913
16813
5822
7370
8524
8962
10750
17749
807512
631
3154
831724
70326
36150
111171
33087
214795
4589
6560
954
8646
680407
734
9287
6573
8874
103066
5332
315572
2628
442
2097
15079
1544
50384
4938
16732
783160
6404
2491
18569
3715
20105
62227
7103
45431
4831
541050
21789
38700
123152
84078
17107
39769
1208
3029
19984
973
13112
2441
83339
2741
16187
18035
38616
23596
27782
57729
335048
18668
458
6310
68957
39937
9951
4652
4848
3472
45467
12374
28892
131229
31376
33055
6613
4983
76865
68093
7020
576104
6007
742
3551
50045
14418
206647
144383
29924
601511
2270
6148
12446
13358
16935
132485
36985
5451
184246
32088
1644
101915
2165
104126
3446
3830
16761
428579
1418
821267
15461
10663
10959
10248
1919
14717
2033
305
39646
226517
2175
54809
780554
3097
231504
2176
709
626
416
3832
3733
10930
48459
2768
3500
46239
6667
802817
1960
22160
5234
7318
1311
49046
492
90387
6884
13780
794
46229
129073
3972
2711
47228
11346
9200
9717
50275
3843
127275
9290
126448
53115
2023
926
789438
24757
23670
25563
19926
624516
2945
8146
43105
273340
2147
3912
345
1145
1954
251
69363
395
965
1031
7405
931
724
6546
19870
267
3541
3522
137585
33153
18001
59701
178339
1696
68882
2720
424668
225714
124050
42440
455192
1609
88941
192593
581
1434
9696
1474
25773
742032
71095
3470
55127
820
5280
14128
9652
7838
91523
1177
5405
11733
17524
888
1574
3704
44996
4860
39657
13008
9431
7923
68188
113975
11942
19672
11211
15655
70573
12483
37227
797725
10455
123518
16218
124701
3985
38197
6749
19782
191050
53717
8257
13318
393798
4529
4176
1685
108085
4856
452
11344
10265
646
1035
384
569444
34106
190857
85976
23147
703775
97794
24908
14870
83649
49093
7706
224805
29094
9028
8028
99825
44994
10081
46629
284184
7224
148173
1249
13088
1418
39244
131737
164957
569104
11643
2876
27122
1038
48425
42451
114703
10346
7264
6557
233879
61088
45719
4745
18448
4494
12119
10231
119043
155122
139228
2256
59605
23685
1966
3032
3325
6020
18524
188018
255254
29878
7847
1453
20733
12399
253252
98783
135457
111956
785601
929
47705
1262
138185
1704
23139
44321
1388
1756
2752
9484
276576
7989
18937
3277
7737
743
818556
17788
2021
78787
108692
9462
69486
17747
11309
40429
4283
2332
809128
11838
4159
613
29731
6226
266950
8625
16817
20590
14496
964
25682
1039
11082
1355
4062
88
1925
9834
10848
37522
4213
6444
60868
3698
17092
2517
197513
85529
21429
15801
162565
8291
78557
1808
18436
555152
13055
14221
21842
10644
12090
16158
33187
170152
17499
11990
14982
839
48273
9825
9766
244508
158724
372334
1483739
21625
21656
1307
7980
16829
1766
1464
12761
486048
81445
585
31810
117
11249
7436
175463
1193
405
1580
13828
342
1878
10953
17421
448187
5857
767433
323307
8876
1373
140255
439732
7223
4026
44237
365755
6405
27761
161554
23704
44717
13052
190866
88719
8532
5312
1585
50374
5761
1457
415
1406
6337
1199
62150
3072
20032
15117
12596
356409
798
33270
378152
268098
11187
4054
9039
28610
25866
95106
299666
131492
4647
1108
8322
3326
5916
3363
5922
2466
3633
361
617
4312
580
170811
39884
108618
1841
1434
2970
106787
6388
6743
1532
13530
283123
4679
4342
44369
408
13066
13992
76602
12296
1055
1060
745
45341
41816
7523
86994
8848
10206
2654
17286
8658
453
51134
4386
428
1010
830
2999
5689
1590
2412
2227
726
571
223
1572
804
15842
487
2017
259
1059
5701
650
7649
208270
196511
4173
2191
459
304553
754366
129029
24018
161547
85183
5138
234330
22795
35791
107553
6084
3553
4100
2268
54310
101054
36717
319294
15187
262
19394
691
163056
10098
192741
383953
86289
1807
35103
17622
138024
779
91259
2234
3404
2327
23228
233
194265
23529
6830
87728
1887
1572
7000
27663
119107
4377
17551
11627
10013
20459
389456
23332
7896
234621
545913
25816
42032
29256
2697
4740
1741
1140
1533
14837
27967
11641
20990
3376
58149
442481
107007
9985
14773
6347
73813
6847
185541
3751
31101
13224
9644
90669
12796
145780
53611
513693
210504
521839
89234
50824
35716
19096
54311
140577
204050
337145
2055
10087
8056
1817
14636
58336
99699
97492
11544
18555
30574
2258
2101
9914
859808
8437
467
704
78089
467
738
1014
398
21968
11380
314
12985
22789
109
717
1434
2235
408
2580
95601
2819
923
1438
2255
3872
2703
40477
66791
3161
1496
43552
55523
10899
1965
1795
36847
1341
79952
4608
935
46787
179978
2797
62439
117739
130823
1484
8004
89815
484
2330
93097
329
588
2401
4998
4306
1472
100321
34579
1090
7871
1990
3906
3069
104690
45313
40060
14193
3823
282798
7597
19369
152231
90513
280113
94173
618
368569
2312
393
1124
9626
2862
435
1401
829634
6493
15839
791602
40296
34878
1465
1021
727543
905
5793
1401
55974
11982
1218
19715
122625
106186
61769
6505
76544
31984
24123
4343
477956
7016
3636
418
41108
802
1227
6960
117073
3090
33669
49568
15679
767635
1940
1340
1893
318
2464
105770
1332
1757
854
41566
295885
680633
870
85744
9308
111287
2568
20369
841
39249
916
461
37958
15453
69660
1687
3431
31024
18567
1307
173918
36874
1731
3878
7286
4507
818
23875
195
35467
112
47542
41165
1027
944
86027
2347
15852
69882
181230
28039
638538
45230
534
645
889
2204
1886
3200
10144
363282
5545
2858
3256
2408
5978
34762
10253
19194
89950
96181
30392
200835
17978
3564
2699
3000
444446
10190
277375
83489
19301
84649
8520
10187
70780
282648
12258
274022
6322
3014
6065
7147
180790
35045
89515
1848
13409
784623
739
594
21113
10847
31208
2678
227
43055
5694
75894
24811
191205
8098
16431
17064
260950
793396
4182
1989
28365
3933
431
2660
23344
3262
121652
69829
6968
9852
648
1254
366174
91786
2991
213293
679
3437
3797
152785
2445
1374
18966
2266
1005
12798
8749
52277
5983
1509
102
1853
3678
12993
880603
268586
105549
3409
175363
12679
6824
14796
5348
12526
23711
1512
6139
402194
3357
13492
934
35945
506008
4956
108902
12235
843425
78766
316182
10637
27085
3880
30234
77600
1077
17152
949
97913
1164
981
40625
28482
18559
5187
832
89965
4908
2074
2681
67125
1586
5727
12738
1781
17193
1612
11731
10267
53391
76432
5438
395
132474
23093
56
29679
3385
79648
19341
1903
17714
282
1591
34006
1113
138835
4948
2372
17539
3562
5664
93097
5241
203629
5712
407037
8554
228436
2094
5098
43521
214671
236941
22394
49033
60178
18883
70517
689
1892
137
129107
10201
3080
1123
207423
1337
62143
13533
3317
41358
1444
19425
70497
3199
7549
1042
32287
283
4932
2230
75726
3381
5219
23571
69606
1609
49851
1691
5762
1509
7858
46752
5101
36570
3606
95612
1905
24627
8646
33408
107986
5424
27310
553235
36147
1999
3977
14364
702879
3751
35123
13142
8986
5735
243490
8626
75195
149205
42107
2005
6973
2600
75805
120686
4191
3429
65731
51273
15468
4939
9135
12342
1067371
179316
378985
35695
12016
495
29710
4848
325
734
1159
993
8887
2592
2112
2198
23853
58992
15654
4269
742775
2618
2779
2405
1256
166722
35886
6607
363857
435
112655
842
1770
40975
5396
4564
120413
8578
547847
304507
6880
30641
14507
3032
54051
219739
136752
31638
156634
138710
552339
6153
89784
988
12276
555
148048
17145
8336
2025
252647
542
27030
10511
1674
43435
5758
573
6287
4330
18669
2293
122335
13176
6090
164870
135731
5288
5330
7935
3286
90793
8569
47301
5063
2431
16809
107176
6653
3282
2793
3235
1934
103094
12685
57919
9214
1380
131003
4531
23027
14746
6862
2529
81371
5347
34423
1761
16799
93112
336778
46720
7626
14433
22691
2684
46452
1159797
111573
772426
3978
12340
642168
5380
265320
7060
16024
454442
19603
11326
200801
23742
10113
43693
24585
2625
10768
25616
1631
34541
809944
119016
22137
27828
641
215486
1768
3003
8797
5563
11076
1111
36736
79201
622
107322
1184
1258
6585
226082
16938
232663
73474
3165
26217
127746
169521
4015
2942
15203
780717
7624
22715
25544
44220
309996
211113
63123
7133
34502
4482
83532
16647
701
1022
6070
54978
8170
3181
30621
4108
23307
1719
67892
1843
1697
24105
1484259
78769
1022
7801
2296
3339
435
83630
3331
20452
69475
93173
1254
49876
210
8104
993
4106
1218
4295
22685
157185
4119
1367
43580
37362
7474
116398
9341
66214
6445
859140
619
508419
999
3090
445
937
690
161948
1783
3131
143102
27296
12046
2350
16868
9805
2751
477649
1057
1292
1617
632
40764
11644
36855
8236
1396
3371
10606
4267
411
69666
30442
73196
423772
11457
114703
2364
17063
25681
26360
705692
148799
2614
331303
7132
448700
48559
2684
6002
602
95699
4399
30980
46415
28108
1088
2448
2376
3480
1018
4548
656
486432
58761
112865
13612
12206
215210
2083
5480
135309
33497
110638
159723
15604
30854
40150
21212
64358
287567
4261
31155
10668
31618
116720
98260
898021
7747
14422
33511
12748
15977
7352
9592
20246
75753
29176
132402
9679
606
326
52640
84845
3003
7489
291370
36420
2927
1533
342
760306
145456
795939
16608
3144
22363
633
30550
3841
2441
897
161109
8827
9974
7330
8296
181929
6793
684068
16099
5113
8889
4502
626330
72309
4703
3075
20315
7219
519588
1788
269613
4305
748
4547
55572
1511
303766
11730
62526
4881
2965
571
3468
2666
3024
425
8558
9588
21315
23968
1051
2249
9047
6755
1256
27119
13207
187443
17387
507
264345
15734
742
762772
661593
6004
120245
23170
11501
402
8233
1399
2084
65031
4630
1104
164944
231
872
12818
24337
286590
5678
15866
969
105845
731
17104
4358
77121
2466
484392
5429
12327
20066
19403
1529
1752
2992
15088
49986
5132
23284
2917
1518
4515
24033
1885
9575
41627
8352
153946
2896
29079
459
96072
1360
12398
191
34861
1529
1279
363773
143681
13822
55304
1125
1548
440
28560
157678
751
1813
2617
2312
1100
382
2925
69377
2946
700
22970
32662
7142
411744
6304
2700
8082
191797
131329
695
126339
787
11599
1705
26238
47898
802499
45207
227209
379
268195
3942
18524
939
607
1436
228679
7195
13221
2352
91771
15055
169252
8593
48957
1684
3114
21717
95483
57066
1822
217
107519
881
1523
915
6930
1801
2230
352
683296
52262
106197
427487
58515
8489
680075
5267
130238
2762
64746
62408
6306
2389
995
1323
83140
5834
101368
1328
1196
87759
1934
6449
3806
288608
25364
50879
49088
73650
13799
4253
4343
1381
13995
2033
7404
7641
491296
6597
96591
849
2337
33221
2308
35210
1226
449
106709
18347
14497
19668
9058
805083
354265
6826
15904
9405
6002
266783
3002
212115
427194
154883
1300
86794
6091
1415
3449
33737
1031
1609
390
578
717286
3191
4687
39249
5118
5091
5223
756211
3043
103068
6627
8600
10358
1478
8386
4442
73358
12193
216265
133333
91550
47408
18556
6481
74675
7562
4192
181057
7188
12517
63552
1365
33975
135078
11523
26798
13396
5459
4822
24064
13256
5475
13811
60569
19349
32208
8891
113912
10246
34397
3885
10068
248006
2278
31445
28982
2339
16972
2463
19221
90287
807757
1150
18638
4978
2109
3755
370545
89772
214461
798112
37099
16117
1704
9602
183252
157904
99015
11336
47182
6488
744128
33170
435539
74324
35723
469
297990
329
1007
63902
137954
393961
79210
5341
128783
2687
69944
25664
100324
51444
27622
343727
73397
18179
28958
33292
2598
5914
8996
112136
7186
621348
16283
110047
586159
103297
3900
1405
53422
46028
462
3197
77144
2930
2757
4429
127898
11116
34659
1165
193995
233716
23939
2137
228270
784
2608
6743
3997
6497
17564
8521
49500
3152
52935
767
784104
1965
3534
383
16611
4277
1108
78406
228627
34609
8690
755
803380
17537
6762
437
2681
37832
13446
4191
69546
121635
59783
368081
62929
16224
543818
52728
117370
7530
52676
318435
10429
888134
21120
108975
24306
36808
8696
67065
3833
13776
17524
136710
790520
5399
11725
219050
20998
61525
51592
791720
8809
50279
5124
2946
3468
27556
14792
31794
86623
29560
144526
6456
41714
354061
26810
23435
37034
161369
641
6406
830
127165
252205
90253
61396
42386
1238
21539
8153
59475
42538
251011
13527
10228
1329
63874
54740
16284
31903
107682
46690
129673
26706
3244
2590
2169
1415
1418
5042
334859
8648
377
6210
1055
3049
4863
77669
116329
57039
1218
13440
2560
100023
20385
565282
18107
3691
24416
29702
87828
44100
109073
9868
54436
83217
8448
9380
42546
542609
410
243
14790
695
2068
2139
64749
4801
11327
78501
338788
136579
446
1796
15291
6993
38804
24568
49019
48628
7581
781913
748943
593831
53777
223921
25544
12136
32430
4217
3950
4869
2660
37119
18062
5002
12530
3069
1483
6206
10198
41431
4996
192734
392
348876
3399
41800
12501
4136
238079
86456
20319
9360
59837
10812
9388
76324
4408
48384
4351
79955
7538
2577
869
107570
1359
14073
11545
936
2033
3700
68200
159107
788067
7282
22982
78873
29350
28402
2020
25914
52906
129804
3720
2813
55785
2974
16757
581366
89022
99858
341
135324
1842
22885
5111
3727
4825
976
4062
72903
13963
375945
1930
9337
7340
152233
5174
2090
4830
401158
4367
344
6771
33594
16750
4335
297851
8815
63271
25924
188377
832781
12077
13303
47499
10649
6245
115000
3443
5588
8715
2399
1686
7292
1385
76326
41375
14195
14594
368430
331030
13927
57199
64886
918797
213341
23535
97760
7227
3009
255286
20240
379671
77581
78591
8203
31515
67830
781640
6242
8390
92621
3172
6675
502
926
7700
2160
1137
48537
3624
1233
1691
3607
65682
112232
50386
153094
2436
6167
4032
815
30567
715
56213
29044
9814
32049
211759
21458
16231
8120
7089
37392
1777
2453
94722
4342
64210
3138
386
804
16459
26564
1003
2298
40189
4958
18358
263309
1356846
29384
66477
1192
48023
22459
2725
490639
1395
2373
1691
9693
493
1733
14683
741
3583
1506
2313
844
1280
2676
1605
816590
33844
8866
16963
3991
26826
4645
25078
1097
674787
2959
155732
3732
93329
1959
17368
77321
1932
472754
2508
7843
13609
3564
58724
256
87992
20300
13795
39583
101100
5199
1353
10110
5811
76063
9950
8091
7984
43680
38342
7337
27859
92298
14492
501913
25487
37679
768363
103395
876
420280
6626
105279
67835
12576
127279
3419
17833
2663
9979
93842
230615
19845
47846
19423
1397
118629
32978
14376
5132
492224
6492
1347
56170
58874
126734
221557
776613
6799
16597
3718
1728
315047
87842
45638
8639
27377
8916
675
202157
2462
187433
10024
564393
13218
53598
2201
2584
1161
535146
3170
9716
6995
61727
3698
2698
329
2219
326419
90748
89203
19940
4836
13103
160
1765
2592
6228
3662
114489
414
3330
30445
584
349883
22334
11860
152152
5637
4039
5898
42914
342534
6496
28682
41967
1354
94872
7051
10254
5221
26420
9029
72581
20261
39569
1308
1930
15090
13004
636524
5056
210
7838
785
1480
914
25285
336027
62469
472162
1467
129282
101732
46091
10633
596189
46056
20644
147535
6153
237636
131299
182622
103832
24390
74535
19325
3589
551791
2577
16165
318783
136422
1247
6957
2857
7873
210902
6144
7818
30629
13716
625331
1722
173619
187957
19331
426668
40780
517340
61646
11030
17212
27258
122288
46000
30953
20301
5079
192836
38171
32834
17034
2986
22450
804
114540
12171
14077
104860
59770
19884
45849
5844
782363
4269
205056
58152
1399
21048
15631
63027
415693
934
1123
1609
8830
19889
24350
4984
31382
254
1002
1102
141655
11729
15676
11371
1814
14369
21433
17700
2645
18661
253544
57538
13698
112022
94209
298816
345375
508791
28982
236074
432634
172236
3462
372749
316810
10084
980038
428120
42314
2426
17418
12213
832117
1990
12482
6953
10482
6598
11240
1558
3819
207167
36049
306944
16186
14572
60197
3989
1384
8719
13039
2019
35741
10706
69721
559
26144
19646
13279
2678
50542
458773
164239
4670
307582
200370
225725
12245
1484
818
2469
1584
1001
678
4764
32051
52428
2360
420
360
2494
1379
36476
75474
2010
10644
3676
16371
8789
131357
182324
16840
2840
304744
3102
3914
211
69834
1051
311
2382
197
2215
1079
616
1752
698
13697
474
678
1279
1118
291935
115849
490536
6774
128563
1103
37162
9524
17239
812727
4122
4599
4782
448982
20691
9712
1432
572
59019
377
18664
34575
759108
9111
826
15339
328000
3212
23119
10516
26095
101200
3400
1660
7995
944
49395
15283
57369
78008
392202
3072
108222
225152
231575
792796
521070
6876
7685
734
39187
134
178346
640
585
1676
2004
435793
16691
19463
5736
3567
369613
13495
252228
4451
207341
336183
512413
5043
50184
111021
702898
36509
97384
2044
254306
1208
50132
2081
8941
3288
14839
435286
9929
28868
9843
363905
6752
3329
540
87661
626841
3263
375355
5010
7308
5978
319088
70474
5647
29836
1832
9366
181359
81520
746453
34483
2452
55500
435264
30248
2059
40400
8957
478
1538
1053
520466
745
1540
19066
6256
1173
1062
10752
302695
1926
2392
32428
802778
615
1593
56460
180
8272
2225
4284
9371
96437
335
558
81402
6574
537
9299
19517
3868
11603
303753
5453
4964
13350
1293
363015
4418
17224
94588
14888
3344
951
16009
24469
1151
63584
611203
107090
71303
15471
9702
1009095
48601
5745
305085
256702
10931
2832
7991
14795
522
779
21229
2094
3342
52590
21943
10914
25604
5157
22959
5142
8274
8310
92771
12789
1697
6088
268484
1575
54853
4938
102318
9278
152422
566
6400
628
345
4477
32057
1317
2482
2500
6080
16118
22461
73571
19523
5208
2878
1052
11711
1180
1746
12890
12475
28623
3469
3369
34914
15518
21815
95126
2266
3802
123437
809
785169
3124
89519
49256
1537
2520
222
248
97787
466407
170780
15125
14422
137935
17163
263
1833
3816
723
313042
117252
7157
806603
841752
40147
6873
8954
224522
2479
112035
9231
4341
14412
118550
3114
97195
5429
356174
27231
5372
1059
1422
12373
551
47897
32049
29617
210516
3446
193330
8152
528
39477
167137
784
1837
8082
558
745
12102
122373
20016
60560
302
41910
11645
277836
1756
53775
8361
367
781
1303
4756
185537
261
32381
1604
11102
809
13307
4895
246
12934
1363
8563
11386
3142
4653
334
32009
342733
51166
24525
17214
10042
70038
2382
11088
11895
1139
17019
97
17637
1703
1551
1817
105029
713
6920
225
7834
3278
681
54697
12762
19348
24185
20507
1704
12568
3488
133574
112241
275375
10301
3744
15157
1868
13837
3645
480718
5746
5884
1924
1167
288668
1734
23563
15896
62461
2990
1358
55884
3805
422804
7156
18572
1256
1392
396
87043
29405
4966
1407
3613
401
1467
2353
597
794
2689
788
14791
324
3520
1401
445
5241
209
248938
207
1740
1029
8384
5830
7397
218
23846
2102
236863
5327
13856
1124
13095
520
4065
5408
18152
6366
41299
782
173490
918
50268
952
2796
8833
2193
239
4146
189
10578
1312
4032
1272
88672
1513
3963
99342
2495
52673
1595
124113
285670
1399
374
593
117084
757
26136
28638
466827
90
6697
832
527
74453
154875
40915
962
1650
2018
1994
4161
10211
47924
22899
15615
784
2860
544
14115
212365
12522
57838
29067
215497
2855
4121
785557
995
444
4909
7808
1625
20175
1151
438453
130264
5296
14536
303
753719
841
12751
400
25036
412635
385588
11261
69286
17551
2538
50873
1826
938
1792
22676
80023
385
81697
502
188130
4172
71292
8684
3059
256
167542
1186
61865
29968
90671
72221
7658
19079
22557
91358
22518
687986
249592
82572
16220
49024
2741
131447
1752
162
1432
5024
16671
403
2880
899
309233
21300
9667
650
3199
447
69488
1950
13222
5507
42978
22151
17045
7987
4251
84151
26533
25429
14417
19517
187838
101202
27151
195227
1964
5130
17350
1481
2397
86526
204
322426
9607
3341
18125
4848
857
2689
13413
706
60297
1285
156341
1135
7293
15855
8075
185762
196170
877
178569
4056
483519
824
2722
10169
324455
18131
295936
336328
2420
11566
11561
3148
540283
7825
237504
37998
171081
83241
69130
8857
25364
1087
367385
2421
783550
12386
42133
2616
553913
16894
70969
778715
3918
41903
2990
7982
9172
9253
206337
15963
3426
435
585
62
138316
94799
92291
22742
1175
142
19419
1010
43371
72948
353322
46870
1052
1018
330
52515
2874
1822
2559
5040
1494
9727
14447
83620
25283
133772
69196
6220
492232
2242
662
2058
27242
1578
9480
2731
2612
18028
16272
27578
94570
548
110454
23244
2112
3491
20795
4322
461824
1890
71586
21499
13731
3589
11439
5906
18390
23111
34639
241888
3922
4182
560
19167
1389
170551
15063
415067
297240
24408
10233
43497
379577
19356
225125
794528
42611
3298
59581
247821
1641
2468
49576
544775
3163
398
153354
2755
33070
285181
32393
529671
22077
3694
22222
41007
7761
8868
7880
86949
728
2630
1993
8067
252898
9421
1335
821
3635
987
1844
97682
830
10723
34595
8672
231
1908
3181
18633
79751
603290
60655
30615
45101
14635
10621
6617
121924
3384
80349
16088
5715
6679
854053
2466
57640
59358
609366
135166
5291
410895
14040
53389
2983
86767
666915
40905
3304
3439
3957
371752
136543
3567
47099
72083
5881
2863
731
3217
57401
992
17793
71921
679
88548
62046
5055
28037
808578
68162
10651
900
5225
1713
4271
18891
393214
11440
2234
2475
4063
508
13047
12964
7683
6692
81083
47934
3089
48147
12937
29975
325292
57546
210275
9266
69948
48891
91953
6595
8921
58432
15697
20235
367415
141940
105394
40113
102377
34470
38233
8699
5792
521847
4517
146458
21602
71717
38303
320272
5352
20927
401526
733711
23604
56502
79721
10780
6765
20197
827378
2940
117270
16966
957
7345
1821
192093
72675
9078
581194
192628
13508
36995
8424
334556
10764
1794
20017
4300
2871
244309
4301
5470
1225
12057
2953
133198
18362
3235
1187
394
1765
1649
12752
9928
8271
50654
17365
3324
103827
6284
40050
39053
1327600
21380
15644
9211
79505
252790
1477
102719
11228
11699
40531
1863
3102
10120
30605
12340
69373
911
1007
7516
28344
698
1745
92278
6291
6306
8394
4438
65474
598
266302
778607
258002
3473
812
22658
3181
9836
1527
101066
282
2326
20453
21408
7993
839
36958
22055
855004
2131
18145
323
681
3429
1026
8092
7079
460389
5192
685
399430
198898
6913
132712
17564
6036
20775
510
17619
5828
441
35598
1226
11265
10173
2693
4755
9266
8792
55161
6743
2539
3702
50027
457161
1601
401
656
1150
1644
203845
1219
7278
253067
13155
63824
187042
11880
4687
50860
97062
2483
212
927
637
48969
1746
47410
979
54696
698
4578
92368
1838
292
4761
1245
305
132
99635
10098
1746
81599
250456
80653
381
1593
7191
842
3591
1174
349
58471
363
832
2286
13342
123
1157
1656
39621
375797
23103
669600
88826
2598
197
6902
2670
2631
1078
17561
17445
126907
29817
4321
18668
1960
55326
4129
15174
12440
7703
1030
1590
7231
1242
8003
531
802883
56670
625
22770
27840
22580
10271
5764
1532
100137
956
6848
59049
10347
80057
3461
735995
3965
1944
3291
107727
268
10177
292
98630
2812
18671
488
9200
9717
191742
3446
29388
4055
1048
3296
5430
327506
87153
761587
32443
4482
143415
19302
21269
208648
136337
2202
9299
108197
302621
20930
258690
18766
83521
1138
95547
28835
140040
19363
3539
1295
19509
531
8362
3689
1372
7901
13536
14942
51688
127127
386
598
7004
756
2073
384
31230
199
94203
80835
1392
53030
412
224
12574
1729
15346
2807
1080
3445
8881
108951
2174
4059
3946
120827
341
2125
11474
20961
37385
20905
21953
1407
6135
135790
3097
4691
24782
376
28337
24819
748
2546
6521
3667
11300
4377
8448
4746
3544
2308
