2
15
1
21
1522
521
548
431
549
22586
31
19827
26
13221
8214
3171
2
9370
64994
0
6
125
3
29033
26652
21
0
3373
79
1724
3242
314
2778
463
27885
348
251809
124537
785272
11805
266
2210
2509
134
497631
5948
27833
496473
21
2965
1192
1397
0
685186
1258
4
391
429494
1497
0
1397
165374
0
340
1
0
1701
0
9434
183871
56
3904
139
0
73590
5
0
0
0
0
0
0
1700
0
3
23732
1300
10191
0
0
1193
480
1
212361
507460
157
0
0
58
26322
4163
1769
66
0
0
0
1
0
89
0
11
3301
0
39191
2168
1
361
684567
1649
392
113257
682013
2661
0
1
184653
1142
340
11847
155754
1325670
9123
9396
0
0
210233
61
29758
2586
0
185337
0
0
547
7
768869
16
3847
1712
212873
532
786063
28332
534871
831
826353
0
10972
2372
484210
243
1
9401
1
8764
696576
436924
1382
486563
69153
196205
126
1
68283
0
1260
1041
506843
345
1
504020
3389
160
3545
28376
1234
116
32
757194
306
68324
1479
15
158
9118
0
11
911294
730475
2303
0
23
1214
1
0
0
1448
786254
0
0
2
0
816
694656
3530
40
929
0
513580
310
0
3
0
1785
0
194497
0
21
0
9144
434576
0
1709
29668
781761
0
0
0
0
0
0
697343
0
29894
879
481926
167096
35
191
0
0
0
1325
1261
464
8698
0
0
92
1465
0
0
0
0
9118
58
1
1700
0
0
795256
0
0
0
9453
0
151457
342
31207
0
2
0
54
0
0
0
3843
0
2
22
0
136
0
0
12
0
71847
9122
171
0
22
9180
273
0
0
0
0
0
0
169
0
1
0
0
1518
0
0
1333
0
2
12
0
0
5834
0
0
0
0
1703
0
0
149404
0
0
11
0
8
0
283
0
0
1336
31911
1269
5
486984
2882
3
25
381
62084
978
0
0
58
2585
9730
0
0
969
491
520889
2755
339201
0
0
1111
0
1696
4
0
1
0
0
184387
28276
9324
28376
508906
0
158
0
79317
495062
92337
0
408361
0
0
0
0
0
444
5
1276
58
0
0
25468
0
1
0
505906
3951
0
850
66515
54
0
63
0
129
3
186657
119196
0
0
0
521244
0
547
28317
0
3214
770562
27083
15942
68
39109
886
606
0
0
1040
224990
0
0
0
25886
0
0
39263
11
9417
504431
0
3198
1065
0
3
0
0
0
0
39263
0
3333
0
2326
365
0
0
0
1
337
0
0
0
0
1227
507894
176278
0
0
348
1304
336
861
1
57
24
328242
1
0
498623
185080
329
335
3259
810041
691717
0
194556
0
1
0
1332
0
4
1
9350
0
188524
0
1607
144
5
0
66002
666352
916
14416
228
9129
5454
864
155117
2
58
1
719690
746898
582104
125
9790
825
0
458579
21
260
9154
0
0
0
0
0
0
0
0
0
3338
0
209974
0
1353
0
15
380470
943
358
139
28370
1587
914
478419
351835
1
53
14294
24444
185343
59911
0
194477
0
1
23971
372596
0
0
0
505724
649
841
0
3
69234
3072
0
9146
0
514578
957
254300
0
732759
24978
807700
0
2408
2673
0
0
1712
0
757917
1893
182294
35169
1467
0
728628
531
16488
0
2
786126
1238
51065
28396
1
492
506031
28326
1890
0
395
816
507235
448875
186613
29
104748
729852
5098
10
8856
0
343
0
28369
10972
2375
17
0
0
0
2
494145
883
2047
23775
727878
348755
40
1
0
0
1857
13601
24155
9421
735
0
553
68656
0
0
805813
0
0
1178
0
696658
1300
1408
1157257
10023
24550
184634
153
1306
41309
0
489045
27439
67424
1302
30677
1571
35305
19299
654177
179251
156
1762
507729
178229
1
94631
0
0
36
0
0
70639
350193
9820
1697
436985
157
0
3536
1273
496849
596
77887
1039
0
491
1302
506352
0
0
5509
112
1
21
0
0
0
85
504880
0
43535
446
194106
0
338
0
185867
0
0
479179
3420
277
17398
28398
523
4537
1588
1236
256
55
179794
146175
798987
0
175414
0
8753
31
571717
0
184881
1046
58
238
24349
0
0
0
68425
311
1348
47
131
3
0
10
14
348
4059
157
0
1
0
9149
0
0
0
0
184990
0
9151
2
22
0
6009
57574
328739
573842
186591
0
530728
39263
0
0
691619
1073
0
0
0
120
23
0
0
8845
290
16
1198
0
0
0
0
1
0
0
293
0
23942
0
0
0
329
1007
442
6844
160849
0
786172
1771
0
0
0
0
0
0
0
0
33
497
23629
0
0
0
0
0
0
27
263277
0
514
488877
207573
0
3536
28
3385
0
0
0
192
0
978
0
0
50
0
0
0
0
537369
0
1005
0
1910
0
0
185253
0
0
21
0
0
3
0
16453
496000
3375
365264
0
21
1765
182485
327
1658
0
876095
0
21
0
38498
185646
1244
0
354
62
21
0
36
0
0
4010
534729
0
0
1430
767442
0
13
26446
0
406400
19657
0
443
0
7
2154
0
22487
0
0
32148
0
118
759208
25241
0
0
0
0
0
114
0
3296
0
0
0
8
0
531079
0
7966
0
0
0
0
0
469
1898
3226
0
4
0
0
698583
64503
1
158969
1
0
0
52
29905
0
18
862
159
454516
875
0
26590
24860
0
0
166397
0
0
35
0
2
505164
0
0
532721
0
0
0
254167
601
29809
0
68419
0
0
0
18
1455
401
59
1
930
379
0
898
1001
988
118
2
0
8275
441
21
1356
6
26
65004
1315
6
6
94
3183
264
1
1166
0
1500
0
0
0
1235
0
0
10284
1671
681508
0
1770
1
5
0
3715
847
0
0
9116
0
578
6
688114
534493
486401
7
51
0
0
490
158
1210
0
0
0
22
0
0
0
0
0
1
9155
802719
0
0
0
0
0
1044
0
64
532663
0
0
0
0
0
0
0
9451
0
0
1022
0
0
0
150408
0
285
0
976
19
2608
969
541085
47
0
336
912
1210
2809
0
0
2
505930
38421
75
21
0
3153
9
35
21
25925
9472
102
0
0
254
0
0
9
0
0
3777
198
125954
0
1336
3548
1
249415
2638
2
534414
0
22
0
0
3342
955
0
8575
0
24366
0
504560
134
9165
0
1556255
1372
757896
7645
728629
1303
28376
1346
507282
967
5285
0
6
925
656
0
23303
70259
0
0
523918
24671
33078
1045
630
799
0
2247
437187
0
68539
1
5276
21
0
9163
18
5
7606
263
945808
795
0
0
0
0
0
1
6
0
0
0
0
0
0
0
0
0
0
0
0
0
0
0
0
0
5
2119
29
154
48
0
0
0
0
0
495535
0
0
934
0
0
3067
759742
1424
0
9
43
2732
0
0
0
19
0
5318
2
2
0
4
1281
24868
0
504525
0
1659
0
18
53
895
0
21
0
0
12
0
0
0
0
0
0
0
0
0
0
5781
0
0
0
0
0
0
0
0
0
0
39518
2190
10627
0
0
0
0
1706
0
0
0
739511
253345
0
0
0
0
817
438473
0
0
149453
0
0
0
0
0
0
0
0
0
0
759810
11
0
0
0
0
0
1
0
0
8
0
0
603
0
3
1801
813
284
0
0
1398
0
0
8
1
0
0
24670
39188
235532
3439
10205
688050
0
14
0
256842
10
196
0
181832
359
496706
1983
2824
366
115462
197046
551915
1090
68
23
893
1
642
1417
357
0
0
0
340
374
11003
63
303739
123
328
913
143
843
0
196
0
48
0
0
0
0
0
401
185008
0
14719
7
187867
0
1772
83
506906
3
0
18
0
1926
0
75
728602
799822
1376
14
3
0
146061
226
3931
3426
0
0
0
746099
183729
495099
41732
24608
487
453
335892
0
33886
1
58
0
1
0
15334
0
3388
506098
1103
0
0
1212
0
1
617
1706
0
0
1
3
798547
0
21
0
357
175517
0
0
0
1
0
0
0
0
21
0
0
0
346
0
185386
0
0
0
184165
28319
9144
516
151
796764
28324
0
0
115
251698
0
505531
77674
104
0
9008
0
10
2
184640
157
0
0
541354
0
1701
77759
0
0
802
992
486336
9566
4441
165
222758
3
9239
0
0
541
217672
4568
640179
570
3
0
0
1320
0
0
18
1300
0
0
0
0
0
28377
0
0
0
890
3
6
337
434
1
0
63
0
9181
343
0
185495
1588
27
0
0
58
0
0
39295
0
0
0
0
349
183404
186240
490
26596
62
2
0
143
0
1369
0
718383
1707
79
0
505982
0
530969
8078
515835
0
6
0
3
3755
20
0
0
0
1
498
496
702
184974
30085
28228
35497
14
0
10790
40
140
0
0
347
496
67
551
0
0
52
1326
728618
1399
3395
800051
0
1379
0
0
0
182962
0
0
11
117385
0
3
37
0
0
35
0
1982
297941
0
749628
0
0
0
565
188422
1738
519510
492
2
206454
25139
69647
57
1210
547
0
0
266113
82
28195
0
0
0
0
728584
152701
39
25103
10765
7
973261
793
27000
553
0
495206
484503
35553
29144
10720
1433
24464
2470
523450
727235
39597
24258
1397
0
487
849
612
442744
590
342160
15
9099
29
19632
498769
751267
625
14198
2305
0
1041
185623
0
1035340
567
252877
5
2
7
0
0
1
0
0
0
0
3
782
3
53
1
39695
889
0
0
3395
0
13396
0
39351
0
1403
730551
9173
0
483
633
90904
1
515717
45
254299
355
697180
504430
342
4363
1212
0
0
0
0
0
3093
211576
2233
5
1246
109
44
1915
0
0
9148
1760
4651
728694
0
0
0
38
0
0
0
0
0
20
1
0
3
0
0
0
0
10
800000
39263
72
882
0
323
0
0
36685
0
0
17727
185673
0
0
0
350
2256
0
0
175449
343
0
0
0
0
0
0
0
0
0
0
0
0
1
1
0
0
1619
689439
6
0
0
1257
0
128817
0
0
58
0
0
1
4122
505259
0
0
0
0
0
0
886
337
7
4
3367
504518
175933
0
0
0
344
3
0
1
1214
0
0
0
184429
0
1381
29
504049
0
1304
0
9160
20
336
0
0
0
13
846
184424
7
19022
1772
0
8986
0
37066
15
0
9150
3
0
58
324802
403
42
0
114390
1535
678254
263499
536433
0
960
0
28382
521998
0
521
3874
184005
334
0
3368
15
0
351
116
0
12816
237914
357927
88
488366
123317
196431
0
495185
693107
26330
149
49971
777
26370
0
727
1
185745
8894
198
0
0
0
8974
0
0
49
7
0
1757
4
67
33770
2546
1
0
68
0
0
21
0
184988
11
0
0
0
158
0
0
9875
0
0
3
1703
0
142
3551
618454
184994
0
0
0
0
0
1699
665321
0
0
0
0
87828
5
0
0
0
152
24891
0
0
66440
0
418
0
514726
4
180088
0
1193
487262
0
529
1316
13623
17778
494
2
236
5008
24645
9173
22
0
3562
3487
219265
3701
32285
2074
672435
424314
164527
1700
176001
9042
0
0
0
0
2
58
0
0
0
2243
177021
792732
1148
1500508
214018
3974
184991
504518
188531
59183
4
9380
1146775
749522
69410
0
242
543
4
9113
343445
23
786305
2
14039
6
1784
9136
8227
8995
0
725844
487234
202
11418
491
0
5
262582
0
298
0
0
0
12
9159
21
0
5
496
1387
0
0
0
0
0
0
1
0
58
0
1
0
0
0
0
0
227841
0
460
0
1
28360
56
311486
1707
28290
269
39109
1040
0
0
505399
0
0
3710
0
0
304
0
880
202889
1282
3252
194568
0
0
475
0
346
319
188456
674
0
0
0
3689
352
31
180621
1949
336
399863
1281
0
73727
944
1468
23
0
358
0
0
23722
48
21
9180
0
28712
17
11228
948744
40
16423
1171
797139
1260
967
184630
29867
1868
486734
489635
96158
155
360561
170
506796
1371
0
0
0
182068
383
480411
14914
1644
180481
8775
0
24379
0
47
357
4124
25
184990
2
59067
24743
691284
123
0
0
0
297
24087
7224
163277
0
0
497
0
262488
494
0
0
50
0
23874
186860
21
16627
372961
182931
372309
28405
754
36
534729
0
5
20840
23249
2531
49
0
3414
9
532435
0
489
1247
65707
63
3
882
0
0
0
0
20
68419
314
2
119
20
1388
66416
3190
23
1268
9207
1772
0
612
1709714
57
0
0
0
10911
0
533775
0
0
1022
0
937
513657
1212
2875
505962
955
0
267
1
0
254300
535351
3345
955
24490
802288
1241685
31607
6491
485
539529
25501
2278
70416
5
805882
0
8
0
0
0
0
2275
48
496065
0
1372
1267
20
5520
24878
0
69
20
0
0
0
0
0
1712
0
0
728568
0
0
0
0
757917
0
1
495
1307
1398
8
250227
168901
24233
553
2942
148557
101
652
333
1488
1235
1
0
0
199855
658
32
1525602
58
2194
28170
596
485
34918
15894
3381
1212
12
0
357
0
0
21
1044
183897
786126
0
1736
8951
184314
540441
0
1310
136592
9431
464143
7
1392
0
28376
903
0
9181
857
0
24
183865
839
0
719035
506003
41237
0
0
534
28348
8963
142
984
1394
1506
0
225
21
35
0
0
4
202032
1210
270060
0
158393
27337
815
479402
3146
728633
646
448730
517456
733435
185624
400316
9
0
3
28
3395
49364
9174
92630
761051
516955
0
211576
2219
1365
733603
39
0
0
0
10
1277
33357
203999
0
0
0
0
0
0
691025
131345
175602
509444
0
0
0
0
1
1214
2
28367
9180
13
2104
18033
0
415
116579
1464
5
0
0
17
154
0
2
0
15
39
21
0
33840
67
357
0
0
2
1014
0
482458
10360
0
24892
52
1
923
0
41
3475
1474
3554
23647
0
0
974475
194751
0
571876
1
1132890
1827
18154
763529
262582
40
0
639
0
1
1
0
231933
0
0
0
2
307
1499
471
187054
3263
183059
24050
76653
0
23561
11709
953573
797127
501591
9608
507939
152
161
0
4205
612
124
1390
0
0
186515
20158
28399
21057
14
25181
68428
45
68296
460
891
9207
487404
58
0
1228
0
280
3347
804554
27063
68656
2
0
0
1998
0
0
0
0
0
264849
116222
1240
15078
79
2218
0
357
1063
0
724787
564021
2337
865
183675
726153
9452
145
282
201803
434073
2150
517223
731073
3
9137
902
728730
1277
210168
0
823361
0
1217
9169
0
0
154
39
34271
1014
24857
94
2440
492391
39647
816918
608
1
457
1388
206735
98944
1358956
498266
5595
399
27948
487
10127
302
96287
1989
0
861
15006
1354
97759
706756
3344
717188
187066
497907
1
33834
766393
648
631719
1965
11166
428
29185
222231
76517
178295
491351
481306
470036
454
185363
13859
1323
3522
468448
3
1640
2
500
24533
187045
505743
628
2169
39
0
713197
2299
1318
0
0
727262
0
39591
96641
76
466545
0
24246
47395
1399
0
0
1
0
0
0
1674
0
1
0
488
0
786
0
513
0
2338
25767
68396
796763
0
179683
0
506331
0
9813
0
31
336121
3886
62
461033
0
2004
0
159
0
21
9115
0
0
0
29
0
0
0
736362
35
1250
490364
10652
39117
58044
1933064
1301
0
556
696
1176
550
18284
31
88720
729626
979
0
0
0
0
0
0
0
1022
506
39595
91965
0
4430
185622
3
0
74
506352
463903
0
1032101
172361
7778
0
455125
137
116
213668
70224
1870
0
231879
4
113
0
1402
8868
0
0
6
1
21
506352
0
0
0
0
0
0
1
1
0
158
0
0
0
25054
0
513332
36
9180
1
0
0
6
1665
0
41799
0
521
79
0
405
1
41
0
220512
751
0
0
0
491
2
6
338
53
739
0
3395
0
210389
0
14976
53
513
851
3
0
0
0
0
0
0
0
478178
2189
3419
28243
0
892
0
68400
152
121
1320338
319
78189
24760
0
0
28398
8951
198
492
28547
190231
0
0
190176
0
505428
0
3886
0
728568
1332
1862
0
10043
9183
0
0
47
0
7
0
179192
310
8276
1
1696
0
475852
3
47311
2392
840902
3227
62
0
0
16
1345
0
641568
506352
8633
45
0
0
254357
0
1942
262972
34
355
0
0
3198
0
685774
1082506
0
504430
0
0
0
21
186598
1279
10175
4348
0
0
1212
58
0
0
0
227
0
0
298
0
209256
40
0
0
0
29
0
0
0
0
0
0
0
0
1344
7
70051
0
726883
27005
0
196101
3216
968
313
29
1
18
436
1162
0
0
134
491568
0
1231
9448
81
16
1492
38016
0
22
27309
30408
1387
27352
930149
1157
975772
2313
953
348
0
0
13126
1
0
1694
24824
0
9733
528
4434
0
159
39117
504900
3036
184678
0
0
550
0
16541
0
13317
213
0
0
31
0
10109
504859
178
330848
157
1301366
1
0
0
0
513562
0
184990
0
0
0
0
13
0
0
24
0
9115
11
20
0
0
2
23
0
0
0
0
168
0
0
5906
0
3
13
8
10818
487599
54579
0
9730
324889
598
1700
0
38571
573170
275757
0
1276
0
8
0
1
0
519537
644
813403
1505
224883
1
39263
0
3
72
0
0
0
879
3
0
13979
1342
1375240
1
0
9673
144
497931
848
0
282
461244
21
0
0
0
383709
21
643132
36897
232147
1
0
848
0
23
7736
1
21
25
17076
0
0
0
451798
186511
8957
0
0
0
157567
0
268
0
0
0
213678
0
8300
28921
206068
197323
0
0
4056
3536
0
0
0
0
1030
44878
185646
0
0
7
4
175041
453
1
428
3
0
0
0
0
9162
1050
1386
0
0
8855
291
0
0
0
0
0
0
0
23804
0
0
2
3391
0
1
0
967
0
0
0
21
0
505444
329
908
0
1007
0
0
0
442
1
51
0
0
0
6774
0
0
1
160060
0
159
0
0
0
460
532721
282899
0
298
0
1527
0
33
1305
281
1166
0
684578
6
4563
0
0
6
158
22
0
0
0
0
0
0
0
0
3
8
1246
0
83
0
24986
0
8
127480
0
0
0
8600
504669
24994
517
506352
0
23609
0
9066
911
3399
1
2
0
0
0
0
0
0
1
0
0
934
3136
6
0
0
0
506186
895
0
0
0
0
0
0
51221
0
0
262487
440586
799
0
0
514
0
0
107
1314
1
1
27037
461891
1
178415
1861
27590
885
337
0
39
4
48
0
3529
7
1708
42
78
0
36836
0
190265
0
0
0
505243
0
0
0
175580
0
0
0
0
0
142
0
26499
45
10
0
0
481
154
349
8
1275
0
0
1
9
338
0
0
0
24768
1
53
145
696
0
1216
0
20
326
184974
0
347
0
0
3395
0
0
0
0
905012
340
184988
95982
57
0
0
0
3417
1
23366
524016
24282
13
7169
10123
2114
0
668583
0
0
813
3
0
0
186620
16
0
184938
0
0
309
13
9147
2
0
20
0
0
0
0
21
0
335
0
0
0
0
0
0
0
0
0
0
3
0
1
0
142
476899
0
0
19266
0
0
1714
965
680582
24845
3387
3389
0
361276
333
18259
850
722
159
4
1768
1210
0
21
0
525
1704
76569
0
182330
0
0
152
2
27473
811
9229
25279
2
30766
1262497
0
0
0
319
776212
828
186297
95
0
13186
8275
3231
475
0
21
1
0
0
58
0
468
317111
69386
506439
387
1
194587
0
1061
0
88
335
0
0
492
0
15244
504
28018
97832
301
663850
191606
0
21
677613
0
0
497
262981
0
21
186867
534763
0
5008
0
0
0
0
951
0
505432
0
534729
0
2930
0
29958
537036
0
0
0
496603
0
24936
0
0
728568
0
1307
21
1627
324
0
767596
491
5049
0
183950
0
0
875
0
9182
327
34042
19
1443
0
0
0
9
3357
403393
0
15
0
44
0
18970
0
506194
0
0
9562
426
6
0
0
0
0
0
0
2089
186424
1
4911
262620
0
235540
335
674
24
363045
153
81
0
21772
7
488180
7
1090
41
0
119456
2524
0
657378
28166
0
13918
0
0
0
3
533400
1815
71362
4323
3168
15126
1465283
0
806666
29886
56055
72
3310
0
59
0
21
62
48607
0
0
0
0
764
0
0
0
26309
1
0
0
15
783110
1252
15500
0
0
0
0
1
173881
464899
3294
185745
8882
0
506352
0
158
24971
17789
0
0
41
26602
0
9
3395
374
0
0
0
0
0
599497
8962
190
185646
0
0
0
0
7854
33
1847
16
45
8655
254299
4
502492
0
2665
0
0
3
185280
0
0
0
0
1757
910
317
4
0
413
80
1373
1965
0
33795
0
1901
0
2771
0
757343
571899
512584
0
13
0
0
0
176
2
495729
9715
20
0
0
0
0
0
0
699840
0
287
21
0
62784
1
0
21
0
158248
0
368893
3533
0
939
8
444
0
10197
0
0
0
3387
967
0
0
0
52
0
0
158
29908
56
1191
0
0
22
58
0
17
0
0
531330
859
3401
0
0
0
159
0
10737
442596
0
832
204
13
43
0
1798
2
0
0
0
26577
0
463
1
0
24876
3
185320
347
0
254242
57
533971
41819
166111
0
185329
0
2
0
0
0
0
0
0
0
0
0
35
0
1210
0
0
2
2
0
0
0
476
0
507288
0
0
0
2
665361
0
0
0
0
0
533722
0
0
0
0
0
0
0
0
0
0
0
515782
68535
0
1719
262100
1298
0
7
0
602
0
68892
29162
1922
0
0
0
0
0
797694
0
158
0
34112
26598
3771
0
0
0
0
0
505178
184947
0
1227
128
58
68803
1998
179
968
0
1271
105
0
925
100
22
7
0
59
1
0
524855
0
874
3
100
49
52
182119
2763
665
2
0
0
1183
0
914
1188
0
1001
0
0
496841
9609
1
215
0
2398
12585
0
495322
1314
2
2
0
10128
83
4696
23
13
9579
8703
18139
0
81
935
0
