3776785
6443402
7353199
4128228
5491688
5342646
5600603
3531660
5543849
5155664
6153420
4620961
1400332
5517207
8648615
194284
7612895
2873177
6664811
5604189
2965676
7779049
7867302
5144104
5302401
7490979
10969920
8095494
1897961
5460063
5126440
5335038
6075093
5851473
6721254
5062142
6477390
7177949
6599582
6243310
8228365
6123350
13743227
11556067
2953409
12261729
9245940
5969145
3291007
5078293
785293
992166
7871845
3518948
11879285
2928640
4678822
7784576
8840523
6223508
3924431
3019746
4539071
786540
