11594653
11109231
15859095
10256088
5494352
7090974
11849136
7990853
11253770
15405581
13597156
9197732
5523101
3885960
8861430
7730247
8512749
5535407
11982569
4343664
5288989
6293626
9541979
8679254
7331887
10993897
13723137
10331757
5953937
5457054
10643822
6510980
17494767
7523608
13180156
8430041
15119310
9871760
14815238
7454834
16383447
12562169
18863274
13199439
11804451
6178768
16010504
8115757
11288101
8315773
8501838
3006086
4527295
5607451
6240482
4488974
11729022
8368176
14910224
9451227
7872636
5390845
9026763
4741109
