10167410
13878360
13191521
7477377
5137153
7696559
13368818
9082591
11118781
11719314
11170157
9145826
8515089
5756002
9062220
5363311
6536212
6664655
7358105
5753361
5890870
1826004
7355248
6913897
6332115
7991910
15383802
7496115
7165066
4772722
11945483
6658184
14812964
8177152
13321372
10658850
10570367
7130803
12656516
9085151
15885463
12168993
11026770
11211664
10901682
4766228
12190830
6493572
13274968
6606160
8546835
4846470
4742095
5372835
3868092
5493647
13703986
7618202
12788716
6559027
6730889
4206517
7542658
6031097
