38
68
112
40
41
80
24
70
140
179
45
23
86
20
97
80
40
28
14
1
2
47
80
80
21
86
180
89
45
19
36
3
140
6
82
76
196
123
202
40
90
168
171
18
24
25
103
41
6
106
1
76
30
4
22
33
47
77
63
43
51
74
112
6
3
20
44
59
39
65
17
1
75
224
151
61
1
0
5
40
0
11
43
5
0
39
73
17
40
100
178
7
59
39
164
42
69
40
56
60
80
65
136
26
115
174
214
146
148
39
122
44
44
100
42
1
2
3
40
75
97
83
77
49
42
58
9
43
109
42
222
140
4
16
159
6
36
121
152
61
98
38
123
42
84
83
383
39
44
41
130
115
129
83
137
202
82
43
20
47
208
16
156
124
157
95
171
126
245
182
155
127
99
41
132
60
153
47
149
4
3
49
77
55
192
82
87
45
6
38
85
16
109
85
9
45
2
49
177
26
53
38
101
13
4
32
5
81
2
0
71
1
13
2
44
34
37
39
155
55
1
19
86
60
97
123
78
43
157
47
79
1
56
25
170
42
82
79
49
17
46
2
14
41
40
38
147
3
5
42
69
91
4
58
3
33
