3173273
7257322
6511016
3748291
6585779
5478148
5288602
4039650
6777692
5287107
5613098
5671076
1592296
4652937
6569486
1477926
6273179
3625771
6576766
5337931
3646743
5949899
4990973
6357053
4896555
5332978
6063035
6300108
3342761
4545960
4983909
6274072
6993608
5815435
7673199
4109923
6183759
5483307
5058741
5651599
7180397
4557701
7619944
7319132
2530809
8345105
8184602
5310309
3290219
4751699
2631719
1138492
5478505
4098002
7322644
3137611
5833034
7273496
7442622
5154003
4425995
2559373
6080948
1085203
