7940
55
78873
0
1568
13823
550
5020
10601
102402
1002
30090
0
4619
4056
1806
6
392
80750
306
12
1299
220
701841
17256
191
0
10146
160
2146
227257
467
458479
31
84887
466
116819
498135
346714
17686
75
892
45930
2281
9
5728
57
31669
465
1116
8
1809
526
239728
70
44
20
212012
1908
0
576
93997
3
193
6
0
4283
0
16
79459
139
98613
98
47
80081
6
0
176207
0
0
0
0
4295
0
5
228
4
13748
0
222
1
4238
0
799013
260863
0
0
0
6
16932
1118
91189
1499
194
0
79
1
78
0
8
107
9986
0
89487
7265
0
201
43298
624
1900
49704
256072
240192
0
0
243263
6
427
262678
14495
1008817
247955
21
0
34
13576
631892
85545
4466
498
12091
11493
0
26
0
381000
340
215
5860
504787
0
722488
84994
36443
3949
664495
1552
17467
265541
30372
84
0
0
79
191568
278599
28904
634
0
928
16975
268472
0
1502
5207
593
0
11
8
4296
11726
4
117
10096
275
3
0
0
3
1473
31600
70
448
0
243390
0
0
264138
365348
411
1500
435
1
1500
0
0
1804
990088
0
43295
454
78
232040
470
155
12134
49
0
33113
12
0
15
33
6389
0
11655
0
0
75
32856
289876
0
5773
49506
973926
0
0
0
0
0
0
231564
0
89170
46
402465
10593
518
1555
0
84
0
581
769
4081
84
0
0
6
1849
178
0
0
0
24
24
0
4291
0
0
994176
0
0
2
16
0
12205
163
66655
0
139
0
0
0
0
79
183106
0
31658
0
66
92
0
0
0
45
52718
25199
137
0
6
0
16
0
0
0
0
0
284
153414
20980
0
0
6
1852
0
0
0
0
0
4479
103499
14189
0
806
0
0
0
4326
8
0
12016
0
0
0
0
224401
30545
30
0
4944
17363
15906
31663
138
463
224283
1110
8
1456
65455
1718
1
0
580
65629
11621
67
232012
818
1494
347232
642
4414
0
0
4253
9
4281
8
0
0
219
0
84524
714385
444
85001
376392
0
0
0
4272
6
81076
0
245218
0
0
0
0
224422
79
2
507
0
0
0
16431
7
23
0
4535
1078
0
19486
723269
1680
172
1367
0
1547
8
12
66484
197
2
0
51965
3012
1595
715168
1
10485
962424
82410
20609
670
334500
311
78
0
0
665
89642
1
0
9
3
0
0
89642
28
3797
31610
0
9621
77
0
214
0
0
0
0
89642
0
306988
1201
22
7436
0
0
0
0
167
507
22
0
11665
75
31705
0
427
0
232589
480
0
0
1760
140
11622
162027
82650
16
229286
15899
11130
30856
234822
13108
275689
0
11
0
0
0
0
0
0
0
597
0
243698
8
4117
0
5
0
0
30925
12
630
131585
117
9242
832685
14358
0
579
11580
666105
117405
263792
0
243711
4270
0
6
8
13
0
1
0
0
0
0
0
0
28
5
83949
0
13392
0
632549
0
1147
178949
55
8
234
85330
5882
487
241859
26038
3
0
390591
475
12093
62334
1
107299
172725
0
0
68733
0
0
147
34775
111
0
81374
167
87595
92856
0
31618
0
349094
972
31721
110
368040
717222
1195505
464
9
143
119
8
5851
0
243722
4652
49718
3035
448463
0
364645
0
2050
0
0
718994
4795
38628
632134
85120
4303
222
217
36673
0
214675
104
612
108006
610
2
309279
365339
3106
122934
0
0
11789
0
85329
17467
266022
3
232493
397
47
3
30405
54
4347
252200
13602
1750
470
0
1
0
467
40011
233963
0
100
158
13572
49534
0
81542
1185851
0
8
11907
0
267205
17771
1490
143095
183
205
84834
55
24478
698225
5
6292
690124
2342
525
525
215
100732
1107
44792
23159
207094
4160
381791
41639
2
0
3965
0
238
1501
0
1
21940
17259
236227
27839
614
0
215
582
10
4283
0
0
0
0
611
23
3
0
4893
0
0
6569
10
0
0
88
75027
0
42804
75
0
2
101
9
26
0
0
0
40192
8
192972
85339
175
13165
4088
2
83430
0
238440
12413
1111051
2097
10984
0
220928
0
3
0
1507
0
0
720
12071
0
31600
0
0
6213
416
27
84
3
8
0
442
20
0
0
6
6
0
243683
79
204
0
0
11620
0
0
0
8
0
1
318367
236437
1044
244675
454
31769
89637
0
0
49815
0
1504
0
0
102
411
22
0
3
0
0
1
0
3
0
0
1501
6
0
0
0
72344
0
28
23594
22
1290
517
0
0
10046
990178
1771
3
0
0
0
0
0
0
43372
429
994
240809
0
0
0
279
79
79
7
507319
149669
1251
0
172
20
300
1
84736
5
0
0
12134
0
1987
0
12
0
28
0
0
79
36069
87
1580
20434
674
0
35
0
0
0
0
0
0
13
2
55996
67
0
23192
0
0
6387
11435
44
20
0
15930
1364
2
0
963370
0
0
8
26
0
0
0
5
0
1
1294
717230
79
1175
103
43335
0
11937
75385
3
212782
0
0
0
0
155
6298
4286
79
31050
0
224575
0
28
945327
31008
8
0
0
0
0
0
0
0
0
0
0
1519
0
35887
0
10361
0
0
0
0
0
27
0
880
1
0
0
0
232018
45404
0
0
2
0
0
149
89169
0
5
41
0
31723
715
86987
285045
148
9937
0
10408
0
0
513
0
163
2094
0
681
714705
0
6
0
359224
1792
88351
9
79
0
0
0
573
422
99
173
2
750
35
0
29854
1240
4755
0
9
0
672
0
0
1608
4547
0
81508
630
188
25
223941
2366
128
7
1
0
1917
2
0
100240
1594
0
0
12600
4235
313609
0
91180
79
86
5
11739
540
0
25750
13786
0
57
0
628650
353013
264834
3
157
0
14
4298
8
219
0
0
0
0
0
0
0
0
0
11
31618
996279
0
0
0
86
4361
1335
0
29
718881
0
0
0
199
31721
0
0
16
0
0
1311
0
0
0
12105
0
25
12598
1490
14
66142
599
347870
12
0
127
445
1
76667
0
0
147
2967
21729
4
2564
3159
10683
26
0
0
0
3724
0
218
0
469
0
1
91
0
0
179485
5
51385
0
0
597
0
31124
89408
11593
35944
26
0
0
0
84077
75
0
420
0
73506
57819
31610
89
116651
154
1366229
523
243721
1131
365659
1125
632107
667
13
660
126564
1
233371
49
13459
1
236453
51195
0
0
4288
24873
690754
60
24566
674
0
147
27494
0
0
0
4885
2420
63290
0
0
0
193641
22
1351285
48
0
0
0
0
0
6
0
0
0
232436
454
0
6
0
0
0
0
3
0
0
0
0
0
279
151402
281
1
0
0
79
20708
35
0
0
0
0
0
0
0
0
13
11796
296
0
19
144304
2163
0
0
0
1
0
924
0
2
0
0
125
0
0
685
8
4282
0
598
0
29894
600
4543
174
223896
0
101855
0
78
5
18353
84
0
8
0
0
0
0
4291
201
31721
5
0
13691
0
0
8
24965
13367
3733
0
0
0
0
15880
53
0
0
397533
244699
2
232436
0
0
48
27582
0
0
11988
0
6
232426
0
0
0
0
79
0
0
12033
146019
0
0
16
87
0
224139
177
4448
0
31132
24
4277
0
24
1631
53
25
416
76
289
0
4366
663
0
1
1
1503
2990
16399
143
568
45232
11791
539
0
22127
34400
0
0
138
7369
57
538
2567
22
185
12821
31358
227666
12188
0
66
414
16161
1913
11442
1
0
0
157
1301
13371
216
296514
93
0
1712
31593
228598
1
0
0
154
0
0
0
0
0
730
84666
0
7287
0
65265
7
13469
34
36
9
0
3
0
1117
0
0
364664
998784
621
0
2
219
90591
0
0
166
0
5
0
360262
159
30940
646
408
4283
0
408
231665
63967
115
80
0
0
0
0
0
2190
31765
4244
0
912
1
1407
2
15495
4571
0
0
0
8
998187
0
0
0
11660
0
0
0
79
0
0
0
219
0
0
0
0
0
0
0
86462
0
0
1
630706
86482
8
846
29
727620
85158
0
31671
0
140537
0
33455
334261
92
0
519
0
73
0
1
8
0
74
950614
0
4508
0
31512
70
4135
5669
23541
220928
2509
16
123860
7
67
0
0
10220
0
3868
470432
114
1496
76
0
973
0
0
0
0
0
17044
85
0
0
632108
0
0
225322
0
17
0
78
0
85129
0
586
0
16
153
6
85053
662
8
6
0
11015
0
144
7192
4
0
0
0
1
0
5784
12601
64734
1640
2
8
6
0
1757
125
915684
1526
33
0
0
241
74284
3541
4305
2682
0
0
9
1017
0
0
0
0
0
345
1361
17148
0
721454
214
2276
301
3
1048
1363
1316
0
0
161
4302
2
37364
0
0
2
687
364642
32370
85290
1000000
1031
629
0
2
0
169
0
0
0
63034
0
2
2341
12
5
0
397
1193
3
84737
577113
0
0
23
0
197
1741
50397
4292
5
662
6
3904
580
1
1595
0
84
1263
262
713552
0
1
8
0
364703
44056
1
5645
12362
1462
973423
219
81054
1265
0
112631
19409
3866
23
18888
1517
15556
2013
944936
363995
338708
82740
725
0
4357
306
84985
29927
36
97465
40
3
1
249588
754
376952
49618
7170
715
0
675
0
520
218266
250
450546
433
1
151
0
0
0
0
0
0
0
0
0
8
5
3
0
0
0
0
85452
0
61
2067
735088
0
709
365383
232966
27
4381
32
301233
4369
3697
8
31721
79
32477
263666
887
84952
1
0
0
0
8
11615
10664
4517
683
0
48
0
380
15333
52
0
3
4339
3222
364674
0
30493
0
0
0
0
0
0
0
0
0
0
8
214
0
118810
0
5
1000000
89642
155
59
200
444
0
0
306497
47
0
1158
11660
56
0
0
11445
237
0
0
427
6722
0
0
0
0
0
0
0
0
0
0
79
0
0
0
0
0
332
100763
5
0
0
141
0
8508
22
1
218
31657
0
0
4
674
78
8
11586
0
19
0
56
0
6
5
1
31699
0
0
0
0
454
0
0
1
1
0
0
0
243641
1550
85454
21
85327
0
480
0
0
0
0
0
0
1
0
0
0
1
54761
638272
0
0
1501
96782
113
8
11499
2
91494
811
69208
0
96
189
141796
117
0
276350
725837
0
0
0
314426
0
0
35
4298
11572
11103
0
31729
1
30720
0
85262
98
823
351550
34268
8632
3
8705
5327
0
30849
317237
12007
1115
80475
2059
281641
231655
4048
3
1295
8
0
0
85080
8
85249
0
0
525
631410
0
236268
1622
62
31186
300
0
0
69
8
0
22361
0
0
1
0
0
8
0
0
6
599
3
4343
10
1518
0
0
5
952909
243698
0
0
35
8
0
35970
45740
225
84537
0
1501
0
0
0
63
31454
0
75
0
0
15572
0
4609
8
30725
3730
2220
2054
11311
154
66
12954
76332
754
218885
17518
78879
4523
48331
22487
534
13
2
222735
227223
346295
37461
7326
2282
235693
209380
93009
4283
80053
71
177870
8
0
3
0
0
0
79
0
7530
6
36898
1
1049697
45
635420
23094
31973
90302
86898
1778
10
501506
240880
5014
8
114
0
3
243295
410
3425
990083
43302
5077
0
6393
4
81073
31040
0
320161
320846
1555
1165
514
179
32
275295
2
132
0
87901
0
0
0
0
0
347
547
0
119897
214
31
0
223
16788
24
0
580
77
0
5
0
0
0
0
7316
224819
2
0
1796
632280
1195
65076
1529
716114
2004
334578
671
1
0
31666
0
0
308773
0
0
0
0
0
13136
47
222
0
0
0
4114
12
620064
485
2526
11903
1
0
0
5
1144
84
11336
85149
23
174215
3351
81691
97702
224
1814
6
0
0
0
176
43391
2
0
16
4
97119
0
79
260459
474
40621
13574
1079982
513
1469
84629
690589
2170
48305
273188
3986
92
33243
604
4293
655
0
10
0
0
26
30172
98969
87588
11230
232367
9
11401
0
458
22
0
584
11620
0
60536
5
49551
102
1
0
4
6
96567
25
11945
3
77
171772
1
275365
524
5
3
0
0
79
583
0
56635
31
11484
17347
951695
34
5
717226
5
12254
0
4433
64159
129
0
0
1582
46625
0
27
459
46768
148
0
3233
2
0
163
6
81058
79
115
5
167
0
1660
83722
2415
70
1628
12204
91180
124
21511
1246394
186
226
0
0
33724
4682
715950
0
0
1306
0
644
348464
2
78331
3295
650
0
252
0
0
31721
89430
84077
9
132289
1085753
366469
633437
129026
13550
4298
703767
150
7425
2
1502738
0
0
464
6
0
0
1
8
0
0
66
84
1
962
113
603
30505
0
5
8
0
0
0
5851
0
0
365805
0
0
232016
3
11703
87
0
4140
657
509
85
2265
38737
9318
7192
2167
2348
126
27726
1
224418
225766
0
0
0
125
367
488
1128869
2
0
214
5
4275
52979
0
1
1962
293
0
218
0
0
0
1794
1
714661
31612
5250
0
8
948902
225
17515
47736
10712
230293
1892
0
17299
632107
17
85128
18
421
11050
154
0
4302
1
895624
255
80836
3
0
1
216
2
1347
40300
667
33119
2
78
0
9
298384
0
174
433
1
0
9
42152
11936
77
1031
42997
447489
89270
107433
882
366616
417
485763
151
0
7
5
85457
735136
233078
307532
31732
349544
0
16125
652
847
367649
30535
0
0
120872
5
863
55
11716
2
0
0
0
0
0
100963
8247
31664
712
0
0
0
0
28
1
11636
85328
0
0
5807
11660
0
0
62124
265955
167
0
55
0
0
0
432
232063
2274
0
85252
397
31261
77
22889
0
5
0
1717
35
30352
84561
0
5
265
2302
226
136
8835
222949
229420
3267
250295
3
79
23276
766455
84733
3
0
991998
50201
106956
641912
275508
121
0
887
122053
250
0
0
232089
8
0
0
11
0
23
4130
1872
6
11375
81988
101197
168
39470
11691
257293
996347
37545
693
4948
8
0
0
0
1
104
1848
81
87
661
13
950191
152
55
7901
48684
3348
81
123
38
12204
4266
580
0
16
83207
22
143092
1126480
159
2
0
0
0
31048
5
0
0
87
0
361
7424
12982
125
380
0
51321
218
1793
31553
948930
232036
17559
434
0
897600
0
1369
90
84834
42187
11809
89408
365905
183
0
0
364904
658
11717
0
129794
0
5
0
0
219
0
0
54787
1749
84595
2423
227942
8435
752773
1028066
514
242
1890
4157
94692
97840
980066
708
1849
20
932357
93
12237
198
84816
55
0
189
51094
1765
653
880144
83604
358857
12385
1020
163
114114
989678
4197
190834
19589
13877
1021
25610
14107
68761
21675
31993
30256
5664
5052
57670
19449
743
83650
211223
1
4148
4876
4226
11662
240548
360289
62339
2388
31446
0
973546
2573
633
0
5
364510
0
339160
84534
195
247477
213769
82792
47254
648
78
0
0
8
146
0
4235
17
23
78
10446
5
203
0
4302
0
5
86912
43249
284684
211
11751
0
355179
0
21911
0
105488
23969
33972
231339
308862
0
22
855
262818
11
0
472
0
1
0
0
0
0
231638
1222584
1210
42
2932
560
26914
704802
623080
634
0
13455
259
54793
1694
10591
210
2
365181
50
0
1
0
0
0
0
4348
228801
13114
93572
0
23
85028
3
6
416
306
12
3
0
440044
34569
198987
0
322386
0
92
128278
171989
237759
0
45830
433
0
0
649
0
0
0
150
6525
0
11
0
0
2
0
0
0
0
0
0
0
8
0
26
57
147
31624
8
11656
31719
0
0
8
4223
0
41373
0
53
70
2
8
21
10
0
4501
78
78
1502
0
8688
0
1508
0
5
192
0
85309
0
9
0
26
0
4302
0
0
0
0
0
0
0
0
0
0
5
10169
85270
29964
87042
223
0
31604
11499
357790
31
264930
6303
6
0
87309
204
481
4302
717164
25104
0
0
13165
0
354250
0
5439
11
364719
655
10
0
10024
8
95050
244528
0
27
0
0
343217
17
7292
214
4277
0
31733
0
61020
70
1087497
307857
220099
0
4851
231355
1860
0
321203
3
0
8
0
0
31724
0
220009
32122
18
0
530
396
557
0
862
295715
0
31607
0
232070
2078
629520
4287
847
472
84952
0
0
1
0
0
0
0
677
0
0
0
638
11383
0
0
0
0
0
8
0
31600
0
0
0
0
11615
8880
15
465123
0
991297
4515
6009
236584
223900
1017
1618
161
0
3
65
1
65
18
881
2539
4458
516
3
26
49
14857
12396
0
0
688906
27887
2156
82099
530246
11296
40
1115
57
20
0
0
0
3
0
4275
86
5
44580
349
2779
0
199
89333
32148
54097
243228
79
5
2125
0
232776
16117
5189
30772
79
0
209
4
0
16099
2
1547
78
628371
3
0
0
0
33104
0
11620
0
0
0
0
2
0
1
0
0
0
0
0
0
0
0
0
0
8
0
0
0
0
0
4348
597
9
0
254726
40975
224501
56545
1
243630
5911
9
4289
0
203047
4277
244095
0
580
0
24
0
458
0
50438
1893
1064145
246
89637
3
89650
0
6
155
0
0
523
58
232873
0
18578
30989
233039
11
0
443
9
4
1479
0
25
3
0
0
0
0
181034
0
258853
305996
98528
0
0
0
0
411
913679
0
0
24
1105
0
394
0
320630
11852
0
0
3
59
178
0
0
0
6
8
128261
0
13311
453
80179
93582
0
0
237759
215
0
0
3
0
107
44306
0
7
0
0
1944
17
1498
4
6447
22
0
6
0
0
8
474
728
0
0
0
0
0
0
0
0
0
0
0
71950
0
0
172
84881
0
2051
28
4504
79
0
0
23409
3
11
22
0
0
1290
0
0
0
593
2
158
0
0
0
1
0
0
0
0
0
0
0
9981
0
512
714697
364133
0
0
18
1929
0
5
636
136
1
0
318362
87
12156
0
0
4
0
0
0
8
0
6
0
0
0
0
27
12
571
0
56
6
4
464
13
51456
0
22
0
421
31614
272
495
8
455
238451
218
12106
43
0
63292
31800
0
0
0
0
3
0
0
0
0
0
5
284
0
13
0
4291
644
0
78
79
0
4288
14114
33055
0
11584
507272
27708
48
0
0
147874
16
0
90
1046
272
0
38
534
0
136
35
179
61
1
1
529
19
154
0
84689
7
1528
94
0
0
89079
0
158
1
78
0
34001
0
0
0
0
78
0
0
0
1502
29
0
294953
520
74
77
0
8342
5
0
1829
501
0
93
1
1352
0
6
146
6
5
1
1
1
10057
0
12
0
0
3
567
0
0
2
0
85304
0
79
0
0
274864
23
4489
1114
580
0
0
1635
12957
81629
19908
919948
5
78
20238
17799
4964
0
95668
0
0
0
0
0
2
244606
35
0
0
0
7
0
0
0
0
0
0
0
0
0
0
0
0
0
0
0
0
0
0
0
0
0
8
0
6
0
0
0
2
0
0
0
55386
1
2
1572
64
8596
0
0
1
85269
22926
1007
53191
32359
3101
85090
434
868928
224
0
0
0
6
5798
583
0
43032
1501
0
0
15798
22
713
91799
7030
486
35117
313852
0
8
0
32
275729
703
15908
11
8
226
5557
1960
512
89654
0
9
225
2
580
0
406
69403
1054200
32333
0
0
204
0
481
0
76
18
162
0
4304
29
54935
86593
734900
11477
45
30252
29164
11428
0
42574
0
0
540
275810
0
0
13173
717230
4294
4308
0
1
0
0
649
1
348441
4913
717225
0
6
0
89413
718508
82
313503
6
0
0
83
0
0
365848
0
657
1
113
22
0
43314
4280
48
0
0
0
11567
22725
19
11094
4
74979
0
58
0
241
0
42935
83509
455694
0
0
0
30629
0
56
0
0
0
11660
0
0
0
0
85256
0
0
0
98
231254
15683
80
185622
275540
124161
230542
17
41
15955
29698
2
0
2
12772
271
4271
3438
9
31024
0
7490
1106
0
234451
17499
1648
7051
0
13
0
0
317283
1157
5325
224387
100
50832
1297131
813
1017920
27976
76256
16148
82007
337
225083
1569
408
1575
296351
0
8
0
0
33548
4495
0
0
280821
231240
0
230891
861
978348
15348
5322
7
0
0
0
3
11339
309537
17
85
0
0
11
0
0
0
0
0
0
7
4511
0
1460
85303
9
0
0
0
7
70
152788
0
57
0
0
0
11660
0
3086
0
13325
219070
921
0
31721
10
6325
0
634384
0
0
0
0
0
0
0
232107
5319
224856
0
841
4443
34
63
122
538
0
31164
8
58
540
140
3
17543
263271
33054
0
2
0
0
0
0
597
31067
0
68
0
0
0
8
0
232998
232435
0
0
0
2082
65953
715843
0
0
3
86
0
4208
0
0
27
1170
4
0
561
0
0
0
84903
208
0
0
0
157
0
0
0
89165
176
1
0
0
0
6
0
11
0
0
227
43
31721
3
0
0
0
0
11606
27847
0
77
614
177
511
84544
1622
0
2396
0
0
284478
0
0
1
146
2
9912
603
1
0
775
578
947420
17901
10379
0
244128
7
0
0
0
0
0
0
0
0
0
0
2577
9
1
0
0
8
13
1
0
160
513
0
37615
0
0
0
31665
45761
42612
0
1
1
8
715937
84656
0
0
0
0
0
1503
0
0
6
0
11633
0
0
89292
274808
79
4454
3621
0
1722
14
456682
86955
10489
142
0
31528
0
1
993228
0
11
0
0
4510
233
70
0
11660
6220
7
9285
0
232028
228139
528
61
16317
612
0
56
0
1367
140
86326
7
403
89
159
0
173
0
8
31351
0
3698
10
187
515
1
20
2396
445
0
0
2062
1
3
68
160
41755
1392
0
2
18
701
3756
1053
66
1863
223
12109
232895
4725
11
80573
79
632
70
542
49
796
0
81
231599
4598
26
12920
1
