293314
1199603
1637286
7453
907209
1486353
1394164
1405276
623964
925509
1942517
1467113
1665182
171286
1740654
373789
535062
2358787
514067
801216
2069838
589970
1238581
1443374
1282756
1134000
3735247
253163
73418
1048547
2334768
1358591
397266
1743111
2183644
2114862
1548979
1390439
1943785
2402692
1510718
3290657
1655461
546852
1489068
917042
1397766
1577466
1499485
1146793
527360
548140
534444
891098
353933
742146
809602
2381365
1257396
850705
1055148
1
1223711
71885
534281
183950
2301329
811257
1823903
1234007
1485570
1131554
1866422
2284661
1370860
808622
615814
25070
1350033
186246
1832031
1995299
887917
351981
1732045
135556
369102
679704
183640
1711672
1208635
28262
2041579
19697
2069182
1579228
603787
1056857
1217652
820742
1232220
354736
801516
809026
2314699
4006537
3158769
122688
240973
69241
940709
54300
1520415
2079299
1789543
31506
1020509
1130961
5396
1178242
2286079
261555
2694274
1398145
534516
908517
2433857
1518648
1374389
1732289
744802
758591
1043508
1494529
2224339
1691225
2567391
1605980
2387309
2320075
1261377
2229894
2212629
1267736
1286031
1112592
3415259
1029587
1217892
2002128
1180505
2054468
1392811
263269
3678953
970939
2262743
1767357
1394104
1733403
2595378
3339249
2073825
1780234
1925183
2884018
3381808
2491892
5507338
907457
4426932
2052708
1157546
100056
2178270
495238
2335645
76287
1036410
2525
68887
927
802449
732493
2365645
334553
2425848
516769
251761
705350
1091125
863786
948420
2086479
301253
2387266
443361
1134228
1315391
600170
595885
2489697
1322694
796873
188185
99359
15072
530242
185979
221592
1534901
336
57789
195526
354421
1545763
843836
98846
996714
63845
1047569
506472
853354
736798
1041368
327723
3418767
2270398
2162223
1848251
187961
1455906
480677
2491769
3683366
1220476
576114
519943
1152896
795577
381010
198466
1857463
255528
323104
135192
849903
498377
1621552
2691431
1511663
297148
856470
204445
1385952
404067
