3449512
8978387
6070941
3137940
5829818
5273073
6673103
4939354
5696584
4677076
6508547
4743782
1461227
3555176
4877767
779385
6361221
3005513
6205004
3763730
3884477
5193216
4694761
6800233
5740215
7070467
6206878
5164796
3769808
4177818
6254218
5710512
7879729
5766073
6938795
3519064
5382935
5861922
5156339
5641497
7502084
3562680
7377214
7291584
1528372
8620425
7496866
4154887
3195740
5016631
2452973
294228
4295726
4308074
7731787
2566780
5210778
6790367
5701684
4661743
4233461
2604553
3784749
1037293
