5
36
13
5
0
212
17
41
49
130
323
115
27
23
0
177
23
295
12
243
9
10
221
228
212
426
231
2
14
233
30
7
111
189
191
41
94
63
66
33
68
624
72
23
15
474
21
184
16
508
88
116
0
0
0
228
2
127
378
0
0
2
192
1
0
66
26
72
103
10
458
275
14
0
0
21
16
0
306
243
280
4
9
9
0
3
180
32
17
267
403
9
94
2
499
78
154
2
4
305
9
164
35
299
92
458
604
31
0
1
198
11
0
5
22
12
2
433
25
53
274
1
467
11
190
7
22
27
31
27
47
25
266
0
0
450
11
179
301
302
0
0
144
67
94
27
303
0
54
6
228
138
267
1
443
1
311
31
13
209
157
52
45
282
428
110
280
139
179
5
109
286
242
3
6
15
296
0
175
10
26
0
344
105
72
21
147
2
190
2
318
362
27
393
221
5
215
312
68
25
73
75
10
1
88
0
0
95
0
7
5
0
46
0
63
294
0
33
192
11
2
0
129
231
437
9
73
116
322
43
185
138
706
9
105
197
10
3
0
14
224
0
369
1
4
63
0
1
251
25
69
1
2
21
12
195
0
0
22
2
65
9
289
0
2
50
284
335
0
1
199
12
16
276
9
103
224
2
178
13
1
0
266
195
2
3
275
215
13
255
0
90
228
48
14
5
227
65
69
1
158
3
75
11
196
67
27
0
1
0
10
0
22
338
192
13
214
63
0
182
0
0
280
0
276
2
7
7
260
50
1
1
189
1
44
22
0
1
232
200
9
1
3
2
1
193
3
0
85
1
17
4
69
201
10
1
383
62
331
1
195
28
392
1
12
0
1
2
307
390
76
99
0
3
22
2
348
240
300
10
4
6
103
46
352
63
28
183
1
200
108
0
1
291
21
2
27
65
223
22
166
9
2
474
63
64
97
2
0
0
16
371
74
0
299
1
3
350
92
273
79
478
515
573
470
12
322
417
35
21
12
0
54
0
207
0
0
25
182
0
112
232
194
41
11
2
13
1
9
34
66
535
12
83
315
4
0
73
35
309
3
10
27
85
2
217
295
0
2
3
184
274
0
25
23
0
1
0
61
184
6
174
556
71
1
293
17
3
28
596
442
5
73
185
12
38
70
9
88
361
5
126
299
13
43
272
5
28
40
47
0
36
12
228
442
219
21
42
339
37
92
16
174
180
107
205
241
6
122
266
5
4
0
182
16
339
251
19
385
9
0
272
446
1
2
264
299
6
95
67
291
191
156
259
239
217
296
0
82
307
390
35
43
1
1
405
226
134
406
224
269
4
295
2
70
22
1
299
340
140
24
189
0
26
12
243
131
226
84
10
210
192
0
283
7
47
402
10
14
70
201
140
26
4
446
22
85
58
399
107
21
31
55
1
1
64
290
765
129
33
199
206
383
14
336
17
319
8
512
22
0
192
5
8
303
182
133
195
218
51
318
70
92
338
128
262
448
271
7
101
287
0
420
103
454
265
219
13
295
0
217
245
2
139
101
56
755
229
202
507
184
304
598
317
250
319
15
9
53
184
390
180
186
85
344
111
535
0
492
75
101
22
0
20
46
71
730
185
97
1
0
10
33
20
155
629
13
92
1
72
1
24
5
286
191
65
22
0
10
12
22
183
2
2
20
24
0
3
282
181
64
42
3
1
170
3
70
5
628
256
6
232
179
22
31
6
396
7
0
0
82
1
17
4
225
0
7
2
4
1
24
12
284
79
11
9
352
16
44
7
140
1
487
205
227
207
389
62
7
65
595
0
73
0
3
10
9
215
70
22
281
94
2
65
310
5
23
6
3
23
8
10
10
74
10
249
341
337
86
12
202
26
12
0
67
370
44
12
1
66
10
0
0
0
206
0
181
10
85
1
84
25
23
0
25
0
3
216
0
188
72
6
230
2
1
0
5
2
0
4
64
0
23
1
0
3
63
183
184
2
251
2
297
21
6
0
280
0
206
1
22
10
144
395
100
3
51
0
1
0
2
3
0
6
0
5
1
0
183
65
4
106
201
235
5
1
201
280
297
17
2
75
114
0
557
75
263
383
22
598
84
35
303
191
13
22
6
183
47
333
190
64
4
201
94
189
2
84
62
394
13
369
10
6
293
302
449
64
225
206
69
3
461
49
47
23
66
12
183
2
0
2
50
1
2
40
46
0
38
6
3
70
226
36
9
1
0
3
24
503
93
74
10
0
360
4
24
0
8
6
0
0
187
2
4
0
366
1
5
5
1
25
286
10
24
296
201
1
78
207
76
0
2
375
67
0
1
39
26
0
14
12
22
0
69
21
300
178
96
0
1
36
210
24
