4457526
3445493
6605961
4256128
1510718
1590153
3569545
2437441
3952615
5371095
4498841
3795248
3321393
1857871
3829264
1288287
2847133
941553
4833611
587883
2385410
528131
1983032
3431341
1704658
2508352
5428612
3021126
2939758
1626025
2926933
2437175
7937384
2375094
4302426
2489713
4401876
3517878
4644655
1935772
6225393
5056530
5947381
3459880
4056272
1669561
5303438
2269992
3544703
2360651
1899043
2977383
924483
1703025
2481018
2139265
5332827
1595847
4838559
3043322
1110412
2103187
2778404
2437017
