1023191
1256448
1802028
838000
1122120
4252861
2319233
2113924
1732582
1878920
3172279
4140066
1001597
3089532
2088206
202006
2840315
4769036
1705034
1365088
2046918
1891705
2498218
3214219
2029994
1395253
932368
3084399
208967
2709486
1700766
622187
2464494
1444410
2426909
2186524
1483673
2005186
2144626
2311404
1907323
799896
1901285
4472126
1585979
4304650
1199984
2043850
772101
1524711
626826
106113
2852650
1462919
2063207
753179
2609919
1534052
3393980
1643424
354492
446136
1419841
232863
2205439
3432215
1939796
1366490
2890456
2633640
2087957
736108
2054889
2662857
2062994
1050225
670294
1916650
3946923
590589
725044
944869
2425279
1215322
590951
1364755
3316237
2801717
819724
2899392
3580539
2016916
1187068
952369
1283832
5927410
2608977
1104417
2288751
523131
2543278
1642808
2559428
1170245
3433785
656115
2744803
3077907
1876015
3331835
3134663
1213896
1095956
2345895
1771645
254447
1358220
812000
2388156
1288249
510605
3336123
1922920
920498
3382129
1353450
2747135
1148653
864816
2265944
5247457
2634156
2659395
1178580
1597405
1940127
3791603
2499476
2513280
1838070
1148487
1604766
2376224
1439638
3891932
1015550
947610
1937503
1842933
2252935
2866788
2047774
2858996
1370082
1928522
489065
3233759
1199706
2603596
924323
3139686
1339943
4153545
2863833
866584
1983316
889897
2638131
3902008
3076911
3340249
2786130
1980482
1542638
6711926
2296319
2724246
1817023
2040928
298665
3758970
1816667
4277737
1699909
4592325
2603946
3565767
1289586
1390702
1861735
3560273
622523
827724
1880289
1949550
1548769
4013905
1621074
1441189
458961
948546
916427
1356781
2111847
215133
529120
777607
225219
1495291
1630237
2764510
2609589
838367
2580601
646165
1342372
826004
2258353
3487156
3988778
852177
989535
1108361
1208321
2815593
3492157
1776347
1006269
2902956
3392520
1057022
1848508
2263366
1851918
5142474
2215951
1471088
2394651
1028548
1885315
1630965
1852526
899615
1089036
536310
1335583
1838375
434830
1399106
1753831
2618028
2929382
455735
486658
976245
391173
