115758
889840
80736
14362
1475
1686070
5607
2844
198798
74293
502533
9377
1426
750498
2645
1490
70131
751261
130
947
4188
1513467
1465987
1627878
776197
802382
10463
10756
4
880679
1208
40514
797767
690079
198283
478155
922
27986
66865
757688
16333
10023
564427
1064538
78992
1196122
501347
211132
4
767171
97
0
839424
643386
1539439
199585
1785
1090
840140
68684
1513
395
56
6
1388974
480021
83216
774089
1648928
2212106
775488
194
539921
26
796047
1603
347
692603
806357
6
403
757508
769251
83111
3361
110675
663966
1477405
27610
1455417
767864
686368
16956
2875
860959
1551469
424
584
1461215
35
42
6551
801424
4227
13728
78960
10872
774121
68980
792185
781209
768450
12
11434
81
0
100714
68185
783223
708781
2
776836
69535
33
1658
1052
520
38237
7048
910908
80360
68327
36962
693441
1384
83158
800256
199434
68936
1371847
763072
3876
1359726
4377
5109
66838
226975
1166315
1170251
2613
206404
416
140861
843551
4338
12951
284056
776908
893384
68534
1267486
14775
22711
305
369
175
1489
715682
72785
1355049
88924
17550
74367
691557
2016566
490251
771767
1071
83401
2397
84430
856644
341457
89618
766277
69172
582446
367
12064
694243
1395746
676758
768173
1240
411
52
1655
42
768849
282
1926
68076
688559
66729
1
3
11
4233
1
66732
841838
1682080
11475
566003
71
758568
260
1541631
72459
20788
1397
202742
123
692043
696617
2016387
1834
4793
118
1390790
68664
45025
728047
260179
82551
771037
1261
73241
1692
843744
211260
56
878
55
552339
3
1241
4063
8
223
51290
691368
3714
2073
1487
94
108193
684425
684123
735296
44
1255885
766101
775620
690952
83316
143967
84162
0
509652
774559
30
140
2307955
103612
4259
827876
734074
780355
2778
684317
2005
89839
842327
0
706641
141
760
227043
38747
863674
8455
1240083
183724
18727
778424
4491
1748
84753
1485656
5327
15002
3067
1173344
703194
573
3
1
990656
691329
1024
1314
765503
1427334
959317
69834
210210
479722
44
4803
69479
265
11225
494775
1
430
758354
564
120628
740847
770946
7190
505465
213348
81633
3653
66678
1410
4995
496703
11193
65799
59584
1198203
672025
754739
756648
769249
743721
62389
77661
1949215
682808
3403
2588
11324
765049
944273
1392685
673
847336
16149
764988
780035
13949
771572
75050
686279
8480
694042
752605
8419
25
62690
1676
688495
1550
67731
862252
80273
1584616
860744
1576611
807816
3644
1533
1482400
71718
32
4000
2201
78423
686160
777370
703799
4652
66688
13477
4992
2635
1606676
2806
13720
201
5860
754160
16799
867288
1506490
2
1374343
137257
774286
265
5158
723
82680
255
859365
1463639
664
92988
2149
1705
460175
739273
502133
9104
706602
5175
1786904
9165
148672
69456
81348
2249
2356089
1430
69998
2749
872047
771293
909
777170
13251
1452918
0
69232
1732
13445
709471
207657
2242339
1563
10097
833
691378
67314
64442
783862
0
2353
5393
1992
65481
147
739389
197476
10933
663
66422
284561
81757
692881
5868
781235
707898
427
690229
1916
223068
469769
35304
1664
1705704
775711
9911
143
821282
116438
815569
87
12690
174275
4412
174
68341
877962
702807
695384
4151
10159
862765
223279
1481672
659
205
785761
4649
543740
103885
652638
210002
16967
11383
4420
68927
1353734
9843
143289
797121
694070
778033
909113
765732
982903
68346
394
1172875
36206
1164548
800001
743
6393
690834
692692
754
6302
698372
778407
9855
72758
844686
81
40867
86023
682814
1575296
224344
676586
848852
408009
1279455
2647
141366
709645
1331
72950
846136
685058
66679
2271
825206
4247
760700
278
91983
693078
1259716
72098
42186
773107
476
76614
737607
1532
72699
2313055
756583
2307
239
69635
68484
706770
295860
7510
5187
10229
227
1602
1486561
478751
507100
597
815049
212930
3853
676109
741277
126464
510
878228
790102
23748
698651
224
6453
963028
871286
2027
706711
75133
777015
344
133721
171
688085
2205
72550
757190
67065
66735
1444
84117
208032
1549353
848900
1309
4415
9324
776849
582
36795
1564719
754807
110895
68519
235755
2016
457217
4515
663638
774288
900470
472304
1371
702241
4882
85420
616827
856226
228777
409
836932
782373
728889
762
705388
3543
0
78606
89524
4420
868279
2853
66362
721
68641
772675
414
1428530
694098
236133
479412
510165
779301
694824
752665
67494
2056422
1279901
127233
529328
268015
179067
12360
571240
858655
253996
706919
3067
117
7716
168
15723
697023
2326363
837945
1945110
69592
796530
4867
776233
489049
6797
1011714
3073
837427
1543059
1237
899
1586
72984
11561
699164
77474
859
2749
256
901
784234
775993
800260
87762
4254
763936
94254
82408
4926
4551
282730
1712403
11120
5252
150534
689844
928936
1610332
1349245
143879
699896
106148
1846
875967
213635
8648
1611465
704390
310
776982
72999
1154
772706
22289
23723
4129
729
770862
694156
686392
270
916726
1461117
702790
540182
5042
667892
23564
666778
103205
8761
1982
752245
319939
21228
659
477414
1800
230951
985389
149
978847
66150
56
1483223
1541749
69312
694116
777649
1821
203
109296
1096
143
79058
779382
1668
831
426
112
1015
97
695830
69168
884
491847
67257
78796
5178
703305
743870
12993
773037
88192
67878
709422
0
860
0
0
15
1125
2736
2328
692720
4094
179
8319
50
964
5190
1027
680890
4319
151446
13073
766975
63747
16321
15
181539
1495720
4468
1177720
197735
776772
847566
212369
1564
0
50419
11367
552282
482208
1488167
31469
160
14528
93972
66660
4318
687521
66838
366960
4972
78643
1600
1301
81298
693146
690325
775711
856828
194
862369
196662
151810
799882
1563720
64
715787
14
5531
10
897343
222514
4
2422
691458
82335
67084
350
689767
2834
689226
2912
228971
1
841594
776921
2664334
691850
778013
760978
813298
564484
504378
308
68253
691891
19
80389
1532109
70113
74549
800651
774276
701495
1465096
104592
4953
1337
140703
550
776603
13590
140270
180
756903
686365
395141
105542
13836
195055
67478
122019
192469
1350080
1084437
1326941
5166
11540
805020
708633
684961
769506
693359
4
123
86610
1577568
67366
68025
6367
9908
4366
1004
183
908938
1801
4029
68088
982601
96
1446
886578
79874
336
1
491859
13259
710485
0
1100
699652
105
13
4410
477993
76089
36691
1223573
14573
229
1305
1466
1558215
114
61404
913866
618
937
1
798728
496441
690268
71729
772838
67129
9510
181185
13124
1444738
54846
2133777
707169
9617
66859
2532
67973
488196
1289
1343
494078
2967
63221
503711
3615
181387
737734
11484
10897
653627
36751
