1085953
1797865
3669376
252193
1047420
1607115
348233
1961873
2763164
4223849
2187501
1437551
1843516
150912
1802620
1778968
948388
755875
308870
105504
68386
242160
817026
2471774
313089
1501876
3188111
2027537
2290232
716838
1836393
283448
2803158
1177900
1806739
1031533
2578382
1884383
5137645
1584263
2233498
4085825
3609417
864372
939323
573734
2854144
155146
41105
1155668
84318
1658736
756192
276657
666121
464433
930881
1863422
2048002
306533
1187132
980709
1993269
12511
53747
1041603
1693299
1000858
902748
770812
211481
921967
2556172
3746083
1642377
1908001
10790
780396
584053
186546
9461
508285
983632
195144
42749
45390
72738
239725
973820
2132396
1814974
422922
1045344
884943
2796621
1586009
3463369
907079
281516
695007
1867649
1916375
2918754
471921
1378377
1214299
3451151
3762512
2974144
904182
2180129
1048073
991267
2415067
979188
78144
1605446
12296
891383
1057661
1999301
1342296
3153534
143170
55731
1311492
1443618
931759
3673783
1124997
5125612
3395187
138224
16864
2879655
1749251
302308
2393270
3369049
963751
1016685
240862
2737349
437068
1259058
1116004
6960905
1181220
1350610
88909
3198393
1786128
4061653
2671616
2844333
3728781
1006176
1814172
513572
763852
5065784
228838
2925832
1484791
2756881
1320198
4235007
1999818
4457499
4239138
2470714
2430078
3496605
766627
3406656
1796058
2970492
1867168
4583637
10870
502866
1043266
944960
1271852
4028105
1021987
2757356
2210650
322299
118000
1732257
908698
2004333
1016962
138615
933284
42759
1215851
3677168
516479
1215422
845903
3632992
221222
78708
997344
45247
1781405
1573840
447077
1620640
95395
246359
29023
1268264
827184
24345
883790
1963513
936125
131419
154489
1522109
1110359
2016868
2480632
2043306
1242240
3337770
1314565
1042656
51750
1670777
797301
4098198
2430950
2036359
1530147
1591609
86990
96146
27469
287020
1159207
883266
1048116
1306163
132034
841663
1528004
1075896
2591282
12954
964908
871950
57681
