195735
759447
201652
130646
657386
386556
851068
1526889
338223
2676835
888440
610883
76604
391435
948336
131404
172183
739720
863764
97940
220398
596162
353776
1063634
948734
1528340
145901
188689
712239
1348240
1332224
353314
1981717
300204
511654
257221
1282958
1352845
2612579
552125
804301
1692634
483933
701433
387785
1076900
728919
555126
537104
1333074
138804
575422
155532
419513
317294
442965
449012
864752
1099720
118786
692903
1318795
769456
253395
125053
87772
808354
713936
166428
652601
70445
333997
359622
92562
1157859
108800
111913
339827
149926
126168
164889
99442
855287
66502
73723
260794
257710
1199160
350188
379278
791304
256009
358291
256610
682887
782432
639310
72598
299167
713311
690349
1167407
775499
666223
616977
934059
1806082
1010569
635847
152921
719893
399885
88999
548009
404080
59547
751219
623220
137858
493351
1174512
575689
1130409
263445
85930
149431
468772
474997
434579
911800
1585622
515930
191577
126829
106045
549447
896407
219819
1089695
641159
1531936
238916
645256
249282
1353424
847069
2159954
687993
632746
555030
1037172
684380
854603
777666
1433016
1653294
674415
780214
192567
147962
2003752
106572
750684
931544
1297641
463644
1473936
725147
998314
428310
670410
896791
140904
425718
1660874
478650
271233
955278
555725
276302
253911
1039143
181689
623220
782511
986294
1665002
540788
293995
193192
505451
80041
64193
104312
568666
142747
178133
1141144
930534
401988
120507
87338
219158
72166
131323
175199
191052
736960
97105
64472
221170
164481
417389
406770
284172
237463
114875
51149
420456
197704
80593
80160
220984
469283
722581
494366
311966
155558
659714
562503
801859
107141
615560
404311
925953
326542
120752
285436
1394083
298754
739374
440668
918330
333226
78979
789966
789656
70985
823142
440181
946306
187525
186866
201851
171636
146731
117920
676936
607383
220413
74562
883258
1094037
265871
339321
1451036
560923
371884
147924
38816
1136338
71287
984511
121921
190050
43534
426893
45435
586557
213694
160064
753541
451890
317443
81153
349954
389081
223600
881581
107274
496860
304412
2217244
1334237
318235
644904
1065950
433662
329409
847333
480737
106741
1369231
144106
26825
85960
78635
31105
122141
342547
62947
73658
40513
603067
478737
672457
504514
253052
336653
186626
68301
89040
161993
78734
139855
115874
1227730
27253
341611
1301361
353729
477567
47837
96491
559077
89807
43541
179306
91453
25062
41100
304850
599121
408715
115555
996812
642454
84599
242347
126733
1177557
624459
125428
68113
216834
230032
1622385
837377
1862912
54396
779465
678710
551212
349060
813244
25395
541231
166719
351006
1109986
259694
87189
60678
44273
171926
259008
875968
190230
2289215
178531
817254
779552
559104
386768
1497917
312245
1803702
112427
114486
222126
270982
264189
129052
545520
144658
162961
250203
36833
1098568
80370
1784659
755335
929383
420804
31312
257260
1212644
701879
786976
449671
898069
1379373
59283
165048
524508
64826
1169124
61387
899447
620937
143657
662258
122732
1366122
1305216
444954
1099631
657621
1651346
384853
1687908
355055
1912763
68151
1659303
26015
357256
39941
136289
96025
1008755
1026142
979358
742685
884421
111971
563804
58980
216083
1495144
304874
197765
99750
82070
1543459
175877
558675
242378
329071
243564
60425
28799
89118
33480
1312999
93826
163273
120615
52712
19435
565749
109358
104933
118881
227028
449616
121105
149420
857031
333040
470462
1353759
695496
930780
711798
222752
82230
209870
692035
407979
1821233
1242489
469356
331111
371756
465200
452427
574814
337520
94934
65088
426235
1006569
141977
1226114
127332
245815
263871
309742
630298
202334
304983
370321
921894
2234759
1114367
1035752
619181
148302
600077
2163421
915651
2080406
394922
1188525
567503
268476
2227689
495498
293277
464739
542599
96010
200819
453481
55333
429207
896742
1782798
327445
148206
135452
528806
409976
304800
415589
510110
975756
1366184
90967
923232
372607
1636641
1468363
1032295
501702
1072602
113244
1438809
104853
285319
1171578
169045
568620
114607
314161
294221
259703
1046696
605982
383419
1150446
1047519
61346
325341
195264
610277
1406657
1624108
540935
964016
457427
300805
561300
820002
2645612
813170
1276747
37350
109269
958665
734057
94810
283068
1028367
459361
159785
507391
616178
408406
98133
2222084
226815
884046
47852
55875
1364306
869469
2508699
484368
419546
143805
1198084
149189
771474
62704
404489
507448
206842
2450729
1652157
108000
1885615
996079
1685798
134304
579432
41467
835688
21552
553156
445792
666906
297945
180012
449957
309911
182768
361020
286759
724831
1074358
1150303
3218513
480414
210946
522556
279155
732771
1793810
2494757
869008
146893
382580
553255
1219440
518182
259481
1494144
97493
116926
684937
436194
745818
1479611
722335
1080641
927137
1240033
820104
430290
765780
1998456
457712
2962484
417781
469606
673859
1664633
753560
2780552
990637
1685830
499909
434342
551495
665398
998435
974513
719734
1328088
165413
314560
151272
492080
729793
1081557
1103945
1733835
690080
562601
125475
895522
1232188
2559905
502508
319586
886425
99551
620735
891342
232695
1247198
1006937
1484614
903176
41597
156838
318834
75428
275175
89778
607464
214431
783733
273985
425872
140459
191236
345553
297841
757430
123827
91658
896279
511975
2014061
480483
1037125
346051
798954
1301316
529204
717046
1429949
1121133
1710486
1104036
1017231
356381
669145
397654
1288853
266143
455555
282506
92888
121600
251900
99383
285344
216861
770114
1491736
608317
317862
258982
304673
606799
1067167
1475902
83791
107506
352758
723605
1357414
216516
764017
162545
1376324
1172283
339017
180902
608380
88594
71622
205573
46851
446567
953810
387511
752437
189849
125596
2001824
1078082
161988
178212
899391
194099
286949
155141
1332255
1134402
187511
135588
873723
231178
289996
371756
1150563
663739
118954
803757
442556
271960
32722
64047
114250
59630
157073
272194
111413
74709
150693
59216
315663
163390
188917
100651
966926
72178
822833
741656
133596
61255
76332
47773
85950
123793
274915
481472
357364
239581
26299
59181
133762
332609
95869
951213
504183
243277
65269
284175
371923
159619
77260
785633
701188
323766
165304
98108
311915
275546
458786
247821
50831
380724
393026
52395
109155
30982
953316
178094
948205
273400
568047
347607
617295
56961
92725
109102
132755
23912
46991
59768
41666
265531
735267
167038
569235
747698
251908
531109
478077
302186
1990367
109774
1020756
407959
1016706
248357
2549887
132093
454825
199024
913851
1059771
268500
325486
896316
80915
535106
425465
976579
640563
1088472
198295
749703
207560
439149
236549
161424
684529
471212
94355
451131
162490
1003192
871826
1283779
335564
460027
188758
950206
416957
758688
1701653
2511649
598161
965438
327828
606531
990954
1112101
111408
1100282
125634
265605
398661
787641
175877
1012089
236096
995057
471324
553234
136458
808891
120609
395996
442093
1330940
1076582
37756
703508
31445
624498
984811
95439
442980
421650
37800
255327
91063
483139
77627
86540
365119
54548
542760
187419
613380
370432
729872
71096
1412664
192979
34542
93498
246918
251238
324391
1628893
586887
139902
413621
163310
109276
148227
764878
85977
1120274
223982
843518
660785
284066
461066
767583
119030
236614
157957
348421
378365
363284
315195
351165
52972
237350
309362
179011
256886
319042
163483
