3226157
5902482
5729037
4321257
5202761
3571315
7336708
4206459
6402565
6280483
6548289
5978706
4881615
3262592
5965959
2700294
3823012
4785491
5361794
3029761
3330501
2573318
3226600
5762398
4368402
3898124
8403022
2495945
4649778
3613617
6964599
3480179
6445549
5907251
8650811
6843758
5807385
5491398
5867225
6396654
8882829
9054157
9617563
5890880
4474368
2474777
5954364
3350753
5626097
3844652
4727235
2706176
2719214
3316565
2772361
2380696
8261052
4391800
8956911
1940202
2919606
1848129
4723460
3146613
