0
7434
1
2
12301
193
7365
135892
4400
52466
1498
6508
7
12071
18977
18
236
183
630068
1
131
1483
7668
2108
94877
80557
23
5607
280
211725
323891
12690
2496
1681
1731
227815
1243119
450508
1041955
1991
75750
2878
1421
711
228052
101007
11592
244
1143
5288
848
1617
4611
621140
1599
738
599
945299
1849
42357
617
2271
1328
435
43795
0
89042
794
510
99031
1
2
629557
0
183863
143
0
1
0
1531
0
1
84926
0
232
12154
213
628981
9
100
92382
11590
130
232856
12149
62847
0
0
21983
96646
83666
132106
65848
1
250
0
170
2
0
8
36
5624
0
98458
575
31407
78841
232822
1205
764216
96865
233332
330036
11645
116
31
725738
1407
2313
195305
1098592
140
260
1657
0
78144
191
1984
98284
0
245
232101
12
311
65146
1577288
1205
632161
97602
325651
5454
266659
631682
331737
73156
830481
631499
1411
653
7
76988
0
0
4211
630155
859358
97318
4221
164
4188
27
737
230976
31308
16968
101140
42971
317513
77
462
231853
24747
631590
198070
1605
1495
11641
95069
1170
0
297
187
1127
0
629833
2
631508
630074
332317
1262302
0
464785
0
0
27
0
1651
864040
0
0
11646
4579
1922
633563
5
8
1778
172
861732
1
1
258
472
132372
611
1173
0
0
1196
820
963282
83839
100590
5093
894153
0
4
14
43123
28
0
231825
0
96530
5658
726761
68858
3
76736
629254
10
0
620
224519
1297
4384
970
7629
1624
43629
0
144
0
0
12
73602
4104
85107
0
9
866953
1
0
2663
504
0
97477
52688
1562
266
1
0
0
2303
0
79
31
0
11888
0
632727
267
0
0
126
0
98562
1523
84153
40356
725
0
297
0
0
0
2
0
1
55926
0
11758
0
0
1595
1558
0
1531
0
1
11
217
1186
2
0
72
6
0
89170
708
60413
97588
0
140
0
0
0
69
414
2
7
2760
17
60411
1118
6
2273
183
2933
1019
705668
18577
0
0
4090
631514
0
178
0
2668
7499
858683
87245
79
2
143
11629
84961
96753
349
10
19
1
0
231670
1551
12276
1550
4738
2
62192
0
85120
262
718123
0
13716
0
0
0
8
0
4
22030
423
8
0
0
97761
422
0
0
1
83633
0
443
230131
4
64721
966
0
275
162
18
730366
1
0
0
379212
240
29
3561
1
109920
962839
1714
95365
406
102610
78801
3
0
413
1329
99745
6
5264
0
145
31462
1
100817
35
85378
861842
4243
1533
3133
1184
152
0
630362
0
1
98608
29
233819
576
1539
1
1184
0
31464
0
78674
0
81
253
593
555
312496
0
189
632849
575
431
11479
85277
766550
631568
77263
730106
632950
29
233238
10731
184
6
14713
247982
1568564
591
232263
0
11684
0
11811
106
41
0
4398
2
29
224
96824
3
630983
3
608939
234731
1364
16565
1832
4311
96010
2731
134348
63241
0
738
333945
238273
864808
9
632114
1172
2
860683
496
2
186
2
1548
5
1141
108
0
1
0
0
866517
0
79919
2
4635
0
762
782181
421
5
5
1557
728140
2761
936152
15940
869472
2
128102
231760
1437
98888
49257
14037
3
0
0
864579
13
79
2737
345890
496
1123
102
429
699405
210329
27
582
0
863415
2487
713627
244
967553
5
1232190
0
1147
705102
246729
662
96917
2
1491703
14181
90309
225265
501
1
961798
4463
92
2
2
265464
1622
88999
1978
632727
244
254055
1553
99031
2
0
2525
1910
1031577
3165
0
732394
963144
14460
1154
633271
0
581
581
34150
829
525
232269
370
576
630391
1
2
1201
13279
98180
240266
706794
166
0
0
0
86777
2688
1260516
0
1355
10
634451
98470
2
0
1627575
0
0
1544
10
859422
96609
86028
730578
180
632686
24
3
3683
254246
0
3371
3091
4123
1582
85407
48738
6456
2556
242803
20751
1641
93549
834849
81180
2
628547
81
231312
1844
0
244
90958
12408
17944
373065
863683
545
28
86
102340
4181
42962
27
530
11660
85840
82735
464526
77
0
134173
0
2
462
632653
0
0
199
232272
10
98134
24105
525
67
1182
2
631565
322
2
3
198437
414
4280
43101
232205
130655
85385
1527
204
105233
727987
97575
868898
812
2643
0
2
95030
231020
147
581
1015
0
0
502
0
0
15795
13270
2
402
12
47
173
0
11
1128
2
0
0
0
576
0
631270
2
53
0
0
823
4
0
0
632705
0
2
98125
630071
1796
1609
2
232684
98635
2
632699
1264938
0
2
1
1
193
233356
0
0
232269
29
919
47732
0
0
0
632709
0
0
0
27
0
1555
0
2
0
38
454
12816
2
2
823
864064
1591
11360
241
0
0
0
0
0
2
243857
1187
1553
24
0
4475
4191
139
29
156
632802
22
1748
599301
33974
4043
18
556
13155
0
1
54973
7
247
581
0
0
2362
267
1
72
679
861780
2
1604
0
132611
0
1555
0
0
4095
273
0
0
250
8
469
233433
1557
1261821
1
17141
132130
11636
281
813
0
360179
84642
585
3113
7720
6
4545
0
277
11504
1208
0
167
1
1328
31918
466095
1200
243
5486
864249
0
1213
14813
1325
950066
84262
0
0
0
175
101966
23525
599
30
101
634963
458
642392
258826
1249324
2423
630363
0
1227
665214
0
1
2691
2
0
439
1570
144
962216
11625
154488
54915
0
1100
29160
62
467
0
82865
1299
2
0
0
244363
98476
154
42949
10
10
0
164
96660
0
154
19147
24
725816
1389
1059
1545
698243
10
1064
822
0
0
3
0
4443
82737
0
0
863321
0
2
0
725207
1862
97786
44
27
0
0
102
140
610660
397
1673
223500
1738
1281
0
447318
1627
1499
0
11952
4404
8781
0
9
14273
1508
886
617555
8162
79083
25
278
793
75778
141
1
5075
43989
0
0
1
12066
0
1
21821
96454
231256
22233
199304
157
31
0
1351
0
3
5
77574
0
323
0
232448
171693
471
5521
2613
43
547
85107
79
0
30
0
0
0
0
83
612
0
10
193
580
998036
796
0
0
2
1
1039
0
73816
233007
0
263
2361
0
0
126
1165
192
0
11662
433
0
0
77
97469
0
144
49420
1538
2884
1551
1622
860431
41
247
365
29
1
0
0
53
1
53
96941
326
179
0
109919
208
0
1141
31462
87629
1530
2
0
1540
0
79
80483
147
11543
33
0
825
0
11842
1
0
620973
100950
2827
331747
630401
2
1077
1
233935
13988
0
632710
273658
2829
3
232349
186
82581
333
2196877
17251
1491489
4604
960836
426
2698
1789
284
647
11774
32921
245
2
4
0
2127
98553
0
0
86594
28
213
83986
1579
2257
0
59881
1132955
4
27
725
134165
0
3
0
323
606
232192
195
965549
1556
0
516
13055
18
1
0
167
0
4
0
0
0
4
0
0
0
0
0
0
0
0
0
24
4428
80
4309
4
55353
1164
581
0
0
0
95
631833
11657
5
0
0
0
232269
869240
2934
288
363
541
633658
36421
1
444
81299
1537
82862
39
164
81
13874
1766
630370
0
4442
0
96473
0
1752
1187
223851
4405
267
24
0
4
27
190
0
0
0
4
1178
0
0
624
7
2
526
1
0
0
71
70
0
11
5
96893
108353
86753
0
0
0
0
89919
1079
677
0
979719
630475
479
0
579
25
2827
687698
0
605
98737
0
0
0
0
0
138
3
0
630730
5
865258
0
12010
0
0
0
0
8
0
0
1
533
73
11971
0
178
2995
1282
145
0
1161
1662
0
0
230
0
4
0
7817
111213
6135
599167
3379
89977
0
48796
78
13798
59180
3
0
632702
1108
96201
1843
3654
175
227
86840
229076
201
183
9
422
156
1329
1807
51220
14
1
0
1095
93
621385
6
98533
190
17753
46682
22422
79917
2
0
4
155
0
0
2
0
3
636783
8
827
0
0
632668
1
153135
74222
4
231
0
92819
93
83709
919
1524
960965
999869
1618
173
157
1049
96372
424
7476
1728
83
1
0
947647
5787
13911
301924
22
33
195
8901
0
98133
0
1525
0
7
0
146
4
40
232666
11712
0
0
84954
10
163
1312
85186
0
639707
0
293
998123
55
50895
0
12
15
1131
19
1156
0
3
1
1
65
241
0
0
0
465
162
232151
419
0
0
54426
1553
0
31581
2
866946
2075
0
0
0
683
58
85100
101437
189
0
5
3
8
61999
13768
632623
164
0
278516
0
107413
37
0
33
81740
503
197
1553
16213
312
832295
3
171286
0
2
1
63540
82266
727536
1937
465
0
0
606
0
0
381
0
0
5
0
0
2
1555
0
8
0
85291
176
11646
133
1
1397
1
4490
2
886484
632695
630441
2147
1566
4
23
2
827
0
0
632945
2
0
1
0
239
0
96790
2470
631060
2825
23
10
0
1582
979
43084
314619
128043
73986
44
877
0
646702
1163
85234
254
172
0
232550
83340
0
0
0
0
0
12282
455
80641
2
133648
1639
97987
0
0
82210
1702
149387
0
1042
1
86071
1524
97337
30
68
2
1797
961129
13617
1555
1000000
77
1781
5
94
0
191
0
0
2
730327
1
177
0
0
1042
580
1169
1073
245
587
558269
1
0
424
2
168
129506
258761
2
384
132510
630361
634320
4155
0
29
5
0
87
2006
1546
3
1
1347
0
960897
97496
154
630922
1097
48
967848
3126
1509
31
2
15337
96159
220088
125311
4499
2809
161
2291
224969
959117
183608
34
237239
0
8
78857
11
968922
0
72603
7
91
2022
4348
96399
1403037
2282
24132
3300
0
323
1
1154
718714
2717
744016
473
5
29
0
405
5145
7
33913
8
0
0
0
0
143
146
245
0
1555
4
57
31405
3481
19
164779
0
602
331145
632696
2162
11756
105
97595
0
317566
31409
632806
30
1091161
630867
79
14787
4084
422
85088
5
15
0
1533
85902
3237
413
606
1469
1380
1995
284
2358
140
84957
13523
962021
0
728
10692
95196
1259607
11643
0
0
2013
2508
7
3
4375
7
0
0
0
24
1000001
98610
179
1649
632727
80
1
1
917051
0
1
248
827
576
0
10
56
1552
91
2
203
39
0
2318
0
0
19
0
1555
0
4
31462
1151
3
0
243
0
0
77664
330544
1469
13
1
546
2
829
85
0
0
385
0
0
315
0
246
0
593
0
0
92
556
4
0
80379
580
232272
0
0
0
0
463
188
2
246
632699
302
7
0
231819
6
953
11
1555
0
32377
411
11201
2
78
0
391
2
0
85272
54239
1
87840
765482
0
410
630321
3585
76045
1466
231308
5
53751
4089
858713
3
632744
181
719023
1325
31
633594
342510
10
219
525
327588
1163
242
21
9475
1935
0
0
233356
569
3
427
0
4
14228
835
630465
1187
231436
628238
16326
1491
631476
839038
187217
336
98890
96549
1548
2424
96692
174
232449
85
0
572
440
187
24
644372
0
163
42985
5
89176
235
1332
628130
108136
0
113
61627
41
1136
242
31
832
29554
0
18
633728
0
0
54
5633
0
2
46912
127595
8
48
253
313969
29
0
0
224
0
581
190358
96996
18972
0
10
3
27
640083
10
619568
568
27
3
0
16
609734
144
80962
1233
225185
359
661
11233
556
0
2981
556
72753
4640
29
573972
0
8011
24460
30178
732
1542
0
401969
4068
1145846
3945
108748
4335
609436
927150
4506
133431
99360
171397
1532
0
618340
98
74918
0
0
2
0
1
1511
7449
85294
1294156
388
98703
244
309803
11670
5020
630519
106
1585595
4059
368930
459
1989
250
186
629817
630536
232510
864101
8
13753
101
132359
172
103313
0
0
327738
731097
704855
230271
9189
148
179
631216
243
53027
0
108
160
0
39793
688
0
56355
2723
1
10
0
1548
0
3
29
12
1166
4082
1134
149
0
0
0
2995
107
101150
8
245
423
0
1552
7
730414
128064
1547
76893
133923
1748
5359
0
863439
631515
0
233818
1184
254
0
0
85394
77447
10525
2469
1
1
224
713
11424
38
603
6693
1707
182
1
0
634492
1547
4
634818
89491
61266
632492
116699
101
763062
678
1910
71658
2
1
77
5
88321
21390
0
864979
4113
2136
2
631586
976879
166
1347851
631550
997447
1608
85043
631277
7495
3033
252085
1007303
629016
2161
19542
1847
4542
326663
8
632655
0
2
2
2
175697
96895
86043
828
231358
0
2
403
13
576
1327
825
0
99961
3
633057
193
384
48909
632709
0
1557
11659
2440
11603
2
1188
0
631007
1188
0
169
0
276
2
132610
273
377
864563
17396
213308
7214
15848
1377
235164
2
1212
165
606
629941
3226
630363
2687
1633
1059073
27904
1864
12499
98499
223
10
1314
0
0
135
1158
292
131
610423
815
4
11940
13629
685705
798
256
11802
20077
222114
205
78023
331211
1997
30
0
4
132698
0
307584
0
126
12094
0
1574
861882
1
49
389
1772
32615
1540
92440
0
632816
952491
233937
54072
2752
1085302
1825789
4846
11787
2
85074
611
232944
132637
250
1100005
0
168
4
2
0
24
27
1745
1123
0
235481
669314
69908
83231
644688
4248
230859
3
0
0
645
0
9
96916
0
0
976208
0
485
0
629587
862091
0
1
11397
1806
2783
216
78550
15278
15002
0
75494
223462
192
1153
2
662
82208
2
0
1
49
3432
2
1958125
12
81
1547
4584
8992
99494
6
95
10
628149
0
10
2273
3
241
439
0
264888
518
82676
0
628902
232163
92
3877
130478
86222
794682
0
241
0
1555
96939
1283
864989
633746
15
25
1
244
1
255603
871
100279
232273
0
4
3074
0
85117
182472
1795
13549
6
2
30
1167
10
0
1345
1621
0
78
1353
631746
2
1193
7
4463
1277349
0
1032770
98444
1201640
149
1362289
433
0
0
0
1555
136926
632698
97750
865153
875052
6
85907
2430
3404
975314
95784
1203
4636
0
22
634472
632687
832
0
283
3
0
0
243
331179
1377
4
1
0
97
581
0
244
0
4
33825
2
399
0
827
1
56
718632
12112
94031
0
232191
0
280
1
417
883
0
1016
2
29
629255
1134
2
1198
1091
46666
428
0
1721
0
0
10
1229
168
561
632691
2289
106158
13221
5581
100127
630400
0
87528
130409
630394
237384
708
1724367
132637
1363
1132038
631015
166
80
1156
10
1188
150
18
101401
0
0
631587
0
370
946
715
2139
1938
719600
4
832585
2
88090
3554
1363583
1625644
328943
6667
81717
2
0
2
5
1170
632162
1615
11664
172
132653
609
11993
5
630380
632668
112573
191
1615
621173
165
83
96544
4077
0
0
0
13456
277133
1630260
1546
29
0
0
5
1563
0
8
0
0
0
1493
71952
2748
0
3441
31
0
629364
437
520
861093
759496
96759
1302
0
235955
1
84967
1167
1600
630654
1529
183164
964587
0
0
179
964315
635952
249
3
331789
97
247
0
3
2
1044
453
1198
47484
1156
632276
17370
717474
746181
1614736
1195
1214
1314
1432
623530
721218
1068840
81840
2742
12041
10321
2522
198
13395
50153
1527
8
73550
1436
3317
32969
231065
85009
946399
5771
234369
900
47782
1562440
2575
870576
18237
43173
75689
24637
222467
731273
120435
877812
242773
232278
2016
16370
18794
1845
3087
233760
852
95392
2
150
359
2047
848649
1435
2003
25485
1751
230763
93739
1811
4
52
959097
30
183588
631274
337
863761
245
0
98497
1797
235819
6
232359
194
4
2
97049
0
8
2
0
244
78857
0
0
0
1616
96803
89680
963248
18740
960
98
38004
41
865829
481
70815
97166
8974
269792
866345
72
1652
397
27570
0
47
1
899
1942
1
3393
0
25
0
902949
65702
190676
226194
104917
170253
103584
1984679
1845
4
30
1871
139842
4317
30209
0
49964
961251
1658
14
0
30
15
11660
0
244
508
85681
183318
630782
4
82756
279
238
1153
232461
232338
863316
76
951148
2380
243
10
964584
1520
2522
644456
136190
96750
77
98585
552
79
0
1802
2
0
232190
23
2
4095
232196
0
632652
0
84
0
4907
227860
4872
187
81
84
9
0
199
1
232271
33573
2
2
0
16
178
96872
0
96572
1
1541
203
405
23398
1
153
421
86002
2
0
66
0
0
1694
0
247
1182
78697
0
1739
1
630568
2
1420
9
0
34822
30398
0
0
81
0
1555
16
0
54
1553
198360
238
0
96877
0
31360
89118
794
1893504
0
640949
30225
48661
0
2678
9883
31033
379
233559
134021
101
0
130653
0
206
11661
87103
37549
960976
3278
1
51
877651
6
2
632696
13618
0
94124
1
97384
630477
167353
188
96684
75
98082
79
53533
423
921084
2177
37
0
38756
300124
44595
0
964578
232190
1
156
30994
0
632808
77
1572
632806
94966
1
33
706
3433
230458
256037
1090523
1
171
0
630841
87977
79
96478
467
551
15347
0
42889
0
864
30
4084
1650
49
1744
0
85088
3
1415
0
2
1
1552
1847
10
5
0
0
26
15915
25
0
27
270
40698
511
864352
120141
104
94348
68349
1164
350
196
6
91946
5649
93429
440
39
73
226897
1324
95420
4426
5423
7428
126109
38908
8
1
1642
94702
10836
224979
1538562
119
225498
4562
1618
4
118
0
4
140
0
84795
162
2
28
1838
13272
241
31
130161
862649
340545
629305
2
580
25
4290
723313
790
648633
596
3
0
17
10501
47405
983489
98018
1194
2
2220428
231428
0
11622
15
861989
6
821
0
0
16
0
68170
0
113
6
0
3
1988
2478
0
0
0
644369
0
112
0
2
1
3
0
1409
0
64246
140
106
1885
1818
95474
629976
0
668
85104
96763
1
3471
84934
630761
0
431
1158
3
5
35
0
251138
2049
983222
78919
98608
145
98610
160
181
180
3
57
0
435
632699
633912
1266212
452
1498512
232303
0
4397
1362
227795
1584
2
3
861728
244
76
0
1
772213
0
317228
866503
99651
0
0
1553
0
1322
0
232432
246
0
12
0
1293
2
962786
2611
1520
0
232845
0
4967
0
3
6
0
10
644456
912
252837
48998
18891
973
2
0
98300
12
163
1
0
0
625
98404
1157
184
1124
93836
632053
271
239
0
16154
28
0
0
0
0
1193
0
611
2318
0
456
124
0
0
0
0
0
0
0
233764
0
0
32
13721
16
1
1
1652
1555
4095
0
0
0
231744
3206
480
0
31916
0
0
0
24711
5
622062
630390
2
66
3
1171
0
2
42949
0
0
0
1177
0
6054
232911
728125
0
77
2
225285
4408
1833
11747
74770
5262
242
329364
188
1164
3
0
1462
81
0
84
13
0
0
7
857
1
0
6
175
365
0
253
2
155
2
3
827
0
11663
1
233230
232348
232276
1126
0
33489
1548
0
445
232490
1555
83
455
13801
0
0
0
0
4396
4095
0
0
0
4095
490
25
6
0
96668
336
273
0
2
0
8
0
183133
0
2335
631004
629742
1127
0
0
13526
0
8
899
2382
33
11
36084
566027
41051
33528
23486
635
395
11
102
8
7575
156
2
828
11
128476
174757
1521
146
98322
662
746
3
2
0
232272
0
1
0
0
0
66
0
0
54673
0
2
1545
5
0
185
82
1
292
85087
67507
916
140
5
0
177
244
150
3
2
632926
239
2525
1195
78713
0
633073
0
0
170
0
303
8
2
250
1556
96
0
0
581
463792
5
521
1394003
4079
0
0
158
3491
61
49314
225408
6
0
255
4419
132610
0
2382
0
34239
0
243
0
31649
461
0
31612
0
402
0
1
121
0
11070
0
7
4088
4
79
1
244
68
38
0
1555
0
0
0
0
396
1
5
1
246
0
2
0
60
0
0
0
86917
371
231712
155201
1742
97059
230
1111
1555
437
631059
629487
4150
96541
96953
187
632868
132369
96526
0
17092
0
41
128173
35685
0
101534
0
629250
0
227
2036
1971
594
42316
297548
321158
1537120
4
0
0
5990
865877
6388
359522
230
30
12418
102167
816
9368
53540
40345
58249
0
12
4082
3048
425
730482
340605
239109
0
0
9726
0
2135
632738
4103
29020
133
76
396
31
234436
84853
3302
630010
12784
0
230912
1
1301
31
1106
4
1129
632193
0
17703
129098
233992
2
110237
10
0
1
0
4
1524
206
0
246008
0
31464
3
319564
328887
231846
427
2
1772
37681
631681
0
0
976911
0
1806
5048
1667
192
50
862710
9246
1557
1120
244
0
621
13881
0
864987
26
13210
0
1603
6
1319
0
430
232935
1583157
0
160
0
95252
2120
191
243
0
0
0
412
0
94041
0
27
0
1
0
4
95529
2155
11990
110798
631055
152
731251
606
13214
71128
736872
2
630471
551
27
262
96514
265
231608
36
0
1195
34
627164
727994
5009
18
18187
1247
246
452
77
1277983
2538
653872
3288
17078
1188
1185396
2688
1620264
23421
726897
1459
2819
181
630
27175
1
36
728659
578
15
0
0
97094
0
38149
317
2773
1784
2444
668137
295332
851354
96503
60279
0
15
0
1
174
234386
963404
1729
348
0
0
232190
87
0
0
1
0
1
169
86063
0
1554
1555
190
65532
79
0
187
66
1593684
1
1389
1
12853
631594
11626
0
85056
76
1882
68888
54788
0
632806
290
230992
0
184339
42985
3
1095
921
4
0
362
27254
90436
959
4
608
38
808
1615
3079
2097
0
0
0
860227
580
711216
0
985232
231036
860334
0
68553
3
0
111
3
61464
666
13
56
8
33
0
0
2
631556
867387
1136
2
243
88091
98653
154
0
1291
0
2425
0
138080
12
1
1804
93887
16533
0
2
551
10
0
13748
1650
0
3261
0
630552
1238
42865
111
98119
321
0
2
0
0
860
0
209
0
1033
232461
232930
15701
0
4087
25
0
0
86441
630821
11968
1385
43712
430
3674
826
223702
1
0
0
0
1545
21
151344
140
151
633101
265
171
2
0
134179
4227
274655
4660
826
0
29
0
179
0
0
0
0
0
0
1
0
1553
11622
25
96706
1
0
168
227937
4533
0
582
59607
0
441885
0
0
76
245
96849
1103
17684
0
0
0
233371
26
631568
15676
26
0
0
30
0
7
0
0
0
27
0
108695
629786
78
629339
279
10
1856
0
610310
108333
14724
26171
1
569
50
505
866855
16
161
0
0
85067
36487
1
28
0
76
0
320418
921
0
610
2371
1629
1250357
68386
1
694
0
623741
361
1181
262
82543
2
34
1237
1868
2
3
457526
4
1788
1205
94193
14
1629
172
101624
4
177
0
11421
95028
228018
228887
174
48
1619
38
7
0
2581
4
1981
9
2627
1745
0
227485
644778
12468
2713
39
8846
3232
95838
1966
8818
0
14
4404
573971
5423
0
58697
