39271
157610
1482817
145288
399285
111718
673270
229460
971512
1795648
981279
193767
339205
776166
903186
227319
261668
339323
73306
76260
82941
176286
343875
219962
228742
760269
1482931
30867
100710
86043
438657
71656
976115
31430
244427
152945
1798636
1144109
328599
681258
252220
1068812
550056
625344
341889
158694
1547025
130275
70581
360880
29302
95263
72733
216405
592590
711023
99041
174394
1066541
82293
150370
82362
132137
96167
148177
876169
346596
866278
203750
256132
215917
153484
13099
1189642
156593
1012123
68434
72155
104822
30098
137755
256979
230640
162737
71808
18821
25336
306382
20044
1461490
159230
80086
873787
8223
1276957
173107
870146
72717
51509
84213
904994
717918
948410
8338
1199642
340900
901329
269799
764003
7661
1021186
282260
284768
884427
113207
125
83005
8737
77235
531131
954714
76821
697453
32448
9603
1370415
13342
103618
888487
227395
1875459
1059469
147334
89105
667129
97877
99798
789459
1056252
869513
147941
658767
409686
105320
1755844
221638
1985071
33286
170097
213443
758071
934931
754923
288668
155017
1303255
292166
599832
19041
11569
1227170
156433
1726209
800432
1077913
101088
987289
226850
1958140
1000934
884456
562854
394624
640207
405816
370611
802954
143552
660813
86783
8828
151441
140087
521688
1703411
294278
985708
164231
148626
104892
387431
289654
749206
152817
237593
174905
295
367537
946860
216780
320638
178051
302182
102794
466
85728
4761
98391
82129
11463
82590
3300
463310
12375
593752
73178
75074
69945
914731
661084
14085
6085
532340
1240705
977617
740939
793105
284270
215063
113696
237701
6321
500521
168255
2079673
353582
193818
15715
173830
147706
181783
142783
100407
7244
14969
766103
974216
29406
38888
27425
352677
252222
123782
227137
138448
95350
