56198
950726
788380
943022
1599566
3260296
2195006
784281
1411277
2176558
3704863
4057192
1392162
4075623
782551
32
2770733
4507525
1095181
2028865
1514209
1378897
2300976
2403115
2130885
1431387
613260
2473985
4
1569445
953793
615370
1581741
1227938
1706382
2298738
956423
3532580
1568671
1565651
1685157
616025
181958
5388864
786905
3617074
301232
3568217
1227465
782774
765984
119
3640929
1121549
2421878
1565918
2895942
1583289
1569203
805172
610376
658452
2543925
9352
1282664
2956037
1922205
1746829
2439691
2754496
2134732
785484
477673
2630927
1581531
1122777
3853
2303164
2371584
1273859
781041
900681
1674655
617847
175139
1038167
3543058
1629922
1583173
3189353
2927879
1917357
1382932
722225
938774
3830312
1822976
169199
3031668
731434
2349342
2696903
2536361
786137
3523768
1202202
953576
3480756
1284582
2472246
2523593
1337533
1378618
2184988
1568986
616163
784255
550674
1568690
1567174
905738
1740804
1527681
187122
2968483
788097
1580023
671484
780676
967997
5105560
1559903
2214651
783941
1581597
953982
3545518
1623798
1683185
1523405
1379453
1795959
2915417
1325907
3572397
1416493
525643
1126162
2282197
1520984
3735782
1956826
1754447
787380
2128171
170664
3579004
783515
1348394
1832
2174698
478318
2121676
3502659
1747418
749995
426
1963104
1548584
2595915
1910119
1519473
3262949
785632
6759151
2377695
3557799
1969332
1311030
576908
2303174
953403
4246747
955127
4250840
2273305
2307517
803717
2771612
1700831
3624686
750236
617363
2168457
3536828
2000691
4149632
800259
736902
614879
1380998
1308141
905019
1571069
1319
577534
784599
1222902
784346
1291362
2517868
2179604
3137
2448561
39902
886993
287487
2961196
3493083
3057751
787174
1396692
1121315
1566912
2836543
3658793
1517155
886516
1604037
2518454
736154
1398771
1522494
47822
4530905
2799459
2085772
1584475
53555
1564336
2161173
1409898
1520621
1393856
45983
754098
1564080
1056758
847985
660879
3498240
3492347
135344
274106
751597
148196
