0
1
1
1
5
0
9
13
14
4
5
1
0
1
5
9
5
26
0
0
8
1
0
14
0
24
34
1
8
0
0
13
16
3
0
21
1
11
12
9
19
7
0
8
0
22
1
0
11
32
8
15
0
1
1
0
6
1
14
8
2
0
1
9
5
0
0
1
14
0
30
14
1
0
0
0
0
0
22
5
9
0
17
0
5
8
4
1
1
6
14
0
10
1
7
8
18
1
0
15
8
5
5
14
18
25
49
7
10
0
7
0
1
6
2
0
0
18
0
1
19
5
10
0
0
21
8
0
9
1
6
9
15
1
0
7
16
8
19
15
0
0
14
14
14
1
20
9
14
8
10
6
0
18
17
3
7
9
1
1
18
1
6
27
22
9
13
5
2
0
12
1
16
8
1
5
14
0
11
8
8
0
15
8
1
5
14
8
5
0
14
14
0
6
14
0
16
14
3
8
0
8
1
0
1
3
0
13
0
8
14
0
2
1
1
14
0
6
2
0
1
8
17
0
22
11
0
5
19
10
0
1
8
11
22
0
8
0
1
0
8
1
14
2
0
0
5
0
6
1
18
0
20
0
10
1
0
8
5
5
0
10
10
0
1
23
1
14
8
0
15
0
0
17
0
11
8
0
1
5
0
0
27
8
0
5
9
16
1
6
8
2
35
14
9
0
13
9
1
0
22
8
14
5
8
1
1
0
0
0
0
8
10
24
13
0
0
0
5
9
5
5
9
0
6
5
5
0
15
21
0
8
8
0
8
0
0
5
19
8
8
1
1
0
12
0
1
0
1
0
1
0
5
13
0
1
6
0
19
0
6
14
1
0
0
0
0
0
8
14
11
0
1
0
5
8
8
5
16
0
1
17
5
0
11
15
0
5
0
17
19
8
0
0
8
1
1
15
0
0
14
0
9
11
0
0
5
0
8
1
6
25
8
5
6
0
19
10
5
5
18
17
13
14
14
17
23
20
8
0
0
3
2
8
3
0
0
5
0
13
19
21
8
0
2
0
0
0
0
6
1
16
0
1
20
0
1
9
5
12
0
0
0
0
1
8
22
6
0
0
5
15
8
5
0
0
1
8
18
1
9
10
25
16
0
10
0
0
9
29
11
1
8
0
0
0
5
1
0
0
8
8
1
21
9
1
4
0
1
5
0
21
2
5
7
9
16
13
22
1
16
0
19
8
32
0
8
3
1
14
1
0
9
5
13
1
33
0
24
0
1
14
17
0
8
14
27
5
0
0
9
1
19
22
13
13
6
0
8
19
1
0
0
1
14
15
1
9
22
5
14
1
23
5
6
12
8
14
22
14
0
1
0
8
0
29
9
27
2
8
11
9
5
11
6
8
19
0
8
1
1
19
5
0
9
5
5
7
1
22
1
0
14
0
11
0
13
23
13
8
3
13
41
2
13
0
14
0
28
2
8
11
0
0
7
0
5
0
1
5
1
14
14
29
1
0
27
11
4
2
27
5
1
9
22
18
15
8
31
9
5
19
1
14
16
5
26
23
7
28
0
5
21
19
14
3
22
8
23
1
24
10
3
12
6
5
20
6
16
6
8
0
8
8
5
1
14
14
2
0
0
1
12
0
17
18
9
3
0
6
8
0
8
14
8
8
8
0
0
0
8
8
1
0
5
0
0
8
15
5
5
0
0
0
22
0
7
1
28
0
1
7
17
15
8
7
9
0
9
0
0
0
1
5
0
1
0
0
0
1
5
0
14
7
0
0
14
0
1
13
11
0
10
0
18
7
9
6
9
0
26
1
1
0
0
1
0
16
1
12
7
6
1
8
14
8
0
0
9
0
0
0
9
0
8
13
8
8
1
11
1
9
5
1
5
9
0
8
0
1
8
2
6
9
0
0
0
0
0
0
13
1
0
1
8
8
8
8
0
8
1
8
14
14
0
0
6
0
5
0
2
0
0
1
0
0
5
0
1
0
13
8
16
8
7
8
8
0
6
0
5
5
2
0
11
0
0
5
0
0
1
1
0
0
8
0
0
8
33
0
17
8
0
0
0
22
2
22
23
0
0
10
11
6
34
0
13
12
0
15
6
14
15
0
5
1
11
1
9
6
0
1
8
8
5
7
0
5
0
9
13
15
1
5
21
20
17
27
11
4
0
9
9
0
15
0
16
0
1
0
5
0
2
0
0
1
0
0
0
0
8
5
0
9
1
5
0
1
0
6
8
0
0
22
0
1
8
0
0
0
0
0
0
8
0
0
6
5
0
0
1
21
9
5
6
14
1
0
0
1
12
0
17
17
6
6
2
0
8
0
0
20
0
0
5
8
14
0
10
7
7
8
7
2
