750464
16988
785732
25726
1294
870298
5794
6615
15405
362985
36322
1619737
86081
581520
667141
0
235956
267172
489
232223
46498
1018822
876693
1254902
1230559
1130383
1575
0
6
1763313
644219
633608
1008741
632720
11668
1
235472
1035992
337
3332
599
117006
36291
1451889
12854
3458312
1279592
279807
232235
997699
0
85422
351357
753646
1874142
479344
6
643247
1727258
677332
0
6
0
0
55062
233488
236912
1083088
1879823
1507032
881487
41
1291881
5
999009
1911
1210
1110832
361469
3
128904
244230
279250
12485
7558
394713
261067
745492
6740
1025410
881409
35
644052
6035
240721
1248764
120345
761526
2109537
0
749469
233786
1000443
132667
1589
232438
1711
642194
729182
1017600
911551
996018
6
2767
1
0
123456
1274272
1120991
891708
2
1001122
21217
760743
1813
28
642454
14822
347917
1008037
659934
643007
644012
45009
632103
997840
262915
3110
648125
232911
234295
208058
599169
0
355458
993426
1675
2731
1088848
7164
619179
1570
872562
1004598
635225
476
130280
1000000
2052
6429
994664
28
274546
1165
28
4111
12367
360934
621972
1238660
37334
48792
453543
233416
2988005
847
999656
11668
645674
1733
764994
1643757
2054341
646405
634433
633792
112792
1260
11236
358672
505767
469550
861880
16308
35
0
646117
0
997948
117653
545282
0
32182
572
0
0
85422
0
0
3767
999287
1585625
26215
970115
4359
643159
402
1317910
464893
645913
632607
477658
3
2715
1013508
483372
1809
226428
5288
998787
1158
357182
17259
2055397
191377
1342189
4562
122003
120292
1120820
1610
0
2
0
232374
60
19
4452
1171
228
974063
465243
10
224936
15401
4589
773920
9478
64008
567382
5
1000494
1348837
1748313
0
233930
341097
1005717
1561
242747
1081513
6
15809
2125209
97117
4157
255928
266546
1001681
3729
355444
351441
641937
1644848
0
236428
7
13289
1316164
31607
666125
122309
1117404
227434
638403
1004075
11821
301
628482
1858455
1
2919
3966
587046
1568
632886
117607
0
1234738
246093
232669
632446
1027459
484727
1745459
176185
1612
231895
32
1003
752599
632888
116415
242344
15778
4
874348
13269
44325
1626799
867898
1007
86845
234274
850281
60
740681
5719
4731
120523
125241
45852
57863
736284
490608
983953
983902
368037
249469
118882
533
1763320
266815
0
2154
234419
1031535
1252155
245214
441
1522272
18621
1104736
1147021
222491
366427
25182
6
257868
878100
1035
246272
0
3694
122342
4133
1
4135
237049
2982
2634642
655962
1652690
360302
743349
476
1281027
635709
2
121121
761555
645899
468778
1000070
15060
877606
117594
2148
232710
5762
2229024
3622
785152
749424
86322
978531
269923
458337
1013713
508
465183
4554
1000152
11435
121005
808
1338755
4592
1758429
1230487
232983
647879
29
3818
640009
960040
156250
13320
357237
124779
2363332
3
883797
4536
731411
230950
2370252
1984
643865
286
413000
878853
646292
1000000
3
1114830
0
2077
1099
31612
231972
128854
2745620
2472
2748
643931
319716
234776
12069
999288
0
13092
32737
465005
572
23336
356617
122290
1260291
2380
11618
3688
767260
232659
122548
1121260
247969
10
1415
879177
1
1871
227
3
1660270
998140
123991
4147
5905
9170
248849
89264
633790
648671
128774
1299
234025
1639967
1592
995682
120732
1573
891457
72
996306
634665
118859
1666046
17946
6255
131950
222008
33326
10749
955877
737942
231905
1026122
11423
1285803
1008000
668093
1217240
1490168
995951
1509785
653441
0
6857
67
878275
1000449
11674
121648
31531
233652
761553
632726
232287
1000000
1576
766708
1021270
11655
15363
1653537
232984
607004
437
230592
1640427
130229
996445
11884
638443
364757
646137
1000921
12913
232731
643986
119535
460596
0
1002663
1132
103405
1
463560
234466
47121
360742
0
553
1208794
3784
260188
3110571
463864
4750
0
5975
996385
236176
156833
4995
630982
1503
632390
428
1119162
601
860404
641841
1621010
318937
10165
367982
360278
642893
594
501432
1267828
235307
489273
5259
1748
1645430
2267019
29
249376
123142
1632320
1651
4600
597
861907
633660
8317
358860
16263
632203
658
0
133730
1881301
1086262
232949
11678
0
1000002
10
236
1014218
94709
648806
2929
121868
126621
425
10621
1515233
1213575
874092
3663
6
761774
143409
1409282
366140
998570
778159
226511
895833
242088
981195
232980
234298
1992
0
629487
638469
120512
1039747
4030
632919
635954
11651
878878
257
985096
243473
1266612
894824
752485
463907
231815
977938
621675
1089636
1111661
135266
101133
505292
45733
244504
247787
1139680
497714
354344
236227
434
122903
0
4615
475916
2570521
1003093
2506706
636420
996975
98778
741759
148752
5996
732830
631550
1873254
1356188
4292
11668
29
3232
225016
881077
743602
12100
219589
1130
0
1237504
370481
1001401
648699
4299
984130
660904
578
5912
354388
1464739
2234349
65
121154
767779
350636
1890770
469067
1351658
679296
355483
644059
636250
1609938
791850
35411
2032628
483004
4148
356717
635318
642798
1005876
631
233549
0
96804
1085417
354143
37536
1561
495319
1523883
998079
44096
339143
837870
23819
21208
845004
228857
3712
502950
300116
93
424
629728
10137
226282
1000069
231826
1124479
645777
0
1350182
1876261
1316925
236687
350829
1889
3842
647374
643925
2
2160
1009567
1192
643986
117603
571
318663
1100
236343
312381
0
224754
233698
1128
261620
248250
643948
1187
999827
647693
85812
245699
434
11666
0
0
0
642982
219265
1193
234294
0
86388
153418
0
4452
232057
240149
346940
120724
763828
6563
346836
15109
241537
246
643192
1355656
1170
589514
31616
1000412
1102941
233878
14282
11688
635138
719557
728693
168745
2147463
7540
5507
18810
659606
11618
620
0
1165
646321
6469
767034
480
658
353902
317574
233715
999735
1946839
0
654947
697406
883272
1000226
2000777
120950
2072
632607
478575
31613
367692
28
410
232720
1863
767088
241
4
231882
235980
994219
2723
636031
31510
1229991
1006477
1237971
232369
471135
14081
367968
632479
350269
4079
645867
1196
32114
226362
1021941
7197
5499
1000428
1637675
362696
995958
642252
749266
1145
126407
632453
1324953
2
649834
1135
13798
13383
766814
650267
4444
798377
650492
653328
1034750
587164
1558825
1110543
232768
739
1118132
845742
862890
1001749
239922
0
4
4175
1356902
117035
773170
729999
77323
1301
231852
1712
1771330
624606
229808
23258
1002795
0
32242
997175
643345
1740
424
60
229799
235594
0
631083
354811
11653
0
206211
232259
12239
89865
1095899
18666
688
1081
0
1247403
26
264226
2030
6
232277
0
1001257
1173
3
14035
997632
747891
4660
629860
6685
1818801
282931
1462200
350725
697435
864583
14367
33905
230827
1865
808
118134
2901
460145
3395
634007
121665
245754
219011
11660
19652
12083
