4415539
7714272
7075457
5172504
5898550
5531593
9583972
4918355
7054035
7920512
8737756
6422053
5060957
4405644
7602626
3888072
4680467
6024898
7262409
3913442
4905442
3941086
4209706
7376848
6072818
5019665
11316943
3600825
5836490
4189074
8270049
4157145
7835679
7583688
9620760
9341314
7514146
7067400
8205964
7351917
11970930
11560692
13763568
7205189
5424699
3588856
6512246
3619618
7522298
4657647
5250829
2584363
3617147
3939072
4074950
2889648
9354914
5719675
10774155
1979835
3720822
2367587
5522126
3257854
