28171
262831
339262
13315
52819
5849
48227
1080800
3647
2777465
914498
750262
2546
3015
649807
6115
572175
524179
143448
342
753954
5713
565113
12259
45335
860139
23828
185669
994385
269709
1135847
548775
1019889
27412
533509
170
30175
1170243
1545853
716848
38937
334117
779785
726062
577454
1547190
208059
4993
2381
814667
504344
11876
2
2705
10474
784727
27641
656462
797148
21
585657
710275
2003
5735
1701
0
600652
10648
661
515153
3627
85910
5397
61
137107
1780
0
9227
20
342
0
0
962089
183098
181369
18403
31421
92935
185759
237
640938
571645
572718
1279
14898
572001
789329
187
95635
44014
8939
925857
1787
215816
623221
880272
794670
813989
786881
5
1281070
187755
1234
971336
1550
24466
402
12835
9258
516568
401092
70244
749525
3828
459
727
725833
15082
754333
844803
983454
9409
1102
0
26827
179676
691706
348
695339
896196
274277
7845
428288
412
869872
31128
1601892
34
547661
610797
797431
52758
727618
295530
854178
1027653
8799
720099
159
139
656407
13830
979294
129659
981222
1448
668700
167014
1545727
976518
102862
564556
9617
224907
827449
690055
68876
576490
763663
553
118
99802
4716
1519805
973353
797371
1410071
39964
417
2885
656
1299
11
1253
4809
648
3437
120578
796560
1136
867
474
505278
7
138304
19
138556
30985
186018
9228
393
312
10572
1588
9074
13
24903
1731
17264
716356
166
1444
70154
808626
603203
2355
37993
26177
183937
36290
626665
1
893073
787
44683
0
6108
513
1149029
20
186437
10946
122330
579296
1240
703518
5096
475
2967
1979
1553064
186616
180398
1255
3435
6792
1431
53955
3301
1609
1305
759033
786995
13999
328
628267
127
765446
951
2
797035
1248
26425
0
882
3
385327
1002
138186
1869
0
78508
667104
497835
0
11108
84228
12660
1308573
150
13935
260
1604706
834515
14100
8416
315695
582897
8912
211638
761848
13
625639
68
4
3
0
0
195123
9030
30
0
25305
10962
2818
162508
2080
1226
924537
1696
5
15
2976
0
0
1807
1230512
3
768388
807960
16940
404570
3
15
198716
182943
2993
69475
217052
25520
40608
532350
997751
3441
210898
5415
528612
506442
2502
3359
90560
27133
4303
25173
372133
326
600004
2600
1092609
948
752111
517669
517780
141269
54998
941
584210
503753
575592
800015
631
0
4661
12
2
9306
44844
6
104644
83642
5419
31778
571853
27482
1408393
101692
90389
504528
142
4076
25231
266992
69056
618273
9541
450
1471
25601
41796
334
605527
1426
801964
3639
68753
510339
348981
1495
21740
147755
798623
308918
1455
5097
213438
111
638764
123
653726
904872
205418
16382
3417
1517662
817484
13249
491099
86827
2116680
2969
782738
580701
1639993
70992
1410571
148
0
0
946
131
790697
799894
284597
511362
80673
503420
903214
3768
70191
1309357
21152
171
486
186996
1585442
1279
17532
1010
1109
319
3659
24542
171
0
766210
1617
30046
185897
0
31
17255
11
64908
514130
866
69040
0
349664
1139093
244
369
1105593
279282
583725
5292
192
0
68993
84647
104215
588797
686732
114621
4591
5859
784202
595168
337
6864
0
656
596179
218195
30202
1326319
507
9854
1180
2072
103287
2688
62264
146170
744392
2807695
649352
1191414
13
276937
565779
1553708
51159
955225
19207
522290
784286
38196
1299294
14417
88601
146
9244
0
796
188877
212
815955
220654
1610498
3075
583
262087
1433
179741
255907
1285
1099453
433982
867711
3427
696491
4394
1413394
890717
578500
21823
70361
1191
2391533
264
702
109079
2293
161479
333
9386
723200
26610
616428
1285
1441
998247
130244
1296
29205
182638
57607
797713
603647
788636
26486
13982
13044
14664
550505
1613911
969250
985164
5
9054
1980
185452
15
600446
812705
10924
70315
1015909
33007
28761
136
1090748
36263
57371
3900
9288
129906
12873
757188
270766
229568
60
286430
3388
183131
305
87862
162557
6946
2531977
1429272
133
524885
799594
824011
1288
18006
4039
979116
3424
640822
627721
201819
4307
7178
250
201
1753
15911
125205
986440
1097273
675433
2119143
20102
222
1012440
1148
848617
961615
1939556
1216
1664
716790
1331
321298
768412
34456
985277
9366
10749
947
2069
102575
512223
23172
1143142
805353
809229
1459427
361
140089
1980574
238722
1533620
7790
27917
330
1297077
535296
1304172
59207
86184
24531
8029
621904
24277
34113
1009455
1107242
459009
2117
563881
185549
69509
61587
841025
18575
938261
429677
14457
11074
19919
1444171
1812580
573338
50578
797038
2
1679942
70706
4596
989861
674871
1565067
81247
1541
2702
184674
6
1253
114
4
563374
68974
183850
717276
27628
1469
434
5973
72489
116
62
1550450
30270
1460560
189325
972838
577773
734145
825940
16832
39192
1280615
1278450
280674
185771
1089815
1393
254859
19407
21442
1259
587591
73022
108
21
506986
13540
1484
475
395652
1335104
179781
599558
3127
669026
468414
130838
1306692
1656
4486
572529
5001
1296217
25102
17615
10059
803908
807622
10614
648
3
0
9
3921
0
10573
319884
508194
1146672
69684
12
811213
1571755
3731
209
12008
2300
9443
179128
644942
285565
2004
814
669664
16
26896
13642
1824012
792747
3
78876
6945
124
3841
1562
6
137063
496
142
26773
69098
1964
182975
138439
0
184966
586
789974
1830
2465
764221
186935
2
171
1443
1036
9228
0
40098
450
836
0
185896
1645
561789
0
567243
10865
163000
22912
8104
189549
41
5147
599932
725188
10618
156
57
2546
24981
569022
4417
0
26587
517578
21
27
7848
734756
185187
89788
1491
857680
0
3938
0
1106
0
169
114
15
1120
379
346674
1333224
184
613561
823660
596644
811086
25723
3316
1214353
44
832782
14140
92863
185635
1590320
468
188053
196
273883
1570818
950
9402
1152047
25180
5678
1304
731944
183725
797143
26217
38332
1127
13304
7311
94
621882
29469
69791
4565
3484
1612899
781549
601791
2842
583223
100326
522362
193263
100093
811726
800848
13500
446815
31796
603014
185371
523197
575
689988
186365
1255
715045
5257
54
599801
3724
409905
396984
588449
3436
808957
2863
26842
400
781444
21033
5
1256
0
11295
120190
5
586752
7358
390
69404
1423
946564
582
930
10965
315
667094
35283
597465
181
510324
9757
987187
3763
1107
2635
17511
597760
1733
578163
751831
0
1306
473
3920
694
749536
23993
818085
402065
199975
715143
9614
600856
26936
17
2271
365500
10797
3549
781214
575301
2511
3434
36698
2841
32553
667565
36818
95734
