17036
28426
172506
0
0
519888
932
3
64223
187799
51
1453
0
17
1277
0
16
327
0
976
1
4018
1312590
3002
2449
1525
1457
0
0
2038
393
991
69140
2
845
0
0
68586
186159
343
1148
0
4074
1503
68631
5056
9277
0
0
1430
0
0
2215
1639
2878
100
961
145
2858
68478
0
0
0
0
20
0
8919
0
185690
97
0
1
0
0
11
0
0
0
950
528976
1
0
0
0
0
259477
2500
540114
533681
3333
793668
229
1422
1554
62951
1547136
0
0
797252
956
6
0
798582
67352
1485
0
3
0
0
0
0
0
0
18
0
0
189186
0
806779
86998
2
123
65873
68247
10739
11575
0
523381
1620
795450
67554
0
0
1590
1
2
255087
90
0
127
0
0
0
0
1
0
0
0
1
2497
668411
24
9457
187048
263
0
185718
0
89
0
0
0
545503
0
478
0
1
0
179973
1
6681
5262
8914
0
794524
68
11
68503
720366
0
797122
797318
871541
0
0
9329
68883
0
0
0
61
0
0
0
0
0
0
0
795736
0
0
0
0
0
0
0
0
0
0
9311
903864
571
13581
891519
0
0
0
1521146
0
71700
0
68328
0
0
528960
10250
0
0
1
3
475
77612
89
263315
3026
1312094
0
718967
1700
68382
0
0
0
0
0
0
0
0
0
0
0
0
0
0
0
0
11334
514338
69871
1467
0
10061
26
0
9
0
8987
1244
0
0
795741
0
0
1594024
189424
1426
790953
3508
792715
0
1
1435
16
798210
0
1
11
9462
69497
0
804035
59
966
2
0
0
0
1000
1589
861628
119
0
1452
0
0
9338
0
0
1128
599630
0
0
1041
3408
2904
186027
0
0
528924
989
0
0
476
1
0
0
9155
66569
707392
533274
528055
0
0
0
790596
0
2
155
3274
1447
0
13931
10
246037
1591
1516
1451
1
4376
9304
11343
516516
15
0
1456
532224
3342
792510
88
1
792740
0
1415
0
140
0
8
89
0
78973
5
0
626
8
5088
0
3
63291
189734
18
794271
742453
10089
2894
469
0
13
0
0
0
77699
0
89
798707
3
68527
0
956
0
0
6
0
1
480
329
1408
29
923
800000
0
9300
15
0
66930
486
0
0
0
10526
0
346
716462
0
926
18
1294
0
1050
496406
0
71529
0
783843
896
0
1407
798713
1478
68503
0
621
798210
0
9329
175
794070
0
10405
16
0
0
0
17
2
0
158
9330
0
0
0
0
0
0
0
185839
0
3734
626
77528
456
185322
0
798397
9428
497
321
612045
0
9593
68396
0
12
2
0
0
797210
535705
0
150
392
74924
0
0
0
68841
0
9296
10753
0
0
18
10099
1484
0
10580
0
0
1226
35
514355
64330
11153
0
1975
1632
1417
185363
795552
66817
23581
0
68247
1427
786807
0
0
794262
0
0
3734
600668
0
0
1
88
1507
0
104
894
18
0
15
798617
21
9616
1019
1
799999
149
64400
0
90
1
3511
770262
11474
10717
0
9546
89
0
0
203639
0
68927
0
8
111
1037
119
534256
731520
0
68118
185360
474
0
485
149
1
0
3392
785739
7
89
0
9312
18
0
0
91
2
0
0
60
1
0
1186
1233
63086
113
600529
68959
487
2418
0
1
994
194986
149
0
186382
798707
1
187051
0
261
0
0
152
0
0
0
0
602444
2
713756
1060
0
0
798707
0
0
90
89
0
182926
0
2
345
1411
0
792859
0
0
0
502868
0
547773
5
1448
3
0
0
0
0
479
0
0
0
0
962
0
526941
0
2
1
3368
4951
0
3602
1008
4923
1112
246346
0
0
978
175688
436335
64730
11999
3588
11408
152
2
5003
579137
18166
24
64525
12
0
0
0
566
2415
795246
1397770
4
0
0
11492
18
1402
11
9290
795230
3
1007
68503
0
193237
528303
68658
0
0
1500
0
0
0
475
0
798134
0
785278
809988
0
1384
486
798889
74215
536179
0
797973
0
0
90
186016
9195
0
185665
9329
11154
1083
1227
844980
15047
0
0
0
0
1266
532301
0
0
0
0
576
0
0
9390
255
1
65877
0
9099
1416
510811
282466
140
0
0
4898
5
4
0
0
0
4
0
0
0
0
149
8
96828
0
0
1
487
0
0
0
0
797100
0
0
480
0
0
0
0
0
0
1291
0
183589
0
1
93
1289
0
9204
186015
9330
0
0
0
0
0
0
0
0
0
0
0
0
0
0
0
0
3
0
0
1000
122
8
0
9329
983248
577
0
0
0
571
798725
89
531585
68100
149
10958
704473
189761
1
1380
0
0
0
0
132
89
0
77465
0
0
338
0
534666
8
725668
797735
185330
8
1213
503784
602663
1
4327
479
0
0
0
1
68445
0
0
1
0
0
111
0
221
0
0
3
1236
594712
78068
0
0
91
730321
10213
951
0
0
158
0
922
1
100
0
0
0
1
0
1955
94
33
0
365
0
111
68899
0
14187
0
0
89
15023
532433
477
795758
262840
795203
764730
3455
15256
2490
1
532298
782746
1042
0
0
0
0
3396
8
716859
186505
0
0
3129
0
0
2
796138
1499
0
0
61
0
0
0
0
0
0
0
0
0
0
0
0
0
0
0
2
9129
0
0
0
0
0
0
0
0
0
1
68118
0
0
0
529541
0
8
1250
0
0
77268
0
185632
28602
90
0
55
0
0
0
27
0
19
0
0
132
991
65837
536
0
1
0
1267
0
172507
10018
80850
17
0
514934
1418
1525
4227
67123
4259
67378
0
542
2413
0
0
1
0
0
0
786179
9961
10106
263530
485
26
0
0
795954
0
0
0
90
185343
0
1
532599
1059
185375
4717
478
185367
8899
1244
795601
0
0
0
0
0
0
12
0
0
2
528964
479
794785
955
0
0
0
0
67122
0
1233
0
1427
1586800
799646
143
69628
0
189070
354
0
0
1426
0
0
66557
707570
790719
2944
494
2056
955
15
792600
0
0
0
3391
0
22
474
0
544
0
480
1435
0
1
9046
0
23
3380
785250
8
798705
0
16
0
0
0
0
0
1525
534354
11
0
0
0
9296
0
10518
65596
3240
185363
787572
794292
3734
0
0
0
544708
131
785242
10807
0
494
1512
0
485
789138
0
93
0
4
1062
971
0
4
150
0
299
798707
1
2
0
0
18
0
1
527903
0
4528
326
183276
3620
1606
73759
90
797077
0
18
0
119
0
1487
0
2
534165
149
1447
5
0
0
576
2
0
534457
2
4
0
18667
480
0
0
0
1293
0
0
0
0
0
0
1003
122
0
798795
597188
2330
0
112
0
0
0
0
0
0
0
0
145117
9272
1109
0
0
2079
1
5345
14909
1590963
781701
2855
0
186027
0
483
61
0
0
0
2
0
0
1
528924
0
0
0
27
0
989
1
186488
0
1338
941
0
472
0
0
185334
531289
477
0
0
2
527964
0
0
0
68239
0
0
0
0
0
106
0
9051
0
0
0
0
66674
719731
0
535835
8
787701
2033
153
2
0
531423
186553
90
0
0
149
0
534226
0
0
0
89
0
0
0
78613
0
791919
477
0
1
0
0
183263
465
186322
914
139
0
10
144
2692
1478
1256
0
524222
0
1586
0
179342
0
316
10078
9689
0
1
13993
4
5090
15071
24988
74714
177
176116
26160
553
0
5
1039
259479
1506
1093
1
3056
14696
767057
1365
524332
780131
331
0
0
1612
62922
77693
1
0
9482
1
5
126
1303
187009
783300
4028
526812
3148
2
0
678
0
0
0
0
0
3
1
1458
0
0
534603
0
132
267355
437
3
0
0
779051
14872
58
601652
0
91
0
0
1
1
0
67922
0
793820
794152
0
14956
0
29
3063
766516
15611
1527
476
485
794126
0
533242
1029
140
0
794905
0
9
1
187072
1
0
0
0
89
0
0
1
8
58
0
9406
1417
1509
68370
1381
0
63884
1027
0
77691
2
118
0
0
8
627
0
0
0
0
0
150
15381
480
0
0
90
0
0
1287
0
1
3
354
62831
1
1286
198360
520344
1
1498
187025
9
0
8
1590905
540650
68741
1
0
1538712
0
716391
1291
7
1328161
3905
2792
182991
3665
13
13
1887
1619
0
0
0
9296
797122
477
9
103
0
909589
0
0
1
0
0
0
0
9
0
626
0
0
0
77699
0
263800
534103
0
1557
6
9569
0
0
1
798707
0
1457
0
1036
600576
68509
339
1103
0
0
488
186016
0
1327
348
535560
0
0
0
0
0
0
0
140
0
2016
1059243
3349
0
0
1458
437
0
486
0
12
534173
9329
0
480
0
1
0
328
0
0
14896
765452
4
0
0
2
14901
147
8
924
0
1513332
0
613733
1309
0
0
0
0
91
0
1309
722505
195341
186007
1369
0
0
0
798183
0
66896
0
0
1
1
484
1
0
148
0
0
0
1640
11536
67905
795497
11
149
0
1
2839
3
807390
194845
0
719601
120
78002
0
0
346
0
188074
1323
147
542020
8
0
0
0
0
0
934
29
768198
1045
728687
1725
55
766367
0
1395
29512
16332
84
505
1868
30
7074
1
8
1029015
0
477
0
0
0
486
1589579
504254
167
0
470
149
0
0
2420
541194
0
782453
251974
12
1021
0
68445
0
140
798042
68511
9317
1407
0
797693
794305
800194
8
1
1446
32
0
9
0
0
263835
0
1
0
0
723613
989
722159
942
0
924
0
798216
0
0
0
0
9329
720867
141
77699
0
177
0
0
3
794970
0
89
0
0
0
0
8770
1462
0
166
0
964
1015
1086
0
508145
6
988
999
0
540783
0
0
601013
0
0
797208
807541
3
1579
958
19
11
1348
121
1
69642
146
17
68510
1
4
0
0
10718
0
9330
0
186016
0
2252
0
130871
0
798144
527371
0
1025
0
0
0
0
0
78500
0
251
0
0
0
2
0
0
0
119
468
0
185371
0
68498
66678
0
0
3428
0
335
578
238
0
1104
0
0
0
12564
77528
158
2
320
0
0
0
0
185318
0
0
0
89
1
798388
1
0
8
91
9479
0
695
0
15106
72
0
0
799028
480
542722
0
69323
0
0
1
0
0
9683
0
1
0
1
0
68258
138
1
0
0
370
1502
1
0
3
12878
0
2
0
9330
1
0
0
1050595
1514
299
798131
149
1365
795696
354
9338
0
64703
534085
0
0
0
1
185017
1289
148
375
0
188351
0
10416
360
511373
80773
4095
0
0
68119
1
0
1500
0
0
0
186705
798136
320
68841
0
1
127
0
0
0
0
9462
182093
186
0
993
796105
795208
9852
0
0
0
541687
0
150
577
68127
0
487
18
1
10072
505
0
0
0
0
1541361
0
0
88
0
0
0
796601
0
89
1291
0
0
0
0
8
478
0
793223
532292
1716
3529
360
2846
968
115
888
513468
2795
0
1499
0
465
245749
0
9942
4837
53
0
0
13
1277
1303
1588
116
1749
1552
141
1418
3534
1430
3802
67338
0
0
185363
0
528950
0
1556
0
857044
0
66786
0
0
18
284980
133899
543225
795509
1501
68117
0
0
69750
260
89
0
1
1481
792962
719219
869590
68765
0
0
794357
0
0
911546
370677
794843
0
9287
68179
0
718074
0
0
0
0
524356
10086
1
0
3734
0
0
0
61
0
599678
1080
9338
600758
189425
937
0
0
0
0
0
7
2
1
0
89
0
0
1
775
197
1506
8
77699
0
0
0
1
9315
104
1
0
922
496696
896
798705
0
9125
0
0
0
0
1013
263311
349
172
1
1332802
9249
114
14
22
1290
936
164
90527
1578
0
600668
6
1015
798651
122
149
6
9418
10713
111
1265420
253952
149
0
89
0
61
63070
608
1134
186022
798707
0
2
603169
0
89
1
794270
503114
1456
0
0
0
3371
3511
2935
354780
18291
577422
2
476
602545
11442
9307
0
69919
0
0
0
2050
263815
9145
195354
793630
0
0
0
0
90
258960
4905
0
0
9330
8
1412
480
0
183659
1383
204554
0
0
0
0
0
26
70672
19
7
710
0
0
338
535624
690335
535622
0
0
111
90
0
721020
0
1024
0
0
0
120
532552
0
1348
1022
0
1321
1427
728774
0
0
0
0
9134
0
0
68118
617
1
291502
145
0
151
538
0
65567
3539
69792
2
1
795713
264015
795480
90
187746
4633
0
0
0
478
0
0
0
1268
0
707747
2798
0
3405
437
1
0
785738
0
535875
0
0
0
0
89
486
472
3
1
300
12
9
357
9296
18
534169
0
0
0
9809
1293
0
0
0
0
0
1
2029
798535
7
0
2
0
0
970
7
530303
1
0
0
0
0
0
255137
188747
149
0
89
0
1
1448
0
812
0
7
34
14896
16674
0
1092
1505
765354
63224
8
981
771898
112
0
1
0
0
58
600562
0
67898
0
2233
793722
8
14910
1428
0
67
117
2415
0
8
0
1445
0
1280
1
528954
1497
15183
792417
1505485
4228
3059
9296
797011
908239
0
149
0
20
11040
0
601608
1085
186504
1675
0
8
797249
1458
0
9329
0
0
0
1
1043
0
0
372029
0
0
0
149
112
149
0
91
0
0
0
8
0
0
1
1313
1
1
724437
149
0
186021
0
77827
0
0
195333
0
535434
0
0
0
0
0
0
0
1087
339
0
601016
1596908
3
68404
0
2
195347
0
1325724
0
1060
0
0
0
66859
21
0
12568
22
0
0
0
0
2
798707
0
1
1
0
0
3
12729
0
1052107
0
9821
0
97
15
915
0
3
798136
0
0
182508
501
0
0
487
0
1477
88
1370
0
0
1442
344
4
4
0
0
1688
1541
2177
528950
63156
0
334634
68005
0
793008
1398
0
1163768
0
0
0
0
60
938
0
0
0
255
77707
1
496989
10007
0
1032
115
1289
68425
799919
125
0
89
537
10
602131
1297624
3373
182218
1451
0
263820
987660
1
0
0
0
0
436
369
1225438
0
721007
1
179
0
0
0
106665
196
6
0
1285
477
0
0
0
534354
0
1
350
0
479
0
0
0
0
0
188419
0
329
14941
2
770306
0
0
621
0
37
0
530807
1522228
0
0
0
8
9315
0
185671
149
0
0
1
1
68397
0
0
0
0
798211
0
0
0
0
0
1
2
253911
937
796681
0
575
2809
6
2004
910539
1647
183604
985
106
81973
1135
317880
1702
675528
964400
0
2555
721006
200
1289
524223
5
2
345
2841
0
780989
0
547
0
179016
783208
1
250583
1982
80075
77361
210329
683079
11231
15120
3405
19743
55618
55
2
3962
1368
926
70861
40094
1508
1868
66293
0
488
0
1491
10
77592
4750
7320
123
780890
128
1297174
3790
46
8958
1406
9276
533903
3354
0
0
64395
157
0
67508
477
0
12
0
485
3
0
120
0
0
0
0
0
0
532848
939
0
486
485
93
870173
533454
1162
264682
3284
543160
9
797691
604685
10111
1571284
1863
8
1
68246
0
794457
471
1384
0
65881
0
149
475
0
1322129
9
566
1458
128
2409
0
0
1050
19
2799
9056
8943
532229
0
0
9291
0
1405
0
795193
791747
0
3996
795980
781821
0
4333
5
9
0
1021
0
0
68503
0
0
0
0
0
0
64437
261488
0
8
22
528236
0
1521
76547
149
0
798042
0
67485
0
68988
0
0
9317
0
1500
0
0
12
1405
2
0
0
0
0
2080
485
795601
12
794179
0
3879
3
0
798707
0
1487
0
798133
128
0
0
0
9
0
0
15207
771517
1315
1474
4974
793637
9931
1010
0
8
716709
1390
1
1
1
0
0
715846
486
796889
0
2359
533430
338922
798707
720867
2
535039
918
2
0
487
0
0
0
371
798453
185654
0
929
2
581
313
70062
0
792962
799142
534443
0
0
90
798558
187054
491
1407
265277
27
488
9167
123
1293
1
1872
1291
1882
0
795231
1
0
8
9328
798228
24
807457
1478
4761
13
601467
2
10129
8
0
1227
288106
579523
788168
763511
1349
120
1890
79680
0
8
9329
0
0
0
720868
0
141
68365
0
141
0
119
77576
132
1483
1265
792975
0
1434
531515
0
0
0
0
0
1384
0
0
0
0
0
0
0
65958
954
779038
14913
0
0
2
723
0
0
91
0
475
0
0
0
0
777868
717115
479
21869
0
2
780792
15125
0
569
77569
0
66240
9838
4
0
119
1470
0
1
8
2761
10481
235
1413
0
169
0
28426
482380
176
0
17
283225
1556
145
2
26
997
10599
0
2471
1414
0
8934
97
11
0
0
10355
8363
743299
532229
6
5
0
0
3
4
1480
0
0
999
0
0
0
9291
0
539638
0
997
148
4
795831
186
61
0
0
0
0
0
532786
795164
68226
0
9294
780881
1572
0
0
0
0
5513
1
99
795741
1594106
481
16
9330
803903
968
75525
139
0
0
1579
0
476
12549
1061329
0
1935
0
1
471
0
11
487
9
77555
2
190000
1358
0
0
69530
0
1
1253
0
1
0
717734
1414
68149
0
69981
9455
795573
0
159
9330
0
0
0
0
68510
0
0
397
480
0
4
0
0
0
0
0
0
0
0
0
0
10718
64354
0
0
192981
68442
0
0
0
0
9330
0
0
5
8
1286
186038
0
0
0
528242
0
0
183331
0
0
2252
0
0
0
0
1522
69154
75033
63221
4
149
0
1289
0
796618
1010
0
1500
0
797953
1473
536393
186015
18
0
0
533567
0
9583
76331
0
0
0
0
68988
0
0
0
0
0
0
0
0
0
0
0
0
0
9317
0
17
1057
0
77574
0
1348
0
152
1
118
0
134
0
91
0
0
0
0
0
12
0
0
1
1404
0
488
2
0
0
0
0
0
0
0
0
0
0
1257
0
0
0
0
65837
1267
19
0
1987
545
0
0
0
485
0
0
185371
795601
0
12
1000
0
68355
794212
122
0
66498
144
0
8
475
480
3389
15
16
3
0
9313
981449
3734
931
1453
577
0
0
798707
6
0
329
0
0
1489
0
578
238
0
0
0
798703
0
0
0
75901
1988
797196
3
61
0
0
28
4535
0
0
527050
68100
0
0
0
545693
0
8
0
10007
0
78954
0
190173
139
1024
514285
180040
9718
30249
465
2
254381
768208
514565
3
1
3
2715
0
0
0
1474
4974
0
0
0
792207
289
16073
0
9931
0
185312
0
0
0
1024
118
0
0
0
89
0
0
0
8
607550
88
3542
183083
2
0
9
1380
1
486
0
797892
0
0
1
339
0
1
0
0
0
0
534670
0
0
2
2
97
725705
0
714553
10673
798201
0
0
0
808554
12
200743
3485
0
147
8
0
1496905
55
30833
5083
532871
0
503945
470
8991
66019
866490
3
798707
1
0
0
724586
929
0
798707
2
958
0
1
2010
508986
541724
0
0
914
0
4
5
0
69318
2
0
0
0
1
0
68355
578
89
0
2
0
89
0
0
0
0
0
0
0
1
371
204
149
9330
798448
0
0
0
185296
0
482
68119
0
0
119
0
1
0
1037
113
0
478
0
0
68349
0
479
11
5
0
433
16
1277
1080
1585
67357
0
0
0
594650
0
1375
0
869563
794404
3754
1312
0
534442
0
91
799520
0
0
1
91
0
9315
0
721006
0
0
9344
952
12707
599396
0
730197
0
2
186014
1038
2
0
4
964
0
1706
1
0
263865
10742
0
0
27
0
922
90
0
0
487
2
0
9144
100
19
136892
795488
187686
0
1268
709280
0
1514
0
775
0
0
1294
0
800001
0
531280
0
255226
89
1931
590
1365
2789
0
91
794271
1428
0
1445
0
794173
9310
20
0
488
14
0
351
0
0
8
116
1973
111
9328
534070
0
0
867105
9330
0
21
12592
2
0
12729
807457
0
1458
0
1477
1
1
352
4750
0
184676
2
0
90
1300
10
601059
615
92414
0
504090
61
28659
0
10131
0
477
0
780452
474
203190
0
194586
1
68252
10052
0
796430
371
244698
4682
774659
38957
514233
1787
545
578325
901071
21120
55976
97442
66306
1031
6908
1462882
20
2
1349
0
120
0
532296
2
0
39894
782687
68128
14952
66288
14211
188
0
89
0
0
796059
0
0
0
0
0
9419
0
0
0
0
0
0
3396
0
0
8
1315
0
717727
0
715874
957
1519575
2
0
186025
1732
68510
0
78173
147
5
68655
0
126
475
26
3204
66179
0
0
260
128
0
0
0
0
119
0
0
2
0
185966
795655
77571
0
1
1977
0
171
465
10450
0
0
249004
0
495
0
0
0
794673
0
0
0
0
1
489
1962
0
1069065
2382
0
267568
68388
1254
717662
9309
9472
0
396
0
0
0
0
0
0
0
0
0
0
0
0
0
1006
1388
18
541659
0
0
0
0
0
148
0
2
91
0
0
486
0
0
1257
66985
0
0
0
0
8
0
480
0
923
0
0
2
0
0
75180
0
0
0
532979
476
990
15504
765372
27
0
0
14935
0
0
0
0
0
0
0
0
0
0
2
0
0
29900
147
1514519
0
0
0
0
0
0
0
0
0
90
90
0
0
0
0
68131
119
0
476
0
0
0
0
0
0
798108
0
0
0
529913
0
477
142
0
89
0
0
69365
709418
475
1291
785155
1473
0
0
479
0
0
0
9312
12594
0
0
0
1
77463
0
2
0
0
8
9924
548
191539
767200
21
0
37954
14961
89
794631
90
0
0
532337
570
934
77848
421
66805
120
0
0
185478
347
141
66229
1451
0
25
11401
1405
16
0
0
0
1000
0
0
0
115
0
1
905
138
522429
2409
24
0
0
0
2795
0
0
0
132
1
0
1507
991
0
1561
68263
0
40
197
0
2311
9209
1575
980
65909
182296
1247
166
1
0
18
9924
0
0
0
1267
235
4822
0
0
52
4
