8611102
8716189
12513034
8031836
4399319
5666238
9201681
5781645
8518640
12194335
10863025
7388291
4762584
2981870
7212560
6264838
6688724
4304114
9482713
3480627
4429459
4787630
7386462
6717049
5786654
8612711
10583030
7842285
4674444
3918687
8710400
4992153
13868341
5670486
10085695
7234452
11616359
7743499
11477048
6211431
12974524
9914237
14819825
10242671
9192544
5051483
12219404
6124575
8744713
6407576
6925905
2508846
3567926
4385256
4820563
3623842
9628167
6382324
11766840
7166402
5992292
4480967
6867451
4079050
