8217957
11581232
12677054
8634829
7680216
7662402
15952347
9954821
10520673
15904977
15328379
10142503
7266946
5378326
8119711
5465516
5562018
8567184
14129822
4670511
6358432
7188587
10722183
12719780
10186456
8982767
21084224
11502223
7245778
5788564
15743674
8138980
16397599
12034202
13862092
9760275
13125285
16175020
17085824
10300332
18430013
20536427
27694753
18567972
13359721
7411112
18457614
7559783
11000392
9122196
10309825
3205915
5807609
6009752
8067853
3991791
12995869
11338019
21237766
6648525
5827971
5333813
9971225
6243320
