783937
1007586
1379661
661545
835787
3141643
2129465
1796627
1315799
1513235
2456439
3167742
773978
2567654
1460747
165296
2086273
3740105
1353049
1107996
1395319
1590122
1816743
2246785
1642334
1185807
685086
2486950
223018
2277870
1433763
504859
1777949
1178706
1696942
1707826
1573495
1644251
1718522
1565817
1677019
664151
1431860
3184994
1185819
3292659
813296
1866352
455246
1242568
369931
142976
2061683
1121298
1592963
569349
1913656
1224650
2701109
1558708
347095
357056
1194628
152535
1652815
2796051
1397023
1122072
2185876
1874153
1627293
598315
1536280
2312408
1593060
1085612
510371
1399354
3270454
456446
611369
518807
2005299
906894
630399
1116517
2845724
2204722
613757
2382957
2811148
1572051
836351
645394
961063
4395068
2209402
810365
1925757
405064
2080450
1291203
2175369
921455
2485569
467266
2180728
2487774
1342081
2624525
2672507
988799
954773
1801260
1367309
254644
1004250
495978
2065478
1024265
591122
2583525
1306846
712337
2530344
1098668
2177028
692471
777244
1723676
4030618
2017522
2176452
801159
1165465
1605301
2885124
2076617
2075205
1317256
730389
1124835
1934583
1144380
3048455
919944
972253
1602968
1444900
1766501
2293892
1536672
2383917
1043260
1479770
392850
2516847
934899
1921169
686243
2281014
1128162
3172539
2158337
725748
1508562
599013
2161746
3038531
2340449
2656013
2164931
1407571
1321103
5151592
1899822
2186576
1429184
1283460
166586
3063868
1531661
3302040
1459560
3456660
1926931
2821070
1032668
1347913
1538298
2920633
484454
617958
1591484
1662961
1167752
3095712
1253384
1088648
452498
626743
613383
860948
1597205
197869
261365
740339
289524
1225797
1114254
2205013
2022942
586001
2332451
437647
874922
719042
1869266
2642151
3188473
805420
736785
883153
933881
2293563
2637795
1564962
667793
2167600
2643423
816140
1458825
1549662
1526133
3965275
1950254
1156009
2132248
650476
1537117
1470665
1425009
681047
924899
443524
1088793
1465381
309684
1203339
1357776
2194372
2177931
282719
320525
653590
219302
