312481
1268950
1726338
243048
1421065
1287319
2980395
993514
1150409
1053744
1916939
1472913
1850601
550545
1305075
218941
577138
2338298
524378
1273220
1068113
492992
1399936
1178681
1652154
1599370
3717359
747551
155793
1122732
1766156
494609
675646
1566935
2227983
1309426
1270504
1661282
1239485
1876047
1813095
2075864
1426638
774948
1388467
1119074
1449164
1934621
1103906
1386155
760629
695201
943395
1418118
595433
589535
1632913
1570763
2376076
320312
1202572
151270
1093982
468752
442938
713402
1905525
942421
1658221
559951
1320623
855993
1168177
1707012
1116469
1053523
683598
365729
1438572
806905
1153733
1034726
952072
419637
921871
319987
631103
675739
749653
1679096
1416427
174765
1915672
469491
2538134
927864
1736278
1296335
767059
1133817
1330842
469023
1346314
1164857
1929409
3514694
2931971
828044
679230
336245
1633073
269579
1085365
1489429
937728
597872
1388600
1140999
325321
500376
2424451
924493
2860019
380116
990586
1115604
1046149
533891
2095921
2115103
1370356
1071570
1089470
1006723
2210123
1442119
2265896
1296776
2257232
2327522
1122043
2063862
2652671
1191298
1919088
523507
2081071
1207590
1071091
1515785
1135221
2115979
1617913
660011
2507232
1819634
1724449
1648860
1279586
1625952
2832933
2250895
1640988
2430506
1633005
2515279
3488760
1998396
3832601
1209688
2946157
2682145
1755854
782384
2552426
696923
2458354
218670
1169296
419601
209909
432818
1102522
754456
2302065
983286
2406194
341459
306973
326710
1373026
1353957
711751
2593022
613020
1682275
551727
1293764
1223724
255858
402279
2004973
819920
1050453
294526
572533
516228
705028
366786
511236
1509491
397080
509429
231807
865853
1897590
921407
385858
1581004
187023
321792
121199
1016506
651775
1433133
648588
3531823
2169799
1516064
1220429
548725
1245506
1607286
2847786
3399340
1517295
455658
266393
415265
465796
966846
239779
1415511
381912
245488
521423
1060291
275578
1448591
1060574
1745262
573421
506753
517127
1324279
823602
