248
2078
852
4431
10
6108
6812
4190
82
30028
22933
13290
2745
0
80396
36
0
1477
12
36
213565
586
1927
89041
508
1838
355072
1533
3534
493
83291
1444
279
1126
636
68
526
628075
615919
276008
15634
615608
20817
198
25431
10807
659902
545
84
14516
24
129446
0
2
5
1454
1484
737
97405
135
32
31
1488
35
0
0
174
0
351094
1
275822
459
0
7663
88
1
4291
0
0
12998
0
244384
39
0
481
22
445
1280
0
230063
1522
0
8465
86736
629211
0
32
20
0
263868
8802
767
1
998722
11472
732992
1136688
185357
12901
84523
625679
0
0
740057
2098
269
0
3233
5
480
81114
84736
1163
0
11489
1396
1
18
2790
196
122229
30
77
630272
7
2754
0
2211
68
85
34
0
30
19952
448
28095
0
0
191
260276
4312
701018
53753
21690
3
631865
2
267285
1518
12740
4278
2195
11902
3
2044
330434
902354
624750
17085
14443
12616
609347
11948
17
19570
0
24
25333
356
0
4238
0
982357
9100
43827
163
627470
0
2062
11
0
0
90
11453
28918
0
639056
1070956
12237
11536
0
9595
3
6
540
127726
495
284940
0
0
0
0
0
2
0
0
2
0
1564
0
0
3
263293
523311
0
63
4
5674
0
384348
691
46
11322
56893
835307
262
0
84500
0
0
0
1119
4224
1209
237
36
0
0
1520
0
0
0
13
11484
31
9692
148
0
489
1407
0
0
0
0
0
261865
1628
267
0
0
768987
0
0
0
6845
979409
84369
154
5
0
7
1495
936617
276459
0
6026
965604
446
0
6
84685
65
1
1766
6656
7679
21
2
1064
88
0
1
6849
0
23003
4270
112
0
0
0
627090
0
0
992321
1380
0
11468
129
1
1550
86091
0
917858
0
0
0
7659
239914
4009
696145
1677
6
0
84514
0
77886
604054
484
2353
307
12425
6968
1062
8
7369
45405
1001
283
680
1242
1170
160
0
0
0
616
710338
482
19
230505
262503
278967
2521
0
9
0
0
11
48
8453
84062
1
629318
0
159
96298
1547
38867
623463
0
708
89120
73
159
9821
269521
162
259
1118
1243529
271680
0
0
6
1
84685
1
708914
264392
0
2
1
4207
8974
43
1769
158485
779
626848
4536
0
1
643153
183
368986
382
33
99845
18937
497
625069
1003822
10
93109
869035
3250
297802
1224620
259953
79246
18601
0
0
12207
9391
0
634496
122
125
84687
7681
651911
264366
4251
5173
0
0
6
0
23
0
0
0
16
655376
84773
1
19
163
2022
0
0
259
0
0
1225
0
11336
0
1702
3134
907860
85
2
57
4
1725
716
263140
185
326
0
960498
35891
61
84693
1
48
182755
8828
862909
4108
314
231286
17
0
11458
16
11477
1549
417
0
31590
1368
4227
0
4
11468
32
22175
10313
185767
2414
101
810
72
191
0
2
0
29363
81687
37673
383
31043
0
0
2
1
942266
72
0
0
1072
0
630263
1645
0
1
0
0
923353
1554
7
39
12520
97563
15917
3
1
5577
86704
700447
4974
268305
12277
4336
0
543
1000022
60
10990
4661
1
0
0
11512
0
2001
0
96638
72
20024
0
709525
1357
794
8866
0
409990
85932
26893
8275
0
0
26093
68037
863166
20
1
811
0
0
694241
0
52603
1398
9943
253424
255727
5836
22004
274290
0
724
0
693069
13470
52765
175577
71
25
1232
21928
626947
0
19224
1275151
42749
4237
626859
10
6873
4628
710327
2
647785
1309
26
266578
8646
158
1782
173
797854
1906
1245
22932
349214
717
1632
1
22340
3713
0
0
888430
0
715
635981
52
0
113
1
364571
0
1504
3
871412
534
0
756
0
413107
991229
80
1993
1
9036
1
7798
623344
74640
1617
15883
136863
1580
705
254352
8607
12662
5557
80570
12417
10155
2
618905
20
674786
384
230319
84
0
0
0
99
19691
81
84317
125
11224
30
59
22
2915
282610
28
709601
496
340
0
24720
0
649
11384
432
3030
4251
190
4246
4233
0
0
11
0
0
0
0
984249
0
7
85
0
30
9011
1
1
42486
3612
597
0
0
1749
104837
129
1201492
1472380
1179
0
0
0
0
18
542
12983
0
0
0
3
11
19134
0
648422
1194
25
0
974715
18991
11029
2441
654
0
13449
23
96353
721974
1524
27774
0
3
11
0
0
4
0
0
32
640240
83349
9474
973066
4320
627393
1308
11924
9643
1298
6
43594
15746
1
1
5420
3
47
13453
0
1371
626241
0
1133
90
378
0
466
4243
0
0
2
542
0
0
124784
604
231287
491
3
0
1251
0
283027
553
6
0
0
4231
0
0
0
30
0
271127
2
537
0
31551
0
14
0
0
419770
1
818
5824
3616
82690
59
11291
11
621348
1578
0
996455
31407
32690
2
117372
729
866372
18
0
0
710984
1463
12834
132
1139
0
0
0
0
4
555
0
0
3
7
0
4877
262852
2809
85
7731
5338
550297
5272
1810
280436
369931
0
159
83182
180193
231287
92
270485
687
5
1398
4269
11467
1
986594
485
226063
11514
0
814
426836
112
2
763
1149
1501
30
588
0
626878
0
11423
91914
4685
175
11424
638420
31597
89047
730237
727851
16733
4
0
476474
1559
0
0
0
0
0
0
11511
84685
56
84890
8109
385
194
1
0
11265
11
0
1515
4206
11471
0
0
1045
4806
723297
84
266130
14
0
2
1147
237
0
0
0
4
30
2
0
0
0
70552
103
0
0
0
0
714008
7276
0
0
275778
0
0
0
3469
4244
972
0
13
0
0
0
15
24
1863
5
11062
449
727
0
1421
532
45
3
1
18941
1830
1232
4431
0
197
76144
29
1157
7
3
1113
11692
2820
1777
11103
454
17740
6
0
0
0
11463
0
1119
0
634177
1501
746
377
0
16
0
1165
0
0
625118
0
4237
0
323512
6571
346
2
901372
614366
11902
0
984813
252
0
11457
229
6
0
0
0
0
261895
4237
389156
768311
0
4218
0
0
7
529
0
475
276677
157
84523
0
972878
84685
6741
1
6874
0
157
979746
19
268943
0
476
84368
621
0
51
143
1
47
24517
4
84081
0
1144
78
0
7
1
3
32
2037
4251
0
4552
849578
9392
79452
30
634754
276298
0
0
0
163
2
0
5960
56
262856
161
0
964146
5
1519
31429
4
200216
169
1
30247
32303
0
1146
480
913505
84727
0
1
0
53
0
86567
710936
403945
9471
962555
826
748021
1928
17418
302
168516
626879
25364
6580
7651
7679
466
262214
1234
269623
0
279155
1
84219
1887
174
64262
132
1324
1080
2
84
19
0
0
0
11633
0
6
0
1984
1
3641
0
846683
0
0
0
0
0
11723
100069
1522
4
6
0
627571
4336
1170
25
625722
0
0
0
0
0
4237
0
7658
14
0
2601
11306
31444
1868
238979
710417
0
17
0
548
39214
11498
17
13
41
1000000
48841
84
627391
21
26
1776
239612
0
11511
435
1
0
0
13032
0
0
0
73007
0
6237
0
1
0
28
123
92
1449
79985
1
2826
4540
0
0
0
0
0
1783
1526181
4221
0
0
0
0
9056
972323
6883
19
0
0
0
0
0
0
160
7670
0
56
0
235822
35
915904
0
84662
438713
698184
2
0
0
1648
1104
15
0
91
0
0
1523
0
2
0
7659
2605
315534
7667
9
48645
0
0
0
75292
0
127
1261
0
614488
0
12002
0
11
466
903282
9796
1092
84
1493
8098
93
146
11696
4285
24935
163
10741
1095
1
0
1772
5895
19
7
1644
0
21634
37
0
4
6
91789
42648
20
262857
445
502
1536
109
1
1138
0
3
276
183
1741
83094
2278
1227
0
9
166
2316
257984
260055
615087
3
2538
53
31
75
2
0
5
0
1516
85
3
0
4239
0
0
999
0
717998
0
1050
25
40531
710797
11689
19
0
452
0
483
277807
567457
79
0
3
230905
12972
0
2
262982
460
521208
265583
40852
2354
1570
8770
16
0
0
0
0
4
0
622120
1
0
0
0
0
0
1390
0
0
7
3
0
264
210
96088
0
12988
233
24717
911043
783
544
84096
84037
0
24
262230
1811
1
0
710127
0
4786
0
0
0
0
0
85
927
0
27
30
0
94486
513
3260
272335
678043
293776
5799
1160
1823
261886
1617974
3411
37
0
0
626848
0
0
625
0
752
0
0
510770
23
72
0
31353
55
4090
5072
51
8130
28792
3846
1328196
134881
8
0
2129182
0
2
24377
232
1064
2798
0
1519
39
1
7024
1115
0
626895
616656
256994
1548
978421
162964
274616
4
0
0
3
0
0
0
0
11
3
0
25353
3
0
0
1
0
0
30
822730
18
1
82
10
942
537
706963
1140
627
274477
2688
717863
192
1187
0
85
3
1296
11463
690549
5211
44
0
37
0
40117
4245
459
0
712084
0
259366
1552
0
11709
26
0
1468
24
340
6
1044
156323
19274
0
488
0
454
765
626848
0
1473
88
4252
492
368
2
20
269504
627332
14800
42
1523
559718
1
12104
0
631099
29
183
0
0
0
11599
665
368236
1
0
4361
1
226933
12490
627222
3605
2729
174
88200
106356
0
7653
1378
17383
11478
273093
0
84320
623154
11467
1013
709407
624605
279561
841697
634327
650516
625826
30
279210
275819
39755
92332
2022
1978
2908
356
870521
14391
35772
85871
224524
526
259533
582782
209924
288099
259140
14342
953509
381028
12957
83138
178028
25
173
78864
8
24
82167
261941
31445
14
0
0
7266
158
1602
0
32
32
0
12183
4251
11529
7
1252254
8388
0
0
0
1
0
0
4
0
634490
122
0
0
0
0
1523
115
0
84687
0
7
0
2623
0
154625
93
593
667556
611
262874
540
4859
259618
28
43474
1
355535
0
1976
4971
0
52
0
0
3
0
0
0
3
2112
256
0
7
3
0
234
0
2040
89056
41
7668
34556
0
0
0
0
1085448
0
41
11468
48
192
0
0
18155
7715
4
0
175
626862
994011
27320
48
853
84685
0
0
2
546
0
0
0
631304
83914
10
84017
705
0
1968
0
1174
646711
0
9611
0
0
262754
0
0
0
2
1
1786
245
1
0
0
27
25
16
1
0
85157
354225
626826
163
712704
0
287326
0
4251
11321
542
0
0
0
0
0
0
0
491
1709
0
499
267089
1529
915457
0
0
26
7764
0
0
0
0
0
7749
20
7
527
897
72
360
0
1206
0
0
1733
27
2
30
0
698
0
0
0
263544
294
12972
1531
84406
80120
644
167
446
0
85
0
4085
0
1947401
0
4345
0
1
466409
245440
4786
0
262839
29893
106
7683
342532
1585
9193
4
15
1794
0
7679
1976
40
42
429289
22789
7658
34
93
0
980723
1015474
1179349
4456
30535
1563
88406
703667
581
0
0
305
239
0
1941
230867
0
1289
626880
0
1
11511
0
0
758
0
466
272396
0
0
14183
622177
16
0
0
19159
78
11454
0
78
3066
642
11460
0
1846
0
0
4
1074
0
106
11471
545489
52
21
0
0
1342
0
1954
4227
0
0
0
4399
86437
505962
596
114613
32951
0
188
12001
261214
518
604407
4122
4102
95473
2
228035
2
14
184
12072
574
11848
7163
172327
17447
2131
8693
37999
2661
12
1948
351727
81630
397
1260237
21078
658047
130489
1010
1480
1532
183
4289
0
0
31332
499
229658
0
261912
997859
1602268
625220
0
0
82735
0
128402
5351
241
15711
2744
20938
87389
739
2745
336648
15969
8034
371
168
12645
1528
30077
2
54
289255
0
0
0
526482
26
0
1518
0
2434
2
32
10020
1519
0
261943
497941
6934
0
940312
0
75
1768
0
0
11511
0
893
0
96160
7718
700791
0
604765
11748
1955
1220
0
898
256291
0
0
625242
1546
89376
279577
889829
84688
709075
3099
160308
286
13440
824
125506
358712
96156
156
2
1254
5391
0
0
0
0
12563
906395
2
1715
876979
3
1554
231286
0
161
0
0
7
1
861
5
944149
11
1162
11353
37472
88936
986977
19
11411
11513
12115
18
8462
13
1651
0
0
257826
4960
28
8978
1107
653999
346
17
477
7853
98082
20930
617049
55
85636
875074
4806
4907
15333
139409
250844
92746
14988
893604
0
238
11643
995130
521
541
5594
0
0
0
30
596
108743
711342
0
11481
3
18809
981216
2336
720278
49
11
39
0
10964
37100
4254
5575
31
5093
2
542
231288
1843
0
0
1315
31551
424194
90415
621565
997997
31551
627414
12980
1139
542
0
1997
5183
604314
267628
271194
11468
226734
0
2651
29
95315
624748
730902
238125
0
0
92793
11461
5732
11471
975348
16
0
0
0
0
709525
8
4319
13
1866
607
1322
10924
229
1195
3009
12272
11463
635281
2672
1181
629355
67374
1
980582
11474
261895
399198
0
270284
1732
84698
498
0
56
25674
1234
4
4830
8269
0
0
262838
3
0
65198
1150
44
645
867337
69957
802559
1
263171
84662
65701
1
11152
1902
847795
0
84547
627637
8
0
4251
31496
537
561
11541
635415
240065
11947
1550
0
0
11
0
0
0
0
968397
0
173
0
17425
22076
0
1
31
10442
49283
0
1
7746
888094
8937
17568
0
6624
21703
82658
253932
620
0
2487
163
1110904
2427
21
1602
4233
626601
2
452
590951
39
11444
284555
8133
0
0
0
0
0
109060
17281
0
261817
84370
0
859
30
957544
4954
5150
11761
702
426951
0
17452
1450481
887128
24819
4135
7108
257738
1144867
0
11
383
0
627438
14
0
12648
1275
82041
55
587
1206
0
59
21076
480
1574
2
626930
1510
2
0
0
8
7911
93560
19233
628538
720958
893510
910357
2291
18858
37789
1012494
1086
17847
25
261855
161
1401
4251
628355
0
4
0
1523
8
151124
279671
1
400362
2139
0
2220
13
1535
36737
0
825126
7
1147
0
52
3
631129
2
647893
9139
535
1
27
45
355087
1000000
0
0
484
266067
26
7679
7683
527
929
2
0
704
86199
434
99
12034
1304
17
7663
639
7867
7660
367670
9828
788276
149
2812
11512
465
261407
635805
29
0
11462
0
18162
0
1015
86437
0
261905
604916
222944
650
16231
8511
428947
168
3052
4226
23
630842
82740
67355
7175
15804
0
288622
529635
25
12655
763906
19
501
896
95853
1811
19
84468
899222
11581
94503
1253
0
2
878418
154
787
0
13712
8149
2462
27
633598
12070
17902
898257
86596
7
24
0
1
11469
722645
37047
10304
231426
0
0
627413
959
816109
0
239701
84856
970833
0
13
1844
12838
626075
3
262138
475
1223
4795
3
87
1495489
84344
0
0
36820
625764
0
0
263723
15870
168
820850
15980
1188
4017
624008
0
11433
0
366262
85247
270193
434391
1696449
1236705
626294
13819
63114
0
1983
8
724531
980695
404556
261566
5702
0
272093
1
39363
1202
35
8191
1352678
0
7666
0
511
15348
7659
13003
622248
2342
207
1646
85333
2893
63642
829588
258679
92296
1846
863171
14726
2805
897405
16
728209
628350
460965
346396
883232
5309
2937
32600
540
1716
1124
88966
1064509
62875
234517
2024
1599
10222
7587
1206
784534
106549
42799
1615064
599335
5761
176969
1789
1352397
179887
147645
20107
90126
249066
44823
18459
92851
319
272552
0
0
151
399
264086
1682616
19420
3760
9471
18
2
392994
700
613724
99205
26517
55016
0
80363
163
4508
4249
445719
84888
230767
24
0
84
0
2
0
171
0
78674
135
1
0
0
1
0
391
262838
0
704267
99
634612
84715
1891240
114458
265460
0
15790
4
233137
561
121624
7642
240011
0
0
9
10856
0
0
22
0
0
1523
30
19011
50
1
381237
23
0
842
1
23775
310566
856207
1414
271204
7460
97597
32
101
4389
26447
524
636842
4
127216
0
0
496
1123
0
0
42918
861
46362
277
19
11491
0
23
18
4492
35597
0
0
4251
5
84710
277026
1055
1335573
492
406
18926
84447
0
0
231092
87
0
1179
1819
2
0
0
0
4251
41402
1
83
186
0
0
4236
10
14
0
2
4218
0
0
148
1527
170
0
123
0
626809
8097
11
0
0
0
78547
230436
566
0
6
0
5
1
1665
0
0
0
0
0
973152
1852
20745
10
1524
0
0
0
9
0
2
108
381
0
85
0
262384
84685
0
456
0
0
0
30
714060
15
84685
26
0
99
0
1
622859
19
14457
1
0
30
125932
3
29
7680
1043143
998056
0
37209
702766
11511
7208
9
262908
4
25695
698371
0
38607
1616
11825
4407
269
101790
441
15
262374
3080
127
549
236719
4862
0
972044
229976
376527
255206
1541305
6274
3214
0
9292
7648
233211
7098
1
42804
0
1
0
0
14
15762
346345
0
0
0
9
0
34
0
3
12349
0
4781
542
0
0
13177
247
0
21
50
0
0
0
0
0
0
0
0
0
0
1527
0
3
0
0
0
11
30
7776
195
11366
18809
49
0
0
0
3
0
1673
907867
373578
1997
1743
274
266
5
11043
0
0
0
0
0
973540
0
1819
681
246
0
18992
0
856
6553
27441
0
1483
302356
407
3036
553
224428
605573
25536
3254
5
207
16
0
621618
7740
5790
4193
39
0
3175
0
7861
108831
96350
740317
3330
3
11479
3
1602
1533
0
26501
0
13
4480
51
11957
2946
11413
518
2
0
0
0
1722445
9842
603
0
0
1673
0
41
74
42769
84365
0
241
0
11231
2
0
1173
0
628158
4
496
0
0
16
1116
0
11586
626933
13069
133
638990
0
1188
80626
1343
8729
53341
612
615
710374
262964
16
61
15713
33091
736
269
627023
3
543
1306
35
626848
542
102582
18040
893242
88
8966
162
26124
0
23
1347
0
0
6
1
85
756
40161
66
93107
338
11492
429
15694
23153
521
0
7
0
0
0
0
3
4251
1170
0
4797
4252
0
4
0
11491
84728
1
20
0
528
276412
13152
690
1208
662584
0
1351777
0
792198
1110
1842
0
624833
8
0
0
84387
0
12425
3816
4604
3915
113
0
84404
93
0
346
0
6170
0
0
0
0
0
909
494179
0
0
0
649979
12515
0
0
0
0
1180
1923
23
7672
1
22
1773
0
2
542
0
0
0
30
262715
0
0
0
44
0
120759
0
545
0
0
7
4793
4302
42204
231287
70
2
486
1
2
30
1523
83
1718
38
0
185
232
0
0
0
1796
0
0
0
0
0
4241
277672
4441
0
1
27
558
0
410
0
11081
11106
0
16
0
0
0
233
2
0
218
0
4217
4225
493
84680
1
0
269458
606
4
84093
0
0
0
626969
165
0
34
1521
1
679
0
712194
72281
8
20795
270343
286853
0
592
2
537
0
0
0
4245
6
626804
0
0
11296
8113
31551
20
542
0
0
14
0
6472
10
0
0
0
0
9123
0
0
0
78319
415284
0
0
1
230440
0
0
0
19
948
431
386
3782
43
1607
0
2446
517
1141
82555
0
1755
51
62
0
0
0
1089
11220
535
0
1609
265103
1959
0
621164
0
1452
0
0
912421
1577
0
0
0
0
0
0
1815
994640
0
0
24
31357
50
45973
972539
835
37
0
0
1854
0
0
20745
0
113941
21
537
192
0
626231
0
1149
252026
17
1
0
0
0
96
7653
0
0
0
11512
0
625334
1334
30
88565
7
3001
4935
1551
1330
304097
26200
389896
3
10
97439
7433
369
0
1478
0
0
0
0
0
726
3
678
0
0
0
0
0
538
0
0
261864
0
4
86412
0
0
13
542
27
456
0
2
0
0
0
30
0
0
0
3
0
0
0
7
679
0
0
0
30
0
878
709129
8462
15
262838
13
1
7633
1824
341033
544
90
0
18
301
0
0
19185
1518
1466
1090
4367
0
914
4472
626059
0
4111
75589
2121
3064
12039
2429
617736
41
55
261466
727235
153
56445
1262
315822
13313
120
0
0
1
985
0
159
11512
82561
152
427
0
84709
4720
217459
5738
0
0
231290
0
73
946049
1003621
11027
7679
262791
12
7679
6355
535
145437
893662
997426
0
617
1
0
0
1
1357
32338
1431801
33022
6147
71489
229272
634993
19142
541
0
4242
11515
1789
4232
987677
0
272838
10
0
262838
29375
221625
262364
1902
88
24
11511
9
0
0
24631
7683
83109
19980
82287
856328
1585
421388
0
0
20701
30
22766
4321
1589
4
22
6
16094
0
752
0
5548
1790
291
0
1501
4
266
0
106146
5
150
178
2305
0
542
86753
14
0
10
30
273838
0
0
615456
341280
87876
3040
4
510024
1660
10476
16875
0
8114
92017
0
40
30
238165
3156
4851
173
85
4845
0
16
0
11408
901705
2906
1859918
29
26
1257846
19116
30
125953
1108739
219
404672
287397
52
718292
9701
929616
19848
1266123
82036
6435
1235
98318
1624
14630
4097
84875
0
0
0
0
703344
942858
3
243494
230479
0
1521
7673
11
581140
6073
4984
0
1146
0
7406
5
0
86
154
0
0
0
42072
0
0
1684
128
418
230436
438
1760
0
11511
0
5
0
0
0
85972
0
148
3
1650
638420
4252
96364
0
24
6778
0
335045
8141
372
0
11525
0
3
0
449
0
0
0
1
0
9
0
261155
764
11018
0
502
243
219
467
4
39
261440
28
11444
0
1519
0
0
3
14375
1759
0
0
1127
627970
1
11490
622121
5657
79
0
0
542
0
16
1
0
987
0
539
0
1
4248
11487
29
32127
724593
5
0
4463
83
4245
0
262381
11484
0
14
21
0
0
46
3
4251
1524
30
1521
0
620
0
1084
1
22552
0
232
212
17
4
0
0
0
94625
0
0
0
0
10
6714
0
9182
0
4
19
0
33
0
0
1070
1
0
0
0
0
0
5778
0
0
12
11511
0
0
11492
4352
7506
715427
106987
0
0
153
0
21
0
0
0
0
0
0
0
0
0
0
11
0
0
30
1316
6948
709807
7763
124
12421
0
8070
0
15593
0
12
0
0
1000000
0
0
49
274348
0
8
0
0
0
0
0
4342
288
4
52
86595
0
0
6
508242
85
31
4828
0
177739
0
942
31508
2206
83112
12085
0
930539
0
366665
1208
0
0
308
1881
5
0
13283
1
484
1
266
0
261187
502
228
517
4
35
614934
1179
0
6
8
12669
4147
526
0
4174
7
4
11299
21
95057
6978
9239
19
2
0
4157
11532
228513
0
0
0
0
6
2861
11337
21
981191
527
0
307
212
2294
181980
580
1863
1899
143
33
486
3
11684
329
78
9326
8865
15468
4
20435
346
177127
1344
0
7917
10275
674
