10029071
13089075
15171113
10185110
7946100
8550944
15006623
9187496
12609569
15250674
15068786
11236595
8166658
6137593
10653441
7448132
8009155
8278050
11997750
5362177
7369705
5714584
9177375
10615154
8940347
9380423
19242505
9897781
8120784
6211262
14092397
7491770
17167919
10479270
15828153
13001022
13226631
12058394
16757728
11068668
19098437
18757177
21626332
14049321
12885033
6067739
15668712
7077990
13330169
8901924
10237946
3893199
5147779
6620268
6583203
5106385
15904527
9800734
17699192
6585225
7256352
5076248
9651893
6775862
