217969
520824
253545
1294
1320
1319635
5431
3422
70004
255089
6725
82964
1430
6832
72442
0
8950
185788
11
529926
1
802108
1330914
1613451
798208
865975
1488
0
18
1082975
134296
545696
864649
1593
255304
0
1
670935
196769
185807
545503
479
191919
803512
789098
2466078
78228
61
0
795787
0
0
913773
905102
1592885
68328
539212
78097
1578524
789079
0
0
0
0
597011
10087
10252
795741
1784957
1587378
799662
9474
873592
968
864284
1573
9338
600758
193380
529913
477
79106
1768899
790719
4879
259978
4559
541541
533696
796033
794155
238
78978
5722
253148
1550022
482
77699
867326
956
487
2689
809315
67458
10532
717734
2362
568225
786146
868694
808160
804698
16
177
9330
0
190199
263311
808653
690034
14
1332925
75519
68841
20049
11601
11808
589913
5024
1071340
856704
794292
604402
1596
1016
798653
810635
64724
785248
20352
203694
69047
1266932
253952
635
789138
9419
93
62
65576
670089
3415
381517
985759
413
2
1317428
798707
179
183334
794270
503114
549229
0
479
527903
3372
9561
252388
613090
91813
584294
82824
566
2195435
11510
805954
69513
790404
1500
798609
1595271
875066
1334373
195309
206148
862518
0
533567
576
9646
76421
793417
4907
4
0
96985
488
797148
480
0
184952
1383
204554
0
0
0
0
1003
9459
983853
799385
610793
895616
0
77686
338
2058118
690335
607474
1
68446
111
224
674077
740633
1109
1024
1
2082
476
83089
547550
1854278
786076
1317375
0
906803
3129
797639
61
0
0
0
9136
0
0
68119
529541
1258
291502
145
27
151
67364
1268
263408
517877
142988
2955
1
806246
264041
795965
185433
719035
199468
796845
0
14
1325183
0
68355
2388236
259053
1426
1565198
6450
792715
3413
1019
1916
12456
1583963
16
535879
11
85449
1770677
3734
1340890
2006
789716
2038
154
799009
18
532432
188828
871014
137
535658
1601
578
534464
19147
1293
0
799920
599630
0
0
155556
7425
2390554
186514
61
3
528924
1017
188768
472
717101
527966
68239
0
9165
66713
1255777
789889
718066
149
534229
89
871136
1
370965
294
5426
525810
189736
23683
45156
277169
1597
262079
786235
1304908
142317
9490
188443
1317289
680
0
1462
534737
267795
794074
601743
2
1655901
14985
786778
795087
534411
795041
187079
89
67
80702
66366
77811
635
8
16015
90
1288
63418
719991
188532
2200304
1538986
2045928
193353
3532
9296
797711
909619
1
635
77699
797912
11132
798708
603070
69951
186504
537235
0
140
1064610
1895
534674
9809
329
780461
14903
1079
2128400
0
723944
382717
798201
66931
487
149
876588
161
1005089
797728
346
731565
8
963
1499986
767865
46445
8973
1029754
486
2094037
619
1326076
253965
866630
79237
2392325
1479
263845
1
1447713
799140
0
808036
177
795117
0
10406
3114
509333
541782
601016
1606331
2336
69913
68532
10718
195347
133202
1326753
0
78751
2
119
185839
135214
4341
1342
90096
480
185322
89
798397
9578
15880
799508
612045
1
9684
68397
371
1506
12880
9331
1850558
797564
608357
1
186829
198767
596665
68120
1501
985161
68969
0
191813
1602159
541687
68854
506
10577
1541673
88
796690
1291
486
1330840
4289
517151
247758
14834
1290
4756
6645
72570
714313
858708
66817
962161
865127
70099
794444
1657871
794404
2077111
795574
0
534443
3734
600819
800458
0
10
89
2479
77707
9420
497883
808730
0
264847
1342179
2262
92305
1400340
9695
1530196
238
64940
984731
603259
1299084
6884
953520
614465
79226
265865
998310
90
263865
11230
389655
0
70717
717
1761928
201
722044
120
534922
731522
0
77262
292265
689
138914
1855216
192469
478
1268
714130
786176
535875
575
776
9674
534191
11102
0
800572
2
531281
0
444033
90
2260
31613
768052
836185
113
600620
863853
16816
2602
1453
531732
2317395
1717628
169
613733
188187
808036
1
373073
149
352
8
1426
724631
263849
195335
535439
0
602444
1665318
1521269
1060
66917
12592
798709
2
12732
1061942
1027
798139
183074
2052
2812
352
5407
926825
862411
1163777
998
255
584931
2436
868502
602769
1484981
1251662
0
1226246
721187
106861
1768
534354
351
479
188419
785578
621
2053140
8
195135
2
250636
798211
1
1051549
3390
1097894
84200
1960021
723761
525519
784252
179638
1035798
1050931
49506
59650
113317
69694
1989
89846
2082114
19702
1030909
132167
489
608
0
533787
1064
1669586
1344144
2187944
68255
796312
66565
1322877
3996
3868
550252
10696
1586959
1581939
4373
69524
0
326077
528460
78217
865550
68988
10817
1419
0
798178
798179
800194
798262
9
788039
810020
717727
1393
716360
1332694
1858564
536181
487
984483
1825
1662296
534533
987510
274966
3289
798404
9338
1607187
606243
11364
2419468
83089
9337
720868
68647
77827
795723
532949
1384
0
66003
794970
725
566
0
1517485
795919
78138
76105
1591
13485
1582
510982
284945
11624
3885
9056
770990
532240
1487
999
9291
540783
796082
0
1396206
791747
0
801354
1604018
880614
1579
1074356
2407
507
268916
69530
1255
787304
875058
9489
68510
877
4
0
0
75155
261488
9330
1299
186038
711825
2252
1522
207511
1438
799150
1336005
186033
619499
0
68988
0
0
9317
78648
1500
253
91
12
1405
490
0
0
1257
67104
2551
485
980972
1012
862807
66686
4359
9332
987599
799284
335
2067
238
798704
875137
89
531585
68100
545701
88962
705621
220474
1537210
2722
1474
4974
808572
195249
1142
89
8
794263
1391
798389
340
1
534674
101
1450993
798221
1012814
155
1533197
1037286
941585
798708
1524222
961
1077761
918
69325
1
69022
91
0
1
10054
798453
253897
119
1151
478
68839
454
71299
594712
871030
799512
1334053
92
730321
10306
1342300
187054
970
1707
274607
1039
489
9267
1120083
712225
775
801295
786595
6675
795790
795618
9818
365
64711
543524
876439
12618
821644
1479
189778
1392
694101
532810
10608
984117
262840
806854
1063120
1094899
1075736
1537296
1371
532418
890709
95684
89
796139
9419
0
3396
719050
2236433
187759
146830
68786
69935
388
0
121
1059192
1978
11086
249587
794673
0
2452
1339021
796613
9868
0
0
0
544071
0
150
577
68242
0
488
925
75226
533455
781952
14937
0
0
2
1544879
0
0
180
68250
476
0
798108
530532
89
780728
786628
479
21909
77465
10
969213
52936
794888
533841
145249
185825
67847
12850
1000
115
1044
524862
2795
133
2498
69865
11717
250806
1414
9942
6325
57
