208913
262784
288141
32106
49081
779958
55678
153158
203689
434411
314454
360670
16859
475496
198855
6721
387283
401374
33713
51435
93701
1064237
807063
1337526
831411
931264
93636
25087
9691
1287845
128221
244938
926494
150590
154740
14356
75424
797688
222279
383251
321738
184564
297601
1669460
260402
2433871
199802
272133
56859
713904
12059
6813
533713
505493
1289927
320887
164579
230426
917489
342960
19658
45924
40231
43262
806663
159191
359735
872092
1430720
1606619
687538
39062
450390
22538
853695
30631
147201
558494
368856
56555
149812
438744
605940
398670
41338
297846
419563
828886
85829
928842
631173
242579
227651
305244
572278
1162000
176415
252278
1128815
33588
92468
107478
834948
113355
110100
151339
107514
420335
183558
955480
655113
705117
23370
76579
53163
9557
255225
271802
982588
750986
15600
902689
321896
82226
73407
34921
93025
221269
94264
1024909
374125
384136
321945
160666
71050
554283
974574
188475
310849
376916
417570
289042
1025161
51098
250813
302433
123096
471180
329811
88770
1049659
95874
587027
846589
185171
23782
402670
836068
376822
259916
811230
110472
465650
40997
38987
77992
108489
365026
332334
804575
187106
251775
586998
332438
2418725
94055
804200
120028
334998
16879
462392
1110446
1295404
474323
356401
245351
311926
11057
116357
494780
862233
256731
450322
69723
32055
7840
307339
119383
708562
81733
109815
116201
174186
90328
60547
16395
20643
8498
30174
219441
739093
1222337
201831
485320
45266
461994
23279
1200345
253770
271524
48728
313421
51470
189656
600897
1007513
145812
141878
55766
785093
112549
310027
363064
1141596
452296
795167
26636
384557
55551
901670
139036
29625
112276
22601
185743
11799
60397
56849
59730
174095
598908
213897
70044
13242
98201
40686
345080
381031
541957
456599
65896
911462
869129
903455
101709
275477
572950
482833
77989
160102
874566
6286
108666
1923686
197339
50282
695446
348192
734854
217435
287794
102296
323036
950221
4818
417668
33899
108141
629457
47294
815330
285397
856441
164944
303121
800084
90605
132484
293682
1105941
42793
161396
116207
542850
213848
205763
52035
55754
905512
495977
30826
64559
760480
830286
1447420
114165
164913
138751
114696
79215
158873
134190
226607
169865
82517
17913
443338
106554
475953
758770
542296
136312
111538
162140
611008
81201
223778
65540
75779
199439
106641
156772
101563
771420
389394
737278
709207
843513
239950
105114
69263
1876557
485645
11506
25450
145111
756444
856310
543502
42296
983625
68770
916258
959292
424587
763221
294764
89628
200735
319638
218281
123428
104037
173863
164820
140512
37318
222343
567667
101173
2057030
808579
1343384
455507
176064
69312
1559801
346281
17750
231379
224200
383138
400405
826097
362535
226085
175384
97212
81760
124222
1593109
10849
343684
128938
17188
731055
201606
291958
1350555
13474
537670
102849
677911
44494
117366
61773
715657
91917
960899
959091
38206
215634
55429
135684
733344
604396
581032
180739
466783
236553
1644828
139937
705052
139655
438692
132520
2312865
52642
231310
69954
1056541
627911
94672
805792
64349
840556
33413
84075
33368
179683
441658
312963
1540034
57859
94721
157654
325596
122197
109687
819012
16776
83197
45576
37060
176340
126696
496389
208198
235454
12351
78074
218030
528834
338729
189509
907793
501570
44455
266392
212328
99865
122762
133124
25474
1458558
743472
522618
10607
481673
133029
633088
131865
58197
512480
112050
73885
298449
1179099
354169
709873
107974
58451
832384
65254
896861
66578
139480
1142823
121220
203768
256784
181907
83904
154740
258125
194859
130931
1013578
42317
562299
864910
648444
1172337
1365668
670409
1002371
349693
111361
513353
68696
722516
845530
103908
133973
196217
341165
296119
95578
124122
807354
55677
386678
1078412
57095
280011
885829
437711
1285320
171235
293471
1028955
478472
879937
87821
538177
513378
199815
408157
475257
372675
262553
202109
401424
31031
754253
16444
333082
147694
711681
145790
304341
674138
80271
118217
846963
34873
278446
2315445
332258
46001
82643
144561
252618
404299
405558
130521
208092
140407
137067
28982
1144847
199267
272906
87909
871721
164583
85683
513287
709074
460133
166178
509030
1261762
389405
316363
36997
172211
1074421
1330163
89426
617725
283597
860252
18088
100934
76693
364438
164324
138647
634631
103364
108469
115001
129877
315467
1444489
855113
19059
50668
37594
799144
44124
89293
1067721
440632
500237
247626
185411
195371
61598
110157
615660
1049835
656208
304000
82302
447704
282422
560870
807896
1080789
834284
87722
716723
651207
653437
116589
349498
230134
17370
133171
395393
247341
838643
135655
182835
149971
132476
626098
18082
1129534
317891
665107
722091
989658
686390
571755
625611
194469
1113558
1217518
253085
403309
707818
186184
381417
456487
1136236
460800
423984
460224
46402
246788
56101
309490
629355
1895691
1099374
2205170
190707
883878
102175
750000
115809
35842
996139
149518
939648
1268727
88132
47439
63068
235774
387620
493244
350579
58340
102923
33611
7980
960070
758009
873585
489036
90671
816619
354016
200745
163775
269891
984222
1976125
111437
178034
561641
508037
1470989
751444
1025368
376553
513365
380006
172173
958648
507024
173941
1542480
647809
86946
609761
122975
246770
830113
156064
99981
74084
94733
780855
471704
203613
89145
1019841
1190349
563261
136372
59811
265796
42593
154955
238091
225938
15015
631192
618033
117594
53380
76366
122748
433569
966797
25216
1014305
233272
25517
1191803
1375004
404629
184448
703917
45033
153493
399002
176739
18798
251065
719911
93096
169145
82684
14260
43228
23867
442303
201396
45834
316715
87984
216445
138141
187055
451486
149111
774902
344842
134996
541325
27054
95693
25705
12925
19497
177277
98145
70501
264142
57190
86145
238744
39302
12925
45715
65792
481777
142276
518314
31424
685180
233304
281907
14906
446474
1217624
19687
556396
132749
748331
1029532
162981
44021
60765
360686
204442
331986
170645
1451303
235944
29111
27248
334769
104591
78590
144751
117272
580402
163916
503424
44153
21035
369246
263484
526526
671181
1271266
61742
942122
479911
718477
840683
1520809
98685
431964
11353
250302
30614
598073
72960
18941
89770
239208
545882
57462
74350
211175
35939
612235
70384
311947
40329
1085881
750068
1507002
301155
584578
360465
954506
153804
268752
23308
216877
151055
79331
252696
1013086
222018
187802
893061
918833
555560
833478
375587
248831
15650
434589
198718
925081
33358
475635
51936
243941
194801
869384
427205
66221
696523
243350
480122
786866
845146
1414054
1026776
160899
291236
895334
484355
164774
785332
236594
7724
59790
244344
1560488
186042
319419
65668
278774
59432
96284
109986
1217533
50394
115346
179355
978903
40689
41672
1039941
316962
57022
40325
44773
151183
536431
26849
163568
546792
110589
7281
113321
132129
155289
143062
876458
18369
42421
18764
23169
1330129
26632
64226
243998
38289
20500
21580
873323
95606
157811
288157
775673
91939
207475
385383
39194
1454154
258124
1025066
544319
433796
252226
48263
92285
206099
41249
20830
229329
36067
48876
111520
103759
209999
335909
62378
59641
140972
59853
