604605
78368
617666
11839
303
214123
6192
3188
1830
855289
619494
117585
638
625772
3271
0
2820
74854
220
85394
0
1016115
181750
1048526
998430
1343958
2379
0
29
1558288
138
103006
996348
1996
203
1
215
996886
16891
489
101543
244586
643106
1628440
1288
2642512
17886
23295
82
323781
0
0
64477
718750
549499
632495
93283
18797
1651870
43218
0
0
417
0
703196
2180
14593
991393
345093
557203
334237
15885
147472
157
1230617
1923
281135
718589
33491
85360
232670
521
197256
17271
1001
536585
125641
953030
81508
422742
365052
650724
17565
13543
697592
1001304
108376
279663
1000250
150
632367
1035
1007574
341007
5680
86697
228605
145
730
1213067
348499
309048
39
758
0
0
866398
12385
1570943
102256
28
834144
1470
0
32574
1745
15818
83951
3761
1028139
10786
52433
318482
234040
637
767416
814708
0
115908
27047
3293
388188
1766146
76
361987
87989
248260
373
641
229823
777865
4590
657620
1663853
1463
33
82137
1015884
82
411
994802
521
105477
219
2
347806
1
259129
44060
1287192
32585
309919
21584
6514
2732168
3233
508432
232
1471
875
997612
1091199
1111374
87095
269
30664
18557
2
85205
602815
39619
1514
95991
394
0
0
312750
652590
319506
0
594
0
1685
2595
0
0
0
590
322
15372
433507
1001568
98268
705009
204
16394
1155
1250794
1217517
78219
61
632432
16
31288
104418
729054
190
181
85
900624
633637
680762
86111
2662278
20810
189687
31881
939103
3302
1662045
0
0
11
0
229
0
0
0
86852
941
104273
242
565
0
394
15
615003
90006
607149
4247
74288
997930
1262345
1530508
210
83948
248158
994490
166
673
1076240
0
17
590894
119
31211
28188
71366
460310
253
109808
633422
233146
551373
38
89139
29
30870
64111
295
912869
393329
687881
772
663937
1000040
0
330232
880965
1017030
112
76283
2035
606156
80547
296871
1588
0
999609
85385
1264813
24
19869
1563754
1203065
185
0
18
85325
135
603640
711
316133
85638
233
301
500
0
112352
982612
748167
401
80746
27
29055
0
594254
18
3853
79384
13102
340030
532411
1158595
64059
899916
279802
1033121
17920
622686
230857
1862755
64591
219
850
78970
916112
417967
84403
85
1083048
5152
1169063
2285006
119816
184669
781741
617576
38555
17887
203
17542
1405
194
634648
237
603
35879
980568
1956
2152306
100900
1140352
6171
105291
15541
1079097
701381
220
537772
279600
80193
15548
1000183
84938
1226
654763
81273
632421
5951
1912824
3445
1109922
648004
128
181971
864928
638
1145332
0
49294
673196
519844
1
335746
85
966974
5
2087640
683347
81094
89880
426
2111
363520
290430
3238114
116758
976420
616840
1396415
217
780568
3653
92146
10575
2372395
555
30660
1134
1625613
332714
100
1248509
618497
931148
0
3331
443
37712
101107
81591
1112832
1854
330
1
2197
15884
180
509494
2
16091
3252
0
0
233586
611220
635425
13829
24
0
186
627810
644433
897459
1665287
102037
1
16340
0
20
633
16533
15886
1015066
766199
1069150
1
231928
8690
969209
12550
420
998393
938
264
44462
1113259
101060
957306
661562
1676
731869
0
335060
6
233054
1049942
4077
84889
2999
1530
18837
34108
328536
611350
85496
999467
23
131646
996306
63134
1011433
583675
329155
781099
51623
419
86386
1
950954
1000126
84
532751
232256
3807
283321
8123
236
1000237
0
908610
834792
250
35754
1317106
43092
1767679
292
18561
1643144
98135
997539
623
136361
118558
11451
486190
30072
156
15884
670678
3240
0
383885
1136
742282
17
720515
632409
101961
1664167
0
218
106947
261
5726
2979475
2011
87
231853
10712
89549
87528
1062128
2057
248294
73417
15743
0
1632935
118
84118
518
895685
3
2003
897019
177821
593838
1277
83790
3812253
25189
40077
268
90579
439793
1722701
270
97293
662778
1015754
6
663860
1
1762
397
1298450
363753
673053
14676
65642
1
81879
1096566
532261
156
1302
1606
1000001
15885
16318
1337407
240306
997805
2
661772
233892
1753
879870
87678
999882
82687
171
220
284265
896291
1200496
760509
1020990
503516
0
666224
720500
101273
78464
86488
36
0
241
362128
1517516
471376
6634
15738
665291
90
103477
1299
1894748
896833
89017
1180602
305547
721922
84939
888522
2391
1635744
1803152
644779
246168
2034515
3782
2335123
20245
1715098
25799
973772
1564
28
897856
232572
347886
1822778
1082506
1342025
2763968
266597
996154
436
102345
668772
2408
91433
46119
1167756
1233210
1135
153
697
1191
1525
47353
91738
84
9857
1388
0
1894287
274777
1002985
1088806
660456
1443899
113838
85243
16385
504963
978731
2001892
975
616204
656830
865482
914206
718593
1064199
16797
908094
103350
15189
682175
727313
46522
1113703
1389521
281114
984474
2540
248025
1609496
85205
2955
1595
511
293686
1230538
1600
12528
996822
1021160
18035
3646
2911
657667
12833
77074
19743
45936
2271
5936
36643
85219
0
202
15913
741424
997525
0
566318
677182
0
1622833
599965
428958
1853
420288
3376
651627
677449
236
167
85385
329368
730
0
1231
0
0
590
1611
1731
15968
1327
23
2
2000
31502
15711
1109
503874
95776
28
101864
87
0
84
590
8857
15998
848
31332
608
333
2863
929551
11
0
0
579
5539
894453
994301
277
50854
239
1110722
16701
54530
1373114
1215
611433
1588
1631838
1092347
0
96448
1
747160
13966
662810
274632
1458531
28960
363
17206
95360
6023
206
17
0
101592
13676
621864
3638
633608
1115587
633520
113672
525281
2655115
84118
1321066
351416
95218
1001206
2015678
632791
102116
87
774
1649
613139
0
633502
0
16124
652911
445
266
31376
630185
233548
1626
7045
85291
580164
335278
1718594
607
727991
343
1132905
1339
32456
1196
32341
19
0
497
645465
242128
33393
1000541
979394
901365
767226
101219
676143
35
954539
80742
1011279
1672
367460
192
99
87
994823
85528
1592
1032319
685284
1000329
89084
395705
1215076
1616389
80
347380
1316245
49288
0
492956
47153
0
1215
979521
2026196
233785
16050
3888
498262
1049
0
16
1906916
3490
46507
2
1609719
0
783
1097810
101183
1263
0
0
1108
103700
678
31239
928764
0
0
662620
693
264
85243
282956
5378
0
632320
7
1332012
0
1586
16
0
0
0
999385
87039
16
2342
979175
0
18019
36510
4435
1213657
121271
232586
319523
512506
88
3061
2588
783
1850
1393
84285
3633
2
652006
1882
18011
1984
18
1518
12832
0
