130339
700761
145307
98853
522171
295846
639966
1100082
328725
2103708
584942
478720
78591
375081
780017
129614
115263
504482
674523
95234
167779
463430
180566
959396
707693
1213095
152854
125241
504028
1173975
960554
311354
1660921
256433
389856
215425
1012654
972082
2234390
369426
552295
1340488
363895
563121
263171
793857
453787
480578
352147
1153460
71067
588321
91789
374439
287430
261703
410138
672751
875390
148476
516447
1062071
600454
194790
143668
43631
616550
586942
134522
466389
38817
276219
271298
35771
979859
79043
105250
222483
134174
109068
152768
61033
558220
62663
55491
154411
231963
952670
242339
329377
738645
150804
254245
226115
683236
630025
432925
66614
260594
539745
603839
809128
651389
611929
471655
706683
1472703
688689
394878
109273
469815
380769
123810
380781
374069
68064
642691
452053
168944
425690
911983
497758
852157
217746
52999
106291
356498
436086
311279
752344
1479401
452501
130738
97720
72845
426686
815306
171656
713804
564259
1220895
278829
566268
179849
933190
729272
1703042
578597
512957
390826
842191
524477
681579
665753
1165391
1350377
607545
565102
98022
184847
1498512
58271
490178
765226
1095878
388325
1169945
595938
723446
295514
533165
731994
101359
229968
1344377
514131
271556
714714
387489
178796
194116
835385
166701
474874
644741
509066
1297020
394044
217222
223783
342197
74919
67315
130107
366700
112187
168651
984216
790038
371528
130750
39035
146624
75420
158365
160488
120558
657783
39674
57823
195523
81956
390995
318906
268644
180982
57703
35713
364680
128226
72223
50945
232646
291135
529687
444151
185868
119886
637887
527615
583240
81127
409820
409574
810952
232959
83712
287557
1055605
266488
536083
347465
697488
239746
85171
642825
679235
51583
706854
405921
723206
107481
142862
168501
171389
85924
117595
514712
462683
247011
68009
612861
788691
197569
249850
1222807
441794
232506
68925
18688
894961
43061
797733
104342
204762
27983
255461
24246
594429
109301
147444
666821
244479
216469
137478
187787
300059
250492
708129
97323
420059
238320
1750269
1151336
322205
611353
843644
429980
285236
713193
393750
90217
1091167
92302
26884
59034
94008
57489
74929
233191
49512
72263
33514
530485
402486
541978
372210
259299
195275
141641
68255
74400
116170
59127
78042
77613
889115
62742
288457
1128107
287433
313257
62009
55357
471030
64276
36482
98787
73338
17576
24007
241520
511910
303888
98005
839622
520177
51336
159067
71300
987102
470943
41175
27037
214725
213059
1338750
618467
1469759
36612
592155
581530
480364
327625
556952
34383
493174
156276
187160
889928
160043
75317
29860
32452
139068
200329
736851
168933
1950260
123353
660536
595660
524289
272955
1121023
247446
1358401
56620
62035
191711
212381
239893
171463
453511
146963
92295
189220
30357
913729
75432
1350124
691911
895052
317471
18164
180426
823817
553409
534689
304545
708969
1201065
62107
182643
438298
48655
893241
89076
755179
384212
151962
635329
95425
1020237
1072078
405006
873097
553831
1226793
287534
1322306
349406
1394239
43301
1217190
49325
301974
38677
130095
106718
743281
863528
752048
612256
843692
86395
477570
52141
207483
1236397
201645
150832
67505
87090
1142425
202042
499554
225213
236360
147643
25783
51009
87184
48429
959237
107794
161542
161097
54125
16304
416831
50049
90394
86603
175256
449159
87789
70934
568384
361345
208186
978598
538034
822122
639492
201085
86161
152778
590007
278835
1501282
966623
293551
289035
263926
360353
395495
489809
263698
88868
54861
270452
764850
44453
962096
161733
222854
241776
197121
591505
200937
274550
285052
477529
1636873
935337
749773
502182
170652
665382
1826288
755473
1654694
229327
1026021
331637
282248
1696933
410974
240142
323540
427204
100727
112233
384626
43219
255751
719714
1289369
329527
178855
107249
480802
264106
350289
285682
325693
869219
1067014
41667
632778
331914
1256487
1189880
815610
468811
815222
144604
951593
84551
268075
981429
143811
401484
58823
334711
213373
231448
764434
595736
318595
888101
845549
33855
284618
179892
490085
1072787
1334110
313615
806383
415445
300356
428135
719296
2218238
616621
1058265
53271
105727
802608
574861
70838
170858
850998
410686
80739
437997
479409
339748
47990
1843328
175464
689967
20162
50232
1054858
763384
1989709
327367
351909
87516
1054960
105452
510398
52032
306578
446210
205315
1995375
1267227
150109
1513981
870281
1422163
124914
468332
35538
658449
27420
449025
263084
446060
249196
105298
388279
360189
123629
341952
251535
469951
1003575
851192
2486269
457128
216324
317019
212582
412468
1389827
2091314
674174
122910
235429
437391
998089
395690
149079
1274808
95000
122918
596650
403497
587560
1038446
563556
950341
789658
1139358
529458
276839
747219
1679331
356913
2381733
336830
387481
538642
1281173
649906
2309762
768558
1300377
371539
379246
344153
587471
860709
790695
477047
1116499
101614
178366
116777
298505
518035
822634
1006354
1275596
571943
541564
115414
841693
925866
2041801
325226
250786
729619
56447
444033
653194
135911
1058582
721378
1087863
722536
64231
91722
223196
58109
183178
61000
506164
125624
635635
212377
335952
99735
262687
289984
200365
547745
113045
165819
588158
367735
1707749
335641
816702
218450
587327
1098868
497105
435974
1026678
877956
1446979
770151
778788
267856
751711
218370
1223436
250187
310239
210232
92139
115093
248575
97114
154004
155026
664757
1275100
455409
202246
225536
233690
545897
864471
1255236
83344
51105
363968
605413
1007699
123789
506953
142593
1061183
990292
291445
152920
507365
69324
68701
166243
22725
314453
800016
302977
685200
190536
79650
1655668
685015
126955
224785
738327
128720
280928
102393
1128952
920387
117679
118438
673808
146392
162426
291983
821340
449725
82869
646090
353685
203068
30353
121304
83842
49888
152144
219012
41153
82979
73689
33153
270625
118541
89481
106270
863516
53788
643200
481339
82548
66566
120426
28095
47477
111455
188430
457494
390817
218754
17149
48566
105810
222869
58105
778048
537628
161972
66195
250426
289330
96148
107499
462214
550248
349933
82473
55126
258222
195846
325436
286046
39819
370552
274632
45992
121803
31631
753866
170399
752002
176534
490429
287970
498783
53818
68651
103776
107580
34025
61709
26485
48917
201684
453901
168196
432189
478837
169449
310991
368881
298950
1438330
89784
782296
342929
756472
136126
1997589
154011
440111
61741
782283
666993
261582
294821
655854
93728
536066
380488
750854
550837
851043
172858
690541
227291
503463
190651
131325
461812
246705
122882
379203
98095
745783
700765
946756
309548
280186
151928
795402
430392
654565
1393936
2044046
518279
782621
251815
434386
705132
892771
66534
869119
107999
205838
297916
702168
136889
875978
249665
801628
441110
394222
128698
593140
67207
434284
338699
1019194
952547
36339
592668
27576
509896
745756
71837
255730
341988
37522
193205
66018
348964
93770
82141
395210
27461
458896
157509
449361
264965
614709
70735
1115400
212043
42155
51485
144515
129612
209756
1293045
413782
147343
357775
118902
121190
179753
681407
94731
858597
209645
780397
503348
285217
341239
607977
81371
151312
107792
367517
303513
323831
175102
243536
56564
237667
288030
156537
208422
227757
124515
