30888
42557
213250
0
89
609587
1201
12145
519
235711
1987
5428
192
1279
1611
0
181
500
16
1132
9444
5169
1299352
227231
2925
1818
6082
563
0
2729
83146
1273
2144
3
11890
1
73
280778
473
159
84694
714
17328
2102
769
242805
1232
944
11073
1628
68
0
53617
1147
4219
15818
1563
13
2838
84072
0
0
0
1
16462
35
43605
0
53
272776
68
2
0
1
70
37
0
0
1419
614716
2
828
9292
654
103
282462
3491
951469
619001
15728
681628
1018
1830
229840
52
1075384
0
0
1033449
1097
0
19
998285
810
1285
4881
121
17880
0
570
30
2
0
5
168
0
86906
0
1141563
7808
122
174
84511
81803
82196
11638
1
607198
1790
994596
312
0
48
1862
37
60
3900
10591
135
1
1
0
0
0
32
18
74
0
50795
2389
1110956
0
2783
1170
2273
4
35171
71
13181
480
1325
0
703777
152
466
0
247
235248
1374
15653
1213
5224
31614
6
1085707
41
2
292
33598
273
944311
998002
1253374
4686
11917
1202
2094
0
0
857
296
0
48375
731
0
0
0
91
909699
0
68
0
1
0
0
0
0
0
0
0
624787
53510
11984
620010
9158
18236
80
1573694
1
236907
181
270049
15621
0
616220
1170
221772
0
2
832
38
7441
15867
277817
2980
1224460
0
625705
1250
84346
0
1
0
0
0
0
3
0
0
46
24
0
27
0
0
9
13743
621928
29052
17135
42
12440
35514
3
288
71
33690
11630
0
17950
1132446
0
0
1577182
1680
1768
49999
284099
547333
0
176
566
512
912674
0
1
0
2
96324
8083
619582
521
1143
1
163
0
225390
1805
233174
996210
1368
16
1991
0
29
236323
154
1645
1267
759265
46
33
36780
2891
1750
59
0
2
614781
1085
439
301
234785
0
297
0
45690
920
21107
612087
677443
9279
0
1
22086
268
17921
122
2364
12420
211591
27928
18375
255724
265374
22640
1676
163
2184
713
2086
948420
5562
0
5947
613063
225
335142
236653
0
918003
0
1696
5
29
4
1381
956
5
2479
5
4
1382
524
3782
229802
0
19
135944
208
994621
20837
16516
45372
236923
0
17957
0
0
145
237964
0
45362
999649
0
37049
0
1097
0
0
74
0
0
23
17
676
33321
1147
1000486
75
40
1
7
0
812
0
475
0
1487
0
34968
621733
5
1111
1474
1273
27
105
20559
7897
30655
15
611168
124
0
1153
1249888
27172
7
841
26
911544
1061
11360
13
907700
0
1758
1
11
29
57
191
5
0
1
0
169
17
0
0
0
0
0
85504
226881
1477
293
10197
16
1099
0
878427
36279
229126
1591
685506
0
560
652
0
0
122
0
174
997176
630864
174
84369
13501
363
149
29
1
81977
0
41
1843
80497
1
17
11598
44
0
1
1
0
830
192
596456
23
11637
566155
33546
193
2091
15678
994511
0
90677
19
1378
1819
21453
0
17
623938
0
32
1477
931253
0
0
2
814
1851
0
1
7983
48
18
13
980984
150
1431
3273
4
768231
1481
78
10639
12035
291
45
607684
11462
75
171
18020
45129
12
1891
55918
0
238739
0
0
18
31917
85878
623437
916359
23
289
3
1330
8
812
1445
94
0
2482
645827
8
80872
104
7822
87
18
37853
240796
255309
15902
2
67072
64
389
9
2306
6
6
667131
475332
34071
136
0
5
1158
251453
1530
39626
2181
999649
80
1356
0
1411
0
271
84371
44
5
0
146
659806
11388
20771
1266
0
0
999650
81
28
232071
13168
12169
502
60
546
13
1855
0
993745
4352
44
0
38264
0
930454
31455
1981
8
152
301
3
0
5
0
11062
0
0
1899
82907
614226
0
643
401
5
145
0
36494
236495
218268
67
21027
400
15230
13640
668
12182
4829
206679
14277
13574
236
145
8056
631248
51631
72
31897
22
23
18
14365
55618
19427
732453
2164657
538
15526
5
11902
733
1665
100
1382
909353
43
1562
254
0
247
32625
2413
8
0
1679
273
0
0
0
0
946030
0
981787
642965
27
1685
259950
1221982
43509
20784
35045
646512
108
11949
22621
8
85038
0
672
1237
1346
1546
3
23295
1153
0
0
1
0
31
618814
0
0
3
0
287050
47
212
77771
57394
835
1185
503
43716
859
30517
120670
1354
2
68
752
1
1611
3
0
0
25
0
0
1
12
1501
236169
2021
0
0
503
223503
0
0
456
1809
911270
0
0
174
0
0
73
387
30330
0
0
0
206
17863
0
37209
686
154
53
2
0
0
1618
290
0
0
0
0
0
0
0
0
0
0
0
0
0
3
0
39
1128
152
1760
0
41
626379
285848
43
154
12
53936
999615
38660
615046
80781
29432
1951
609378
12813
36473
1410
9907
0
11
5
17783
22335
537
85201
74
0
58
0
869051
300
661531
676251
30548
256
1283
37704
615544
224732
12306
0
13
153
70
0
235163
1
9
35535
0
0
18
15621
18063
0
0
198
2246
616294
281664
2
31
90704
761740
1248
1573
221431
0
1218
0
305
55
31825
26
5
1
1
1172
294632
14542
218763
10
15
4831
34
1961
0
10883
81430
483
15651
417
617414
291
944099
2386
983081
34472
3657
214995
2381
146
621446
619368
55966
0
1
69
0
11689
1629
615561
231475
145
4686
2951
0
65
1
998010
1996
0
0
138
0
0
4
0
0
145
0
67
24
0
0
0
0
0
0
56706
55
0
1
0
0
0
0
1890
6
0
297
0
23
0
0
614777
0
1219
1
0
236616
10380
0
279313
614995
34957
0
1126
38544
0
0
1343
0
99
0
6
0
1085
409
1655
134
36
1
0
0
213278
12131
25031
1264
0
622862
1967
2294
11670
8978
99713
2093
0
66582
3260
0
0
181
0
0
0
1216010
12178
18192
406713
812
17996
30
0
1139328
177
1
6
105
365
0
5
615518
2523
35552
3027
234863
961
31594
11609
977583
170
0
0
2
0
0
1054
33257
144
416
837557
552
909359
1175
0
0
0
0
15326
0
18
294
1853
943920
913349
0
81536
145
227532
1352
29
0
1806
0
0
45645
22269
21701
164
5912
277595
2857
5560
296858
234887
0
5
2893
0
35
241636
0
46009
0
23
33926
75
0
621
2
1079
12764
612418
250319
912598
12
0
0
0
0
0
0
2128
678098
0
2
0
1
41
1
830
26
599206
96170
21172
623965
1496
1
7920
144
710963
10644
618986
18019
88
238660
1671
1466
882
648109
646
496172
36
54
33318
1158
17603
266
83775
148
84
999650
1
4
3
1
225387
0
0
615979
617
2943
421
21737
236751
2080
7233
55631
996052
26
1357
0
24
0
1720
0
9786
665452
84967
1264
650
1
0
287053
56670
618
19925
0
28
1
237481
0
3
14
2
0
184
166
1908
0
0
0
1130
134
93
1038348
697414
38711
747
22425
0
9
37763
96
0
34
0
0
283846
58
2436
268
4
527255
12
5630
797
1651849
24541
64991
0
57
23
405
138
3
1
0
56706
1
0
297
614755
236584
26
0
12
99
1490
1
130
511
1689
1213
0
237981
17914
209
0
615759
234815
0
0
15835
615009
0
15620
0
80904
29
0
434
0
0
45254
0
1751
2
0
68
1
853
618894
1
623509
1351
858331
34472
85750
17
0
615909
28717
55523
0
44266
84497
2
18531
0
0
0
38662
32
1
1
247879
1
22339
11
0
296
0
2
748
251367
1632
1180
15504
424
121
3
587522
1833
1240
242
18173
77
236358
1
4905
289
11247
224063
12460
23210
768
250909
18290
7633
17056
18876
38125
29
1062
850342
281106
0
534
38212
373552
14512
1847
27
2800
16897
877062
2499
615447
305757
1775
1
64
1364
37202
39415
6
11
344
445
260
4
1624
2437
1071839
25723
1334174
5188
10140
5
287107
2
0
0
0
0
18
429
1256
4779
1
615311
37845
25
372232
8710
0
0
0
342407
7967
31194
873638
0
46345
100
52
39
27
0
239160
15
681902
622772
12
17486
1
103
7649
876118
312990
14855
270701
234431
883398
4
625965
3388
1436
29669
292724
1
19174
602
5555
1
464
620
0
969
0
2
120
1616
30428
137
34821
2009
1159
652
55571
2
75
1232
0
167
641
38663
8
0
3
1381
9
45
0
533
8
1429
8253
327
1
0
247924
1
1
1347
3
34
1403
2
17
0
223
13986
665324
80340
2033
1373
854
429
1192
1705517
624771
370426
0
0
751515
323
634667
46
12
2236659
18303
212729
87253
36034
14050
15539
234771
1571
0
368
2
73
996398
251065
15479
63092
0
848990
0
0
38
3
0
10
145
237214
0
1377
0
0
0
237964
94
11634
629192
0
1764
38763
48056
0
82
470
999661
14405
1657
10635
1863
861184
1507
35908
6267
195
0
223025
4
0
1204
1
616447
417
37831
958
31
151
67
1604
14152
29
10359
1367354
35626
0
38
20583
8710
0
238588
0
14
630347
1158
0
23
0
34
0
17
0
0
12173
300057
36556
1523
33306
939
5833
66020
3
2400
0
1612032
0
878719
1223
0
0
75
0
46397
0
1281
658094
331
18
1413
0
52
65
900704
0
135
15
50
39
17
811
46
10
293
0
0
2
233294
17710
35604
658489
1366
1405
3
55
1995
37733
910423
237775
0
677843
5176
280160
34889
2
91
0
6982
2521
301
629416
255
0
6
0
74
28168
2904
24
686351
1331
23996
1743
105
875607
0
1679
88760
18854
44817
408320
2165
12823
18305
177
277993
870895
185
1412
6
300
9653
234851
1670796
430
257333
235417
82853
203
4
438
2266
657317
1343
610111
1874
1889
1092
97
1451
0
129
626055
275
29757
1153
0
997820
534226
1001466
8656
5
19357
43
7780
224803
18819
3
1166
286
591
621
6
642979
1282
918796
213
1
1
0
911542
1276
1745
7
2
11778
915154
166
84955
0
1
146
12
1
907649
0
1225
0
0
0
0
236
1721
0
4
117
46
1306
1125
0
22373
132
44
1066
39
666710
278
0
658927
0
0
911725
681683
1
36799
1671
18
173
206
6
3
1158
11369
0
653
0
0
988
1
55628
0
7398
0
38271
0
1293
21
7316
95
912712
20755
4
1274
0
290
0
0
42
1349
0
83
271
0
0
708
0
0
38594
69
318632
3
1648
0
226261
273
623
0
1625
0
0
288078
1580
0
394
0
0
0
1417
10197
14
0
4
45
0
0
0
1104
25
0
1
527
8
878003
410
28083
1
36117
1486
104
233302
1
4020
194
1410
14
999952
191
638648
0
46789
144
170
0
60
10
18239
0
230268
0
35382
37747
650
125
0
0
0
28
19755
17
0
0
8822
0
122
0
0
36
37
0
912512
232890
4964
707117
84325
1773
911078
2
233907
0
239679
629565
0
0
0
174
13139
0
315030
1811
1
1125
13483
12891
686
652418
13500
1808
43007
80464
0
28
0
1729
416
0
11
1188
955771
213
81976
2
849
226429
0
15985
0
36
35990
501
691
2
1688
1079558
626254
154
0
80497
0
643994
0
85159
286605
16
0
1778
17
0
11582
19
0
0
66
0
790582
0
290
64
0
73
0
994757
0
18076
297
3
44
0
1
4215
226195
1557
906952
628530
476926
226760
60
3021
3099
12434
1118
595380
212674
330
1904
2
77887
86409
28344
15773
3410
1719
40897
539220
4568
1626
1175
269852
5325
1973
1841
1816
1921
234877
1629
4155
82462
1
28035
55
23
615003
447
1909
4999
997195
8
1
96
9
173
94222
81676
699633
994547
1899
19
0
13
251732
3234
13128
99
246
3980
1035749
21793
982636
13720
72
0
908120
0
0
623648
1802
898017
234082
42
480
0
624987
1
3
45
234
634058
12477
1402
17656
1480
0
0
1
16203
17
990022
1552
238232
760611
1200
1152
0
95
146
3
12359
224786
140
112
4
38337
2
180
1
2753
52842
1850
13309
237964
16
0
74
61
41
7
38
34962
124
28467
27
1017294
4
41
98
94
18
0
227249
11312
1742
159
0
1628051
13735
197
145
20
1
1085
22
10100
3195
0
931171
804
49
980960
581
2942
1
45210
57485
79
1625609
290
1406
74
122
37821
32199
63
848
5
236068
999649
5
1
625639
1339
244190
134
998329
20628
2098
301
10692
0
19
79
231061
2333
16376
595851
44536
14386
835299
26962
141
459
1539
0
0
26
261642
11434
22738
641
23259
0
35
0
15303
44387
84196
1700
0
12
30
222563
3967
160
30452
206
55573
43
0
0
0
0
0
1785
287544
365
17802
44
0
37
1
631833
2524
615685
42
556
18
18092
0
799467
0
31937
27
1023
4840
81191
617288
186
227962
6316
70
1295
6505
913658
0
0
235
0
55
0
1893
23
23
1218
904911
36019
1304
6
1723
34
434
4251
7799
0
139
996057
372131
910763
186
37671
289
35153
2
32
62
0
0
231161
1398
38
39499
1963
3
2408
717
33434
4
620397
0
679752
2
2
0
0
114381
238729
500
191
15879
71
1
1825
23
7208
13
630439
227
0
1
1175
0
263
103
0
37821
0
1258
242626
997794
104
2
18245
236596
454
1178
4539
614157
15796
0
12
1170
0
4894
364667
2117
119244
0
38618
2
29
231015
417
949
302
4564
235293
5841
366993
4
1256
3032
300226
37690
10
1151
634864
1508
0
1
8
0
31995
681568
91
1409
75
314728
1386129
33218
6791
2371
14
32189
34798
798
0
3
0
1244
0
1121
1248
614489
1659
11722
705190
1519314
218510
18857
438
1007055
847813
13
1378
0
152
43209
57
873655
1618
223028
1627
1114
15355
997830
1819
0
1158
34
621
3
89
1153
0
87
494
0
200
5
296
2
1405
12
51060
2
0
0
30183
379
32
957
1911
732
727
897279
82989
25
294
2
350
0
1
1151
21
630962
0
0
0
151
75
0
201
1200
92
90
658735
1595043
4
11398
0
987
7192
0
933510
0
1307
0
0
0
138
1
0
1409
2
5
15
28142
0
5
999650
0
120
0
0
27
457
8315
2
973217
0
472291
0
14940
25
1849
43010
81
955757
0
0
569
294
0
0
1778
3
1280
65
241412
297
1558
1700
32
398
78058
1589
4490
228092
3205
1610
615583
9671
112
168660
48
1424
1023182
6623
0
897679
2
74
1381
1
16180
1155
32
2
9
1376
251307
8
20589
17714
98
228815
13863
0
1823
1171042
291
18
37859
32583
225013
622098
1019306
110
236233
1928
459
235403
22346
13644
70
154
30370
0
49476
17825
633604
0
761641
11
1784
4745
145
0
896090
1649
71
17
35060
0
1349
0
0
678032
28463
15906
8
91
262
0
0
2
4417
10
6993
0
229813
329160
559
612685
6
3
315877
432
1186
3
616109
1532350
0
8
0
13926
1157
633
289
446
6
2
649
497
295
0
0
249
113
681514
3
41
3
5
28139
0
441
269128
45900
941861
68
1785
242685
476
2219
776220
1972
221632
1690
11
251105
242458
9869
14168
256438
23479
29805
1948
761659
1652
237
665166
33286
0
21
234254
592
892086
33
440
75
247
668567
31
230630
8489
97464
443891
6546
722076
31070
235587
14
17394
71085
28328
1765
38899
7068
441181
243599
32865
9816
1717
306
3
229383
20
1643
237093
260454
5596
7982
442
970418
664
627623
42399
621
284708
9202
44937
895407
20626
0
0
36
32084
197
21
1415
5
17
0
228984
410
18
3
0
3
316
19
14620
12931
855183
1553
0
235291
236462
136265
939146
735568
46486
229375
293384
699308
30345
706468
850537
251107
1653922
292373
235858
105
535
0
1002399
15
84819
0
190
2
0
680
24
639566
240
55934
1985
36486
4481
774
193
1719
21
13737
304245
57651
624768
82
1285
34
98
10510
38143
909310
617294
13
269973
910476
862856
408
1602
18234
1860
70
1090
0
2
254
97
0
0
0
0
0
1865
310
120
31897
110
32579
153
35018
1732
758
0
626166
1
75
63
1627
0
0
81
5
31317
0
0
12
1156
275
0
0
0
0
54604
228541
942696
1054
50219
0
495536
405
97
999668
2
1720
0
946005
8681
3
0
0
1595
0
14
35924
964879
2028
1156
7184
623162
11828
1179
1
7819
624764
237735
38
14869
19
61936
5026
614255
224501
899446
2
5515
1173768
44509
999666
917106
1
21022
38
183
3
271244
0
0
0
270
882707
1066
452
2513
0
366665
706
85831
11881
659897
920852
706576
0
35102
17793
997503
1763
46734
1254
87477
56
226954
307
12
63
3
293846
1799
1727
3
703516
1
89
30292
1150
911583
8
706519
1272
1
274
838654
19709
13150
239450
201
3
326460
597953
966797
23516
6
237310
293403
403
11281
236300
40
0
0
3
915724
0
163
961
0
163
0
0
310412
551
1908
7
1000515
0
1141
617689
0
0
0
154
83032
40387
0
0
12
0
0
191
4
0
0
890293
17257
43
511
0
286538
0
203
17259
225604
47
0
24
74
138
22920
985195
793
21676
33
1079
1033824
18706
1038
55832
84197
1
1839
1218
401
0
0
1718
504
36924
1612
2184
3241
43691
6
710
922
0
1633
29132
797
192
566
38896
1127
81862
8
34981
1217
3405
10971
2786
1153
0
31917
272237
70
0
886
14540
1287
64509
624900
0
1
0
0
2
1611
126
1
0
2353
0
33
16218
0
64
617436
138
1205
48018
27
997472
108
137
38054
89
1
0
0
623184
909483
35537
0
7268
608927
1100
0
0
25
0
16011
35487
722
1131420
1577338
250350
540
0
626771
1144
238955
435
154
0
37054
0
235523
350
1288219
1
20214
553
8733
141
84848
221138
3192
1172
657
4
83277
109
0
145
2592
0
0
1156
452
2
18
617972
1555
38
0
9771
11380
909502
0
98
0
0
0
0
0
653
0
169
152
6
0
0
0
0
970
0
0
17
47
0
26
1
57495
75
360
171
247
27
30349
0
39
120
88043
0
27
262
31577
136
38339
0
0
42
32371
0
70
503
297
17686
32643
3
5
83053
166
34862
7033
1997
924
36533
306
1
96
1137
911013
1109
153
1679
0
626753
2459
20886
6
148
0
0
618810
1
63946
1263
62
1
0
0
2180
1352
3
0
290
0
0
0
0
0
0
0
40
41
42
0
26
1311
18
85158
53
1649
29542
30
13
69
0
169
144
53028
14
0
0
0
0
12
12114
5
27
1160
0
233325
4
1663
0
0
0
0
0
0
0
0
0
1
5
38608
0
0
70
0
237402
433
83915
51494
0
3
0
228541
2
98
1685
942597
0
1054
1128
0
18
51974
226585
0
136
1206
0
551
241493
26
12200
242314
0
405
0
41
625319
1477
1141
1296
285852
0
0
999651
0
0
44
1
0
2241
167
344340
1394
0
198
0
999673
0
0
0
694
287385
720352
311
140
38461
0
61
1178
0
0
613868
80752
0
29
0
630242
0
19365
0
358
0
11790
0
1197
15224
576277
17827
11896
917
36878
16066
36437
358413
877566
603754
46
54
26
3388
9160
0
0
1903
7165
1
18
0
621645
632
18180
0
11819
0
1113
0
60
0
18875
52
1
53
4647
17679
4
152
7816
385
623755
51
1575
85264
472
0
14008
1198
38
237214
0
640779
59
14484
430
431
0
28081
13
479
43203
18803
868965
0
0
5124
312
36007
616716
0
659337
1167
900785
0
40
0
705513
1410
504532
289357
0
3
255
0
703923
65
246779
16599
858555
1757
352683
490
34027
1148
626202
45
999649
11
224586
40
926736
1
2530
1000097
0
195
0
0
1274
20838
637567
0
153
50
0
0
59
38306
8633
44
290
0
338
0
234771
139
288224
303
0
0
0
5
0
0
133
0
74
120
23
73251
0
17968
504
37
882699
0
0
0
230452
5
877
0
2
57
226427
15592
35382
0
19223
1353
0
0
37820
47
136753
0
230398
186
92
67
869
1
1622
1149
2331
82975
11867
0
0
616294
0
14327
75
927121
908177
11057
1590
4
664173
0
60361
1000031
67
181
37700
52842
0
174
35028
761640
0
0
17963
1101
8299
699906
391
915214
1
6
412
222776
122
0
96
46628
98
1624
6
765
85826
1651
0
0
292
71
0
18273
37
234
226502
273
0
78
31963
59
2046
910917
1168
2
231211
20818
16
1716
4990
632
1213
160
1
71
1000963
0
615321
1170
416865
38585
2584
271355
1632
24468
0
13231
910290
2102
461
1241
3
921318
10696
5
198
223812
1
34
14
55
4667
30231
1078
238809
1
1150
629555
32
147
913500
20237
0
1
1411
5
0
8315
943513
713
1807
0
1281
1736
79856
29
96
3
13452
15619
3
275
273
230856
834220
88879
10616
661
20840
1343
616072
17
14214
29
264
4420
933635
232518
14007
13656
1442
672
292
12885
0
987305
6
103
50000
252534
70867
652284
2202
113
876463
1105315
30207
80186
263949
2377
13992
4571
976817
107
43360
3
0
3
0
858626
80462
0
991121
618104
104
18436
0
56246
156
11138
44752
0
386
1146499
207
0
0
387
70
34922
159
0
0
0
0
91
11606
2
0
1590
1698
9
625937
12147
614064
1655
1915091
186
319
906
233505
84496
0
81978
168
539
6789
0
25
5299
20
237668
237594
0
468
585
226008
0
0
38608
0
1
0
1
241161
0
313251
996008
84300
248
436
2538
2
942
17
36931
67
1
513
0
2
0
16242
3
986931
1
1
0
0
442
0
2427
1
1520820
10903
84817
83771
1785
1151
616615
7838
1
0
153
0
0
0
221
0
80684
152
0
182
31334
83047
230
1
1108
3133
147
682671
0
0
0
0
0
85159
0
168
52934
0
12151
234009
0
0
20
1
5
0
0
0
1951
0
23
0
1152
1
0
56798
0
0
55
0
0
0
617391
0
1121
17022
874886
31
0
0
17289
0
0
44
0
154
0
0
67
512
0
0
1
0
337781
0
956556
1889
0
3
0
3
0
12
0
481
16862
4
64
37923
0
0
0
226005
0
120
23
0
0
0
0
0
998203
69
0
23
615912
1
2
21
0
18239
0
9
1589
20809
2027
71
984648
1908
0
743
795
0
44
0
20342
1410
236965
0
11
245
10476
1
1082
0
0
4221
12080
277036
284397
970057
311
3
696558
18441
45026
908766
35013
0
0
626414
55943
3228
84358
1704
476921
469
38543
225177
85137
641
59
8
1832
0
41
3063
1135
0
77
367
31524
2653
0
168
12483
5
5
5
1224
0
605809
2815
33
155
2
1
217224
0
0
37233
401
0
0
3514
1085
34
62
2100
2
438
320
9
4282
80055
45955
1223
1331
84193
0
0
29790
222
17
11714
4043
714
32
7
1883
2482
1641
5
72
10
