331608
205115
399653
28591
38426
732163
45276
64021
116049
520202
462678
576515
9854
607444
143811
8859
483886
609940
27053
30332
27513
1394805
855775
1256227
1028171
1215539
106421
12618
35998
1573022
48835
255503
1069708
121142
70478
61110
109259
1092542
96285
290709
283317
143960
533821
1977763
341562
3058632
304897
164766
10294
815878
5141
14358
415430
816857
1351373
430479
183073
144246
1235009
212805
74802
39763
44748
35265
1010284
221475
545082
1027384
1640742
1712863
664906
40520
522431
25236
1009553
11502
133099
526022
644727
19662
130487
399942
720474
328628
75667
454082
568052
1035183
170332
1099794
781062
182346
150837
306595
671980
1227907
304934
201507
1320962
239
114533
103781
1029405
199106
214486
133978
190761
353312
230866
1349474
590155
817378
13492
121031
27446
8654
199797
240038
1383629
897765
12176
1024851
220800
36527
16783
46062
56855
249231
153762
1235845
305151
192098
221917
151504
139861
608684
1052219
134559
390663
425970
499474
314745
1308827
93512
379341
296091
109189
451593
470996
127877
1639356
90650
759681
1104463
77349
41391
282900
1012521
183821
266395
914194
183318
521289
23680
42260
50895
154453
310837
456093
1129121
248066
435471
811610
467153
2805606
50455
978420
112011
348013
30040
548206
1364906
1860690
403084
311903
418391
254325
10842
112498
617251
1035438
226744
257278
24129
7252
5861
298947
262511
892333
168619
161825
28497
290138
64895
50553
16492
25700
8942
8298
241522
732760
1341412
132550
602034
11995
625862
33079
1288018
426426
287770
80712
354062
63072
244434
753770
1259334
160679
145374
219313
898786
71588
466675
353748
1624414
579154
866958
97383
509924
34580
1256610
82291
19023
128256
3769
343060
111659
65997
35513
54859
309788
756358
195401
67263
32390
90712
15768
477374
377734
660895
494201
115000
1095526
1130468
1187302
85019
356678
611132
734247
32281
306069
1081293
13414
165708
2054873
393831
195181
604512
436555
780624
237676
307993
170066
302584
1052021
3640
596280
7232
67269
536963
28394
863518
412155
1038661
143404
414259
1009507
106935
172803
608576
1361427
89775
172452
41855
845606
132139
287766
86408
75571
1027192
447078
61904
50369
863617
1199039
1731250
203924
140751
344218
52975
71139
324401
99885
267355
283715
85796
16142
446073
104179
534745
835134
743386
89778
103864
220508
541779
79416
329213
71295
98423
205270
73696
160446
268106
1000352
464431
1015783
852937
988891
169275
205309
101504
2322093
526486
7597
36085
191012
1021988
915434
600658
135063
1268126
110654
1118999
1463307
536135
954304
468003
22437
344983
204018
213790
175604
246283
315166
212460
147312
81459
273051
714753
164465
2389571
832547
1622789
543280
190857
112925
2003001
437848
12102
330745
175132
283450
439147
968507
452227
393297
216276
172175
157434
234614
1953845
5305
491901
158451
31905
775665
276356
195101
1555259
178
426738
186877
827934
80273
192824
160349
889188
13502
1460574
1018899
65760
134412
173966
228256
774321
647898
1126105
232007
882203
342653
1856536
134849
989134
286306
394406
60373
2968100
239454
278900
46081
1473062
578610
148481
984111
69571
914920
35752
7276
84292
285955
383101
253935
1473727
57848
33865
95996
464362
168476
77856
862901
28248
87382
147834
39892
46464
141895
663501
357310
241404
14225
118334
238355
702962
272440
338042
1350349
652462
139813
263345
235451
74214
156749
51496
35687
1736965
886491
770420
5376
379737
117933
687818
187241
81306
698101
131898
46721
229808
1411401
300519
959685
385466
54412
843145
86722
943159
133964
108458
1449715
87889
322603
255973
135312
52786
121641
372786
222447
150488
1124873
40878
603913
1077027
599657
1406923
1558931
787986
1158100
146271
93294
701040
59518
771267
1000379
196453
252948
248039
294138
357551
54859
152321
1086053
44753
459460
1079989
29349
202512
930047
435032
1642727
51921
723603
1335986
294971
1072637
168971
695198
568781
175033
602668
588812
366756
146771
441390
438232
155
885297
18596
578282
107945
915688
203260
321886
927360
7258
56873
1124478
61729
238300
2879305
293534
98837
264970
98603
264249
513455
450270
123315
478151
126321
148230
26073
1444276
209031
489022
151604
919353
224275
59281
619509
799275
498608
132831
523510
1945944
693004
442450
42866
263313
1155634
1613972
39228
727972
563118
987879
11894
176667
66710
337349
220413
251531
683287
157716
113286
71290
97098
218362
1323864
988726
38604
41801
30078
978638
89132
58958
1395638
405896
691902
217103
454234
240959
94571
133150
559263
1213873
725458
428047
111883
554476
454960
531713
1176239
1299301
894721
168714
956729
830069
721582
102073
407912
230261
0
182513
431608
361526
1061367
249255
134377
328666
94494
601106
23857
1628898
484740
689180
1189628
1223007
1062323
581935
721313
201117
1502536
1791479
199244
726572
932443
251611
819071
428394
1276815
587870
546267
697781
217083
523345
189164
288587
1070498
1919409
1368934
2629847
140514
1074171
37881
631788
215930
67147
1199750
208305
1137805
1446456
244100
109252
86045
196153
485741
496403
379675
26914
42611
134863
116947
1309710
842565
1152872
855043
182859
1021786
396252
528875
295538
403689
1404087
2398716
56264
333477
634649
644983
1478701
799467
1392267
208753
783721
554248
252310
887156
561695
375343
1856665
684973
58517
866408
157359
155109
1017155
91320
113169
121128
91499
867504
578921
135666
47778
1114410
1431890
511431
54424
29365
396317
40009
98872
173664
242293
24764
847858
607366
149860
57927
44377
112425
461135
1024548
15597
946271
408633
79060
1457795
1335061
358074
97629
754904
66342
362404
570009
141221
10340
331383
862902
86246
92504
169289
16875
77771
42404
634532
100698
48458
387761
136424
155096
182912
72848
431448
244803
865613
349162
60039
614875
5340
77448
15607
11620
14838
94672
43963
153492
366597
109942
136283
554449
10569
115451
87833
38031
442607
327690
681691
23143
818320
245125
457603
16324
333753
1622279
18842
926868
196694
814009
1367330
301058
26675
29563
464921
187541
504109
269082
1686965
239363
1075
34304
405479
100238
175963
369840
197126
692706
304271
553196
168262
26364
495826
252113
362367
860608
1544357
137850
1236710
693523
802867
1125116
2054775
90813
430640
12532
349783
80496
736903
32732
107356
156905
165623
705907
31821
65225
281482
36995
742022
68681
304382
17815
1167279
830349
1870244
397546
781533
273250
1187371
127521
363661
19471
142135
147052
72031
200959
1074917
435501
346806
1217642
1104169
666748
1031960
560911
380279
4196
660264
124235
857658
23172
547352
95611
139552
158519
706651
572736
50358
1130666
277523
697452
1143043
1030882
1554913
1176440
136006
442836
956412
507496
156641
952109
125917
14018
120744
336365
2074684
145041
175246
119159
452535
101996
86598
103674
1402630
75379
131074
139096
1043951
51993
33035
1183758
310409
14257
33118
49553
67777
577557
4314
160565
858997
86116
110680
311983
384947
125540
151931
1067011
27369
55995
15977
6818
1444278
31774
84040
206549
7579
4334
13784
1107206
102290
172611
382261
1043504
75062
164717
282742
44087
1782264
303683
1011625
627057
529258
209890
45492
19821
190676
22082
121761
268887
10929
44607
350223
107497
121193
221520
68557
61831
57702
14274
