4339243
7961245
6661671
4902972
10200965
9241628
5563423
2560433
6453656
5894507
6830895
6428953
2370363
6458606
6986239
1520270
7296499
7089113
6155583
6314008
4273491
7692513
7759364
8232526
3906074
7066944
6725696
6692793
4864612
4327572
5167218
7020414
6818006
6975626
8282957
5408258
6276777
7110828
4306016
6630172
7660914
4785255
9404340
8932810
4273768
6254939
9108301
7296501
4616423
5540950
4509238
719610
6600212
3918785
6763816
4130486
9467902
6602237
7827872
4880643
3939687
4372043
7519078
3263437
