8239752
10768384
12464813
7668300
6176612
6929948
12346711
7348460
9967561
12159012
12381810
9142245
6555567
4866826
8144320
5565700
6197981
6469419
9277803
4070197
5958342
4511183
7757163
7979407
7260165
7724706
15780189
8151868
6549031
5092923
11031576
6072542
13666360
8504320
13272062
10050815
9769474
9496383
13859141
9133230
15507429
14875540
16363020
11191597
10726701
4713466
12068051
5998150
11093198
7103175
7898894
3373064
4144048
5310378
5004936
4330740
12824045
7561760
13491341
5081681
5692222
4143619
7773258
5094439
