8578177
10401324
15905634
9388243
6849348
4196967
10320592
7730922
10154468
13100598
11313140
10794875
6193341
6316278
10626603
7920158
11405953
6500239
7973295
5767248
6949128
3351111
5385167
4889210
4590203
8314321
14339879
8682582
7106786
3747677
11349586
4641045
13640493
6570932
13235773
13770785
11965472
8507903
14655982
8489905
16056899
15554633
8519263
9026165
9537687
6242703
11422790
7240578
10712236
5660204
7517207
2176047
5924968
4546537
5615549
5775285
16488331
6712214
15051787
5997495
3262922
5591098
10923899
7219526
