6979107
6682125
9291201
4931328
1395483
4048514
7472905
3533190
5832957
8193328
8580181
6288784
1755673
1858414
3636333
3561965
3819577
1930156
6313595
1338793
3636004
3272682
5179981
2270413
3209403
3855465
8850971
7029864
3226847
3165315
4467157
2961187
11668163
3418178
8799550
3023802
6640007
3922246
7342635
3476706
10768219
6835203
7813625
7204978
8530157
3231565
9283118
4391276
5480375
4467373
4569286
1546038
1758203
2342317
3002857
4581799
7190474
2552384
7452856
4975884
2584470
3451207
4863853
2648901
