1477387
1041908
3613802
848999
1367306
1521559
427878
1625351
1585624
3736114
1570493
1045772
2234909
641701
1832460
1468312
1020224
452951
643276
229479
73282
503190
1140451
1923304
227090
1015038
2321989
1163749
1060300
741336
1317197
433583
1995505
735525
1829332
1660595
3359709
2245061
2765543
818376
2198847
3029813
2341213
670696
793583
667945
2480884
1131265
329341
1520390
9682
1185738
556326
412004
486504
429349
660330
1875783
1516372
558673
854667
741744
1387620
577052
189340
1394072
619071
932537
721003
954155
451294
543194
1911926
3054089
1375619
1805413
4371
353666
656043
422641
158394
65444
1176213
420456
39413
455152
692266
640638
483348
1880344
1549271
1169439
930954
665180
2435077
945426
1737854
287916
620720
350113
1223500
358684
1873126
415682
1418707
1178760
2415172
2772460
2228838
410431
2027243
1276796
826697
1282853
1663507
1809
1026019
644811
558976
854392
1551769
1353914
2144747
619296
139984
676960
645775
834215
3321941
1142586
2894496
2876100
103933
30820
1559807
984333
768932
1289592
3834127
1095612
768731
300676
2118812
650073
1166413
2094345
5284810
333148
1295412
416131
2077204
1145455
2283979
696849
2384311
3256364
1756761
1371805
612073
77237
4781621
206924
3417498
1008278
1994152
1146625
2592715
1771580
4115322
2108399
2654667
2028395
2000696
729305
2273265
1345753
2970176
855784
2855055
11981
477828
610575
370884
1013050
2861436
1844249
2473416
1524350
1980742
191601
1455500
596538
2008029
1379794
827595
1527072
164815
1142631
2299222
412791
1973182
1125091
1483678
1139789
45624
596840
17891
1029061
793619
63660
1065058
463423
421491
459603
1174417
478013
23803
295174
1535188
364511
31432
314847
1329294
842414
1749174
1462987
1139354
842738
2309084
1191739
1416489
822535
1709134
1205282
3515229
883810
1687586
696224
1943479
472466
1623165
366733
1214895
493891
333240
874947
803767
231224
133728
675443
1207529
2108245
729753
636767
638877
614541
