2901257
5884968
5308275
5102395
3937048
3328656
7697246
4345624
7166134
4861804
7670493
3934741
5310987
2599741
8506695
5111369
3396159
4176513
5178293
4423208
4317852
3300126
2947619
4477608
4809326
3440965
7902567
3414989
3744360
4304250
5593824
2733951
5879524
5367333
7230192
8460375
6146803
4510354
5620203
5859716
7271485
8345109
8076032
7559075
7049203
2906823
3321004
3717959
7088245
3935894
5179318
3578778
2818433
3935393
3352857
1732074
7759114
5543035
7679922
2133984
3709880
2061441
5751141
3020057
