4874283
7866286
9352286
5955953
7099615
6380066
6267599
4615181
9643447
6394850
5581300
7397050
3307544
6186001
7495266
680980
7873067
3843829
6707877
6098270
4024343
4242136
5391338
8820318
5717181
6004423
9210879
7791834
3230114
5769807
7208935
6458774
10562226
6678030
10422117
4818309
6647487
6011358
8549907
6450102
10849244
5711811
8282152
6397104
2850903
10104966
9400264
5156031
3810702
6035926
2590348
852859
6816385
5912424
8599274
2821456
6335651
9604698
8243764
6007769
3946594
2159451
6147829
1005907
