8464847
8394086
11965296
7650712
3994455
5472521
9055089
5843793
8322623
11578207
10634570
7096867
4411274
2975476
6497351
5902501
6296187
4148032
8923792
3318702
3986190
4524456
7168275
6668529
5542394
8410865
10222155
7673422
4768080
4077154
8027317
5035098
13330235
5588473
9946967
6512796
11376536
7259223
11013945
5914371
12690936
9267329
14435778
9780333
8792768
4740042
11813632
5862837
8435596
6279092
6851610
2332345
3381799
4335066
4673875
3522642
8888352
6357668
10951781
6707258
5963371
4158563
6626992
3768935
