5252546
4465942
8307712
5661787
1781636
3139817
5339740
3553559
5169498
8093839
7270140
4449389
2937154
2037288
3771225
3233662
3237081
2366928
6556692
1234672
2860405
1866754
4402922
3493854
2667571
4378199
7705035
5647421
3046947
2142031
4940026
2857188
9946361
3004883
6107655
3387403
6986464
4685140
8283384
3147441
8495101
6870358
8527864
5759631
6385323
2499868
7918028
3364538
5314525
4030019
4075862
1735613
1820290
2168429
2428659
2828187
6197449
3806614
6227753
4362656
2829217
2590103
4017310
2406623
