288561
301313
275585
39207
90144
936777
57371
147879
144311
399025
390226
256277
19312
507867
175782
7189
71121
123114
69454
76011
67858
1075737
860247
1075395
1036994
1086476
68479
41539
26456
1327206
115518
368173
1038056
130062
212555
33586
79780
644483
220553
260271
329749
293218
308141
1060624
112625
2026771
163153
180831
35153
369193
9770
6233
489158
542526
972464
386881
157447
130930
991450
289191
13440
37297
37076
19241
999857
187260
52725
1011869
1063390
430019
793207
53135
488240
43306
1045014
26140
197478
617488
384098
64484
223413
82130
628932
136444
34273
254597
90245
911113
135294
508192
710488
141237
183467
144542
515751
1047929
55812
278601
1199161
8775
106582
65362
1039271
60241
85471
216554
108467
141254
169836
1082022
716274
390974
26209
99089
35215
11004
285228
198995
978126
898551
19327
1073010
106085
73112
89849
66386
105755
270953
140724
1237435
168689
223245
407192
184679
51893
654793
1224880
189800
327353
252926
433681
194245
1169309
122011
236104
292598
166810
449580
261701
20855
518683
37776
659713
1107476
190322
27523
304841
994353
290583
99375
952189
78212
411843
68945
28694
136516
195175
426003
176180
718475
67639
260767
55253
414260
2397880
77372
623912
82101
169291
33882
543057
1286993
681630
418914
353172
228622
79603
9989
167988
484194
792917
76772
407607
33863
14193
3953
362483
142319
356366
116297
180431
28328
196320
70597
70059
9855
13162
28072
10912
31611
458408
1366305
240595
514759
24656
520110
23629
1053407
100422
268270
27252
329087
56558
201048
491646
998790
112246
26428
98932
770191
95410
277671
320363
1391055
334470
892913
51362
411137
71059
1062056
91801
18120
55670
4628
141840
13842
95619
70998
128685
169813
427258
199413
105113
12050
106526
18554
356381
476510
555763
475072
18319
1014203
934707
951678
152176
317369
248247
619446
42747
202387
1027199
3448
115469
1125169
248411
40088
130011
63195
268728
20288
79695
108109
116733
985866
12132
569822
27579
93748
387328
50454
1013012
179285
841716
33286
354542
988192
91082
237469
287892
1329006
34558
243501
127379
600852
216281
255361
37640
72538
1011676
585498
33213
40009
444587
910910
1457203
146923
120358
197006
109149
114249
134204
74111
340035
207217
96362
4636
95726
50174
406079
788198
648372
157493
124344
148192
311150
71391
124558
82664
113554
215687
110246
174615
83366
853805
56693
845667
315568
401560
197362
151888
81358
2068306
55264
6958
16202
186200
834544
258646
511437
64894
1088604
45944
573220
993795
228042
182986
219612
61566
44214
261805
193469
123174
116635
21990
178462
194674
62935
199581
618982
55473
2412650
769730
1069115
254351
105083
151234
1159441
368491
22391
226727
256684
351584
284421
989769
461787
239572
166848
188541
71385
75314
1800900
21952
399997
144152
13998
249966
126892
251489
1678710
9983
387830
80067
568225
35724
72267
16337
527626
114143
1106433
892551
39773
240673
31101
23859
726661
306568
633305
167530
486482
282955
1064440
79117
324476
96866
371388
37026
2070758
69214
118435
69694
1152940
704675
59325
1003849
133822
459276
12837
28286
40839
47083
382965
310274
1711499
38073
53904
137425
451128
114104
46214
619502
20542
50794
51627
59649
224532
121958
510621
214734
177600
6366
43979
64530
512554
311206
205835
1098281
639589
35338
358684
238008
63517
205097
164878
34544
1435085
880388
521042
11257
274966
115316
504646
119655
32053
579674
125738
52724
142108
1422736
424962
786710
126989
56942
849458
70513
1091671
58837
182866
753648
95939
294407
204096
74043
116499
199832
161514
183348
173634
1074794
47154
726893
1050833
388149
982444
561649
333528
884761
183580
78888
676711
86540
827428
1009900
86781
134450
239595
391861
258859
55876
110388
952189
40552
329695
1009534
51379
314570
1048474
217372
1600121
168297
117291
1306561
396061
1001207
119035
342673
475697
178622
334587
300157
133087
196507
248731
417835
11599
361244
20284
437220
153619
719974
166560
395053
860513
13052
69368
704968
25557
144255
2472804
308473
48209
104450
46530
233219
580524
419953
131739
235815
210832
139546
29051
1284068
269005
327847
41499
901235
146647
18809
625445
186598
518365
61952
304708
1340342
107961
155801
36869
183228
884041
1645130
89805
732787
283599
1071372
89055
106197
6389
358702
36553
186500
385154
66087
86708
163255
82783
327311
1576494
647477
12115
32260
16723
960312
56573
56477
1046065
222243
592384
45337
220902
259989
87019
181707
551231
1013416
516629
274450
72776
351453
246999
567898
634015
988675
440554
71911
453182
791126
596599
73104
498724
229228
32477
142676
413291
260960
527151
71995
110485
250467
53862
710540
17501
1041687
445335
630341
620470
457163
727499
694847
264884
84906
1150907
1241068
157557
259039
395096
74202
368399
223350
1264719
100633
553156
61346
27542
303738
48303
393439
683300
1240371
1350465
1992121
161947
1016643
70038
668563
129981
43651
223018
87241
732512
914553
7676
43770
92920
83996
66922
293932
327623
48460
8961
38088
12189
1142315
188942
1057446
553031
64655
1018784
352016
268672
19906
306372
859443
1899149
49023
229058
566818
522110
795330
905474
1066838
224947
652189
517119
71750
1145119
404608
42040
1152199
735620
104497
792525
73399
268202
999426
167496
96568
121629
71566
401493
471685
173309
62397
944225
1305687
550792
46021
43933
133563
57367
145813
254149
200001
12126
59141
59561
197894
15896
67420
104197
372512
1053617
33260
815132
188048
18668
1389423
1020426
465514
138214
791091
21401
133448
403210
168729
23722
257754
383580
92611
136919
120908
21139
34944
68385
552919
108904
60313
47123
103834
53502
89473
138166
286301
82367
591204
336931
81969
611151
11886
110871
10619
31131
11575
153646
15558
34557
312941
36203
101371
302984
23501
19541
77269
83329
590114
190083
637481
9601
273803
11418
174083
19749
319564
1262595
18058
614842
121678
887619
987714
139106
80937
43158
356093
160504
375534
169266
1272290
216691
12708
21668
346248
47775
87276
179529
157373
513350
32746
485844
28917
23686
359453
236459
507138
572908
1119385
34837
975287
405743
369173
986936
1824853
104880
384855
5007
362463
36423
636668
56326
16999
118198
329831
538274
68623
70038
231640
46875
658394
56327
236806
83059
655137
387066
1897599
367116
718199
181208
1104849
177102
162454
18311
203894
142835
111692
21605
870700
152503
206406
1096453
1000815
673995
913433
451731
344129
45336
146750
239400
987769
17936
516832
52796
159192
138842
662424
231851
69944
708255
176270
615636
298289
1019566
1095221
1109209
128721
366005
1062206
465837
45891
334708
174375
9462
30474
300279
1899444
199817
254858
104423
210026
60138
67260
111892
1391062
46403
120919
31866
1113760
15393
54639
1161743
387517
25499
49476
56394
61749
611823
25524
145895
650839
103765
50237
141995
197311
3774
159891
501506
9630
84826
18825
19931
1378877
24594
73365
236874
27935
33148
23653
1055243
119723
194369
147271
876479
91513
142446
195698
24678
1534552
302715
385662
648262
359878
234056
49164
21786
202461
13172
53522
290316
27347
57149
110544
87931
143994
131473
39875
79106
30911
32495
