12359
31644
213758
22534
213841
207464
118046
51003
30314
934111
848216
194667
12299
606510
165095
380617
12781
391518
218885
127255
23744
368117
200859
228184
134100
144243
2666
5909
81939
642859
873701
472701
1553715
11050
20544
928082
421899
1112739
535557
539642
101685
1304600
1069894
70364
53407
698431
32943
1868
500851
954294
11452
538550
615390
616424
240199
70912
522858
399567
976357
783
23910
599839
21682
207150
26896
424
32177
555698
121189
409946
23691
3251
25200
74
238798
52393
6
125886
21069
2085
3193
23584
390295
22003
157755
44712
5926
360944
9887
499558
403554
1448
31785
11429
335062
53410
1085757
33
27561
269512
4473
207886
42128
369957
82328
50794
976105
546319
47154
41282
224642
196731
231
29397
234588
52141
65478
596792
25871
28912
811803
902144
920327
897
695
459482
9010
38405
235124
818780
634815
547397
641
30930
51310
24406
220733
26797
1008468
190584
1042744
571024
84428
27838
466894
199887
1502841
78380
558782
485406
724151
616919
36587
58653
231926
952940
87025
1005607
3387
5346
214560
26959
25348
273720
1096835
674974
1233175
33250
227508
74769
911913
1242951
11011
171460
1062901
39269
77000
51555
134653
182626
442713
380253
34502
42893
587252
43719
1700818
430779
915
452188
25775
2411
11314
3225
521381
467708
53270
184616
839679
813576
806
2469
10914
190
1
31467
6246
884178
208
614429
177120
3742
514295
185179
1388
439753
465
50990
199081
12105
756
5929
299823
495876
791699
539779
4577
55528
35013
766624
197886
77
15125
248678
963396
3991
564
42374
42460
50351
5155
7165
195946
17769
2157
227060
767957
19077
22357
44708
527644
74331
664
55705
5625
210375
6057
236753
24304
13090
6099
374650
111337
457775
1009311
740415
22700
43910
90669
3499
976550
154
34292
69585
75180
61
371962
2885
224691
110644
290433
133943
10081
63486
207852
25485
910622
6576
513178
23129
53322
10406
1479917
1236593
57375
84932
234886
21786
496372
187637
121767
32435
1193943
2823
35
1846
319
0
124925
8678
394
739
30974
536371
76346
41042
4094
32798
17839
7178
809
845
194223
93320
1229
102664
178192
173
491300
1255094
175186
345240
180
6697
530395
482
250144
1810
32987
1136
25989
44243
630838
22399
272929
57734
681327
29990
513207
481
342815
51025
3157
8
5814
282919
608595
77487
1456346
1416
62254
837669
236829
31112
89433
24436
171440
64656
226850
799412
500704
11317
22381
3173
1409
12092
793599
15778
950559
542
45879
265106
64575
607826
540487
6296
1104514
2279
7
139
10715
29600
13663
31090
25633
403277
302926
163021
134415
1006
1683129
186892
63839
12792
1041
59061
180927
51844
64568
1083
691054
812400
25424
3114
330626
31957
722079
62
118990
65222
10090
167871
165918
1019010
1671580
217050
122886
796547
1523530
39966
241770
101065
791652
45060
1243464
164
78888
2021
30897
252
921713
688937
600643
79892
395962
33431
469755
1762
34092
735226
2876
192940
44476
6319
825127
1868
206613
498059
498247
63847
52770
367
10749
1
633374
342744
2321
25031
432217
1174
163467
3126
25207
9427
451888
35070
23216
5068
76769
483214
488269
597947
345729
559758
119455
454592
407298
173366
573149
397996
863645
173703
5997
192400
653
251799
31400
21265
23722
3578
10444
68299
715954
5
472665
39
1096
53046
477453
173620
447318
508520
213423
193286
440801
1128384
532375
198617
848
850376
1467587
406117
1665461
48011
1069340
738888
292197
453283
545268
1440
5461
23013
31
23291
9382
1251
346409
352793
625577
198680
540
5232
51029
25169
2551
72819
601060
200892
344674
14359
39527
455373
202999
1100228
239991
840611
194631
1204
1450651
431118
502618
890330
2608
385015
25710
514753
21345
731697
836635
52126
4506
73068
226568
1593
98211
56087
225176
337474
1568622
410554
33552
200317
294494
198442
76449
1522508
57824
833582
1114
515
101262
40774
37078
112307
728477
514626
94048
471155
346681
525246
11463
1463343
53740
157676
32360
3621
641265
684036
570589
16250
441346
27021
762216
9635
47566
606
43302
457189
1089755
1254808
1448659
22587
1054313
640740
759227
47231
512978
424
918353
10
494079
536949
349880
24906
1241
209146
14793
1434
27865
43173
31889
586111
634635
1856419
523842
763
185849
25924
617456
798951
1004677
72818
13991
43263
216778
303338
183352
329885
815666
226
106869
870533
50426
263513
546116
747480
1422206
637441
1160541
490936
70184
39117
1578932
179096
1738481
49631
212189
51555
1252774
687931
1232796
688637
908701
461313
5947
613284
1210201
756395
643375
738204
332696
2150
21853
163476
30502
628045
1458374
809197
410678
163949
45531
80781
704769
87495
1455422
63021
26619
666240
45330
589217
220474
24234
1148709
205672
723540
249942
1228
387
163800
20382
37979
32279
496309
17147
162246
26921
60973
380733
7873
29299
35365
263669
538
160
250870
445112
1443331
38029
1019504
488848
194285
678853
1097894
48912
820803
507755
1220362
180990
628095
86529
15561
1581
216232
963
289085
1522
8518
24560
532057
1581
162329
497326
27642
787794
64581
10540
27574
12436
48856
135261
1333110
2781
5687
40969
59979
713452
8662
534638
14464
500744
834731
194439
468443
20735
23239
98403
21243
64
45865
178640
480112
93699
618792
1499
1020779
242249
27583
44810
808823
3183
169218
496
775142
594859
6391
23258
653803
22498
6620
619973
651830
188886
76981
171985
92549
46046
329
53621
25
46
30895
887
1081
385
3510
14397
174932
21704
517
386582
531653
1983
31463
611775
23958
12785
24387
1009
9072
952817
7735
83485
473611
123479
908
2847
31996
19008
212
148878
1119802
92
9641
163759
61900
1710
808
124464
59236
164219
164965
23697
446764
195817
2869
24328
13
27545
574746
1267
23870
24231
719167
21689
665289
75846
500510
24232
845498
145
3150
549
20699
6
1308
143
458
10597
45967
213283
145928
240483
18827
68915
426020
918214
1175231
175428
1218039
151043
50958
2228
1331079
2360
27694
1745
353206
1413849
429751
517701
533853
54545
215292
14901
109162
53047
728881
27362
734779
429953
413286
14019
505475
769460
48122
452822
185784
11366
597040
530304
618578
193157
14656
403065
710329
23680
420625
1224876
1356100
85701
181010
19498
167956
23291
701537
44994
625252
1349
40630
88683
241163
26503
24611
478208
29860
59269
66904
959
275112
24878
21765
19663
508374
191678
300
22482
189
50869
191916
1232
234811
78919
25
1058
34232
18001
8783
1598
13997
9075
164031
24054
123638
7944
21421
537515
796929
1061666
15
1478
19675
8049
1195
215927
432428
431894
44256
22883
1072
475987
532842
6286
46680
37354
740563
76467
533562
64657
489477
45521
3226
30554
12355
1886
405640
8639
424775
2348
67327
500430
27680
188688
514920
209221
