1035536
2603067
3734867
1224906
1457631
1875673
2279820
3083350
2707316
4638935
3100040
2049954
2171946
1162894
2067292
2623226
1399537
1079714
1348725
556581
977192
1458922
1499843
1716596
1417696
2771773
3467855
1520336
921864
1429086
2583889
835226
3021373
707758
2442759
2329148
4024630
2404544
3981984
1761399
2943322
3232557
2492298
2180044
1613114
1795908
3124819
843958
844615
2332961
455429
1124214
454659
1092128
764610
663666
1421059
1875386
2022634
1877233
1983696
1633239
1887543
748171
1361909
1998491
2249919
1063387
1165298
1049704
1326865
751067
1465119
3910004
2178614
1916299
173739
519520
1709006
1067109
310168
1151886
2200667
756454
314913
1121143
1664672
1670724
536319
3604698
2074085
1154917
1349545
374104
2951148
2022224
2890181
594825
943315
1350538
3380071
1634801
2637793
945039
2374037
1988870
2791829
3409323
2979587
586552
3021984
1242964
1735692
1500451
1249972
178251
1438974
525878
777555
1167445
2762575
1210885
3360977
1354008
1175510
1124864
1475613
1202908
3500212
2044650
4629662
3675251
1373540
611016
2832654
838502
1828550
2318232
3665897
2257300
2076829
818054
2924140
1403104
3543329
1727584
4601804
1716160
1532226
1513195
2804900
1868959
2839200
1747293
3075419
3802700
2082029
1781381
1432056
904161
5018049
1249168
4632815
2055608
2027910
1621392
3581807
2669052
4670463
2975068
4942072
2205154
2631408
1191433
3793618
2605679
3483914
1396452
3804835
495814
1118709
1371822
1173981
1372325
3236871
2632036
4351578
1975539
1696826
540639
2601382
1273372
2702982
2065791
1894758
2065189
400035
2127855
2760910
1107866
2513791
1326523
1914829
1164075
339225
480209
511721
1170707
1435455
342979
1328200
451415
1604609
692166
1414252
662490
992983
487679
1961694
1363977
315786
333239
1739851
1228867
2935240
3118150
2064023
1497519
2181175
2078600
1272618
834836
2980892
1716869
4591240
2445992
1966313
1477572
2277530
1431278
2679213
1176296
1414317
708826
554284
1394480
2104061
419644
2205044
662082
2027918
1957582
1134285
1181222
901795
853364
