20781
434
201738
285
11
6482
1930
17393
11912
213525
17838
25923
307
237
13700
3
2
11
685
116
477
4039
50061
4154
2056
3969
98
211
16
5317
893340
2183
4158
514
524879
3
836
232188
4135
7083
696608
5951
218844
5677
154030
11272
520704
822
0
437
308
57
5358
5437
2919
1578
58
687
2085
713088
0
6
5
200
131
0
633
0
3363
1070
0
0
191
58
5317
7
2
3
177
6087
0
22
167
601
794
29912
2273
950672
5100
397
45622
583
1880
2682
243
1033573
108860
0
998153
206
825
1280
1002201
16563
102
5
329
0
2
0
198
108848
5634
346
1
609
711233
10290
1371318
642083
6343
4646
908880
2733
804537
4518
20492
385059
2107
1182571
1919
0
1090
2010
1196
441
534683
15
12
6
379
2319
468
0
1154
806
686
1
23914
1068
419461
31
681893
1645
516320
0
21221
3
154707
13
27
2508
723592
196980
803
0
208575
967
1750
1350
13724
217812
556
105
791061
4229
1
141985
37938
14519
966220
1139054
729414
6
26121
505153
4934
0
519
1129
24232
49
22
0
0
0
3180
57
208471
0
0
0
0
1569
57
27
0
0
0
2608
98903
5168
397
70026
109057
1093
215
939301
819
320151
1
361323
1656
5
1593
1591
1535
54
28
142426
1522
248108
717
753903
5428
267666
7
99320
1388
725157
0
0
1
0
8
0
3
2691
4
315
0
0
0
411
195
8
24625
222744
732133
2046
0
769
3010
3724
13609
157
4809
24
3
181
990784
0
0
1090893
5135
31384
82381
1374
122638
3
23
595
422
964091
0
288
0
1
2690
69
225994
474
64
0
0
0
587
10
2413
961161
5
190
1752
4647
2
189132
188947
2513
1966
795809
1
1288
423
70682
2010
3282
467
1595
4029
9
8
0
955
0
0
5
225105
697
80189
4990
237956
172
0
0
80507
576
371
1164
682
301
4749
2001
18749
29307
959
2318
107
1232
3204
1770
1026
949335
20
183
76
5008
219
113141
2511
41
45667
201
267
1
368
4506
27194
1
36
729988
228
18
509564
108
7894
194
10
238
262626
336
1018158
622
1185
14675
549
5
651
108856
544
234589
237547
41
1137
999876
3
709544
0
206
0
53
4809
2
4994
721
1293
4554
523
22
1215317
4
1487
4088
3998
9
13182
6684
404
369
1358
0
23
6335
0
4
418
201
20
1301
2764
128609
245054
246
38653
2172
2
73
999831
471
452
140919
5549
956894
0
1153
2494
196303
108855
3143
5547
4629
114
0
2528
1
0
1349
523
0
12
5
616
0
0
0
712305
384
18
38413
727305
1375
23796
0
805377
526371
36055
245
41642
0
621249
729729
4646
3
1704
0
4450
997259
6877
9
907147
64
5400
353
25
42
2698
0
6435
188677
441
0
15
3718
21821
0
189
1245
19280
11
191996
186626
92
7215
54
3202
3574
1252
200
994607
1464
808291
5
533246
1798
39121
0
11
492797
3052
1
299
734761
39066
140
1608
27738
1821
3
4165
1195
44
0
15
795290
1677
1151075
8793
2814
988076
524240
15
1001
628
2775
883
218883
498
4750
59
2952
922
0
3535
51466
109237
292952
90
2519
0
4004
638090
195112
274509
0
8
354
3
2666
14046
533443
90
2218
0
41829
21162
1652
2223
3478
43
340
1
5007
5718
2051
0
22054
37
147
3
950
15
222100
11208
205150
219
144
0
2806
3
867440
7432
10867
142315
999084
0
1736
0
518849
99
195310
588407
0
1058
3
12
27925
4303
15474
4093
53
0
999088
188
4666
149338
833
820
8766
68
1
587
5912
0
994931
247
2668
0
1102
4628
720231
25
11518
464
197356
4
19
193
861
0
250
0
61
260
1
1515
5666
1
221861
155
17652
1
1128
2358
147012
22
33335
12465
17037
4221
6229
993580
199219
20077
22487
4658
286
3120
6174
236383
3489
34
17604
3
26259
47
149
22647
530
947887
1020139
5051
130
0
4678
115
1582
295
190934
634095
5688
425
141545
9
11818
560
729035
4938
11
1135
16521
6
7
0
27
967967
9
982370
879599
5670
1263
46000
697893
21548
16747
24593
818961
44
32
221174
43030
711222
461
113019
501130
3060
3590
1311
26442
827
7
0
13
0
11
9615
10890
804
560
965
31723
0
550
30311
30304
669
275
61
34197
714
26238
699953
626351
463
527
335
2
13549
15
35
0
12054
0
9
0
0
544106
645
384972
10
391
34
2324
0
199
64
128331
207390
0
0
198589
0
0
2
109300
0
0
0
126
9318
105
804
39680
0
188948
584
12945
1328
0
4514
57
63
0
145
27
0
6
5644
195
61
0
0
108783
198
0
260
0
1
7
147
0
3077
520293
21834
0
3
0
5170
994160
3314
110518
2886
619106
53
22355
2548
2086
87151
108832
34
400
22
921
19879
1553
724023
42
0
59
217
26820
0
258887
651509
27156
2298
23988
7
498787
0
23204
0
0
0
783
0
363640
0
49
1592
0
29
912
2061
165
183
49
2458
1508
1594
693861
459
5
1768
763193
4268
3584
732
6
1281
1
1291
2
2568
114
39086
225
5
7900
39151
133354
19354
11
1240
3031
284
495674
41
6679
615276
258
3
3507
195229
2249
984640
701264
1020171
104225
6002
2088
484
4889
225263
42257
6210
0
1
3210
0
9851
38540
103073
1375
0
534
1877
806
61
45
1031963
1960
4
0
2170
0
466
233
0
5
1
0
1
905
0
0
0
12
0
8
1376
1990
1591
88
0
0
0
0
0
3
0
235
2699
0
0
7
5683
0
3883
3695
0
1537
906697
0
6180
193806
331
0
704
238
2
1
4493
0
408
2
0
7
383
190011
2270
758
613
3
3791
38
202751
10329
51128
155
107
34488
2187
193603
514316
5178
901657
3522
0
6646
1865
0
0
59
0
62
17
977363
574
21126
1079138
15628
139
0
0
847025
3729
1183
0
1223
10130
2316
1140
7684
516530
19835
13451
955
4244
4947
4678
969654
28
173
0
30
0
27
96
539
2
156
2350
2289
987228
415
0
0
0
0
6430
798
0
3
35734
210750
964249
1
5413
0
5275
5
0
611
31689
0
0
1551
67018
80143
242
78
1196
1791
20
115622
443
3464
0
119
3
29
1202
0
2702
0
721
698
215638
21
474
2
324
25883
40898
1355
961878
2693
6
0
4
0
0
66
1788
13076
0
0
0
0
2584
21051
7
243
3560
1493
38838
503408
39066
1704
2
36
1456121
581
223138
1481
0
19125
4183
368
27182
64375
439
11147
4
0
17
3
139223
105
787126
1064
184
999088
6
0
210
0
820
193
1
1836
1
5047
9948
246329
5211
2713
3022
48894
999676
3
8
12
17
0
1780
4721
17765
9594
911469
1730
86
20
4641
30750
1372
64
642273
44
12120
0
762332
1391
0
315
0
0
0
188947
4453
147
0
0
199
8
1151
997520
732165
40887
34
22722
42
0
1
0
780
46
462
1
701264
1912
4065
1
39288
40024
11
37523
1983
1950703
109029
7379
3203
127
72
33900
2174
188
93
0
1376
1679
0
236
4029
1289
2
13
4458
6
987
115
14457
221
427
6
0
156
108644
1181
6
6862
955
0
0
484
1689
0
4402
4338
2632
315
0
5
0
0
1175
215453
16939
845
0
618
0
79
42593
39033
815397
0
67661
19
922150
0
413
6363
261599
22596
0
17952
908862
452
2427
0
0
150
3313
0
0
1
705049
3
78256
33900
33
323
15
1009
14669
334
27
2
4658
0
1182
3
3761
1932
4786
2191
2535
5
5589
5
662
103
1583
3555
294
75
1172
2782
16
18582
3471
22094
8336
21
3602
74058
970
1
36
588
954666
474
2265
1113
1899
4092
173562
148
26468
99601
21001
0
148
7643
40914
4543
939
0
888
26
1
8
711
4012
1734177
4613
103368
198335
1
0
979
0
0
1
183
0
0
1
78
19369
109023
206942
6
1544
975615
1890
5
0
7
108160
3651
12
10575
914
127224
265
0
52
1146
0
15201
30
46040
847733
411
583644
1025
10
760558
159446
52130
4539
2175
2968
47276
760
26959
59
347
2
98903
4419
22541
20
71043
3
189
270
0
9
0
0
154
258
30
0
4781
1812
6572
729464
40778
6
60
2442
0
4267
72
596
0
0
2445
514568
1
0
0
103
41
7877
21125
713
3
0
588
194
23
7
0
7
221
11
1736
0
238
4021
72573
191808
254
3689
2155
616
58681
1949332
28835
958196
0
1
951747
0
5638
0
19199
273769
12338
12393
687061
203463
8
1036
2594
713
0
252
0
525625
996442
150008
952
185
0
391264
6
0
1196
0
540
4
215115
25459
90
25365
183
3
0
237540
8
755574
8699
4
1963
28010
532384
0
799
2792
999324
317
303
18548
216796
155281
718412
168
19691
0
0
129835
121901
0
470
277
206645
248
3
324
20
5790
48
0
1567
2
4593
1967296
9199
1
1857
1882
1739
143
19352
0
4277
8225
547501
0
721
0
0
1190
95
0
4487
2210
103224
0
20
500
1568
2032
303
6
245
6
1090850
0
778100
457
2685
0
92
0
156842
0
667
200051
3320
3606
462
2055
3974
22
656118
0
75
20
10
22
8725
12981
3
0
6394
0
0
9
2054
54076
2628
669126
378
511650
191
1844
4298
19267
84335
29561
986
211526
1427
816844
23
8
499
0
3173
1093
578776
9746
0
0
1028
2297
0
7
4
3
1775161
15661
20418
2063
696
155460
14
288
224173
4283
14536
57588
1425
7230
21235
188597
483
226626
31
2711
534
579052
129174
3012
491356
588
1026
4723
6622
1390
246
19
1165
26759
59
38625
1742
8
48
2172
288243
9
502
732678
150902
1849
73
2
976865
95174
1022300
711
6
858
4252
1218
1323
9
433
519771
139644
221
0
620
62346
50
299253
4513
2
65
111
956756
10703
189
27
0
1556
271502
1327
726528
2
96
8
2534
0
192333
44
289
108854
2007
0
1
3861
464
202
2471
142
72
7165
536
7818
14231
1
14117
808
338
9576
156359
3169
240025
799
0
988102
959833
8959
2266
215863
355
0
1792
1694
4694
231238
576
12
730814
11
2
194
190
42990
2
3028
331
13277
1
470
25
22153
0
642346
4240
800
1890
667
6
0
7
0
4309
0
4458
7
0
2
269
478
0
214
371
908444
0
13540
0
2229
70
284
0
317
0
18
35241
682346
42
42605
0
19
0
10682
711395
1309
1
59
72
0
59
0
23553
0
0
19
99
41
799765
65
0
0
581
533055
0
55308
2
1997
2
205
472
999144
241
16427
10
25228
2
9
0
0
0
621967
190
581
0
522
63
728669
1547
8257
4639
172
3
3826
1167
3
3
619758
0
6337
0
1020
14
9
0
835443
3433
5163
953066
907160
1860
83534
4710
178645
0
15939
6604
9
0
61
0
812
0
907967
0
32
3387
19
663
1709
33707
4983
38562
19276
191391
32
739
0
822
25
0
48
3303
971610
380
4687
3
99
104
0
2372
525
31
49138
8190
15385
186
187234
1000397
953824
2304
619
0
134
28975
0
722793
41549
196752
9
31909
6
0
3712
39598
0
807
3
0
975454
45
0
12
0
183
2
950614
0
6422
47
0
1198
0
490
19271
1466
30724
143440
27988
42192
59453
190314
3875
8869
2510
383
197340
1964
27
2329
1
591319
688815
4211
182147
25311
10574
11
226
228
13799
484
1925
224
5688
2019
6151
7330
2396
432
6345
700249
198
130
166
197
5623
0
2008
3
993094
0
5264
197
108835
2090
1882707
7353
1210428
994579
1869
12
0
676
6780
677675
148849
7081
203430
1838
785219
34539
709430
7340
22925
0
212029
459
0
102630
149404
663238
147817
1595
392309
4
104776
0
2698
273
421
230465
4495
1423
181
1764
0
281
202
609
0
755572
1563
193554
797635
42615
12
0
615
213131
2098
677
24976
1180
995
0
1354
0
27618
3
516018
20751
1818
15
237736
3
60
4296
10
1516
7795
1192
20
4
726
0
999453
44
299
0
0
0
8
39900
747722
979
6651
0
805430
3865
32
1455
4
226
753
2064
620205
535202
1
733983
27625
4210
796314
4493
526019
5
7213
153567
0
1107196
0
522927
34
3277
0
157
45
19361
2788
191158
999077
141
0
25685
169
1125
639
1000870
5832
1849
9
309
1
19138
566
159629
50550
213419
25173
26
98
183172
697
11937
423
709408
2049
47
0
23172
838445
20792
110880
28128
0
5608
0
1089
35404
711661
14311
0
9
7114
1250
131350
198280
109302
9821
40589
13255
63
0
5900
108981
62
633
448037
3
1
168
197
1
62
8012
52839
206058
2
262
822
328
459
764222
11
839
115
19610
3034
828705
196132
42
417
1123
1
6301
1751
272245
0
48
0
0
2071
0
0
8
1484
3913
1001921
1032
32
5
2063
563
3115
7326
5593
1500
63
998167
983273
818678
38
534285
4359
4855
55
33
151
0
800
850
2778
611
68053
1968
0
32
2359
486
79
41336
0
13509
0
21223
153
1559
23296
22119
13891
5
5374
190
212
513
104
46615
20
9454
2648
0
6
547568
0
1940
4
0
0
0
1460
7479
997198
9
1829
1355
1308
1391
18
1184
6846
483
4343
0
8817
4
245
982908
5262
924963
0
3309
1
810
228
323
7846
110
98
2008
2000
51313
447
407
1592
100475
1676
5
16
927247
20
0
19336
202147
4278
8
136383
0
15402
2466
800451
52305
14
24662
299
0
272
5000
2
0
2450
0
1665
0
7
1014
4425
2286
17831
940178
173278
2946
3821
526288
1145940
282816
0
6472
3
958
561970
3361
391296
9379
142478
1171
6090
17
998009
3736
21
547780
0
1
0
0
99
1860
276
3066
0
68
0
0
2664
513657
23047
155557
93
1193
0
6
13580
1
197104
190257
96
580142
212846
7288
61
1345
2375
152854
1
1057
500188
0
6888
174
0
0
133
1
2010
4038
542
11816
19817
243653
1952303
216377
235492
14
1
16006
0
653084
64
4515
0
467
0
138
250
27288
397
74
0
20
0
0
4
999098
22
0
124
64
7635
1156
7651
26
958196
0
193085
61
817
0
313
19285
101
971612
7
763
8343
6113
3
113
31916
40398
1738
9
8969
0
11589
300
16
695
592160
11534
332
4022
2173
5629
4322
260
112850
1764539
13
150884
994614
4310
42
667335
1
350
3705
200
28
468
0
942
20
510695
237639
8252
761
603
0
45249
862
755
1781
791789
524
0
1942
19543
174548
25988
994524
458
11544
1495
768
838686
137773
42318
0
198887
0
0
161243
0
58737
183
761677
213449
2431
3
0
0
1009887
2066
4218
3
909
1
6
0
0
11956
23072
15475
290
1
1937
0
0
0
1183
4370
5359
0
157
18246
1129
923360
5
63
581829
21302
182
2449
4627
176427
0
0
44
5653
547027
1
3249
70
19401
1192
204769
124
153137
38
107
4300
3206
959707
1125
530
27519
73
0
0
78
34006
19282
969816
0
72257
9251
141
3724
1827447
152325
1445
1160
918
246342
40317
66497
21873
2576
73655
542
582
974644
1867
4231
11745
15423
3
4478
2037
1156
153688
10
1086
1710
4784
939772
188
34595
79139
38515
269475
10172
923128
1850
3198
155
20305
76811
226
9119
4953
104
57632
3352
30896
2266
472
2051
6
33394
1715
3498
30177
5527
4103
22634
97
1171118
2
259434
41174
23
925
2266
3043
246758
68
0
0
2
4579
669
18086
66
0
2539
0
38186
589
360
21266
92
1278
579081
455
0
2542
354454
809
0
2893
27536
216549
227690
33243
2322
14778
48200
827499
10
951887
185913
339
851472
47654
260
9
48558
7
1194612
173
2427
0
257
0
1389
0
743
245809
39078
23403
2249
8
41445
804
779
293
357
1329
1780
744
26027
4
188292
3144
59
1760
855
616246
50791
45
223377
134125
31891
2
15195
416
8
9
48
0
0
141133
2181
0
0
10
319
0
3155
293131
0
23
3320
4983
5
13744
697901
19034
57
744737
4684
1737
0
153312
12
0
1820
0
1122
0
2370
2026
75
14482
5
0
1
2
6996
33419
974463
112
90106
1739
10655
66
202
999446
21339
1790
440
988499
927
0
93
0
32718
45
802
19281
964528
264
1617
19460
1434816
3634
1193
5216
136
34151
1375
1196
4
39
2561
12
94933
27023
692224
1065
137158
225471
532747
999106
272022
20
154855
29
408
5
27643
0
0
0
389
841366
4
7
2515
9
217845
1769
713478
0
51757
246489
253703
0
20
742
275601
15876
33817
25040
730259
40
154
169
587
107
39662
47640
2187
1842
20
943575
111
0
9
499652
957396
5
952786
1739
457
94
185884
14096
3495
231
0
1461
65885
7192
783396
23063
24
260
48086
42389
804
673
1150
2
0
0
271512
0
1419
43449
4885
1319
1
1
725323
1398
2187
2753
1189677
0
7
5208
0
4653
8
476
489
13141
1
0
3338
803
0
1795
560
304
33336
186996
3564
245
109
909
32009
1
199
964
36
0
5
746
108929
466
31286
779783
2713
241761
22189
405
984002
58004
16550
6277
724915
1165
2360
3733
123
8
8
524
63
4
38762
11363
2542
36223
104
2090
1640
296
245
14847
16856
9
213
15863
78
684191
1711
20052
408
656869
68
2107
120
10
663
4228
4691
469
307
267
1111
20834
26025
1
2
2
5622
5708
18184
846
187925
1144
44
847
9
198546
2982
370
205974
11
10256
153
2933
1151309
9606
1714
22
3199
802
0
0
25332
608978
214205
799
2998
38750
9038
1
0
44
0
744978
2211
16578
991116
1090006
244
824
87
223171
6
198007
5019
187038
815
1930
1
963
224288
44471
543
822
8
30
1891
184
1518
73
554
728387
0
242220
40
0
235010
709789
0
4684
4436
1
0
366
6337
1298
354624
0
141385
1714
202887
4650
3533
535
0
0
19
6
730810
10
198586
445
0
10
3
0
5
381
319
5
2
1
8
0
191
155809
38
13
25
10680
278217
2
0
27
0
3002
0
135
8
514
137
16691
0
7
9
4834
69
1
9127
0
105
6259
390
0
0
0
14567
21639
723183
14799
450
18284
6
0
0
822406
5652
354
1160
0
727258
3307
17440
17171
1299
3
0
10569
1486
35378
893
596
58
13
0
157501
65
199
0
0
10
0
60
63
0
6
0
0
0
1792
0
0
3214
0
722561
0
549
1
580
0
4441
97
2521
6
1772
2
3088
0
7
1
7669
206
4034
12
2564
0
48641
6
2731
0
471
813
12
0
0
0
0
182
3705
108601
237
6
0
190198
3759
222842
108
687026
4969
62
0
198
33419
18
4710
13522
969703
0
95
18
0
2054
120469
152
3
1766
3
1
123
398
785
9976
770
10
535
0
2594
511007
151
1532
1465
21871
0
0
999093
13
1
113
21229
12
6387
49
31846
653588
27687
0
0
993632
0
42
0
6203
38763
993992
111
126
20
0
3168
473
108469
0
1688
2707
0
179
0
814221
0
42999
9
51
0
739253
0
13823
4268
2567
4217
807
247
22508
2622
195
937225
178401
26269
40039
65
88
90030
0
0
0
110441
18360
1147
1
44
849852
578410
6006
763
534
3028
23402
8
1
0
2155
374
5207
1
19322
565
19
723
880
88
225617
6361
24081
699590
1
41
193
1202
1196
25177
1
768805
1
1
67
61
247
58
42
14
2669
3
27143
0
0
51
10
529
645586
0
234056
2082
663640
0
7581
35
716153
1033
67270
33430
3
1705
2300
0
1046917
167
51495
22477
225058
79
674
0
968
397
1025152
0
999088
482
0
0
283651
83
10853
999491
19
244
0
1
1675
20068
147635
799
0
26
0
12
2074
647
22617
1079
0
0
206
0
210190
2063
32990
146266
0
0
0
0
0
0
129
6
0
9
779
814
772
3833
616740
1010
839380
0
20
0
582
18
891
0
468
1
36
1573
328
0
453
2791
0
0
252
186
942242
2
1883
2381
2545
1
3163
65
13871
65
9597
699680
1594
0
0
4639
0
552
228
738691
216331
13015
13472
6
231664
1764
22415
994278
615
16
1161
1761
0
1530
20
761633
0
0
4788
2
3009
733566
2766
272687
39
15
15821
741
11011
151
2207
26967
0
27384
235
49
725983
5742
1
5707
509
0
0
983
9
0
156
0
0
2179
422
597
6148
824086
863
150
962
69200
707
1490
3457
1790
39408
3920
6
3
1000505
189
5303
7752
1885919
4084
3729
35025
391
5620
0
131149
82105
1496
4667
1669
66
961237
2833
2
178216
1361
995
0
240
0
2938
6
213
15624
284
498099
6551
0
241221
1444648
3791
435
43
415
4
0
3002
955559
314
1852
0
1738
11609
603668
488
458
94
3629
202
0
2
92
3073
181167
909885
922410
3
10586
1832
196812
19
209
22836
1934
3204
939576
23268
22171
21
549510
911
150586
7333
27411
987589
164
24370
3893
102843
40350
11827
1861
1375
39778
741933
989
45878
25082
3020
979
1894
1016695
64
19848
4324
0
230
92
225094
191390
0
875020
41886
39193
19366
273
45508
3201
4
671
0
802
138677
15656
0
10
780
3210
1288
7
2408
0
0
0
0
9629
102
0
32750
390
86
33353
42
77485
9876
1263743
31
40
4
4977
726390
0
5871
128
39333
7041
0
476
835
3585
2386
42316
806
1
1371
188
0
0
826
804
1901
34841
0
913
0
778627
995462
725396
2
75
14168
180
4841
35
46798
1
0
8135
0
2735
845
198397
207243
995957
0
188
0
0
2
15
522
187507
39979
1954
0
968847
942934
4363
6974
1248
6526
21
444
6
194
8
441
1
1
451
1
118
6398
0
440
6
5642
1897
59
43400
0
0
1
0
0
721465
0
2619
2590
8
6545
36618
813
0
3727
193392
9
0
0
0
32937
0
1182
0
901
0
0
1377
0
0
2190
0
0
0
194748
33397
478
4452
179102
42837
0
0
3491
0
418
0
2
197382
0
1
2
109
746
0
161
0
50024
643
958058
464
2285
0
46
3
0
0
0
199
1117
0
87
10
0
2705
0
36
370
183
0
0
2
0
0
5
992588
618
0
3
113089
35
214
1674
6165
147
0
587
285
30800
3541
3
985959
1923
0
0
3837
0
75
0
241798
429
1254
0
3357
200
923729
158
19391
31
0
275
1752
8013
23682
961201
60
0
865878
19047
694
156642
900
2406
5
24741
6287
3298
726291
2869
42449
137
1568
35307
742721
11037
460
218
195661
2
340
5379
1765
35
16
97
6480
7988
0
1296
878
365
0
458
338
5
189506
3946
6
196750
0
4
1904
2295
0
5
6
370
0
41842
409
11
468
204408
5
427
2344
30
3035
602452
4144
66
3950
730870
3671
75
1383
22
9
192348
2184
343
788
3940
11757
14260
227
10656
25
22
