18316
26949
25628
12604
4691
78922
2240
229072
9019
82672
50799
32063
15312
24318
24832
8109
3253
5044
112205
447
3753
60704
12537
203530
57089
4003
15223
17386
48024
160500
498846
104848
112359
26425
155161
8469
219434
923477
689861
324161
34179
44133
253819
43676
88402
304013
165506
82477
26036
16415
19730
6601
1016
253593
3789
19114
17679
495396
7615
17564
11740
106016
10243
3612
11300
4409
182241
2128
2480
440724
10688
16978
24742
13082
171651
1916
5744
32086
1912
2488
1314
7034
220771
20749
8312
92494
26600
173982
34515
24052
113653
104328
52546
202724
193918
21086
44104
1345
23348
64573
7061
408994
5554
7272
3225
22783
13037
59232
5360
7458
16869
24403
5447
501436
41828
33565
13115
254268
7016
230872
201625
460004
413557
112517
6426
129679
155152
11550
135488
343225
836114
202662
21715
39515
17234
30336
72582
121591
255373
34686
69513
9055
13761
8474
11403
512834
21428
35663
211284
577629
9178
527651
149769
419652
42935
887562
59020
313677
48921
30418
101658
50747
16566
48066
102335
370639
412106
96521
52566
240561
102438
110602
15444
140168
17993
267347
17174
134276
35710
63836
165837
29963
56597
650504
121541
142211
117162
45196
57811
73654
136572
18443
30967
33506
318409
25066
89027
209922
773720
51157
16367
50222
44653
15584
2811
21017
7865
477414
19484
39793
13659
47933
29738
194837
12182
37287
1387
4490
231659
1348
9109
10387
7079
409573
18360
134563
10791
12245
18084
90327
539094
20391
347470
41154
646952
9713
54269
3288
29282
4987
18832
295289
1066
321806
2475
562598
92932
15928
13425
63945
8946
2796
7559
95966
8640
126633
6755
3884
11787
8825
2622
1904
128
3629
8427
3862
15934
172516
2725
1991
578143
359
2156
5104
14007
124
285596
10544
139525
5768
1027
29
2575
13222
3080
8422
101721
11550
140415
3556
75742
12657
7140
5620
8820
18451
206042
5618
8110
1401
25103
9302
19365
7769
428
390
12031
5285
19616
18242
5167
4800
43915
2065
4682
2987
4447
2775
7387
11436
3665
18430
8625
15823
11892
30230
575
1284
240117
24823
9798
288098
14394
731
1589
10655
14316
5296
12153
9008
11200
12716
84126
12788
20831
21637
41291
18322
4017
5734
287327
3029
21949
49770
93094
117685
20504
3984
38957
7196
82253
335838
138162
118507
44173
62
97211
31114
181872
17371
51664
6349
15502
4437
50738
149988
92913
103833
255586
13277
17124
1835
222955
6418
352893
47235
216982
17892
485
719
45658
3449
13077
8638
7596
23679
21009
2096
78282
3662
34924
518
117499
8130
1886
14682
591843
5592
5268
1453
2574
8195
9543
33302
231762
8965
66286
4257
446852
9687
20262
162378
4715
343591
976948
118282
37403
14765
717887
12773
19456
7436
7206
12091
538091
10067
4109
5041
36326
11656
11682
492785
3824
224102
181423
4170
27526
1500
4633
5190
3807
7379
5556
7736
480040
14443
129643
5602
11203
4649
7238
10660
21730
3857
6095
11662
10316
2738
36479
3507
197552
22256
8572
34058
23830
1767
6829
67103
235769
13094
17689
362202
78408
39850
271068
98880
35933
162756
134035
150340
653078
78825
51577
69241
47154
70343
61010
44845
4999
2171
3834
4256
112702
17765
234740
20577
22363
1171
106764
154249
9429
67021
73241
38457
293877
33116
293554
3957
55902
29616
600429
374838
434988
42512
245586
11889
50547
119908
8315
2866
16437
7348
2222
1275
35915
4538
3320
6305
22918
6248
46362
3094
105942
61277
76734
6267
44043
243206
9583
29995
15074
141994
279631
28060
289127
216896
235644
34170
324612
43871
76512
145803
13830
404844
17080
33
54529
57579
5746
8307
18481
210692
20106
352
19439
8252
122582
411845
16692
99497
12067
331892
12063
187376
4983
853336
101624
1049017
90
14256
27565
14364
11289
215135
9410
322593
110044
349645
86338
80571
896
836203
10770
10885
8832
7434
521424
20868
211720
159313
114655
14492
188199
101735
197489
12380
49962
18502
20931
535015
42727
15930
294801
831467
23426
9844
102948
7005
84941
12001
104896
290915
19930
15284
47871
18043
42453
9005
46138
6475
151874
398403
342082
173005
59180
8227
36158
14973
211165
86891
198977
4939
33296
21657
103357
175048
19264
13937
1100065
8192
6294
57822
8911
309992
213696
67903
827188
17178
97932
51889
15419
85468
643353
90909
80539
145753
85652
3956
196118
172162
143785
33642
256961
96138
35121
192733
404756
102485
34759
42529
50611
5768
10328
15499
11383
147684
143189
73055
429300
88639
23804
20171
29350
224083
14671
166336
64634
2146
22365
60019
54278
125927
24528
17566
384622
18438
1035
8328
147133
11960
13819
28456
142809
1367
90835
5621
32636
7038
21036
5729
74793
14785
17679
12975
633767
48123
218911
134264
75026
269096
272758
25825
113482
66860
397340
296615
642657
21701
127136
3525
90986
19922
70030
7807
20143
3827
35914
5736
67372
35623
56127
1946
126929
15115
10302
3426
10779
7447
5003
7256
33258
3534
5078
20599
527
28761
12210
270617
19160
55266
5990
2013
126654
2414
926
836
83321
8718
25011
169675
94540
60829
117750
2803
257794
501550
8772
13531
202025
55276
23274
4241
38706
12870
24008
2500
16533
21965
56714
5142
51250
9237
9286
5278
22947
4652
4232
1161
49213
52530
110948
17571
6417
10187
2730
8451
92971
53778
22172
66171
490773
24188
10310
20965
18591
3598
1980
7686
3787
48573
13190
15444
120088
16194
918
696
3090
48121
73747
4522
300666
16419
43585
115530
45821
4887
7605
860
148067
17383
6165
3229
14104
31970
1607
3383
2805
4335
4941
1824
2057
14221
346208
25744
22456
6030
249888
24
2454
2995
15257
11328
16971
2250
4064
1422
12568
35273
35828
19735
48476
9939
13841
370321
99776
14566
3097
2092
415932
26088
33963
2010
386251
31294
20791
4812
7729
20215
15672
387
19578
12711
21397
21787
224404
18533
3929
3481
397879
2900
10598
108810
12610
426614
8295
4081
4819
23482
89106
327641
135138
16431
35836
5266
85009
24612
17996
513778
155439
37120
36051
7743
10334
10907
68734
50755
25233
8218
12304
1317
3983
14595
461704
18685
171139
117770
7942
2382
4352
1238
4827
12616
35680
20948
3641
2051
9456
327636
153789
1910
19848
1865
358
9422
6571
328320
22710
1802
3127
2934
322992
51401
61514
144927
44656
15495
49662
93974
486
1641
6716
11093
8524
65172
7555
11538
253613
11758
54360
14186
413349
10949
470936
55139
121060
1096
16121
8800
59386
25569
7270
91028
33594
65587
25055
3251
74389
2058
19501
7756
7469
21800
99525
20698
6485
61956
5652
4240
110555
2247
5214
23408
22677
6086
3587
3220
14185
1868
14528
5478
872
12561
27921
3167
50406
148569
202982
190786
4009
399572
14879
1224
30382
58937
58327
12550
41834
12211
17675
3570
939
205574
579967
54525
15008
10345
2707
2575
79629
101234
148612
12427
2377
33024
9936
17
805
4881
9
12565
10348
86844
1002407
1694
6475
897
13190
6435
1939
476
2097
276770
6931
2662
4929
23630
27436
18676
1566
7106
369
8019
532
2257
12328
185
283843
1007
1059
7785
6468
2428
57866
7329
433663
2460
1182
1097
49310
104430
32543
1146
2705
6266
43634
65909
2172
9834
1254
323381
4866
2103
59888
39538
197897
6000
3451
1043
8524
1624
7986
3227
4935
964
77738
3799
75764
17328
2515
2863
6135
192920
257958
17294
427162
86127
4547
623
7038
62868
13161
32280
133512
11946
104417
6062
75222
4707
129834
2828
1922247
8847
329794
28760
839052
9630
158255
15388
21586
6492
28093
26749
12910
18383
42359
3218
169942
197856
5677
3467
306142
84815
179136
40477
78018
3791
18991
18100
139584
8552
67222
23944
378211
4789
12805
822
41111
6388
109190
9248
979859
22013
14205
3193
19583
630
6231
9248
1358
902
868
10685
3678
9029
20159
5012
14011
7070
2414
4555
4737
363
11706
6773
10390
863
51695
13201
12586
11734
1082
13788
93983
60
2696
1641
16009
8033
3803
63800
2653
2280
40772
307365
2240
15544
8284
6414
22895
2243
13166
3808
102340
51
19951
35006
2576
6169
20514
9236
44307
384
21159
10281
267104
13432
21305
16286
53630
10640
43856
4174
12468
82
22869
10017
5970
30776
11054
16363
3970
37543
18433
117
14829
10282
60093
5755
20710
115
969
889
314
40911
400
73540
293576
197969
1061
11
2297
1548
253234
2109
30201
4591
909951
239819
8977
14150
8065
5523
47337
36547
5308
987
305274
5238
7875
14437
18770
1089
2133
7147
4156
8326
20134
305879
6831
100900
32053
7665
23139
1416
10284
223
24540
1652
5213
134
87114
1787
31833
7478
27871
19300
2252
3022
21094
7758
15093
6144
8208
1536
3928
15398
121797
41090
22907
8075
491405
9243
2496
998
59226
11190
26643
2024
47016
9039
20071
959
19118
6656
39492
275990
318180
29817
13083
608
15512
4265
15219
4132
50493
14669
11993
862
33475
3047
124916
5703
243342
8779
4642
9424
18141
18046
15712
1051
32672
4360
49134
10
3603
13
3339
104418
43412
47941
37602
589
114677
12015
280817
2309
36466
5466
656
4242
3784
4234
747
4390
838387
979627
5640
504
3320
8235
485237
3580
67090
116936
7094
24726
9872
663200
66119
173525
213936
51998
17518
3611
140043
19513
98901
108
43891
2948
1161
29
2239
62
33771
174691
99495
7715
12301
37274
17805
1344
10736
157279
13242
33435
10186
7019
1003126
2324
6692
6920
97732
15560
4223
1649
27743
29
3338
7539
17603
1663
7145
2250
1088
5765
4738
98
70884
13230
1008
2329
12795
142774
34201
139867
67053
502331
104333
476
7974
14472
100882
18708
280598
244822
19404
9538
71538
12886
13414
6491
36468
18405
5053
1072
440788
10412
190714
43305
34589
3512
39792
18186
53751
40238
55167
26169
841347
5900
67769
736
50230
13855
28464
51543
637465
24532
53702
1811
7443
2071
738
13657
66056
2669
31039
5247
13460
1914
44965
142493
17019
3737
11279
76328
3222
50753
8739
2333
91759
10432
68156
549
222485
32348
72606
21325
1890
3023
12630
5994
90975
1350
23509
133877
3961
249
2259
38
2998
12613
88620
11232
71808
44180
3920
1172
25747
2251
2606
6416
359099
320347
781
54085
84530
6845
162670
61571
356256
6756
2834
8826
24042
7187
2350
1274
12983
523
686
8334
13162
7980
1831
534978
98953
56454
4212
1987
7755
7610
61541
2604
16446
1373
91389
461
180905
3437
2555
2693
2952
837198
167720
87847
997873
8084
10871
1976
9307
467
35246
0
7466
4208
216926
2673
13647
9951
7454
2523
15796
11883
114345
70105
153970
829293
14426
5182
1742
11890
60527
287706
231022
11009
72564
296781
49549
214167
79073
13727
17138
11972
47413
42528
9667
164849
7981
10467
9013
27325
841929
258852
16044
156238
38297
37763
1019615
19770
104724
6928
21047
194698
150169
107253
48193
21771
7456
143099
37721
385427
916604
546553
140443
70734
8531
24189
14212
37614
484770
8299
219854
29707
31960
37696
49547
212083
1179837
9508
66149
5143
639
22118
15589
5213
525729
6018
886235
5704
4937
3905
8739
1942
3139
2491
2819
2075
98
2312
21541
1855
16178
5556
55602
14927
2450
116
52008
8594
115648
6591
574539
7489
60384
763518
89391
3760
112815
13113
243882
10495
328585
26947
197576
1720
262619
158450
37338
143291
11355
1417
31042
3793
16465
34973
18963
439305
4325
987
6776
3252
2656
12179
11727
4093
13556
163405
16678
803326
22484
3440
11980
15239
93129
6520
15639
13773
6963
1928
11168
2303
11265
5008
3473
14001
3639
714
1002520
484368
8078
3783
15340
6031
18226
2029
324754
11012
120
15522
88868
16632
13400
3435
93110
17807
2962
1292
17642
42871
3092
4636
6298
5192
9470
34
4321
7337
4630
11336
34724
15338
382
104
4513
4429
2639
604993
9115
8305
11220
7983
2523
26578
8837
13126
16143
6256
2374
6972
21086
6469
6498
133
13072
24665
129
413
3567
4442
10144
2085
32495
166692
1946
14
9991
17751
25802
484
18296
6293
174693
239
439
1186
79597
26468
28104
3460
144062
547
15005
1231
6434
3171
6869
5592
2604
1480
959
77992
18855
9497
182781
383391
4257
3783
18337
234805
7903
27992
74856
3671
80692
75840
625899
29198
25438
12097
310212
7815
39294
296034
506700
3681
32919
8808
165117
259752
13682
10613
22214
69942
19714
7076
29074
10445
14971
72715
52457
76532
134116
104260
90063
26064
129507
45561
25908
22820
336343
470506
109993
110643
141386
123325
186883
25655
131813
14329
35268
4431
35212
15462
28721
70117
71275
81605
30596
63669
48428
16962
338030
74989
3618
205431
220335
6955
44952
15886
4495
22068
21417
495
55393
3455
1696
801
11364
13839
2278
2668
47378
2323
58419
1088
250624
3916
16920
1537
603827
106286
4844
46
17262
22533
24194
207847
419866
19976
37369
7173
39308
47188
28291
11542
44851
4686
47036
53041
14281
6680
107900
17467
30620
24500
240271
2030
109465
69479
52711
12922
45243
15743
65641
40422
131771
21061
46299
112142
103713
27594
8120
48259
22639
462692
81174
1146823
67353
476574
4392
250614
494486
110966
192220
449244
71735
27252
18540
37229
4647
7007
63566
16971
65393
23366
16628
39426
307683
57106
1308205
23559
266642
80125
156906
164177
197477
17110
119867
929355
217790
384731
18044
47412
64883
20136
330511
100087
50252
480556
92541
11629
2641
399020
37252
81832
27566
50449
610475
566379
65030
215939
15744
1408
7358
303459
9154
2626
487
85706
83710
7343
45529
36253
3398
5960
5624
19059
8712
30779
10624
2473
1437
5209
850
954
98727
3301
24004
2883
4205
5846
4078
1690
437322
6584
7712
32519
100554
141123
8242
266397
314098
177190
15319
649248
14737
7728
11376
167560
3534
1404
84614
1890
1811
2420
5327
77444
53516
84856
104866
39377
4792
2091
90952
74564
24030
8562
157331
14726
483
2006
7656
116738
29546
37415
150356
282902
40357
114379
140004
21329
495273
6329
4896
4881
3712
19779
623
16206
166609
61801
16089
189919
33103
148814
8198
41161
835348
64537
299313
74591
1031954
6207
63344
65306
191816
17301
133385
453037
91679
7331
215726
19438
127437
104201
14400
98337
3203
13255
309
38037
451628
319458
234591
141699
6930
59735
4185
8115
8086
12010
29085
108571
1862
134229
86308
216436
36134
5972
7594
16830
97975
116385
95140
122809
5422
9401
23077
2423
299095
924
4705
471
4075
1950
62439
250328
18451
31448
66879
12206
370194
250158
25790
32600
216900
6886
11754
3054
100373
66429
9061
18823
22835
18618
580747
5598
21417
3716
151617
15341
3091
1994
2138
1993
30032
12004
22169
128738
117218
6489
9670
8082
4619
128952
5077
8448
14839
57996
400476
23376
44752
816841
5930
88976
19019
15857
477018
9518
213527
784
6502
10172
1075
2989
330537
107080
38342
48545
8362
57339
6125
2102
8343
186897
370138
60550
65286
116901
1048876
954963
140455
33776
91765
380733
116675
102578
407698
25485
753919
15519
8565
732
13993
3260
2826
56858
99373
12695
7583
36256
25185
8181
16545
63606
48126
84235
2143
34129
13218
14739
9758
11797
209240
1523
6960
838652
19601
9207
12978
17166
300649
24847
5339
80622
11605
20803
6076
146140
216905
14025
22206
6669
84210
5258
73204
41861
30979
29824
1642
411
2309
25009
8626
2870
1752927
2314
16272
98404
10839
14648
66118
2891
20201
29222
12207
1931
6796
724
1648
10960
4203
2952
521659
16498
9923
31580
40220
432041
15293
83832
531635
73930
495436
14488
30182
36497
134492
136434
86012
206220
42518
25845
19473
9446
21104
5167
366733
84538
308101
28166
655
11320
101893
5636
74776
270238
3837
178162
4632
7443
8843
10008
113570
23667
10461
125153
17707
74965
34699
175986
28342
25707
27015
42288
893486
66496
575216
272672
817108
15081
639307
5049
3532
15405
47877
48691
610530
141972
264995
321863
389680
5952
462866
8381
13746
821609
30553
61091
6607
9970
4010
9972
197786
97483
14434
40417
4184
2378
8469
5521
610686
26950
12086
31462
703
2538
11624
70
31719
142038
34924
140720
13442
13539
204204
91754
11197
17142
206855
17470
21157
2090
2536
415
25442
40507
7670
14950
31962
14460
43529
61458
208357
29042
11512
4515
3104
4343
3969
12715
106910
42325
14720
79048
6231
61474
29028
68458
47842
408939
208719
25716
382162
37266
42870
351397
568068
88425
225132
58928
606478
480899
95317
1331213
305009
2248
65671
18098
14987
211
10522
7015
418749
54366
59373
12505
8507
4261
97426
40997
93271
106293
278661
55664
435303
6004
185130
40813
643643
1024243
332786
19644
35345
2403
20416
5391
30477
66766
29192
27970
9038
9823
260091
49800
275739
15174
35858
120427
169115
6060
126004
123063
17436
61006
338541
94699
1872
48250
27252
6116
120787
1050975
108492
80006
5806
8697
14729
22937
45822
15700
5448
20972
6041
25369
12930
73958
24726
4860
8401
17772
6258
2730
38758
476516
753298
178197
41408
33434
300356
3457
146765
10693
211591
277742
59019
377556
805599
5582
39418
14141
863600
16105
183129
11775
553003
2581
135532
24600
9783
3360
11198
28529
191114
7973
137071
84500
129886
243129
373997
989534
3444
3246
158135
67261
223913
219169
1221569
15298
21497
5021
212146
14976
136606
13652
166112
28417
27606
1259
36215
9985
313711
376387
68674
803146
107942
368168
15180
129043
726998
57007
444515
69785
130742
3698
49103
203987
199853
200830
161271
119664
106509
9398
106397
24842
29591
51281
132411
67245
179488
19315
72984
87122
124619
319604
94573
62958
24208
1978
519814
43252
25586
37678
92219
844583
4383
564736
58316
26610
193929
51363
100068
170939
9001
104140
10302
26237
26101
3572
10620
187704
22200
12223
28958
23664
11935
9567
12877
72192
45
39095
176091
151323
709471
46687
63586
18358
194963
900
196597
9383
165862
373548
40136
246739
231308
8781
116038
15590
65643
10017
23207
17684
16620
9543
25565
35915
19623
7898
30232
575675
33723
168459
145025
253300
177185
293544
1407318
33347
4315
16227
7268
301462
117662
35463
49768
150837
824083
25043
5137
2125
5396
1328
23072
5061
21482
41373
146350
464714
61168
9798
118817
11678
8813
3252
86633
103575
136081
7856
466536
275302
70432
5746
556781
25928
18726
350257
721108
363385
30429
125467
41294
16351
874
6073
11995
3344
2996
17115
11947
90809
60333
4120
92562
56904
3160
4245
15344
19002
13883
10000
31384
20195
4458
766
59616
4313
81432
7444
89714
22120
2558
2490
4837
184140
3149
79075
5117
27093
1589
1832
13383
4597
15088
13064
414432
24015
14761
574
1495
26189
6295
6251
3941
41939
10198
597
95654
145
66034
14243
50895
21036
71238
9117
34854
10528
1758
3379
16777
5992
745
459
4826
46167
577266
113399
69700
136382
16921
147774
66002
37010
1349518
36872
388216
35414
5126
137
190037
50924
75325
16550
243496
450749
9010
3490
295593
14339
204490
6956
310392
23795
838545
4631
24747
1994
237878
62998
57447
60442
54377
2297
21111
6852
550119
13944
266091
25835
230923
5591
410804
49541
59067
13225
790422
81677
45987
8181
100884
177305
44608
48319
722795
43325
10507
1609
20465
18897
315840
11540
63736
216454
31464
273
11519
11340
41381
7400
119887
373770
70
96684
8591
80688
37291
44213
173789
14192
5972
140049
7398
28017
9978
35789
12108
19891
611
1213
905
10189
39399
13678
131965
26104
805
1804
27253
50901
58380
14816
11448
17189
1665
13974
4244
46093
76642
22219
100134
42300
578317
354942
73494
326482
45250
2931
6331
8558
1483
5719
26926
140654
31608
13859
17302
124827
13168
202025
66758
57703
12450
113662
40236
28338
484
151114
66567
97901
189751
926354
255635
129297
35287
1675
7638
7426
3240
8601
3965
11616
177898
54960
56094
69144
10443
8708
2948
12446
492958
247248
327427
128037
58056
46898
44216
8973
204663
37158
37897
58203
49289
4972
32003
10025
65081
454201
48778
171561
49562
975686
46855
21647
27072
4147
232458
5508
110419
7014
7824
22325
8329
3758
2477
13574
3201
2041
9087
910
2956
33
788
856
96977
1011
6798
16346
8636
1970
45607
2397
24451
6437
50990
3180
30032
15541
68556
127360
93283
36333
105218
62986
199821
11393
219518
121141
122153
41246
19246
2989
10139
143
1693
4753
208557
8935
1114315
48469
487500
2493
507288
17296
8734
4821
16957
6938
8159
380
51018
14603
172534
20345
424370
69664
99397
3998
27119
58816
23855
14757
34953
126502
8279
1848
6997
7316
257962
5426
276519
309794
433619
425
9674
13816
17493
21515
61159
7396
13357
3382
10242
5166
28642
3352
548342
103974
23223
3561
31238
14265
91260
528
19639
17996
2836
2753
350447
4720
538447
159640
217486
168316
7836
19480
363232
2724
37003
3030
17070
1747
4701
95508
18388
17804
15314
9383
31083
33998
22486
8188
39996
4819
3798
318
7951
2556
2056
501
15094
5580
6589
3832
56634
2704
5139
3891
51481
3288
16957
6150
118571
1643
15188
1234
144972
6060
5673
2854
12686
3628
15569
10208
25318
68809
55113
6829
14906
1325
10841
5158
8809
1822
113182
37595
46063
34388
61709
6755
59816
5430
14187
9248
26499
1401
4536
9231
65134
1661
27855
247968
652568
2440
37231
9140
31262
4187
23334
7446
6463
18734
4453
523104
13137
103333
11688
4418
4880
43347
5532
368
30285
6907
5551
26644
14204
773
12731
3445
35138
2989
3570
2151
27201
36158
4668
6781
64913
4473
25884
8962
19936
57113
98212
7461
43533
20237
112612
8378
129725
45411
36356
25390
46161
9217
889
8742
2036
2477
5267
5946
352
2696
923
22330
3699
7918
11350
589
232988
4883
44798
17020
22662
11839
61433
1601
272016
346
11267
302006
40419
3442
12590
944
111195
21490
2022
2450
53768
2859
9837
8856
109355
7010
19174
10504
46832
736
3420
807
9866
6449
3747
827
56827
14271
276912
5460
10676
1550
535017
13043
38705
18987
24839
1
182903
4440
5806
2924
18106
11908
1345
81
569
2957
4321
1286
142196
60276
12904
13771
15921
43796
34979
11987
4851
28338
3496
14979
12840
3689
10867
4333
5357
14388
83993
5848
3955
12399
24844
58922
126741
1336
13940
67
2334
6307
2401
530
650
95643
2999
6408
3431
10516
503236
1749
66249
381642
76918
3799
5542
92454
44211
10736
50113
465382
48985
1765
12129
31771
339749
16287
206439
830
1747
5359
5195
2770
48359
108498
13879
2241
18480
687
2025
4146
1908
13554
5947
29289
42
9163
2250
6666
23115
11427
5019
4392
3605
6497
8143
28
5274
2419
4783
1507
145
271
1244
1716
6463
393
8064
5177
810
1295
143799
13670
51610
299140
7649
298368
70681
15355
19346
40642
96401
15342
88800
144346
85334
56645
85879
332093
153268
7292
27968
2642
42725
305512
171190
3918
140199
24910
16876
37435
27817
199288
34556
83259
114275
68758
438650
799150
3071
25523
22924
26659
483168
21154
360745
24675
56814
11361
44510
6627
14113
80742
25243
6064
4986
1803
69392
2412
17336
318296
1057168
178626
25459
4562
76625
22381
26436
12337
87117
8928
1260
4320
14713
16027
284290
95257
172851
96303
61309
12379
713953
28447
27598
97199
19612
2513
12128
295341
1783
9855
310180
205392
69466
254398
3756
1677
21935
8035
7308
17838
242750
6964
217043
7486
29455
3391
326261
213779
125808
67461
17904
142488
11930
168673
5079
379
846737
11799
1667
982
7593
13712
2203
390872
22356
35795
2482
7713
12098
66530
100611
37
188773
5982
209378
13927
3147
4584
10491
6066
40787
62693
470114
6170
11948
13246
31273
6476
54928
1335
14120
354
102125
3452
9956
4992
16098
95457
12788
4710
44277
62508
295791
106415
72191
526483
314534
16724
351010
58064
39378
79403
372885
32545
27224
5713
81780
25749
276991
42632
80659
3707
7217
17915
1546
39842
478975
8884
23718
17457
28449
38097
6544
50463
329690
47532
140748
18724
24170
61417
1295830
49923
809715
47176
215910
13107
132653
14237
53381
76869
19380
13585
196485
6124
30039
28368
8045
96298
88947
2744
84495
192561
36669
27887
34843
121455
693465
118521
119274
4558
7522
27069
73670
44855
146801
587891
82910
21765
8088
7042
47981
1670
32781
34756
44555
3095
4359
1624
383633
10568
9432
85797
9162
24027
7882
500
36831
58670
769520
58799
73503
27531
18912
82572
21315
5378
183721
18272
23315
53779
175446
12338
203380
17773
143822
9998
189177
16709
15417
771
87313
5509
9757
21194
65740
303350
14783
2183
25054
75769
9997
5380
50736
11494
4619
159077
10466
65180
5812
29480
15457
519368
171772
236009
246
9837
1995
1717
3611
42543
28037
29318
54206
12547
3231
3467
1399
17006
12071
53669
386631
24535
23617
10348
22924
164418
13541
8673
25126
8582
41213
2046
219285
3847
16233
7473
8253
11764
6439
11447
2686
3222
21455
132777
2277
11734
10770
2819
12393
8125
25755
10351
420922
34250
29328
9106
5310
11002
29767
37919
2912
1754
8662
136145
71200
72744
8353
4128
6347
11355
13032
255301
38472
79062
15862
17465
14549
6674
42992
278938
10956
4272
15975
1150
183235
10644
46983
25033
9948
53771
22137
19996
1100
7844
461549
112311
469626
64298
98562
5468
120711
10605
27267
384
3367
4455
7212
37
1770
2221
24609
3728
47590
32571
156222
1806
35542
58666
63881
11277
11823
54480
8101
945
378697
17831
13542
2932
91604
340633
83461
526
17456
4733
16302
220283
34157
39516
7942
5300
6817
14062
28876
52741
21104
6988
17079
40989
48403
17534
230478
296040
35525
73027
8063
10543
13052
27160
124442
435323
34288
48796
15857
25456
71381
7542
693299
39883
59542
8876
57471
381839
75509
696
80717
16570
15608
11916
272311
89464
46449
30314
28140
13476
194503
16211
1253
9513
2619
47588
13092
9401
17548
24411
15809
18000
8794
121195
19807
37696
226282
5109
5431
1677
24541
58018
34822
20447
322675
9395
29346
7778
58312
167777
50461
118027
10704
57573
17698
1227
12017
16945
117375
14323
27606
18281
55277
106334
21009
96711
40393
15085
20344
39732
13696
16971
225924
50807
78159
19055
96275
131065
29341
43468
26565
27516
