7862
15550
70750
425
4753
212910
838
62
2693
94945
247
1366
444
401
908
0
867
108
4746
6
410
3855
920134
3612
2709
2225
23881
25
0
5328
643
376
4205
890
4677
7
70900
460933
2522
444710
3870
1713
9708
2548
2223
37772
31976
939
443
1332
0
0
15849
3425
2727
2027
4840
1190
1801
2135
0
0
10
4
1527
0
216939
15660
6092
44957
384
2
0
0
5126
19
0
341
48
3171
14
3
190
293
469
62106
7000
782535
211136
11686
713425
6365
1437
2089
218108
1426346
4667
0
1245347
524
9
407621
799273
155
1362
10578
5873
19157
384
443
29
19
0
10
0
0
2845
103
882488
224596
0
1146
639
377
3693
4945
496
194858
1494
795658
3135
0
490799
1809
14
158
498837
943
665
18
0
0
4242
0
10774
0
1352
72256
1241
1570
709595
23613
933668
5065
3813
3
566
0
898289
139
13
0
587788
58
822987
0
14204
82491
6359
3168
933
10114
245936
1
847626
1139
61
89
266124
1665
771921
807331
565735
386387
528
33357
3293
6
0
402
499273
955
55
447
0
0
0
4
730308
0
0
0
0
0
0
0
0
0
0
30992
210701
15285
273
15548
12533
10522
24
1425635
70
16292
7
729279
2346
325
1102
33695
576092
3293
21
387228
250
32661
457801
116234
9014
387009
16014
211078
348
1820
0
0
26
0
0
70
77
72
0
4782
0
0
0
0
63
989
203275
680775
13380
4815
5772
12721
464101
7
89
9994
216833
563
0
0
887270
0
136
1440608
176435
1468
704720
46843
736985
375
2274
1327
934
797630
0
0
54
24812
1796
4
264657
5689
336
23
66
0
68126
330
1606
797323
445928
0
1500
0
0
35555
41
72253
1282
15729
342
498662
17471
175522
2573
6082
0
0
3168
5
176
11
82251
10
0
126
284144
7901
231355
179793
690844
1038
0
37
682429
185
959
584
2059
5545
71361
7078
1328
59203
39514
6561
1437
112
2151
33822
2714
746004
944
0
1545
209592
7008
730505
6773
3289
794478
0
1492
130
1627
0
4726
65
484
26319
416
6
2896
935
3746
92
525
217356
487376
47
794244
600458
14510
19594
20855
3
448960
12
5
505
99837
0
475536
794826
10
1901
12489
395
0
129
12
0
0
11
32
3587
434138
329
800009
804
32313
75
496471
2
153
0
7521
3508
44262
18
84
204794
0
373
6165
364
32633
33308
7485
0
243212
232473
179111
9793
3
344
829365
1663
314
602
67
778313
170
30151
1092
728660
141
36014
65
3
1647
0
9610
10
0
0
0
1
5272
172
0
0
0
0
2841
68377
7
91
33187
53
1350
102
773925
41153
69189
163
726475
375
202866
471
2
44
0
0
893867
792428
216668
197
588
16814
226033
11
6722
0
386
0
30285
3324
378
0
11
3353
1166
741
24785
498
70
54
302
191266
6954
4004
13
2983
1586
457
689
795522
407759
228308
15
454913
2177
266674
0
2
246793
0
2
7
500331
7
0
14
6069
1615
6
745
6329
2
0
53
779481
354
201975
11122
4170
792862
2926
673
815
3802
4143
70
214725
3866
767
430
30892
25384
0
1739
63557
5323
24152
0
3451
0
397684
1601
260299
797580
494662
0
23223
947
7224
227
13529
118
0
0
205561
4775
650
73
27258
381
7515
72211
91865
520284
22539
0
16848
729
74
166
2470
1346
485
225250
503547
604479
5
0
465953
274
566022
2061
447037
4398
798794
34
538
3
3489
0
399
1381
2082
669
4
6
215204
25
230539
379
28
0
798506
1
2488
77898
444313
469110
4411
20
138
68
1497
47
792161
88
5039
0
222814
30
280261
374610
1628
506414
65
1
345
0
450139
0
381112
0
0
321
441
174957
539
43
84634
5
617
0
24009
83040
11644
767
45989
663
360033
355
3426
47428
171047
7987
11427
4420
14485
924
11843
193424
60503
47189
222707
45
6975
1
0
505766
10935
223526
1629657
4663
10
312
3800
1071
1358
7
511
732243
453385
299
156
0
35618
223029
9918
12
0
1285
2007
1
1
8
340
773036
0
785010
264553
9985
905
631
314368
253097
257589
84
1075729
1382
487
374
93
35565
8787
503812
32087
30597
1301
30
265767
5887
0
0
457
0
3
177917
0
0
3492
496365
547810
0
0
566273
515785
347
5678
1978
21376
437
11091
37955
15265
662
0
1041
445
70
0
0
0
1268
0
9
193
0
30834
10689
153433
18
5944
154
72314
0
4
2
35591
731552
0
0
6385
0
0
0
165
38148
0
0
19
72
974
70
3537
0
41
36173
55
975
0
73903
0
0
0
0
0
0
0
378
5310
13
0
0
3
0
4523
0
105
2
680
2887
6
30404
729039
70748
155
17
0
15419
788245
15023
1106
1629
26
451
15104
506
5519
4203
12562
0
0
15638
499409
6251
3700
29620
41
0
2
24
247308
4
690678
710030
2251
0
210
370
216697
183
13332
0
914
0
498566
7
277926
56
355
452679
0
0
8
2350
11886
0
0
493
403
1103
83452
0
1390
490521
730717
604895
502628
76800
3
298
13
0
28
24437
0
14450
175004
2
7814
953388
86865
55816
358
91
1412
114
6663
36
27850
6115
386720
458315
6441
175454
14920
305527
32369
779286
288600
13840
70460
1158
1156
219699
250752
19754
344
6261
26
15691
13339
294
213689
75413
25
143
1797
0
0
4
796018
1445
926
0
496935
0
0
0
0
14
942
459
497074
505981
0
0
0
0
0
165
7076
221971
3
0
0
70
0
38
1219
41
7
726
72
0
0
0
3222
3
12057
0
3
24916
32822
0
102019
196966
13882
3
402
65
854
0
9671
0
447
0
1
330
5
166
721
27
166
163
931
68
81828
191784
17351
925
14
668387
15187
4942
3813
372945
12814
6355
0
18424
5555
0
0
6712
0
0
4
801907
13095
14524
1070242
156
12178
20
0
876096
2
238
0
311
104
0
1
235860
454322
697
6083
82261
6153
216644
379
780026
8
407
0
4
0
0
323
5889
0
9956
78475
388830
790085
16080
0
0
0
0
200348
0
0
0
1887
1433294
798995
0
923
25
244728
320
0
0
1495
0
0
23267
223541
682449
1719
1311
40460
1354
819
726275
10750
0
0
945
523
26
464968
0
25296
0
11
29242
48
1
36754
0
687
239522
188867
30944
778925
22
62
0
0
0
0
1
1654
704148
46
197
0
5317
30284
0
24896
7318
2215
408719
264962
246799
19
172
739
2
467710
18
209537
30899
3
24633
373638
52
3925
210337
363
619621
171
30
16490
286
4338
164
880
1
27
798506
8
0
0
5212
68101
6
6940
175278
0
6269
486
367334
7100
2698
40425
512254
811546
270
39
453384
3
0
1461
341
991
654620
626
396
1138
3
0
550902
7074
1252
17896
69
1021
202
77306
0
0
6318
0
1
5
58
73903
0
0
0
2
1280
72225
802971
2939
9671
98
498741
0
0
342
0
499465
62
12
466
142826
227689
2542
0
175141
653370
36
1885
393652
1015827
295520
12878
5952
126
1
193
497858
0
7787
0
7113
0
0
726
3168
20352
0
0
8682
20
43
330
7830
66
372044
30
0
21609
1
12485
0
215970
82282
404
0
14077
1101
0
4
377
378
0
0
71
125
0
22530
45
262693
1458
0
18
5309
2603
265221
174
194214
0
751571
16746
4205
0
19
175667
13902
504856
2
1106
590
205
14935
0
0
0
15003
494614
0
962
115914
0
680819
10
0
723
0
174
372326
21272
7730
26
6
66
580
11
1385
1412
1273
206
14678
939
81042
1
7678
2
71
75757
4137
73541
476
114477
1150
16439
13980
17104
27893
722
220
657804
41809
0
279
763
614198
1567
1286
28
1942
13385
703724
2596
175172
715656
447
5220
1724
486
781
29980
31
11
35355
3212
44
1277
1638
1574
794608
506202
852605
6190
613
0
57032
20
0
0
0
0
198
47
1582
41
17756
210391
344
76
631782
1118
21
0
310
713603
33825
178
219705
0
455853
812
5
3289
12
5794
96227
87
723440
243334
164
14273
322
21
2338
692192
79491
17419
67982
63532
1135155
0
184194
527
190677
16443
728611
58
7634
379080
63912
9
4561
177
0
231
7195
12
1612
381878
493880
149
43056
2136
405
128
1231
109
474
719
378
32785
1030
407
101
12
15
12878
5890
8
0
1037
0
1677
37465
348
82
1
3568
2
385
345
229
25
6144
3
669737
3
350
14003
664772
6264
1270
14570
512
1047
429
1025672
205603
566971
0
0
1327587
0
188024
373
3
1568045
4060
56984
5917
17974
846
5465
23711
1421
253
29818
1
1532
797172
472816
519770
18734
0
757034
0
80
14
309
5
0
504
79905
0
1717
0
0
324
99837
432
35030
653265
2
453730
1721
43064
0
0
445281
794255
1572
1891
11932
410
208338
1308
166
6581
505
12606
18013
85
0
1268
2
210791
1013
879
63107
346
13640
3
1349
18594
115
3019
1413319
12266
0
0
1451
1118
0
21256
0
21853
204373
31700
0
11
0
10
310
60
0
7
24506
703370
50
15848
433897
4431
13798
18341
0
5898
39
997010
0
240383
1212
0
0
826
0
458021
0
2061
685033
32524
0
1232
0
495529
125
711459
0
0
0
0
3291
20
155
39
0
8382
0
2
25
81543
4795
10809
274479
3604
2945
1
448974
1619
84206
803516
58323
0
663616
279
136823
58
313
187
0
12281
385
0
206470
322
0
0
0
0
0
1661
21
561777
30744
263182
1599
369
690900
2
1246
467572
13691
36260
124076
33086
15278
7916
421
20777
274582
4
77378
0
404
1225
67849
1463380
789
426007
230849
219963
160
12925
442
1562
419170
16208
178519
919
741
324
9134
2817
41
194216
244181
219
48840
344
0
796703
749436
800082
10269
3
1356
56
306
7823
0
312
32399
379511
589
0
74
223640
1293
831675
80
0
6
0
778321
950
4173
41
165
29766
769920
461
28922
0
1264
334
22
7
728822
0
12638
5295
141
0
1900
34056
1359
12
666
4746
1152
2909
1348
0
635950
1100
1939
989152
681
592117
1749
0
214878
498512
0
786354
737943
0
18700
1368
63
0
1377
7
1
6657
71
1
126
2
312
0
938
32049
394
29398
5370
2127
0
370
675
5807
122
735387
221918
498190
938
0
0
0
378
4631
27835
0
705
1851
0
1
125
0
7
65
335
80178
0
60
0
268131
0
181
0
178
0
62
552745
3105
0
10262
0
0
0
41216
33184
156
10
360
1
0
0
18
1355
2
202
0
1039
251
767413
6248
4
482
23822
18846
35
69764
0
36881
0
0
335
798669
13
719883
0
9009
941
1
1
0
748
652395
6137
162
0
808
3
129
341
444110
0
8762
854
171804
3292
2
3
27903
0
2
1
26291
29
3
0
1183977
521722
449230
214448
938
1455
790034
4
590920
0
216190
208829
0
0
200
0
442589
0
1266
1792
6
1282
16792
12738
856
653313
225796
12322
59
6311
6
2
0
1287
8460
1
10
338
803047
15093
386
0
177
69042
912
451342
3
838
30866
3305
1034
305
4999
805873
226479
62
63
378
0
217717
20
1916
565372
56
0
10275
11
5630
3350
26
0
63
5
0
1329199
39
431
645
310
3
13
796796
2
11516
373
171
327
0
3
1434
73782
11
728549
184852
101691
566177
284
1904
596
1708
371
171670
57048
22791
1492
27
5744
7263
1880
4954
14324
1342
28
559
10241
393
8
7514
10998
838
1445
510647
3750
18260
1332
2792
2159
14
689
250
0
3519
86
2282
1383
1011727
129
407621
190
4
10
228510
784
202175
795663
1522
663
0
12351
39017
455166
451934
372638
450081
3104
862561
265369
916163
3674
1447
0
729029
0
0
240809
6544
707372
527829
32353
4197
0
210379
0
219
4548
1048
673588
19868
10023
72
170615
8
13
8
13896
26
507117
446884
107808
510814
181248
2
8
5757
12088
1
4714
75601
27
919
0
9425
0
3
483
4542
479217
1511
187
99837
6
12489
2
912
32386
496469
6016
59
566
221332
0
798815
0
1649
1653
432
5429
0
68471
34588
297
781
0
1895451
245043
1406
10
15
15
350
1332
227916
455753
2
8591
5717
6331
779727
4449
7182
12503
25582
35039
159
1059005
495559
2934
0
321
0
29187
1586
387287
442329
80495
794140
550
705
223821
1
95494
567
793780
222765
12243
327
893
0
70989
5
38861
7217
5403
194375
35681
487
209495
3846
267
67
1811
0
3
6696
2070
35503
35365
42296
268601
448
124
496365
20972
25779
47001
1040
247
0
43966
6290
36757
67
38325
90
4576
36238
0
0
5323
3
3
1706
484679
427
0
2
0
72
41
205689
1518
213862
14
1013
0
11544
3
1075425
0
21182
12390
62994
1689
411
175253
41
69200
85817
31
14171
1615
795435
3
0
497947
0
222243
0
1221
0
54
11841
347889
14287
900
429
771
3
2953
7566
1947
4456
943
795203
618494
794804
326
464433
12236
1
4
1775
385205
0
0
75402
971
1
223917
1828
0
26
445072
26465
1
179095
0
705658
197
4746
0
8
176727
388972
4724
218
1115
34
5177
12497
362348
62127
7497
653532
60
342
1155
38056
2
1650
72239
986
0
381
11895
93626
798040
18
498226
491
20352
1214
7580
12825
208278
14043
377
3
924
18
10773
591325
2038
656
0
509603
0
711
392558
43
1105
940
7716
111751
13682
506770
1844
1283
2668
702210
2072
25
1588
271541
16210
0
44
5242
1
15939
668330
0
23819
1130
72152
1264075
199394
400006
62133
2063
381606
18920
41
4
1
0
375
0
345
457516
192902
15606
4558
208070
889344
56977
9385
31348
1278666
756618
308
1734
324
380
22659
446235
220634
450
435
2284
77627
19687
797264
1451
75
31700
0
0
34
0
411
22
838
130
7
0
4
2609
2072
2888
84118
457994
0
69
0
948
1153
23
375
2012
132
131
714617
972
4351
9
395
32481
0
0
32069
658
209827
5
4
0
0
13
2
64
6028
689
489898
214878
1490331
182
6329
311
938
36403
0
956567
0
379
0
0
0
23
3629
20
35326
61
18
0
0
0
1
798506
3273
0
19
0
838
159
27661
7
308595
0
129839
0
444382
11
1571
103
2
803925
0
451367
4365
8424
36
0
15905
86
379
271
82912
0
8
1283
33
3296
536
90
1462
10897
72440
1319
3516
190448
199
200536
661
6552
1166157
394580
0
711967
107
5869
10783
16
458699
3
1607
12
70
3214
112495
496639
221216
2312
1652
69052
467028
13
1625
282132
30
0
326
414584
80246
241062
1022901
427
30630
35596
67
42679
309321
517194
354
6024
15605
0
460814
9
206870
0
698305
12752
1605
29
0
0
311236
571
944
190
450216
0
1
309
0
698177
368220
4889
386794
7458
1648
0
0
0
429
425
12230
0
20544
4928
149
230525
5160
1
64874
119
381640
1
194338
895779
455
632
156
17341
31646
0
0
2616
84361
69
551
119
2629
0
5
71
687
711671
0
0
3547
0
0
0
147
101243
1723
784802
36
10612
84055
3397
1568
390078
379336
1553
15384
1923
597409
88020
1574
53591
283181
266044
20977
1227
706988
595
963
684905
373283
3
387
1811
767
704131
863
2904
219
78
698374
57
81969
15001
196270
637784
14429
664297
20305
14263
234
15453
95040
888
3419
25773
25380
140883
292028
28110
27874
33614
14097
145
69308
0
592
92016
318945
3199
8623
591
781588
102
440277
2601
236
50861
31978
25892
288096
485
67653
0
5281
225036
6159
378
71834
0
5729
0
69652
1578
6539
1
400
4
0
0
0
10749
293044
537
0
67765
80146
523993
976719
709283
2941
104049
590654
273327
16278
208128
208393
408828
1037119
587955
11069
21
224723
169
794359
219958
2143
0
450
571
2
0
11
460933
575
12563
2572
671
2955
5081
7
1332
98
1753
277897
32514
177470
33
577
32528
14148
1443
59
731958
204715
250
539122
729762
213322
1426
785
683
86
32
335
0
39450
34221
9134
342
0
0
1
1
7059
43690
15
221596
846
225343
8
18858
227114
8666
385
244614
0
3
1
72052
3
0
32394
15619
17742
0
18
7623
335
2009
889
0
1
1
16585
69046
780407
317
707729
660
55753
126
4
805598
0
1458
10029
772655
141
6703
401
1
288
0
30
19381
766250
1205
438
17508
243278
3384
329
9964
484
177763
25017
17
196
1
0
10770
197720
571
275807
310
2426
329901
287878
798660
769961
13114
635656
484
682
0
83671
0
0
3
967
1154815
126
153
275
0
599593
1156
3995
0
448415
741928
700241
799
211
9698
798712
1392
61598
820
70339
446
68095
222808
1840
390
167
598250
496045
73558
13
208216
3
1
16248
32064
778465
89
238115
376
32
810
208445
5376
3471
403321
2177
4121
111927
177099
794211
243907
164
82736
589082
5233
0
11088
29740
7
0
0
770097
0
220221
1336
4090
179
0
128
97658
178
1525
3
792834
0
886
397939
0
195
0
136
441
1965
952
0
22
497858
0
7
3492
450
11
1202335
13936
9434
1028
2
546778
0
6
463831
68463
0
0
5304
0
5
215130
800825
482
82666
537
10014
1285534
16264
2299
12400
28698
28
1587
40008
696
898
5
2749
1228
983
377
2558
4363
18657
753
4779
391
273
4869
10671
910
11
952
39203
378
505
1829
631
1028
46942
0
2414
1349
0
232835
44378
399
35
1
44091
8003
618669
177459
9
721
826
0
105
734
1203
420
490057
495020
4235
1130
335
30540
1664
205446
385863
1690
13261
36
797718
1526
497838
59
0
0
0
0
23020
731952
192148
498518
26041
178175
686
26
0
224
0
26786
462735
779
871548
1440439
10926
2774
24856
257335
374
110414
206
41
4860
18858
0
82426
263312
867282
0
2245
627
153
134
128
297
71925
50
25305
96
7757
1163
15
510
1630
0
1
330
1
1
11199
194614
67164
3430
0
1753
29747
764279
0
9178
16
0
0
0
0
663
0
6378
17
8
0
312
0
0
0
0
1
0
938
0
0
1
39133
73
99
983
35590
2812
20582
23221
3466
0
26327
0
9535
864
216978
5
1023
0
19
2078
221802
28
38
3931
0
25
495146
20
673
441
29
18901
13382
33740
181687
13498
8663
0
186
0
733775
300
728
1286
0
245183
443
258444
25
499234
16
0
177796
0
555087
1487
21
0
0
0
73702
72119
134
0
0
0
0
958
0
0
378
0
4625
0
32393
6
0
111
15590
29645
2
16754
901
64
1
662
0
44
0
491174
1102
18
1906
378
0
5712
709
0
381
5657
343
77372
1
19
0
14
498697
0
0
3
0
7
3
1
0
65
943
329
42
6
77834
123
8666
14681
0
0
0
69046
0
485
60
780028
0
317
2
0
200547
717965
68212
26
792
6
1272
1603
20403
1467
13492
20579
62
127
0
30338
655776
746
72566
3952
77617
0
0
798507
0
0
0
217
0
2779
13
558684
3098
10015
21
0
787954
120
0
0
228052
561286
236550
162
7419
6625
0
7682
7
0
401
1099
376
1
1253
0
216154
5
289
3
257
0
33391
0
254
34
1041
14419
294
291
33190
10087
357
592797
703684
177189
855
4055
11
484365
29
0
0
12971
11719
0
0
5785
242852
266
14134
3
18907
5
1354
90
493833
0
1295
4610
10079
5989
25
349
70
70
3942
172
205952
13109
60
2182
597
253
23979
474
15
79889
0
688358
126
0
346
6168
24
5
1
194
353
0
247409
0
38
10820
4
23772
218486
0
656157
32740
710563
0
45
7
265813
449044
95868
99399
310
0
0
342
847925
0
559008
4333
297151
5816
28350
161
252928
789
250434
161
798625
0
520
35
782882
0
594
798525
529
12611
0
26
2450
256645
598505
498509
0
480
2
2
31212
387
1233
499078
0
7
947
0
77399
199900
549335
379
7
405
5
285
4
355
0
0
3
374
452243
808
452501
174553
16
26291
1160868
0
0
0
338
2
273
0
1754
3
68707
684
434
0
12141
393
0
0
345
377
512606
0
75149
11966
98
334
1120
438
8900
13
436375
3100
0
0
0
1103
0
24200
513
512324
729079
13577
43
39
692752
170312
8890
799947
15743
1331
3289
479209
19
32386
211
698313
5436
3
242318
21
27673
505392
2454
796900
3
60
574
77576
323
59459
105
1719
3
1003
1
162
35328
61327
10
3
606
63
1
11558
11
25
68090
3
3289
222252
21086
470
5738
795717
990
386957
76373
224065
443957
7650
175827
1129
6516
449224
2
1395
811705
0
219749
587
575662
509585
374124
610323
2104
43307
16
25154
788445
63296
724
375
182
262927
512539
53
2405
77093
54
0
37
1
1218
948
579
215511
5
32061
208599
2
75
785333
51999
0
97
35415
1
0
26010
259141
3
1392
0
6010
8
465
1512
39
385879
441840
445480
35
12917
735
333
224012
1373
38583
954
2885
5085
174393
193
13269
13275
1645
416
253636
68948
387050
16872
31583
248
2622
13369
3490
780685
38
3265
33455
280990
63241
678670
1631
405
731274
779748
27697
75870
332354
2827
4833
19788
1002666
203
894
321
0
1488
0
302513
6275
0
860897
178531
31
15022
450
17127
7165
43
18158
0
345
741308
83
5917
342
7055
25
44612
435
3
15663
1908
890
0
13341
0
6222
287
497
3
178249
16965
197691
740
1583829
1
15236
263
75579
1823
0
27814
222177
1206
687
0
0
3951
166
20388
83210
0
156
348
68873
0
0
65
498810
127
3
0
519665
3
71796
795992
28716
898
957
1617
13
617
602
32158
0
0
3431
0
2
3
460
225
1292662
0
305
0
0
5566
514
1575
3615
1205094
2293
0
32913
1809
330
194755
29993
59
195
17
0
0
0
1015
0
380
701
129
459
493839
441
6133
64
300
1448
1030
732454
20
0
955
0
0
1916
0
2
490425
0
1101
75588
497822
3
0
984
20
0
1
0
10321
133
11
0
3839
0
0
7259
0
0
227592
0
0
0
174931
13
458
23965
701951
483878
0
0
13966
0
0
25
70
12885
3
837
194
195
0
38
172
0
562311
342
1371998
1220
0
2
39
39
0
0
23654
6
465417
645
4
0
2
0
317
68645
1
719
0
0
12
0
1
0
798513
5301
0
19
3176
21
4
50
52
11753
3
3
3682
217334
8125
402
800790
1559
1
172
810
0
0
3
52279
35395
20383
0
7
42
48154
699
9985
45
0
1439
2522
567728
125416
772784
39
1531
199619
14775
18204
729094
13902
2792
6214
178404
12413
573
31347
414
101658
156
497963
68325
2829
1024
60
127
2547
0
5387
36843
408
0
10
696
2992
9424
3
2
1720
895
21
18
519
436
171580
7943
32
3413
196
170
58925
0
23216
865
119
717
0
1733
27
287
2029
1526
1
482
15549
21
7164
2723
19340
349
2793
3871
9
744
2158
15
171
8551
1015
813
173
1287
14665
411
129
654
900
765
