4281805
9756224
8807523
7643702
13722577
10066407
7723772
3950470
8129410
8201829
9680703
9693303
2386998
9858917
7962936
1704494
9250444
10078876
10999839
6302850
5523082
9367620
10574741
8918838
7192023
9944655
9363014
8866991
6128407
5552165
6337027
7653215
9800188
9678108
10404213
6683664
9216147
9745247
6375701
6139052
9530293
5547764
10435618
13278763
5288306
10712829
12246364
9786549
6639720
6058638
5495585
1341843
8174565
5438664
10701359
6663325
11729829
7801992
9336697
6199426
5760824
4860218
8521253
2770397
