1455621
380197
2545529
1174023
1203952
3821820
2891400
1187293
1211933
2461297
1828080
1862561
996942
3728205
1269820
236304
1947213
5770612
2531785
1000900
2023703
3165521
1375317
2276926
2680525
1065216
416746
3007736
236844
2100482
571977
323328
1380258
1367404
2339749
2385938
1902906
3644266
2626706
1180623
1330035
1574917
2106214
3111497
1121223
3028563
265420
2788874
410565
1114742
272782
245885
2900970
1936486
2851849
287474
1771156
2101592
3667091
1969910
36535
95292
597391
848976
2876587
4767169
351992
1886815
2912216
2820094
2137167
1214365
1326488
4781306
2909203
2297462
192721
2018070
3372382
676419
2384960
1113827
3291420
219769
885142
1738532
5043867
2931504
872264
4167655
4199982
1064343
49968
1041925
1926691
5552568
2621244
287510
3528951
263958
2763964
1903193
3784265
1511200
4632709
104306
2607840
3759578
424419
3061288
3511532
1622440
663591
1395112
1276891
11345
1115471
1347484
2105699
1165024
870653
2679143
1850090
183593
2506753
1300652
2723198
448222
973427
1837707
4033319
2174907
3756082
1181204
1058484
593516
4428504
2007029
3263141
1052773
378523
1900612
3954172
433048
4438316
1213676
1858468
2837974
2653665
1984123
3664870
1746097
3026236
1203939
2651922
724769
2158730
1632321
2744198
818456
2254966
1070510
3151674
3605093
2184060
1200376
184573
3543313
2926595
4194489
2554994
1693861
1089697
968222
6469626
2611935
1216818
2146980
274870
238622
3118632
1828172
3745466
1618743
5129490
1956495
2431167
1029160
1005467
2606342
3683288
945821
247968
1128130
433447
995634
3378934
1100303
1081595
237600
506622
105002
122605
1991789
475912
329996
913514
232500
1114010
986628
3632877
2201063
1447708
3711446
220793
1618066
353162
3526082
3846863
3823104
901430
958968
340730
905057
2763281
3863969
1731619
411477
3497945
3301178
1011518
1118676
1193053
1238890
4101316
2575019
1242312
3253576
300147
1217935
514508
1173323
901566
1456131
799728
1885954
2846549
34965
999506
2192305
1160084
2831474
496916
1565050
179821
131620
