82856
410326
806026
139965
854194
686220
735642
577086
577262
299325
875635
870676
652796
196575
385452
101845
100143
870254
325921
570222
315953
282785
734131
735452
446733
533547
1307936
448516
7453
339213
868836
477806
340736
719883
761890
746731
550627
476093
680285
1009107
670181
775990
712948
455198
597014
430759
447842
834401
901778
796817
291186
153198
401352
448438
238635
193163
428835
613255
982535
42763
381813
20714
356767
214891
77333
175446
668646
212339
481837
150089
605800
472151
593355
515476
521206
433374
111131
35314
585902
282541
338319
333384
418320
75028
244595
69705
242341
256892
225355
795715
559631
220550
1148292
2888
818525
451029
448690
599993
480754
390944
456281
382286
469066
373401
861123
1352046
1045413
300855
493024
79427
588883
37165
778551
689229
349889
430926
441246
511008
71848
114348
782923
104430
1300681
103372
475806
561498
550217
281990
976453
1043621
448636
262350
296930
492518
744769
563350
620681
956793
950730
754747
982182
790886
983513
293891
677839
137218
830282
334304
333055
308246
621212
627887
839279
327550
1091062
465809
885409
737415
431830
733108
1186219
616240
843893
1037048
502212
480107
1451481
751478
1503592
282429
676893
901174
811228
363446
764770
535556
1196102
20395
498490
246510
25917
301551
426503
127691
1106953
279559
426169
109699
279554
220886
469738
595981
309459
1230101
707078
727520
237067
741513
643308
85565
455128
952039
274492
255491
397870
261703
118854
313654
22744
372888
495266
36774
274279
153811
207812
805947
411690
29900
607932
68463
225394
63036
178411
210580
765277
166163
1203559
863951
479394
574781
127632
655957
656920
780909
938874
822100
67205
9391
152951
162653
102130
203420
784736
263600
60480
184497
385066
245610
690262
843662
493010
142731
219486
76487
795184
296172
