62392
171252
35115
55351
6562
634563
83131
255010
670366
552308
153561
143398
9446
8603
85423
521
37737
787705
651095
26943
48435
11659
1300284
721301
762185
1254467
795531
2972
31871
266165
685906
631293
130684
1344385
5061
60425
13467
471568
21100
121529
91502
813254
17796
999453
108766
993199
12614
4379
58141
1463790
696483
737282
24667
8297
370
564835
14842
126333
567464
85063
73900
1942
359
21273
32358
12507
6383
63139
160453
3837
1385984
691828
649024
353
105483
22622
1778
93175
843470
80463
798145
5197
70396
1560
3321
4592
36964
8978
10406
725368
1426355
40890
1324953
2645
678208
94884
120874
80582
632921
846476
5166
327758
124462
799802
427638
910364
1495721
1291011
45757
43138
659396
625205
18582
11125
5451
21655
472
730236
2142
172572
759632
32232
1326974
9384
641695
624917
7520
22627
15408
79845
85495
153351
811694
5025
1254706
1290299
84070
8930
440388
800483
8116
68835
652173
96321
387596
30365
734619
678
123421
137540
735539
440675
633274
3667
702983
39358
1420469
36027
86597
730039
225414
47959
633842
966003
1299412
84160
188742
84085
631902
12568
582173
275467
733127
297962
19763
84173
820867
15251
793260
397
32631
44841
866558
53906
992140
863
165677
87
17392
251
748701
787126
18703
1325369
640062
652057
677360
793730
28331
8209
629812
103256
98560
737499
625828
298
3936
734514
156
18828
166239
8629
137496
13099
628408
842615
68856
53166
637971
185041
31925
4357
131190
483879
1013967
91968
63393
112553
861890
125138
715733
189356
722762
45560
608107
647819
19954
30239
80323
71138
95136
933
919303
1839
94
1577
359
229
651504
9613
185784
5631
120452
1374
6714
21986
4665
73754
115830
33031
8447
95768
956184
5921
6122
49869
714806
846264
622708
4078
604638
9
12470
693735
1428
250560
85033
381
10287
86398
16218
949
879281
690208
6045
3246
686751
651356
42667
1272115
51753
123479
798363
126349
21027
8091
771752
92137
28865
802
624795
4721
133726
19071
13379
21209
47927
146
7584
2232
19324
80244
19128
885342
659665
19967
645562
214
77040
1891
185913
75035
770151
11
764270
81221
20127
5399
688812
120442
2592
194
623
2358
35633
1698
14476
159728
81199
5262
86777
79421
4184
3917
1874
68214
104474
669
114434
16787
33320
48350
6116
699533
6805
24835
1736114
289
1047875
73434
1331382
190749
68180
1680
7201
4625
7630
40065
707367
1347626
80637
723606
16499
629
20220
624353
1090134
31644
821478
42585
89791
106974
14249
50488
627393
779919
20275
69846
4859
728237
192009
11600
1465
664485
708739
19910
1737
159728
708680
4729
499995
161811
7268
1299153
50159
2539
939824
7773
1348
642869
28950
519487
166813
1790
721665
1294
102328
696687
995962
919882
104052
829257
1479252
720332
1317584
65129
159452
810023
28868
637699
25138
622052
265834
539
686216
81838
2647
2802
27106
94460
328802
693260
685504
26338
623244
449
42085
2415
3037
69563
4628
1369855
73850
648175
717940
13396
4523
158536
7278
719301
783255
19897
144053
3375
461
50363
800502
325
456
23155
38646
1325169
270
28123
3465
257
71624
8993
780673
39569
154404
1016434
1524662
156104
3350
73947
7203
33321
610948
1582116
718368
95325
45710
624066
2200
149294
81766
657663
68015
627608
910
541097
878516
3495
23549
753628
12792
3625
21250
60031
51235
112009
97288
702669
1264805
13949
686451
685561
939626
661513
219896
18841
427812
28196
306058
532462
869
95401
64289
743344
18402
77664
33208
20600
93844
647332
879603
4993
1749224
666272
19052
642910
741474
266
84455
748668
399064
1502
349761
48916
664657
1269448
883501
679537
735960
58659
762195
165
325548
800127
1939557
6364
36066
1734
142542
1537237
880051
10495
1246400
829480
773444
25080
177525
126
43940
54377
7961
983848
841009
497065
15148
58099
183657
12144
74235
767637
52797
659666
76744
13849
697391
642613
39949
707453
54363
16405
168950
12651
129866
88518
720905
988809
29875
4762
721553
17845
465273
75635
1163471
152705
25821
3244
223110
623094
5654
17900
666911
1391489
105947
20135
805445
80607
1073255
3056
714414
88253
799883
107408
834469
658601
1768
100313
44454
2943
853355
624780
703094
13119
757932
131615
799278
705303
194674
710097
72913
53582
764146
104361
12373
1620656
693859
6819
1958696
822236
1111640
76343
647135
2729
770937
124261
637464
203850
20430
104297
712337
221466
1447606
650909
93743
840110
17175
708569
1371577
118958
706969
808042
140253
24006
477556
28247
255409
111850
487579
583043
109282
5073
1430400
135332
1437019
28710
77364
4312
59553
705135
1201
284795
1421554
75490
53586
40452
6989
742704
57340
720513
299029
1534316
754141
80008
1368
29492
3109
11923
77545
704332
704742
90868
4035
74157
14521
69728
56990
629542
33033
1122
671923
76970
5204
18902
870751
1906
22961
276
19099
676
189598
229874
648802
6065
1173986
917245
44691
652767
45558
32814
626761
89212
184068
45256
79634
1101
69181
130
5012
13653
631963
129265
623261
135
46160
76339
15551
503
794499
115818
68395
16380
817585
613904
167225
37186
110421
4341
803209
666441
842491
700723
645932
12759
633628
104956
2018860
59228
111477
1790
1456
20857
107207
663834
709507
21553
799187
646822
23843
1965
714224
15551
1466
387
18306
14042
78304
1258
78923
640068
1754
797535
673260
874884
129850
76190
728058
81583
140555
873
692775
730327
626186
16872
788701
626167
19957
74425
50626
1100
8135
53600
29923
74533
123719
59
732108
73117
2340
336
699
677012
19753
39051
1032
639550
92352
71193
733842
104657
3530
23
7721
113
179665
236
609965
17212
1948
77933
4600
112218
4661
1085546
32586
13472
702540
624455
815085
43353
212624
4551
729100
719
8678
54431
20686
433
300646
642922
686774
4112
180908
142
584
27
8254
9803
3891
100253
219
1406
8002
7907
966228
51603
6428
148773
969
688065
14505
40834
644650
1411646
403512
6861
16914
8892
1096225
840
1138781
44289
520012
1066287
15856
1525215
409135
98602
805748
76066
50759
6579
9692
56881
55210
733348
3232
2039
5241
759397
29701
717774
700174
166565
722581
133174
6165
1281392
5446
31178
891811
827651
813521
485441
210633
13119
677370
117562
116719
686930
154309
2502
25735
76036
626921
22837
1915
11955
15960
7250
40858
86870
136370
2621
79143
6570
4265
85216
1238
92229
41137
707182
10303
1509
86712
1382628
212973
17016
645233
51826
6239
125560
623303
669
3600
1311
47
83567
468873
1923
7146
1070
976812
372
661
3523
76364
612
655655
15119
15789
869926
31673
4175
1806
1359267
185390
39491
18069
810788
117329
8467
2262
8196
1079
88716
83833
74274
4706
15810
65272
1175
866466
633268
61713
12409
38534
9400
698790
46119
