3459218
6224212
6209872
4069121
6360693
5051061
4809505
3525293
5749358
4865511
5710059
5241191
2004540
4632576
6224909
1546008
6337633
3431356
5304733
5109024
2872502
4899595
4336354
5814342
3989885
4799224
5223554
5515877
4019957
4086727
4207276
5400874
5929211
5416642
6857640
3906841
5724509
4689443
4073357
5262142
6638505
3766846
6866894
7337264
2690739
7057150
7474949
5116133
3485195
4726211
3239765
1363621
5280585
3341388
6379526
3153434
5781761
6376391
6861197
4305671
4133767
2435170
5466148
952806
