4070950
7945725
8702709
5163502
8604218
7547362
6059991
4321486
6578213
6392260
7167122
7481535
2318126
5610077
7497776
1951622
7303426
6588058
6538848
5783387
4201213
6989852
7685542
7067296
5464554
6499437
8000890
7789089
4334354
4672155
5265154
6770199
8828052
5960968
8393043
5106199
6557692
7208809
5368545
6373388
9072873
5209046
10756286
10112326
5433042
9602548
9873248
6052784
4923650
6063782
4016648
1345468
6878404
4256747
8670015
3339058
7206884
7456478
9314571
5640642
4368263
3286691
7025378
1768424
