6913285
9917973
10565759
7385775
6135710
7216777
12158588
6943951
9800621
12204696
12201147
7721850
6678502
4379588
7378886
5140160
5392330
6831613
10214290
3428557
6180198
5103622
7917258
8836165
7263718
7671469
16124408
7765758
6104030
6216964
11534396
5705384
12425560
8556803
13425727
9537854
9348957
10181726
13808986
9143945
15084182
15379327
17817028
12243086
9757767
4661199
11974199
6241790
10084138
7191444
6981322
3240014
4240218
5585071
4991915
4689281
11855551
7300631
14471238
4972290
5031230
4274563
7756494
5491161
