1195437
3146429
4655438
1499726
1935918
2182927
2727280
3895654
2935806
5918512
3735810
2825124
2342240
1194543
2427909
2998417
1744004
1188841
1524367
594660
1436731
1557403
1831895
2192767
1587190
3331397
4606836
1805945
1115945
2078867
2860993
1376296
3742523
841401
2958688
2554102
5161029
2976514
4727671
1676889
3487604
3983878
3005706
2521489
2022723
2133544
4226591
870595
647663
2426553
628346
1132541
389768
1186530
725471
1014821
1758720
1991407
2189521
2184638
2258564
1529670
2482491
571736
1609629
2426573
2848967
1279508
1069746
1382056
1763504
1223662
1931775
4491309
2582935
2066471
233283
574851
1773399
1223620
317026
1640894
2686479
750046
347735
1183064
1793590
1938071
582004
4647156
2563828
1507799
1670826
445085
3117465
2736720
3491887
751286
1038863
1351961
4227718
2253597
3839871
729223
2700140
2498315
3675173
4035980
3604126
628220
3776031
1599798
2178813
1744379
1309073
180550
1602867
792701
960160
1303260
3674862
1172646
3775748
1643762
1525485
1628812
1992868
1594447
4698384
2566174
5503895
4207728
1612957
789470
3580350
1175606
2215544
2715009
4551990
2696155
1968384
905835
3465742
1503830
4408301
2277950
5594627
1801869
1912965
1796209
3632034
2067963
3461567
2626562
3514906
4590758
2301166
1692511
1747295
1073752
6177735
1405585
5690123
2155748
2402936
2099341
4188220
3138416
5895308
3331954
5194879
2867557
3114387
1750630
4297416
3107352
4257743
2107091
4303901
327611
1398136
1447595
1383257
1870993
3986105
3244116
5380351
2441887
2365227
716518
2804491
1503536
3011923
2617276
2414815
1996656
450929
2676662
3277670
1148593
3024122
1443112
2148400
1646249
287077
640959
476359
1142840
1707548
347556
1258641
677084
1712717
739137
2037309
813032
1015543
453438
2237847
1730468
321119
451771
2550303
1563628
3563456
4177301
2513773
1795847
2343419
2106610
1465380
1280341
3386675
2028176
5442042
2867580
2271615
1618036
2770294
1829835
2993275
1303066
2038015
902421
615261
1889036
2386093
709932
2668296
805663
2395262
2232142
1105156
1736610
823471
901985
