4532046
7724137
9313582
4807095
7631125
6972973
6502916
4380259
7828093
6014910
5353832
8006282
1926994
5679803
6805790
2041125
8500631
5181582
5816719
5448628
3008401
4460639
5981286
8449955
6097310
6212568
9376599
7561819
4322197
6930793
3802410
7108323
9189886
6737911
9017427
5044949
7153387
5933194
6522084
6179941
9589426
5251928
7449233
6315370
2797795
9130944
9748367
5002819
3213244
5904555
3107483
1195954
7213790
4598858
10327270
3192621
6539575
8365379
6488430
4928129
4412637
3687161
6016066
1071776
