3776850
5715003
5074399
4500718
7993462
6334388
4661323
2359192
4814363
4390855
5568256
5867270
1345780
5451376
6625600
2713155
6680341
3942889
6131032
6032274
3818369
5777705
4069054
5493859
4748533
5518941
5231603
5114030
3984129
3626936
4588158
4951912
5237498
7415353
6814152
4307862
5202831
4605106
4883843
4787437
6098513
4222390
7202983
6842540
1996460
7379875
6540261
5903285
2617274
4322177
2664652
1340942
5828229
2507663
7076988
4541579
8155551
5412865
6409847
4048569
3655886
3545085
6337328
2569648
