1083385
890056
1388851
825168
24854
2481806
1914744
2697173
985546
577968
850284
3496616
150245
2116413
1809191
455
1322526
1910240
1405082
999977
588692
842659
892269
1588525
2175042
933735
102891
1710712
29877
3112316
807157
1032537
1590465
1339029
2079758
1119322
376880
161318
1825331
1453002
885108
431214
1535396
1883682
1724348
3123453
1256221
996760
599710
824769
283259
22751
1804319
1729183
1041239
288126
1166316
309900
2704404
1383390
96549
131616
1465556
219528
1250590
2992719
736175
820218
943102
157562
1048981
470341
1832659
1484703
1569639
333600
609222
1797005
2202178
353082
1002144
237608
2320242
764770
501504
647460
989196
1815032
39598
1033088
2273560
67722
860876
51726
264265
3920878
2012072
948312
2440862
20876
2100483
412232
1548955
537380
2228411
506769
1477314
949948
487161
2127814
2256689
116406
538571
2320127
1010705
159523
266991
907750
1517032
1945851
535418
1986589
290757
521600
2583917
1163493
1903238
725647
1027585
2324345
2653278
1191368
1924268
467194
1314136
1219005
2789901
1478967
1517466
1814199
947596
459575
1258901
1240967
2653058
421693
2972
1329718
1312038
863625
1070594
835235
2779728
1303669
793048
469635
2644677
801285
1275483
391876
2640260
637597
1783169
2095293
466973
1120020
1013005
1717269
2679459
1828140
1303986
835259
121097
299253
3327502
1092601
1053420
355735
1266207
5995
2200027
1263605
2950201
723006
2519822
2655343
1375130
803616
1051942
456913
2223117
625733
830533
120735
1141650
1255311
2754588
810968
649323
603304
526999
280831
800975
1476733
26397
509670
299827
322187
828351
62227
1500144
1872559
1929261
1605440
478118
863317
435932
1344503
2009144
2751423
502640
681524
991406
1035256
1235237
2003004
1304435
681384
1469871
2397843
966824
1414562
1381471
1555637
2334087
1175729
361900
1598875
524173
2156896
1165820
1324532
534770
970156
1053
983933
1056085
258899
1011303
1303888
2084422
1937497
263605
551948
753202
80038
