195704
211430
354598
42239
53315
784518
33555
121648
308436
512760
279847
329155
16274
419641
306302
5312
481048
326191
30178
44345
74133
1023513
923791
1474253
844344
909964
48342
20929
9798
1340612
127730
254733
1028922
147903
160896
31993
81179
763935
153288
461503
277275
160835
238753
1720583
249317
2571524
295582
210965
56146
711163
6089
2825
437069
380377
1362668
466823
134693
338403
928005
427732
14742
150144
44036
24756
756203
175811
465346
840322
1458328
1613800
719832
34984
540938
12933
854890
23789
109818
631439
334365
54461
122484
490507
540545
452746
40938
308889
333675
764498
96435
946616
678007
280567
325995
400634
603254
1228716
151930
324630
1259871
9262
74813
113056
820550
127279
129161
108859
83924
492046
203110
934162
672497
722665
22352
67052
47678
8796
206377
366518
911214
933806
20494
871158
409341
77295
57888
36805
105593
325556
69498
968661
456610
496223
395569
157389
65360
566561
1019011
176720
388989
386860
499366
209910
877932
34109
236416
309471
129032
418961
331281
168909
1009835
65564
505891
855699
201215
19318
458309
956696
329063
422321
803449
116109
385046
44639
38638
62738
96905
332981
415666
785311
304939
325285
613420
304157
2478832
75230
829595
218103
458910
15458
506516
1152373
1386384
509643
325055
379139
470776
8106
94108
428378
731025
254667
532061
82447
20184
10903
271731
99285
714375
70597
87081
224890
169031
47674
40849
16790
10232
5031
23963
356542
736656
1184613
290318
387384
29106
529439
20680
1159240
225297
337663
49999
435865
47153
181206
658266
1038219
102248
150901
60340
843158
64082
234188
330629
1316439
519715
698597
33850
302046
36080
883449
116819
24773
78443
23350
160297
8711
166020
55437
45390
145064
671075
208771
80580
9485
179355
29415
401980
310439
608035
406143
58315
939186
874203
873313
125344
242475
603375
523491
46808
131045
861651
4737
172987
2017743
156619
41442
821560
295688
738845
352706
267045
107628
469326
971097
6431
371287
17014
203868
649690
24541
898899
251348
803992
156784
312913
808451
59907
124617
245701
1107401
27775
125002
100625
458358
227723
171049
42086
38583
910395
560655
32930
55823
931837
712973
1603024
91741
141222
118064
101187
88836
137578
124633
181650
140337
69941
14964
595099
189737
465505
787139
469438
112205
75728
156252
795456
64549
198003
58227
56491
150095
85888
116469
95138
709745
356200
763264
727647
814309
395384
99957
51768
1688905
437963
9328
17770
128382
788432
859509
620316
49141
1067655
64629
934797
903167
382377
775327
225930
92925
194756
440739
287346
174580
84471
311659
128161
160231
45763
198152
584737
54289
2210584
929444
1220919
407748
195663
59192
1487715
278483
30115
180170
298661
421222
339942
825875
438734
479541
124487
85632
74443
110883
1611835
10859
270290
113416
17942
757249
162721
311604
1375485
6745
516294
55702
844428
146086
117343
70507
786379
87405
923647
949620
64126
161528
43803
151686
814658
647413
565723
184677
437267
169606
1637452
104457
781017
114248
462058
147174
2327829
40133
325572
70670
830147
652804
234828
807575
60220
852317
21140
94849
37037
152042
406174
385799
1598306
36558
55120
274179
402736
97238
282580
831754
8440
140551
35398
45724
138544
282330
434176
236323
366107
10090
29446
389614
533330
305285
138397
1012537
522015
36704
334654
323760
82524
150709
190980
30170
1551563
760462
425824
7933
595054
117212
772037
98532
41591
527296
89165
45293
355423
1256926
421884
753838
76795
47768
959363
87748
907743
74077
109780
1085704
129579
185647
294643
170764
60048
139037
259738
287079
90134
1127094
30309
689984
865773
610953
1140299
1540202
682421
987548
411146
198871
452320
62802
783759
853314
63954
108270
202671
314586
348039
111815
148676
797334
52049
422109
1163476
43490
289168
995267
394833
1180577
170875
273449
1012572
499710
903941
66269
561104
533937
448614
464440
563400
339149
345988
179864
470004
24210
946852
12651
232076
138467
625223
111449
267558
559205
64013
102852
880197
25808
418561
2335527
312887
33995
61583
131407
280918
361019
336341
110666
192176
114004
115942
22153
1118282
162928
224164
224547
874813
167139
81876
446175
751518
571066
134440
589540
1171526
349245
310535
33567
155160
1125195
1292328
84171
779891
236925
855205
16710
59575
188183
350171
190048
157353
562813
94180
95265
88172
142799
396294
1449504
962954
19955
132798
31589
937675
42244
67775
1142058
543531
520501
426110
168338
166917
50206
94497
873704
1054406
739091
276885
66816
533190
236548
604807
846406
1049066
927568
89252
894399
553004
701154
105626
331024
199950
18881
92481
440339
184566
814328
243941
247695
159986
155290
658247
16941
1338307
275424
937679
749051
1089377
578056
503873
654474
287035
1286231
1279484
397201
709854
748940
304038
298803
556249
1172891
368554
380744
678493
48548
187570
46262
207176
530812
2008132
1116458
2181539
180850
851578
208568
737888
101816
29631
978201
122039
990052
1306131
98893
42497
54701
201172
567370
584885
465544
61499
109024
42193
7523
918043
765782
856660
516463
57318
808845
393152
142453
139041
223422
967704
2042953
98321
139559
551159
450220
1605298
680893
853573
409009
446873
493234
214949
1048215
685677
141345
1717093
686426
58286
511458
137630
333203
811327
127279
71212
58170
217769
784665
404374
168739
47155
929733
1170316
617652
158352
37748
266735
53078
146639
330811
207914
13050
683162
659367
88879
48898
70481
94809
385511
938713
31512
1110779
250352
25412
1134619
1421224
462695
191552
650472
25570
143931
444287
287436
10648
149462
744073
77710
284466
71232
25560
24596
17255
516838
158865
39322
389372
103700
398367
109284
180023
788324
112760
797579
397138
223998
498728
15878
94521
10885
7629
9135
282982
116690
53669
260524
40283
68652
176431
23609
20023
45582
159977
415109
109500
538163
33616
800009
451516
219822
13819
482386
1173429
22545
462517
178393
750416
1096296
168787
40200
100002
363126
322902
254855
136990
1482488
191822
10452
21437
397210
41453
66798
152197
74050
806911
144458
512151
26404
21594
288548
263149
455062
816578
1202167
68414
1039153
392929
842543
963130
1538869
71200
370692
8639
314234
26914
668418
90394
12729
81062
320773
536296
48934
51663
198870
37502
684938
62570
386563
36888
1169523
767831
1450599
285675
511393
462531
896709
110366
191377
22302
307527
141654
60554
227761
1148102
183822
154654
868489
1051704
486562
900027
435434
268882
10641
384595
190767
869673
25227
490625
44058
237603
162114
1032033
667856
49134
653596
380158
520105
847548
904279
1560438
1075930
127213
199568
834045
548536
153377
790691
224926
9340
37746
163292
1457024
128855
387455
62684
347877
44656
62482
87247
1275379
65486
100796
271962
942446
34387
35013
1034852
381932
59764
27152
43765
156192
573698
18473
196436
458395
191088
15888
82408
114933
258304
113528
861196
18402
45136
12622
136814
1373164
25133
54920
240582
25189
29562
19187
840576
74174
148896
295585
778230
150866
139957
489831
28485
1383726
226661
1046422
446931
580998
228956
67403
103699
229572
29013
17560
196063
18996
46391
91891
216703
180249
392241
63613
46464
140992
86337
