386152
1109891
2077045
213507
1619033
875347
2768441
946741
1370270
1066178
2210385
1451430
1798640
779118
1341896
316878
692831
2211725
389676
1510015
1022410
472192
1218509
1113181
1535872
1744929
3299747
766238
241509
1100367
1873172
643453
722689
1813160
2084946
1207662
1269294
1675299
1350948
1792150
1585685
2234197
1389542
1001931
1326498
940061
1228037
1992420
1137810
1627548
622550
519795
587276
1316654
946362
714491
1904293
1831552
1863911
270307
1095343
349487
1075004
658461
590438
761194
2038830
1005541
1537440
447710
1287141
1030445
1097101
1452028
1125472
891666
572071
249700
1674099
789229
1058588
1040818
847697
326236
799757
311308
623029
788311
777782
1500721
1058217
175746
2046060
413574
2378206
924129
1636235
936425
1099494
890223
1579394
488120
1219932
1150256
1587322
3601889
2626209
758513
903873
286924
1612145
212894
1340396
1329679
1053219
419073
1298853
1017618
286743
489652
2492613
980926
2957369
426681
857322
1215320
940620
727291
1917409
1991046
1247419
1321512
1029041
896436
2161695
1673482
2222046
1505526
2071801
2239212
1362661
2091106
2491963
1387991
2149971
402840
1996982
1326187
983797
1528287
1177706
1974589
1269960
674048
2653934
1931692
1558996
1463646
1503342
1513560
2595370
2322510
1378467
2719530
1617989
2114749
3304040
1877221
3950893
873735
2993059
2466745
1767858
764718
2468410
640635
2593006
299575
1226872
258632
359165
348767
952255
715626
2216236
1092897
2102610
256070
243021
192384
1582673
1298067
904498
2357953
755611
1709458
625768
1614012
1150175
219356
352972
2083852
823783
918574
178794
444665
375739
686154
507817
652794
1348065
125201
477343
217401
505280
1901297
984625
533658
1578697
152641
303617
123045
1116802
668403
1548456
704873
3494151
2530819
1431611
1411270
668878
1226670
1919543
2216542
3300775
1427511
395516
389975
375689
479150
673799
361205
1286178
491097
390975
426106
1076129
302192
1690648
845283
1959595
697651
619863
447551
1605479
660338
