568262
1338023
3409186
1076775
862439
1255092
620034
2588270
2366088
4080951
2222449
1615327
2346331
1095783
1978921
1740444
853121
513645
588556
107730
584049
660340
1237165
1172725
735648
1151941
2813787
1525599
698965
729313
2305726
858365
3052015
397605
2011496
1234364
3355234
2626046
3314827
855782
1847877
3143383
2545316
1362453
1031460
1197008
2519165
431935
537051
1715560
279366
1064436
319317
782136
793831
719729
881361
1585703
1509082
967500
1043027
810060
1597837
620865
339939
1049703
1246561
1229456
536665
901092
748928
441785
1375113
3873430
1522617
1645847
104455
287772
668396
586585
232236
592754
1776622
673416
203405
850662
872785
674000
437807
2235426
2061867
624540
1309590
296886
1871586
1034087
1801144
358947
704075
482180
1569571
696453
2476144
491017
2261273
1725442
2521028
3026804
2762597
183717
2509400
1474816
1150992
1560048
686914
182694
765897
454984
530230
820944
2091486
887045
2295865
1024956
648862
1078380
908425
972311
3399896
1268752
4427714
3175344
536326
178959
2283940
571437
1102319
1217269
3493818
1548498
987199
763260
1857845
611380
2013496
1298868
5087933
586317
1593078
731339
2068568
1364614
1839990
1608758
2860648
3984765
1456803
1271403
489635
746333
4857949
945939
3250952
1159765
1958304
947048
3408878
2277848
3992898
2547825
3189422
1931823
2256025
830792
2635975
1505720
3374719
991539
3322532
373148
636066
617937
452962
1183927
3234316
1923053
2677734
1688333
1610469
401357
1650623
641396
2106351
1687940
1229951
1691901
140396
1333511
2603528
1005872
1874546
1003149
1689392
379915
169104
472047
450098
1143449
771083
233367
980743
283498
907975
369546
1191583
318619
352550
251918
1815575
808090
118624
281897
1661986
973050
2606834
1884104
1418760
1362927
2117808
1502355
1126962
356510
2147404
1198278
3427705
928604
2037403
687496
1884904
894106
1664085
831724
680389
617990
554579
940777
1455378
319237
1084959
719310
1248970
1835747
498343
994963
737607
717599
