4554443
7894865
9326000
5409590
9545460
7451801
5951130
4005010
6202650
7028091
6868593
7681302
2303564
6248759
7422423
2145026
8331940
6723387
6022773
6059043
4067483
7322103
8116752
6893098
5645028
5975696
8071700
7996487
4585939
4612294
4530105
7014230
8442273
6399435
8068866
5392780
6470586
7169697
4966738
6368973
9084626
4848124
10567098
10265699
5476028
9516719
9767380
6569768
5104159
5962034
4385068
1280645
7070251
4501083
8681641
3625258
7405133
7150099
9310192
5433425
4405828
3534405
7611957
2371501
