720491
2160670
3497062
2002153
1189871
1121837
2362776
2975940
2793944
5263009
2653026
2922443
2536297
1124352
2232734
2820615
1609158
346658
1468949
402967
285368
1657256
1789451
1833957
1395321
3185490
3280943
1708181
521102
1322354
3070513
1518318
3713177
1190687
2025635
1967391
3805236
2577300
4810783
1552527
2825091
3033658
3136738
2787367
2010884
2482597
2087868
541975
72630
3133443
42977
1446193
222474
449845
606589
1687334
1720761
2446645
1547484
1864486
1654689
1268555
2387776
68026
1214459
1504178
3193347
822470
1763049
857396
1332470
108674
1905009
4259291
3423111
1388468
520503
933666
1557381
681158
41014
1345387
2049592
562484
90796
1300507
1560202
1972451
197629
4069694
3158177
1168165
855278
229138
3223454
2876344
3074003
1283949
197117
1201601
4065761
1698530
2928143
787461
2057625
2271088
3972715
3738097
3069141
472765
3578355
1835209
1450371
1174540
257831
1550
2253225
1151874
956481
567580
2658267
1363473
4316399
1083809
846077
1657745
2091640
1796481
3254678
2218817
5492339
3620186
790321
607805
3211153
1591301
1487017
2395634
4899467
2118197
1612142
617735
2749115
840869
3839288
2370938
5714309
1585194
1764672
1916622
3145195
2251332
2694459
2038212
3991330
4799144
1494877
2072106
1257444
1219401
4774572
749572
6636015
1192595
1858559
2355454
4477794
2578898
5551688
3820642
5878363
2448261
2404724
912007
4184664
3286284
3670907
1550961
3803393
557100
962590
1141732
1448408
1630523
2509941
3573891
4683600
1832038
3506147
61099
2172606
1369463
3200369
1782715
1460773
2277554
94648
2999647
2672206
1765092
2723852
838290
815865
700332
28052
295190
1053413
1042225
1257395
3160
1755585
1150319
1865154
236988
2108537
341447
1477003
196739
1619674
1287836
13503
1311080
1882071
791404
3040237
2986624
2054283
1465439
3793404
2456566
1315196
1133338
2929479
2153334
4725619
1828253
2098983
1328618
2766732
1458090
3534828
1677325
975541
415754
734999
1818708
1580106
115754
2671695
1326550
1103554
2888487
606715
1269480
1352501
213755
