301392
1379890
1943381
257713
1446717
1449553
4036121
867177
434773
1270061
2526417
1992131
2055139
661420
1816428
662913
989803
4109658
666379
1094489
1139918
408619
1885792
1261557
2368489
2416863
5544396
387700
96541
1951362
3260680
129095
970455
1954314
3263901
814419
2076773
1877658
1117404
2475539
2397250
2850880
1352820
1933720
1751408
1090058
2424969
2026385
523522
2021734
9801
231065
1707208
1088318
262255
647641
1727775
1831953
2026941
751917
1055022
2733
331276
697539
248496
998902
2116484
1435208
2653974
402944
1569857
1678737
1062297
2546179
1595423
2316226
91951
227135
1354484
12813
1062413
2021013
1156608
5875
1707133
329771
25438
929790
774027
1534955
1536767
332200
1918819
1006260
3275313
501903
2245592
1659363
1189481
1814871
1306355
393530
2396015
1061055
2961253
3149283
2715190
3018050
472067
871027
1999363
27001
1126458
1017731
2069210
279374
1628583
2018392
909894
1755553
4071174
1189135
6045018
120513
992808
1139513
711765
448398
2763599
2495977
1522545
1719114
2357230
738545
3735108
2890783
3875600
1952587
3775534
2170525
648629
2524669
2549035
1184065
2762763
68690
2478151
356114
1102931
1581436
1535585
2544066
2655748
305859
3147843
2291974
1572423
3025551
1826889
1228034
3772395
4757532
2040140
2426309
1202284
2730697
4435732
3172588
5115818
1399315
2578603
2814653
2032772
2100948
4416776
829088
2825148
522043
1033493
634042
232937
34048
1473089
3059795
3181263
1036441
4061558
1370245
665527
40079
1342817
1252779
591969
2942661
664345
1808982
409780
2125589
1398278
8400
640245
1804018
667933
818781
2188
298125
633519
231127
1097
111082
3243441
233598
305879
675847
747876
1988638
1118629
918077
1642042
374969
910510
353275
3077729
1448945
1549478
1370549
5302201
1856840
1106693
1779691
473016
954507
2558488
4164579
5304866
1631298
775072
744171
824490
425214
1551935
394579
819739
22800
26203
588143
1420320
346751
1123624
264421
1545051
531444
78933
1210312
1090301
1630148
