876925
2092055
4053516
946581
2155470
2061432
3522176
3220602
2645725
3616456
3435205
2650496
3174918
1093700
2179426
1421725
901542
2969322
886184
1385899
1676770
1016417
2136852
2291897
2090446
2402202
5253641
2035918
1159501
1884553
3581949
1055710
2720948
2203578
3541915
1839507
3028685
3205741
3504536
2262384
2969427
3560001
3240877
2199435
2135051
1749598
3016297
2368719
1713079
2769636
961185
1101165
868787
1771895
1054554
1016327
2114189
2369737
2739339
992240
1872806
708815
1992893
884837
604642
1529666
2892903
1196758
1794894
1462055
2040254
1438008
2234940
3573826
2039676
1659574
744736
333879
1857224
1132803
1214700
1582132
2347703
817967
1185289
773943
1212803
1141315
1033702
2790638
2688290
758043
2641817
500721
3387368
1623730
2698818
1417069
1341596
1369361
2023762
982530
2924224
1502872
2941447
5027644
3780716
3070728
3049636
483311
3190254
1163107
2629598
2170356
1573666
722412
2108783
1544744
499019
1181450
3705973
1380637
4542849
1333234
1350599
1485707
1694356
1330690
4242589
3249273
3638928
2764381
1323436
1275979
3536357
2090484
3050915
2136731
4176368
3356519
2093221
2414080
3343303
1574017
3299789
1092092
4328138
1405975
2059809
2028486
2490795
2505075
2559020
1677679
4422061
4444121
2830348
2678010
1876808
1920887
5235470
2666954
3211269
3411464
2651684
2619314
5279686
4092743
5406985
2730356
4141660
3625272
3580053
1565165
4335356
1704459
5041111
1104881
3716881
536972
862938
1079234
1338739
1397955
4423732
2578528
3669689
1225872
1483811
609746
2495162
1905550
2261853
4101920
1774005
2974155
876311
2332768
2690596
955756
1588352
2684851
2334964
1617678
538494
871351
843217
1343157
814818
1103412
1962021
463219
1047894
503682
1441178
2222411
1152919
575073
2472101
660884
473352
275232
2136212
1265001
3267261
1944068
4648750
2822986
2433748
2285372
1415245
1459049
3227717
3345202
4759068
2309641
1671138
891815
1378028
1262432
1740443
821685
1992298
1239247
508438
829489
1972537
562242
2454347
1280126
2713899
1664619
1095280
1084132
1937905
1161657
