166781
353976
177553
23198
37459
806131
36592
189696
181507
297687
279798
224870
11154
492675
161104
3652
55714
92104
27481
51634
119054
950957
705865
931569
854290
870640
77689
19036
17140
1070154
109742
246605
830833
292896
203141
28879
64185
529056
230876
343155
297295
158219
199041
954674
70896
1555646
136348
283780
101830
335398
5935
3630
503642
360227
834336
352271
166011
102892
872344
279221
18220
31692
36728
17913
763699
224910
40205
910494
938563
382105
700202
38540
315568
19653
838814
36331
135675
593116
336961
47254
109504
79386
530171
177513
20948
187018
97791
799861
52572
435721
542072
261972
235791
145259
495020
848678
49100
203010
998085
7567
131016
60743
816170
59813
80262
111794
80003
200750
146270
867405
653486
319562
11884
77690
33884
14370
205841
185528
785879
760438
5572
855300
83044
50888
115835
39970
135252
146147
74596
962092
142157
210362
363677
233903
89026
529046
925779
205309
242812
244887
426441
129425
900530
48974
278710
287861
129161
360990
179638
92262
351375
113127
508846
816494
161674
17571
279205
818902
348502
91600
798091
51022
444184
46730
30008
57049
84661
375148
142379
663188
68167
161055
115931
357534
2150173
148654
517223
91774
142751
13133
372305
1028236
482803
329763
308610
221170
48008
15555
78267
497014
968180
84525
490637
27712
80828
4216
292542
101961
324614
54621
104465
99154
253712
63002
63421
8260
11494
8724
12629
24586
421510
1304538
172967
430219
27873
441816
15364
807274
92480
164207
42128
385421
43885
204568
475702
916550
189374
21714
62316
738629
37015
180716
313117
991497
180654
809945
24172
342664
48254
862564
201749
13692
158725
4062
106655
8160
53300
51560
52257
116219
319012
267973
91040
10653
69974
11338
282943
364354
501709
465614
14918
898220
863905
741458
198101
264179
214389
397190
101366
163844
838191
5449
90203
1022923
157408
38072
121280
56643
220842
15206
75152
70671
115668
838307
15688
478995
14630
52815
307462
27602
688914
109212
622222
25252
242119
790770
133129
107525
257198
1109145
34842
154354
93594
571106
225874
169885
98670
55612
921148
544579
40517
50972
472873
761998
1137703
78581
231826
140212
60148
95776
92700
39611
147636
140400
78292
8341
117438
33169
243896
534454
629900
130814
87098
191842
259837
118541
82878
45613
79986
143943
75596
128984
60780
732212
78506
701481
285264
256924
221169
97732
46800
1823474
56230
8852
18756
107172
680316
227299
468669
44276
820067
55399
441767
721575
107284
175386
257585
93158
47947
327506
273539
174350
98062
21532
135598
181560
34739
182887
617376
45383
1930148
651421
896130
173716
81887
69690
968715
283641
20496
183925
168781
275215
254692
809395
359544
207720
118088
68676
66740
32784
1555004
9613
186941
120231
13312
195544
93945
260761
1333267
6383
377872
47212
462856
31671
50794
6740
405537
107591
772424
816310
44170
134784
24694
10719
537010
242446
487224
97521
358318
187459
890643
54071
209966
67380
248351
38940
1715186
58188
121296
45259
964986
649334
64666
795825
46164
419882
15706
17530
38716
30010
342788
339120
1617219
100667
44244
113628
412532
86720
75714
560278
21329
128334
44320
44093
152793
87512
490403
218743
158286
11527
41796
100546
367386
348009
126933
882790
568073
19172
298815
193196
76375
180265
93066
19467
1248651
727789
275295
19931
352353
51223
476004
108203
23333
396837
80110
58065
111472
1080820
349940
789093
90058
46444
686076
95821
927066
112075
102896
575937
66213
144068
161956
41750
50399
119910
131059
171449
92703
877238
45895
501126
835920
516984
826073
433969
300496
705241
179969
87248
523082
57965
731669
805744
81854
83446
280450
393931
170326
106286
141208
794979
24543
273032
823391
114188
222846
873464
204177
1312213
331766
91755
958481
362279
821606
53507
254606
468872
155872
294585
247911
177312
195063
178329
383158
26882
316603
13297
206026
173900
672335
129202
232472
676865
27715
29828
601207
23219
218812
2148353
474400
48663
63408
23323
184355
475936
300607
98524
126908
110504
173649
25874
1037571
183044
200126
50099
620237
193055
15022
549359
188633
418067
39256
273255
952466
71413
279527
21681
200421
577404
1281188
87520
595327
159282
850827
11059
52998
7911
293651
16741
101824
332251
64085
80796
76364
37002
295824
1468158
576354
21511
19657
12975
795224
41315
55247
851040
252841
400442
48272
192712
141359
58088
87311
456490
861685
440850
205113
84170
310742
239626
469813
562695
798705
412871
43291
349414
697331
579842
160908
357858
177732
16849
72414
283259
185318
345805
57596
92253
123019
54744
657561
10441
834221
316556
489166
434010
348258
637403
588158
243349
52581
1009501
1007556
193467
230196
254991
117818
228282
115551
886004
174045
449600
127267
25379
176463
56562
209939
544075
1133832
975668
1797512
80982
855075
36398
569811
93283
24165
201100
68562
639626
763200
7724
35974
61948
87605
32037
431947
216725
55433
8036
14876
5714
904223
166838
840137
377208
120036
751301
282344
224365
16177
202867
550978
1555272
38656
152392
396663
437938
697275
769254
918107
222944
571296
334308
81387
909052
409525
35280
956639
606688
64284
624807
25644
218254
845355
74318
141597
142681
41787
343102
467678
193105
121574
871960
1051166
563879
30038
37052
114859
49486
223215
229760
177614
9240
83113
128614
78882
16150
140749
92711
290643
996723
39587
701889
244024
8706
1272692
901232
294132
219166
578147
18327
90815
385597
159959
20050
139855
342274
80711
121089
47978
24541
31827
21810
523824
57238
44219
92718
73701
47786
89098
229174
324875
242019
508587
216176
116914
598675
81463
96163
32971
5976
28096
154378
10163
99219
296623
28301
56059
246425
100487
18225
60798
46209
541356
110500
413195
10170
236678
10334
101403
14843
276867
1031818
12330
578218
154605
746761
825829
180855
28877
64549
309748
146641
242304
133393
986398
240751
22730
18233
268852
49739
88699
172518
138680
407363
21299
351691
21325
13106
212569
271766
434201
445788
914846
30720
746612
244376
248207
823063
1490586
55659
396352
4845
257148
28157
628742
93616
13493
96013
274119
389052
37021
61890
238313
34926
550766
36861
228584
32525
648681
351918
1529966
339511
643933
193507
966032
168872
199775
15069
195994
167255
47259
22898
902832
93199
145141
924966
799818
605877
709813
366796
225847
8165
89300
139723
969028
8487
330852
26385
158546
247603
683131
174995
51317
456866
166154
426551
225301
801399
900327
835850
186467
215771
840202
467073
40258
265587
253082
6835
30711
236433
1519339
109813
209319
49718
101891
39388
224325
99984
1058780
37209
87357
50759
1029513
17273
19820
863121
263527
44415
30881
41284
125573
607001
76633
147573
556751
167230
5977
89000
158120
8600
100227
417374
8929
40959
11259
18972
1172825
17880
37983
277024
25135
25976
23059
841252
150289
170209
188554
684423
71793
227298
193687
23893
1153491
185717
461189
533215
247478
281905
27270
22589
154558
12454
23508
174979
16413
26357
84233
75626
85119
123074
30085
49461
22568
18962
