31135
28691
142577
8480
1228
274635
5285
41340
126678
148702
15161
26537
5053
15008
17682
311
5987
3180
29188
6549
34400
124934
622403
27715
3387
4248
13029
24701
4227
19871
141305
16295
132005
1950
188953
2194
17496
251263
8428
35438
130728
5158
209397
22853
68075
158621
174981
44199
3833
3205
2996
811
302631
47776
12829
49392
23133
2896
7687
187229
395
902
1802
112
43735
1189
325994
886
49130
287349
5486
3247
6074
400
29255
6446
6
2733
5819
27764
6295
6028
17644
36579
10206
127613
106273
873583
61473
60214
433979
258510
5336
34197
117333
1092897
2881
851
810329
1275
8295
24200
812023
122728
8557
4831
25291
8528
1288
30295
4390
2260
995
366
6888
859
181676
16913
943770
163049
5216
9316
114410
76474
46023
11294
16465
167643
3414
814936
138237
1095
21343
106918
3323
85931
131022
93841
14113
22648
301
6317
6468
700
37576
966
18415
25340
90729
17922
512450
9315
176184
6489
109293
1063
41849
4952
203726
16875
4083
1062
292827
20338
32537
1700
59049
106582
94643
96900
40332
78441
324847
6393
1248658
20013
2953
30094
207380
43230
504200
799217
1112989
46923
79368
115578
36270
2997
7132
12287
222037
24279
8676
4493
603
0
14784
13607
613066
586
2782
1211
717
1117
1295
251
559
1025
294
16000
86658
299141
10596
321898
22269
62062
8596
1028358
7296
194837
1416
235069
35109
39654
22508
30126
37264
15987
6839
107101
26539
113367
174317
405655
103420
228653
3524
83946
42243
183987
505
2789
7666
1040
1314
1748
37508
1509
2499
43855
8223
294
3521
1379
41219
16610
44211
357371
415661
39896
8454
36576
56107
10025
14815
7022
326967
7506
9031
15876
837279
1946
285
1204825
89745
47722
474199
286591
676745
5766
13254
4029
8747
616174
227
13389
6620
17210
72219
9427
252863
67064
5838
594
16350
1344
25941
4738
20799
769817
510
6291
10728
3651
38156
98092
15516
44748
5049
438070
17749
32731
143457
98191
60331
58393
6026
5987
23262
18945
11679
4296
129629
5006
38722
22254
220491
127220
103440
63499
387725
9095
728
13254
308515
34389
15413
6262
13484
23210
76485
24793
72170
111110
318476
83413
9098
19336
115307
156581
14132
595619
16884
720
5442
57976
39018
680473
168662
6625
578897
4609
11437
31828
129246
1264
127164
89583
5635
115562
20860
1378
106584
127120
106460
2682
14624
107678
433935
3335
812329
167005
8446
127069
99684
647
90357
5286
399
92008
181774
3546
178989
777589
1456
122652
7830
3605
1991
577
4462
1190
11896
89587
9978
37902
75641
12420
803266
2634
9276
9657
3722
2842
122991
1558
62438
23942
37966
2106
3754
76325
9422
4388
60643
8241
11027
6219
111629
7265
226545
37697
101178
64241
2720
3044
858258
24145
29648
38632
27039
547571
4232
13578
34024
611917
5150
19752
69
2913
23793
220
83244
1409
2723
176
12399
2229
610
17111
1014
2
217
449
159098
36172
12409
104154
236045
1377
23498
3888
495640
281664
175145
45513
398433
4738
108936
118386
341
3313
5914
2773
67154
706387
101405
2440
129374
41357
200986
12650
20605
29552
67057
793
14220
30974
14640
1022
2018
6706
25537
5704
45201
12048
5978
10949
23341
128343
105778
26881
19184
25472
25655
23742
38958
801394
10496
132024
19681
113459
10649
232077
6672
12295
278548
42349
3003
11730
268586
9356
2521
1837
191690
3285
333
24060
14234
1047
4000
831
512584
26491
199283
105805
53372
646836
96363
39034
10593
110576
29761
6308
187921
14881
10476
14344
188013
164760
10784
70983
232984
7775
255773
1369
40600
3919
106184
85967
210521
636415
10884
868
28634
900
48649
123618
143004
14902
6075
6783
214304
25661
98132
9369
39277
4615
44207
11680
253220
183696
114768
3231
170103
18526
8619
4807
8536
23407
27947
204445
395962
257156
30184
13512
14891
5603
319894
94082
54305
81811
777557
695
113114
2694
143128
21292
24917
112784
17833
1633
2701
8493
214016
13212
79177
6443
33880
679
787286
5954
3297
127607
195573
38397
154616
14569
12412
10956
9176
4334
754427
36725
5853
458
57052
18242
270095
54672
115648
11395
27438
1357
39200
601
2498
1987
39732
2349
876
29668
36789
40736
6525
17850
67915
4638
19862
3421
232911
117735
42988
25890
234087
11882
93602
3957
146234
550498
103888
18266
64844
16813
32059
15132
56477
104823
194632
10283
332368
3550
82910
30456
13599
237841
186013
429237
1701256
59771
40192
5739
18775
25213
5043
16562
36039
728170
21539
10721
18309
525
26452
50316
230905
3955
0
2264
43678
517
1398
24403
50030
443821
6285
747112
290528
31335
26388
171052
719225
395171
59210
10025
379064
5700
75281
205751
25911
115131
15955
125895
68695
23082
16584
11750
228090
37588
525
1301
1161
2552
185
68942
4020
391
37305
16089
418164
1348
19049
365963
342978
12587
14706
10458
158622
33439
133195
163697
146377
4633
1515
7060
7676
5810
3068
2841
4153
3604
926
92
1980
5630
172416
49804
133524
2503
6080
2208
121184
2964
31319
6611
15537
622215
378
10972
99702
301
11198
5969
40544
17741
15127
823
519
26141
67407
5948
111289
3751
22138
12469
11728
7266
2765
79372
5553
467
6818
277
1464
3740
2041
2906
3343
278
10
581
2554
608
4845
1718
1280
901
2609
207969
344
15840
275525
414591
12691
943
427
302182
718589
128095
24195
98733
74420
5217
234823
24651
43476
86634
10557
6299
3120
8258
32084
157990
44947
213945
37534
2
2843
14079
302704
11826
308743
540014
79971
22616
71557
13205
151925
1997
118058
4373
11627
1288
8738
406
211331
5347
3439
40915
11610
1837
4815
33199
170267
21532
16651
23360
38691
23745
498656
1968
19376
213617
583830
188442
66192
33425
2540
7872
1235
3353
8214
100555
15181
15713
22305
1762
89549
488882
230398
32754
18058
4322
39797
21784
299157
7637
32669
13088
42325
154993
36720
160072
119163
518340
173401
483083
283166
101795
37217
20597
50634
100031
186149
331194
2962
11187
23288
735
28467
108749
143480
95398
17263
29104
31167
6022
22136
5837
895275
7260
4074
244
147130
2570
3264
3642
1635
25068
11033
1912
15019
15456
654
2236
3135
695
2205
2930
72216
141774
2597
3565
1358
10384
2851
2856
10618
35196
842
38550
1843
5089
2192
2395
45901
3262
112308
2174
912
54598
223413
2792
259497
129156
140712
1221
2427
19935
542
711
65911
3236
415
2730
2780
5098
893
23859
58040
1000
7089
1527
10734
16179
156452
66973
142895
19505
5041
351773
6563
35914
189989
21607
282771
67004
621
376746
12509
658
1663
77976
3621
779
12837
898446
15144
26056
739376
140701
20493
4223
799
880151
1696
25763
1747
138371
15292
6569
35613
98002
93220
41121
25561
105344
69542
343776
7865
490996
7549
4503
602
20356
448
817
6625
103204
5074
23278
54564
40528
775389
7431
1669
3156
927
13141
60653
3969
1198
19350
58785
1102134
616765
2176
50088
14291
155698
1693
38570
1666
49123
2595
586
190184
70865
303276
24897
13325
309211
5469
8613
623902
52643
3008
1919
142073
13230
1762
121699
897
147913
9
88910
65279
1124
993
77656
4596
33914
157159
168280
109328
565705
35556
234
414
4218
0
4989
4596
10851
341774
5541
1150
5043
4464
12747
16050
22311
111647
69998
40280
119176
298682
16350
2666
5783
5925
473265
7940
179030
149690
42735
204341
68838
9310
171538
240744
20499
463954
6194
18966
108104
2631
111745
75816
175837
864
17893
782537
1988
2108
3368
14214
22132
8938
1625
53076
8883
87930
22131
240498
12599
19287
29223
300304
786323
13163
3411
14206
1748
688
1837
25499
4361
101825
152753
4005
26735
238
5070
448077
71390
10791
285402
705
3774
1785
159494
806
27974
53397
1558
5700
27743
15101
83890
8771
530
699
1898
3765
15076
841501
190986
56154
2459
196000
39520
2831
8164
3391
10649
5003
11667
16125
530535
152036
34347
1395
39562
664973
9360
160694
65357
804594
284675
315777
9472
48799
2639
29064
141058
24697
18057
2243
75273
3761
5048
38099
30382
40248
2740
1590
64204
3563
5120
3760
103140
3310
12482
11376
2668
129295
4126
35227
28683
52531
105380
10232
0
108639
23569
609
39579
13154
45814
37055
3800
20304
1865
2005
151255
3024
211084
4442
628
15625
7491
113728
146420
4423
228359
6082
367422
114577
289470
916
5724
53897
263432
224229
13400
14575
118236
48941
69272
23296
1106
404
127996
7843
1376
1160
310944
2115
297370
20455
3422
38495
1965
9616
112921
95529
3377
606
38298
993
6818
3778
39746
6534
15572
41277
89863
2869
81238
2161
13239
1010
14609
68121
7506
35212
13387
104756
9599
23718
18488
84084
54826
7445
28382
637560
346805
4564
21821
9323
695404
27187
55506
6931
8329
14505
636672
6723
94105
612664
93365
9378
27975
6950
116124
60555
13319
7397
140784
17147
16674
2863
18616
15736
999825
139609
502379
61215
45840
2401
405396
6117
12
1156
4863
3863
8756
4357
3153
24856
7838
69601
22590
1070
783786
5529
7670
3352
1544
619503
111035
80565
346817
2020
212785
938
3030
10723
7046
7515
209183
19758
451895
273490
21725
76601
34210
4034
127373
612583
200266
54964
168152
172173
547161
12067
125994
73444
132993
51073
613641
7212
77251
13123
255815
1503
12905
17018
2268
103343
5009
449
46272
74863
92950
2507
148933
11686
10301
91845
141339
15721
8551
6512
9738
45607
8556
17980
23451
1953
19193
116470
24957
6930
19996
109135
3345
93930
29701
133956
5576
268
152464
10516
11752
14687
9592
2112
106279
4653
124558
2541
17945
37857
368909
105054
8235
13677
26029
2884
52295
1109127
124794
669102
894
11727
735434
5025
249645
11895
15166
944585
32332
38093
193277
134476
8108
29298
140517
3425
38131
28750
1929
60512
831319
188582
187967
284093
656
311964
8651
4432
4066
5696
2338
1503
87553
139460
1627
109214
2059
216
8788
184929
22804
225726
97801
2813
20064
79886
309224
2958
2752
25873
777178
12479
4052
30937
57795
244059
109973
37074
11426
23285
6836
126942
44193
1354
5336
6269
69178
12443
17984
26300
9546
43943
7088
7876
107882
5237
46152
1451830
72937
1760
4320
6543
1774
3
181441
9260
50489
87488
68035
2806
90877
1425
11757
1051
6006
816
6179
29292
628838
5033
69763
57069
61121
18116
194303
22270
75714
14338
921243
564
485712
1466
3509
249
1929
1974
248124
954
5299
270019
38247
8692
1632
55341
4842
9299
668315
1077
2558
1045
1374
11409
16286
132880
3845
929
110850
4846
12337
764
91653
30492
182590
377773
32578
139908
3474
20982
22446
32813
646952
193413
4392
431716
6258
493506
43863
20122
2479
1155
39363
13926
72743
80537
33009
2422
26091
26132
2411
1886
113076
319
402001
34229
347791
13581
28068
597622
1031
9578
185710
37669
152270
236680
7837
55238
30915
25402
74126
344838
13291
25511
41416
78474
19899
142954
1136476
9258
195239
90149
61412
29279
94470
12538
36012
423474
33040
122250
10098
87435
2289
63317
96627
23700
103817
250599
20544
60628
19302
176
797329
644904
791121
37319
5239
23536
953
11607
76286
2551
23122
124315
18965
7910
5335
26713
242628
2571
757816
23601
3186
17570
5443
549004
91586
24389
6018
5541
13093
578623
1951
207313
3774
10582
4704
78680
9193
686885
33063
144649
6094
8906
1632
1191
19176
5448
939
27565
18389
27704
62693
2408
7899
122193
9994
8544
11387
20131
339047
43337
244
223990
8385
1799
742779
602853
5353
141605
10898
10490
652
18179
4396
3029
102908
5059
265
91492
6
4265
9203
6142
246853
6243
17538
19246
53135
793
1591
2012
21407
4193
720279
39168
13221
27174
1646
9017
6927
3974
3068
24803
4317
15655
2466
949
489
41835
1905
15600
12161
7444
170458
2714
54853
13899
35774
5209
23556
1
39769
2391
1778
423710
217221
33258
65580
943
21465
626
50820
218210
533
1776
4285
3190
313
966
26434
23177
6524
1127
6021
186532
7675
485863
6915
4544
8801
216497
154075
622
181300
1045
27464
5969
28537
28180
812085
101206
278753
751
127027
5516
14401
145
29
4480
229545
20045
21291
4248
44061
14718
101787
12728
103482
985
6690
4378
68743
18235
4619
5
95297
6680
9881
14
16516
2427
11528
230
887407
53329
107790
359366
138813
8235
579360
15650
157456
256
260422
109649
11762
1047
1961
268
148323
3262
143305
145570
14890
34261
80644
6745
8812
299018
228402
82550
19019
113365
40663
23666
3566
3152
20554
6790
31782
5600
545551
7878
81202
1107
4205
24940
572
33247
3143
1550
86031
147027
17006
3218
24529
909561
309174
4351
11875
4879
21961
271350
2822
189625
479439
34754
1896
140457
4043
6183
6331
26925
973
4419
2146
2921
780059
4456
4186
93146
2753
18938
20568
717534
7083
155625
15173
15993
9718
2498
8089
5005
119415
6269
649679
128798
190294
39036
23175
3506
16048
23250
3462
145909
24345
19825
27628
1378
38164
251627
52503
24258
53649
49169
9748
98618
13257
5708
12659
71482
30819
17233
6011
59221
62456
150469
4522
12222
188301
2369
38576
47713
2813
23902
4756
22334
48646
894162
2536
17641
7674
3990
1500
388586
54645
193651
800727
61682
29762
2387
24350
231522
170056
176799
42072
65536
4817
998321
207916
1005273
45298
72670
1307
615746
1939
1077
91526
196883
536449
84106
19429
194110
3689
103675
7423
37227
16531
47772
402327
46924
14100
23077
29645
2981
6359
13834
176715
5600
499278
8889
135934
481967
164973
21894
351
54426
96541
1707
9270
135486
5984
3208
9914
184244
32481
15320
3986
188946
212660
12120
68797
185385
2080
11301
7171
26179
10227
5262
10703
11120
7924
139386
457
762765
4684
15081
22805
22404
14231
823
124048
222071
38436
23578
1580
796095
267210
18466
986
2417
33961
4169
10964
124892
110740
30844
250398
87321
29323
445091
92349
134773
34781
196608
254332
14886
951563
17940
100029
9209
91879
3400
188171
2668
98362
42303
202930
812001
14566
14185
198822
18626
160402
26770
780424
45545
64740
23241
12600
1651
25945
37696
139076
244288
58260
95340
58473
51270
321821
29334
40031
5107
93822
237
13384
5046
194568
223483
172474
89005
229692
1279
2382
6255
89462
170249
151720
12574
8215
5774
78747
96478
27307
57067
62539
36380
158262
33983
2242
2787
3777
1417
3228
207381
586910
6067
971
5482
2886
4801
6029
130477
122032
71193
6218
7970
5388
150146
4540
600988
33161
79345
8320
56787
47950
69234
136984
34475
44719
88416
24621
5703
36791
622209
12287
1822
13899
1613
142615
1224
8768
614
17875
83321
601121
142833
489
1533
15843
13088
172963
31723
21288
52210
71532
787564
841068
699868
107573
163093
69604
12425
13195
7146
13695
2689
20353
33091
13713
5497
68307
42253
5607
6133
9924
49467
8402
164266
818
331839
2526
19689
27660
5976
252263
207940
36194
16974
50310
17213
15719
92425
8613
118628
2071
92693
49625
4211
755
112279
1074
48466
13309
767
2073
9344
53575
335744
784416
7233
44829
64840
43790
38535
3132
47384
60794
107414
12750
1612
94350
3385
13407
697825
42257
141554
745
121978
3365
15586
85906
1500
8108
15061
6910
76699
19035
426844
38412
7136
10989
603184
8700
2225
6509
350511
93422
4345
9765
31172
47394
106881
335928
10060
86956
64433
315380
860084
162309
100422
40397
9017
166660
137190
6857
9880
25856
19345
7179
7557
594
82552
39542
13305
31322
309988
686929
26042
32543
118932
849326
310860
9894
91341
9359
6445
216899
33497
332170
28260
155353
10942
35844
108220
764748
5365
14919
65223
505
6223
6735
1482
38764
1699
6142
83560
5496
2522
4539
117796
27934
130055
25408
257034
1722
16829
22608
106681
32302
525
106925
31828
7948
88981
465393
142121
34408
20806
10677
25955
19261
1333
68259
3929
113854
3120
1305
327
48739
41152
6774
12728
50910
12352
19162
221858
1259049
23176
101711
3681
9106
53991
253
756000
6582
2228
563
16324
2208
3016
38119
3774
29725
1086
7014
298
1132
2523
1089
787483
4161
6888
6951
545
13224
4320
27078
11428
730441
29049
302561
1563
275647
49901
30587
74688
2232
508245
3399
2827
146057
110470
13139
1000
146719
18493
10288
87277
162079
17816
3325
9030
2001
21352
5954
4166
12677
67822
30009
6293
32374
137826
16766
421599
41655
55333
881549
49762
2719
551803
6979
25961
56241
14793
189524
3015
39109
6226
26571
90414
262016
9155
134687
28426
23846
181147
104782
8956
9487
429092
30231
1761
95270
256714
206340
240985
871138
36622
269329
6478
18434
380654
291873
65747
9326
42346
19139
3
529464
2697
217188
1357
582091
49465
52861
3375
5790
2146
609455
9102
16621
66471
17273
3235
20679
19719
1115
319724
119071
98892
58288
14152
43128
1106
2581
2964
10952
13487
49780
2137
86853
37591
1951
285156
29186
37133
289260
7882
64990
12964
42291
695197
7786
17545
17393
90878
65835
12964
13279
123086
45699
16756
123143
43991
35243
19199
3954
24345
19548
563496
8660
16
10314
1281
1487
139
14197
432090
213893
473428
2479
231617
166539
16135
5799
566607
52982
14756
177113
15165
269864
254518
142900
310668
247189
299648
25635
19264
597670
11860
28600
330516
135091
2245
15825
5049
23892
607641
7259
125315
53855
24203
558803
1288
286167
291919
96888
434210
109203
559792
60386
25815
48182
87611
176793
77820
103187
66242
67876
290226
324058
48772
86953
7518
31381
2465
162571
14052
7167
182299
362018
20974
37939
4315
778666
7537
305113
81614
4208
330156
46284
24836
408876
7694
1137
4875
14066
323265
39148
23657
17560
2317
8210
4486
195015
48317
46436
10669
4832
30973
56501
36207
15562
9676
170044
10642
5623
150974
159896
358524
964007
579138
105026
87146
488008
184399
104298
326223
341502
114582
1170533
495089
61334
4538
88917
18135
820749
28956
42665
8168
34571
10739
21050
5968
14585
313682
115274
322853
19266
39379
97411
5618
1656
31792
6706
6410
557451
257419
73542
3232
36995
31130
44141
6361
9023
682347
157094
32719
324612
635522
167138
6572
13735
6598
86785
11307
1098
232
7640
18109
65030
3440
5
671
4767
2739
41019
104282
2011
184614
20417
193401
14195
155702
215888
137930
4717
271578
8471
12555
281
45283
454
217
7979
3347
54490
1085
7491
4434
1879
61654
2198
2071
1193
1882
295399
166499
524146
7991
512761
5187
226559
576
36456
870421
4837
11700
6285
412833
46468
31528
5260
1013
91683
1973
33444
34803
746246
8038
495
19921
324465
6894
9867
8539
54754
116446
119921
3667
8389
20196
7854
14436
93597
149370
473522
58365
50716
350968
538940
810371
597353
16095
82047
704
7851
2158
166566
691
3182
3102
1019
491912
13409
42381
14460
4513
468969
7940
187311
6598
560790
704412
584141
9964
11661
185722
712964
55510
207558
3689
152751
9050
48988
154643
8716
4517
10500
492880
3645
34679
18396
333351
10387
3763
100695
63752
548472
2498
342666
7572
9032
16860
370200
99787
2917
141884
9333
35666
311314
75640
865648
209300
6930
74395
523733
65013
1093
57807
16823
312
1351
2750
581103
1352
23445
15234
58497
1196
1108
3423
246957
2517
2110
18996
804109
267
1835
93741
2811
13082
1613
8527
54932
26193
1309
0
86446
2228
544
34500
38528
7726
17243
683757
13076
5993
34595
2496
435173
904
37901
155407
11068
5679
2635
15233
14294
9792
182408
700598
74315
98430
99868
23658
1010254
82167
10639
301670
205009
10227
9500
29300
15739
1635
2533
46481
1484
7056
74234
32881
18482
150992
3897
37758
6565
20276
14065
127763
18386
4367
25991
112658
1182
86937
2462
82910
8156
201912
1950
9149
2001
81
335424
216406
7208
5357
15206
73864
131303
303104
72481
6285
7938
5323
2585
17033
7246
5739
22849
15709
27946
2637
5156
49543
21327
14070
120203
24161
27166
239215
1074
813993
6564
144751
8034
2775
447
425
1315
68973
685891
154473
8774
16321
125530
18310
3004
1150
35369
1707
352187
59082
16625
820827
1206884
51406
13937
18192
169555
3835
137542
4156
22006
7521
141724
1968
144773
161413
378733
15655
13974
8255
8956
9150
1541
28644
108069
71346
132197
9310
217469
8499
3335
90595
118980
1422
2759
20301
42
2136
29826
74064
19324
79233
1505
48310
18285
619641
2993
64368
7026
0
2218
21243
5141
102896
4
70335
588
18606
1102
10205
1465
1060
9687
3024
8226
9255
4585
2439
1252
6962
308069
20399
11881
9682
25730
76603
12582
13338
21038
1905
20608
374
21587
5851
170618
10332
59039
256
2429
14569
54759
21929
233
147568
17883
21015
72635
16091
58
51642
3072
142582
59981
218143
93190
15658
133759
6849
21297
27947
739452
1690
8369
2307
245
245174
765
82101
17818
25778
2063
1025
58982
6437
355525
11938
1226
4291
1075
1072
105222
21548
7253
303
9404
0
2113
3405
733
490
3702
613
3330
2
14759
2592
20
6850
620
186975
318
2463
51633
6940
3777
12990
1
25885
6222
222716
5260
16716
248
13047
121
9267
18556
49504
9343
35770
1179
237331
1883
95250
172
4312
3808
1824
539
11405
205
6102
4606
2569
1499
19578
2189
4556
21612
2071
65659
7059
112200
287064
1407
2460
3950
163508
10913
45313
44927
480763
0
6526
3733
13652
25194
529168
72501
1928
18707
5136
4827
196726
96141
99790
48902
94002
3195
1433
13
12495
284584
10898
76668
45544
490617
4169
8392
785379
1284
460
1910
17062
4072
19965
5159
478839
183484
7766
32409
274
715888
829
32715
209
209382
439486
329294
4118
132120
12862
6171
9559
2577
24155
3287
21603
45834
3125
48774
3155
228715
5500
101955
3556
2743
277
237823
1367
97922
41125
66932
69740
6079
25128
32362
87917
16119
671261
630900
103989
32789
12832
4869
119328
3428
268
4098
4416
18547
675
3738
4699
282399
53291
33048
916
5953
4092
26322
3092
18841
3560
28289
10071
15308
9636
6524
141443
6261
45387
37687
18455
184092
137013
25736
193735
3697
7538
149494
3453
3298
153356
0
335302
7511
3331
1622
6312
8311
9687
37361
18510
19708
563
294482
4981
7604
7842
15022
213280
248127
1308
297750
9759
671218
300
19644
2006
384204
23189
380589
403949
40951
36828
21431
3732
577434
15010
294435
27210
171010
13764
196457
6203
362019
5209
329311
20650
781611
8648
51183
3245
630195
23009
108652
769847
12715
117052
890
20251
14212
65499
280257
10221
1864
3953
663
326
105598
18792
19800
21003
4230
6
36404
2357
57177
23402
397675
92608
832
397
387
87716
5358
2257
9853
3064
3888
7161
6754
43617
90219
69282
69291
14601
503663
2503
23
8494
17715
7727
19424
4335
3023
39382
14972
32008
42349
261
157495
35751
3167
1709
19232
21089
444913
1627
114313
45214
10035
4768
15666
14589
87375
9604
82581
173960
3545
3116
2657
24249
2159
247959
41535
773831
611526
34887
26743
36796
423130
20384
230411
790428
23846
6228
23693
214804
3692
15415
11460
570285
9643
432
368816
3277
48834
197659
69270
587382
10427
10769
50634
40619
9405
4112
22809
199592
319
5077
1837
14595
151626
21290
2233
1091
14606
4054
2782
152003
15019
21255
31674
4557
6478
145375
99341
15716
167497
758163
119503
16830
41582
89286
14870
9697
94860
2900
88359
42361
7206
9895
836625
3253
81639
94979
671098
120197
8963
458951
20500
56433
12366
202488
580615
33122
31436
11189
3104
343269
62744
4101
55199
137460
1800
1043
2281
3215
3491
109669
18539
277779
556
63259
110328
21593
66100
802420
62432
18161
586
35122
2080
1043
22280
372935
19950
3969
2836
11747
981
5619
10176
7508
40315
156722
48421
7047
106121
26189
34514
403013
174250
251737
13364
299706
45148
121130
28658
8616
113135
44031
20300
362946
230051
87117
87281
70088
81738
28004
12032
6630
504086
6804
98407
225101
310343
69196
314627
25074
15594
491607
733594
88420
105281
421482
21192
5508
27706
994497
50863
58870
26338
1060
13551
5536
164821
112127
49094
651428
186738
18767
20937
29781
347768
42318
1555
127861
3487
5694
693991
13458
5347
429
15679
2909
165190
19119
8132
1784
4275
2165
695
27547
35778
5787
83576
21234
3795
110263
34017
82457
21981
1437046
8991
4632
4833
104956
180332
4054
91309
140200
9470
60157
566
2898
46250
39762
59352
131739
1083
1773
6151
26270
776
3020
39881
2744
783
7903
894
58094
1968
366935
756500
191297
4057
2273
19942
2465
11378
3871
79668
19
2505
155898
825
15024
17695
36001
23802
913102
1490
4478
1476
1089
8327
1934
9076
22164
670197
21058
1116
335035
177526
15366
77295
44288
8713
25602
400
8595
5024
388
25455
7
9930
13172
2238
6121
44748
33696
39326
44018
4421
4376
12942
386773
2974
655
1988
880
2820
166045
1151
22173
240870
14396
107465
231877
6005
0
12344
20494
1307
399
2872
1121
79014
9930
88680
808
65961
1305
1711
72219
0
640
151741
371
238
528
122812
17212
6920
90313
628328
72349
846
475
15437
1137
12904
5263
2283
31082
1615
2361
634
35062
648
993
1976
5054
457714
20936
764006
17373
1392
4659
5372
29240
780
4082
21366
34918
178701
84008
13886
12923
2263
1619
9692
9559
8177
4435
18664
2007
24495
2239
5372
504
792294
26758
745
9873
29679
16840
15957
10272
5013
158619
3787
11884
151715
82113
87888
4146
737658
13097
1297
8382
73256
0
12158
552
89733
27657
40162
260
14726
13294
315084
72661
57476
6014
3808
4109
99987
370942
220170
740329
60577
9010
155272
21172
131004
641365
142610
8519
8208
102395
306640
17936
294733
27951
183793
2266
22608
25168
171333
17410
3807
7847
22359
2528
11875
21204
861
891
6353
16147
69908
95130
1715
330
25596
1165
1054
545
26410
1248
114620
84332
2491
30739
83
398
32925
329
18590
1334
7471
3577
7215
94515
4979
10628
16032
41670
1023
3131
85541
39959
42486
28074
138567
3492
111134
167326
3331
1331
89861
1651
23076
37067
5128
2533
14588
3363
81402
17022
35599
4262
45494
9695
