2739491
6120092
6304628
4715839
7495710
5345905
4395948
2998942
5830243
4954748
5719630
5447863
1155877
5061514
6760901
1696909
6627213
4117557
5791397
4842566
4280821
4801752
5127842
5781834
4426427
4924497
5800779
6244031
3295945
3078603
5090453
5494875
6250593
4902814
7290888
4557420
5069245
5637961
4111405
6214335
6741070
4580872
6813098
7955602
3452215
8273219
7570748
4317870
3520212
5148644
2607112
600736
4584997
4263460
7841158
1997444
6051526
6627003
7806761
4039575
4009094
2331622
5148226
802386
