13597
103265
69055
23
166
20229
2339
727007
16406
101702
1730
24851
1
243
4360
90
63
1278
10145
28
106
4239
4022
854055
4908
241
58
109298
74796
688598
37519
476
3459
982
850938
1
431807
929535
56903
1897
12150
5109
75137
205
1847
328612
883330
73105
108
1675
23
1657
6319
6590
32
272
461
222672
1837
208
6611
1715
24
17
56
0
37605
0
103
708582
1235
1
566
0
275916
56
0
185
0
536
0
7
31333
0
68
4390
359
12332
313
1852
2017
33396
102
869089
7834
643505
75418
0
7241
4757
23482
108937
7161
3876
6
95
3
52
0
8
392
107822
0
898947
546
73127
654233
2548
11438
39105
19532
7035
33320
285
28
218518
1157
883
3634
38728
1815779
537
170
1995
10
895
109
870437
30340
7
179
0
0
16
74053
86344
1228
354410
31963
33424
8716
881743
869227
907766
6686
917369
242
1588
34913
64
15817
50
380
43
605875
639616
23343
694875
25
83623
1600
254
5993
80034
22214
473
3
1926
165
124
4485
227658
18513
142103
870837
48867
29626
3046
2139
74307
11889
234
92
1848
36350
502
5019
1471
906641
5018
0
302
22
0
52
0
1670
884442
24
9
574
6400
139
10838
11
1455
26
8053
11214
5
0
1956
5
109932
735
846
1
200
57
56
792899
93
110984
20951
867605
728
4
301
0
266
4999
7155
1
893314
60
838473
6806
1611
14597
0
0
0
1750
5682
25
424
165
1972
6408
1635
1
31
150
0
51
6578
11566
31862
0
0
887608
0
0
8319
70
45
27076
7317
682707
6
1228
5
6
1928
0
123
15205
626
5422
0
5292
2235
1
0
5815
3
269664
9
541
7275
0
1
130
0
0
4421
74
0
90
2140
184
5
1926
13
1656
5672
60
15171
72923
161
89
4
4412
146
0
2638
1810
5
31342
379
2064
24830
0
0
23
0
10
9
117
219
3599
454
213
8024
7225
2114
128
52
1794
6354
197455
3636
72158
5183
24
661893
1886
6800
5867
19
10660
7120
42
1502
15
2
31770
1639
31844
135
47
0
6
5792
119
868898
1536
866564
14615
5
12434
1
666017
3028
184804
0
79386
42
8
0
66
145
1906
12084
3
26278
1
2
5949
0
125
79
2471
27007
0
1855
986180
475
12585
1822
0
251
50
883
452863
0
11
0
129982
0
16247
244364
40
63547
961697
819912
48291
1677
900600
61
60
0
391
74668
899722
6
11851
11
10
0
0
902540
241
0
6745
6444
104314
12954
48
78
4287
1
14
0
900534
370371
845471
627
78570
148
73088
0
81
0
653067
0
1253
4584
52
9
4429
8
4458
1927
5256
6
2052
0
36947
2191
1762
497632
14702
2320
8525
6765
615
16
820364
9567
441209
4936
29
115
148
100
126
16
0
0
58
0
218833
367
32246
100
243
0
4890
19798
4880
1185
902
101
35530
50
33212
6766
75
136
899068
1737328
82144
161
5405
1
348
1673
213
0
562
72982
0
15
2151
5727
0
12
0
0
847060
0
215737
31226
1588
80
93
33400
25
41
4012
867141
31463
83
14105
630
4613
4
845146
1789
132
224626
2202
765131
3847
0
264
1375
1739
0
4616
7182
486
42
395
5
10611
115227
72092
1961
0
7172
77509
7107
1819
909483
1091
998187
0
0
362299
53
0
31957
1768
7373
30909
799
1776
1698
14
906184
8404
10757
3
267
880576
1606
1552827
875790
136
12
9480
867923
46671
3436
0
4399
3441
819993
1054
280
15175
904787
26329
41
5006
2
1942
0
872610
788
1623
2987
33319
152
152
4
636026
1219
30776
715351
35124
14555
1271
0
45
18
6256
406409
704108
5
459
1
16977
257364
329
75
1596518
0
0
1388
0
639752
21859
28129
863724
1794
11069
857702
3742
46423
902153
113
15344
841903
7791
1190
836313
78612
223406
18042
45721
556726
63
31799
44449
2989
1
345
5984
1
432168
2
0
227412
1802
9154
94390
74560
563
3
214
68
4960
247
52
5982
1
302
14710
2235
153
62
905109
116
46
95
4670
20
0
4928
128
783
163394
7956
220261
83
424
3836
12037
6030
0
263
142318
1854
149
872583
42
246039
30695
16846
59
34050
29869
24335
964575
187
166
8
627798
2983
2121
390
0
2
14
23231
5706
74252
31812
1768
11602
35
19
209
1872
27
1629
107
73
17
0
1856
0
156
0
36508
0
94
6
0
623
7
0
4386
4941
81
48
209737
5251
3922
125
3
2539
905977
55
136
2299
5015
3
72952
90
804
9
0
0
293
8082
34
1844
58
0
0
0
0
0
0
3615
103
728915
0
5863
0
62
1656
24143
0
0
1
884495
1550
8
23
0
0
0
5787
0
107
1634
5993
719477
63
4
6344
6751
1714
361
201
5537
53
4114
6329
954
17
456
1
255347
50
0
1679
1458
0
26
46
0
5896
4083
19
2097
2206
8965
4412
624993
12311
338
0
6
0
0
126860
4
0
1779
216
4
1
3
218748
1491
42
1754
109896
0
202
1339
275
679977
518
628
1582
239401
10
12
3489
1365
48
181
0
20
1715
4694
7512
877566
0
6
6474
145549
0
7005
758651
4375
31947
4114
8
2
57
191
111110
28075
196
1
4414
657127
837
17289
854166
328793
121
4478
4747
5027
6675
126
0
212700
0
533
53
325
4574
38712
5749
2346
28207
57
0
12066
26
113
0
22184
9354
0
0
0
7283
240466
5
20
58
14
0
1674
893242
4974
86
5
54
76261
1884
92
805642
8433
0
73908
138
0
2
1668
147
79
86939
474
2
876564
0
674
1
36939
21242
888013
393
81394
0
153
0
103
21
483
1844
18
5748
164
12
174
1542
1740
153
6
364
0
61
3728
4370
781
107
9686
3184
219
696
2464
2089
17033
70
22
6237
2259
2
0
1
182
0
23
8426
31749
641788
6688
119531
0
216
794
11471
448
219584
0
2012
36
20
71667
2690
909143
1223
378
658865
1281
6340
32
6537
32259
2
0
0
0
0
116
0
0
0
637
69
998024
4
1
76
1842
4
1630
0
6601
876220
12
8162
1949
0
127
5845
27
42
0
0
1649
34
0
1805
24980
23
41
134
7118
83
666753
6335
11858
52
1
5743
2638
32485
4080
0
29271
1291
6060
5779
5918
133
5
63164
451
15
467
4766
1906
13010
0
375299
81183
0
123
1903
114
2076
14933
0
414525
0
106
428
49
5702
32881
136
899463
5181
0
2
0
848090
6235
1
6595
1824
740777
3873
1752
480
6436
5268
1905689
1909
7377
1740
906003
274
875509
7567
2064
1691
15569
7596
0
5
3
3
709580
263674
0
285
2134
2970
2221
128
312
1170
14
584941
41907
1
5278
301
905225
46
1020
5
15
575
44
102
988961
43
0
5680
6
9
1651
0
41
0
4405
0
0
0
13
0
4573
0
0
0
0
0
7
90
3
8494
479
48
58
1696
7
0
637111
1
128479
50
0
0
5738
129
20
0
0
155994
10421
4098
268
1228
336327
11368
0
41
36267
18
22795
114
64
0
4780
47545
1753
21
72945
0
31370
18
69
114
205
0
3900
1
20
1
4
0
0
293
0
330
4396
2
0
0
420
0
24
0
126
0
0
1
0
2601
30084
5792
63255
13334
379698
0
5
10
31710
0
4606
0
910945
7261
9
0
0
294
121
3294
117
5
24518
56
0
0
0
0
1714
42
0
10
3937
152065
20
28446
115
2
2
0
3762
0
11
1
1
6
31558
690
413
1686
74
106
0
2
4269
0
70
595
98
3746
233
99
1166
1550
136
14742
6591
149
84
123
4849
9963
6073
11
437
1198
21427
14930
3615
17
1564
1963
12667
416
661
6099
535
2
89
1826
1864
103
0
21
4934
1580
2397
1562
196134
382
6671
1586
7757
2268
72151
0
6150
1635
4896
0
298
0
30
527
219618
140
1
314
657593
5
130370
12589
21125
200
1
8574
117
18798
5945
30967
905931
991204
1677
0
21
0
901124
27
2441
2057
2
405
0
871572
1642
14026
4765
284
4086
3951
8104
85
130830
4153
10064
1700
6175
0
4405
6
220574
2250
31848
46
270
1644
456
3
76
36154
1782
16
1805
274
998190
0
1782
58
136
21
0
132
4783
0
0
6
15
22
0
4
13
5759
0
40
1906
4911
9
0
1708
870424
2
1006
1499
881845
868115
0
25
0
3753
33
26441
992940
405
3
5600
0
13
12765
425
6164
1
34
872530
83
669592
0
0
11043
2245
3596
1285
1914
116338
2197
2241576
12
278132
0
0
39
82044
31705
646874
20417
45
4231
90
1637
0
20
5372
0
2732
4097
16
0
299
875222
42
22
146
8
309
18161
148
5785
1804
0
6094
4
7548
5126
85
220636
431
5960
6
61
191
25218
17
4266
0
5732
68
9
315
470
3807
11625
652387
807
14
261
4444
7
1865
13955
880281
110510
12358
15
2160
0
753870
21035
34356
370
39
3
4307
22243
1
0
7
0
0
238
9511
2359
13
1000164
864585
15699
3667
0
16616
483
18240
0
17696
20
32306
29984
39176
2
1809
1661
1823
906235
6627
868659
991284
235
4882
6
6049
0
856
0
0
166
442228
3923
29
0
0
0
0
0
1703
131
5947
903830
3
27
1386
4751
258
114007
27866
3878
13
220661
1943
91433
153
1
16023
103
4678
1567
14055
229752
14
28
4363
0
904607
32064
5834
416
2404
71655
963520
609
818688
6592
7
8457
22282
17627
11986
33455
615493
31328
3497
841660
906460
916440
400
1806
12
0
819
5832
238716
33
806969
331
165
0
32744
845312
1045353
8783
17063
1993
22
78633
158
15
31174
11150
1768356
395
56
2162
0
0
10974
2102
7600
4700
0
22
259
4790
4342
10
53
299
11
16
863947
4605
297491
153
914726
0
1613
901369
1
1938
33511
191
12753
9
1911
8343
5238
156
12184
6752
12
255652
1
6415
0
1635
11
0
101619
640557
489
643
2858
11799
10259
2356
19
44
92
35691
23426
904262
0
0
3777
7390
1
2013
16
0
5924
1955
50
1802
216
56
1
1
148
41
999874
900632
1661
19
488843
243
94
0
851690
0
0
466
80
204
0
0
358
75885
5979
5
204
31600
54
42
73010
0
0
0
131
1
5
0
42
4807
0
0
0
0
15614
895594
638961
7
42
1265
6
542
0
2
2281
5644
6236
60
22
35570
11
0
52
0
1
0
8
6
0
2133
13
2488
2
2
1
7476
3
4399
38
0
118
1848
5
5
5360
280
1633
31
865031
4875
7499
1
2018
148
29
3
0
3
0
1
2025
33
140026
36883
363
16581
299
856158
3544
35
2144
1737
16174
20
584894
6
761
1220
442311
95
2286
5583
910035
13
8155
72
869899
8378
2
431
227119
62
4064
0
222205
1158
13
0
284
0
818265
3625
2290
7280
35810
7608
134
36
38336
530012
26807
3168
187000
16534
1444697
122
15386
47
345
0
2159
2
738
34
74852
5031
143
6868
0
46
31822
5117
99
308
31935
1
5791
6718
362
1
0
0
0
2571
0
0
5989
150
0
4213
16620
11
63
207
109591
0
579
198
1177493
81
9
1746
347
42
53
43560
669946
1757
635826
0
0
149
240
81
4445
8
8136
378
77742
154
4932
71
2247
44
840836
343
33131
19156
1344
5972
10
214
199
18168
800
1721
166262
583358
56485
4448
1811
760
148
67763
3604
1279794
73898
1188198
1696
6740
219455
3408
31660
707819
272300
592
0
58
0
6738
75486
91
96
0
0
41
7628
439
1855248
73
33714
126
12223
23573
1734518
2246
3509
1305837
9080
98928
24
14197
17051
2154
36833
7730
301
884507
584
5558
6616
109946
46
573868
89
355
898780
840527
12781
7876
2945
32
236
5576
16
1256
1
16207
6644
0
2868
22
4437
2244
5845
88205
79
2681
23
0
225
3799
51
14
20
2488
0
2
16
0
1562
5684
184506
64
4849
1
667
873898
1631
456640
108895
230425
15120
900642
74693
7153
0
6835
4302
0
846452
0
4765
18
20
3
4822
7075
827342
6
9
323
31104
17670
66
1365
3503
3
669
5759
0
246138
29
786
200
1931
26876
1634
11797
44
119651
200
3681
12521
1766
17
4382
438
696632
12300
0
883
6792
866195
3034
637324
763927
1289
413707
16978
996824
1240
12329
219556
843960
2260
19083
44385
59
761
8324
383
60
15227
36
4653
9
49
3862
1710
248123
31001
221
628426
3
24197
42
1787
43
162
213
134
0
223022
311
2459
862
0
1761
0
3701
738668
24323
1604
0
5818
5731
11
5535
18
39
0
80
330
405
338
4
1
220367
1924
673753
239113
4900
1731
888100
0
2256
18
4638
645684
1306
4415
213106
810
38760
7222
4408
15
246201
1627
288
1508
73952
44
19
48
14566
81538
599
146
179
6
172
10148
1835
230
182
7311
126294
6390
2028
976678
13547
472
0
0
110741
1922
884422
0
5837
1638
3
85
7166
31360
316
8035
359
5233
84523
4018
0
5231
900302
848683
3487
748382
1002710
907805
879058
16438
135
3903
1431
621706
39095
1384
964733
0
38
0
0
0
12
58
637187
130133
29
16129
348945
2297
21677
6456
4
77
1
293
329
0
0
0
31956
383910
4444
910658
0
0
0
1777
7307
4
7
31574
1684
13
620
2187
14441
5609
15
16474
1639
6731
181
74
1708
4730
99
0
14
1
31464
1810
1893812
1656
83
862893
6331
14372
150160
4531
220185
464
6121
1923
30
91
15
1
1829
0
880421
15
16781
51
5
869265
7069
1709
2108110
284203
695486
4344
496
2762
875222
18413
5839
6221
7156
28
10068
16
12
4568
876151
1933
786020
3
0
1698
895201
2
17451
69687
3381
6832
3262
153
8
0
24
2
4392
6273
0
1144
4374
7591
270
311
1802
5319
903926
2043
1038949
861683
907704
22
36369
516
0
260
311
868307
984653
1
14616
8280
262700
0
640739
3198
12673
927944
3103
2019
7902
0
188
1680
10633
80
142
37651
18
1
0
0
897456
1807
773
36986
0
0
0
0
0
12
6
872562
151
4
308
789
4000
12
435353
1585
5450
2
7914
0
7571
31429
191
3
62
966
225
5000
301
149
0
0
4239
170
2210
1754
11911
636042
1
73577
5
30969
1322
643
1206
32323
30448
6225
711916
50
83
7602
901039
9
23401
577
886006
118390
570909
1756596
6539
1266
1760
15941
79
5
27
0
183940
38
1712
5
4260
4827
7192
17
3193
246540
283
3
130219
6584
707992
2211
739127
995654
36237
960
15262
3872
3
2
54
56
448
1606
7667
38
446
218851
881584
1057
4347
6786
257604
1510
89669
789
59
210
31944
20
0
31368
74
89422
849343
996854
596977
6672
0
131757
0
28
295
388864
4400
0
722
1321
12171
2196
1
14112
4000
8
4353
1575
376
875347
1536208
21384
1210
4880
870073
3
11755
46
4541
1287
1717
862129
905376
1
177
1619
915471
3804
140
0
935793
0
5
303
1846
5844
5834
820
281
8405
85749
31684
4247
8357
884002
997377
18119
5
73139
9087
243118
325622
987088
15406
1649
644
868935
4946
159
90720
842023
130677
386304
13158
239
7840
866708
853484
1649
888184
3684
47983
4132
79020
929549
22820
546548
24771
20601
20263
50421
41116
102987
13958
5238
35060
19609
9456
589392
16816
3732
838613
3583
3
36612
50
31510
4635
621813
7177
5976
4287
7133
65
855826
5858
1764
6111
176
902182
6381
898312
852556
1675
6414
6073
622960
177463
1684
126
0
0
4706
427798
20
31669
10
0
42
0
1
4578
364
32122
60
148492
21674
82049
311591
621947
115
26
13732
424
8782
517
590237
38014
234085
51969
805382
12
709531
1985
9791
0
18
60
0
175
4870
543
0
329
12
895063
2286
33515
832207
16891
67885
960769
949999
6585
12054
18122
2649
15052
16387
854
12
1693
903694
5973
384
113
5717
6426
5519
0
17
1770
76668
898769
130
124
866371
45
150
40
1884
1878
1670
152
33511
3983
30
5898
826369
9580
17121
880087
2576305
36960
35
173438
198
0
0
1730
98
0
0
665
1755
6
1924
8
4570
61
0
0
0
20
6680
5188
6233
118
2088
0
4159
423917
12
7428
119
210
0
501
5021
31565
0
5971
11
152867
295
153
8570
11
221029
421
639510
46
4831
22
20
352
4316
37
412
57
23
1
869103
3855
7154
9
87
6343
38084
7797
7197
20
19
267
0
10
3978
0
158
143051
141517
225982
641060
19116
0
84625
7847
278
1194957
75544
12157
11839
3936
3
870772
618835
7455
29
874881
32651
23
130
245909
74157
6934
77
32212
6828
904345
18136
417
773
2861
9
5821
75
39276
0
2831
6
609298
32
40677
1328
31682
4339
25954
279
63567
2969
1001329
211080
627194
36
84465
41064
1576
4919
831390
1907
0
1120
7206
0
647131
123
692536
6454
2972
11
1980
213
555
2162
12548
8782
1
7097
16
35
2799
60
32294
26
2
255652
2
57
0
0
14
1
117
6311
22513
2
15
90
5695
4876
1
1666
74192
563
31438
304
32
81
178
6728
0
0
4951
1741
110512
189
871730
663594
2166
31829
2311
11
110
475
0
3191
22
31151
443
13
186
836750
45
11561
20648
893
2381
59010
18525
135
50
838275
115221
6155
832939
43441
82
73898
1745
26
60
4868
5958
6060
77
107
31211
4481
1852
18109
459
24314
3
2107
897044
7452
14890
123
0
25
16307
52
6951
115
777
31451
367
270
32
3369
319
43561
20370
13339
1851
908788
0
0
24
327
12718
1683
639
6
371
6
81
6604
32
12
5592
150
5713
5850
8337
4377
5
0
5629
1
4854
12
74
0
1798
1
4591
0
2528
0
22
4109
2038
201986
77312
3966
5495
1
31907
8
870846
5
251
156
3
0
149
24
3
15
21087
30731
1816544
22
899630
11
900508
6480
128
1675
54
42
0
46
135
14
484261
1856
7383
101
0
47
337
6745
4
0
40
1716
72920
176
2
0
29012
20
9308
848613
233898
0
59
399
30
13
0
0
0
10
6377
3
193
0
821888
1607
9595
0
153
198
21260
0
4494
23
2
0
878265
1836
913380
837951
824066
33654
297
0
110084
0
5929
26
18
18
369
168448
30
59
58
2246
539
141
385
0
33307
106
54
2
0
0
8
0
1718
60
72987
0
3713
0
0
0
103
0
0
0
724847
0
0
541
255747
0
5886
50
2258
0
0
1
0
6
1912
1569
66
0
1652
0
4
8
23933
39
1726
4508
6
4385
142
4690
1
0
20
0
0
0
5
146
10
877192
900750
0
54
20
3200
1
4786
1893
13504
6687
0
674832
61
225709
0
1181
637674
6516
0
116
7
1
40
1850
42
0
8
13
176
6963
4076
4245
28
39
10
104
419353
418
308
0
1325
15
5693
335
1966
7320
713920
1183
1773
751
871641
242
44
5674
1666
0
4542
0
6810
59
0
0
19
6499
5215
69
1682
34209
31440
151
95
0
2
275
151
0
48817
10
141
5532
1585
61
0
0
177217
115
3706
97
384
327
79
352
6169
1
392
7072
8297
390
11
4
1478
49
1628
0
219874
6
110386
4363
31853
6
893401
5
1741
10
46
0
2256
281
0
0
60
4748
22
0
2
1671
0
0
803095
5606
1942
1805
0
4039
1746
39
6348
14
0
4149
0
318
0
7
409
39
2
532
10377
170
226
0
4176
0
7
40
12
1857
314
69
2237
868576
6037
0
0
0
10506
6154
9265
305840
41
4395
0
265
74597
55
30597
1485009
16557
631
2110
16469
38137
9
865412
0
7471
4824
0
328
7196
138
12
7358
4888
0
0
10
4
0
2089
0
51
0
0
125546
384
0
2
5
0
0
13
0
2
42
5932
1678
11
2
205
1744
3
1
165
0
0
0
141556
4
1746
109595
3
32209
4461
220892
219002
282
1515
2702
137004
657945
15547
1855
80946
31886
31906
0
2161
0
16576
109659
84848
1
1855
0
4563
1848
168
839348
56
17195
692311
35934
244840
225941
0
0
75515
339
7134
3708
671098
12334
37956
132
5340
2007
2062
16495
1874
12288
0
3
325
1568
5194
464158
1253424
88701
0
0
617730
1
13
616
793
7224
4
17
3437
639076
436858
13859
859015
2051
353
1717
63356
3
350
2320
0
0
24
5545
130
1681
32507
877755
43
245419
0
73985
1756
137
44
10927
8589
174
879589
59
5978
49
900173
879229
684
2
0
637523
7480
6478
328
0
908988
1721
1676
20900
1517
502
87
9132
6795
353101
177
3
0
651
3711
0
305
9821
755847
0
21
9
4381
5835
730
221317
31818
0
1159
0
0
5961
37365
18
0
0
8
0
2141
670
51
5286
18
8
1
37
33621
832
66
1420472
6594
79
111145
2545
810
14369
57541
112
62
5801
5979
1758
31592
33075
1802
2624
7454
385
4026
4359
681279
468
9
17210
189
0
698
338
59907
6293
53007
8987
221630
384343
1723312
8188
1182341
84506
95432
10970
211226
305
2951
7487
67
4008
808748
0
0
0
4752
16276
73331
7208
9337
1442451
2045
5523
6657
33739
936786
33161
1657
34
11345
0
0
32
1834
827415
215281
453
42
50
1905
0
2613
8
63
2
11
1092
640473
378
75
864633
1186
14748
229
0
35
4314
686360
0
167
74381
99
5442
2
5672
117
29
70196
701352
34848
0
6579
110
2
9
35201
1
0
0
135
1
38
4844
7430
33696
124
64
487
4742
432
61
278
53
114
8
2053
274
0
1944
269
69016
6939
6810
0
6644
5766
0
13
0
6867
1857
4915
167
8
24
344
0
35
1
7351
0
0
0
2770
235288
4
59
18
54
639
2
31726
0
0
98
2611
2204
2
14
5
0
2
255626
480
0
1559
0
1697
4414
21
150
893462
1705
4696
0
290
0
51
125
4264
0
15
1958
4
871724
0
0
65
0
2
44524
1722
28802
145
126
6676
1512
54
145206
295
0
0
0
809204
37
3825
9
6
5174
198
56
66
0
310466
20
963828
17122
144
0
80
4878
64
0
359
0
1934
1748
7
4
16
2
18529
74435
31968
0
157
137
200
1
40
31387
12340
305
123275
0
478
638042
260
32696
210
1671
12
0
0
878046
472
636560
6707
12
0
0
7
669
0
0
0
0
5057
1
31345
5665
2130
4829
1687
0
21254
81
9499
959592
24892
7746
10
0
426
151
954812
6464
3476
90
2
640784
872464
1
263
339
79595
152
32234
80
195
64
62
2
5135
2284
13
22
0
69
450
71
53
2315
5
458
34
1890
17
170
857062
0
287
91
14531
5627
16
32
34456
8
414
292
17037
31515
59
5244
1260
64
2703
19
2
4908
1887
35
1810
0
3633
849336
314
591
153
1
77
24
16395
11624
1198
1257
4666
105
1804
16790
6
711
1926
179
