116669
469457
325594
210699
306100
747294
379091
1453752
835707
2438466
1299407
865118
143037
518204
648658
99377
386446
1915640
652974
107005
59011
496186
789143
1313859
909180
1953701
1155093
170939
1070525
898025
1882247
448567
1278569
687703
646589
874911
435724
1851378
1501059
638736
495450
1705357
707891
1494814
164325
1792722
1290184
205933
590217
2204486
59929
1151504
439121
579613
374183
561637
1018262
762751
1118186
115709
482090
689448
127054
149369
55854
66228
281144
564484
839976
438985
1706110
725986
495272
78662
280020
69587
78912
48138
1055375
491518
980893
45593
778731
128808
118881
134492
546223
607720
209296
635042
794760
352540
715904
293135
1625512
496470
919053
123874
344439
1410219
480379
1006334
170632
1473438
664884
1773588
2241008
2014299
1188115
48602
1534265
264431
33098
829657
515360
259412
88507
1492779
32250
368156
1499083
387175
2213491
297218
237810
263378
281402
201470
736079
889706
878583
554120
987523
66783
604220
1452462
992565
106592
2022440
1687106
822235
117447
867846
1089454
1003988
399736
2041128
156353
876491
717438
1734912
986538
810357
490951
1563495
1285991
918491
292511
436984
838543
1838777
847326
1007443
1021619
1877056
306981
1495724
368126
965282
201256
705570
1460717
1026406
737752
991667
122332
1101237
107493
473276
207865
318353
220872
1196716
520755
587144
750802
2686450
606841
85804
52619
873406
1179252
21192
744715
751426
1063927
434609
1045128
1321395
276566
412259
588230
159889
108170
417755
394135
513214
664450
455561
236981
730902
12518
207345
590721
439166
1121344
54128
402876
826243
328846
400759
90545
171239
433446
1660835
712714
251553
798477
1460065
439923
1008260
132983
949476
288694
1063998
354821
66966
173607
1118163
388642
583822
133860
1998575
387197
102885
815768
186727
19854
193652
685110
1280915
465974
832361
132144
184359
465113
87513
570919
652742
102068
99336
445680
1287624
174708
183926
635578
971312
1483347
47939
244077
1361171
49049
360232
749365
31901
1138629
654806
12519
284728
321391
208220
176203
1716893
867710
66829
30490
942790
330129
935562
1224291
446280
357614
2406593
1278423
111481
248282
1378926
295098
339618
33632
406713
132342
1084030
74821
371551
62281
142732
68253
166915
27114
165985
70023
323480
1200773
258405
253660
478802
304566
655812
211900
411582
77969
930867
50546
1023900
141544
907625
32664
1173932
1158628
113417
372640
87097
80116
290859
176437
129651
334469
275206
76957
43038
116042
587660
104567
102370
765786
736431
16044
128155
25424
1033043
178966
348509
635708
252516
77635
1003852
128833
2726585
70294
1255989
600885
983383
149653
478582
24659
380878
28765
636064
1467416
432462
299070
402553
26937
171172
354212
1661970
542769
1821152
506668
219375
1085149
304202
388397
1241976
1273467
592099
37530
140726
633319
530866
119578
148161
1246621
220440
216451
607816
271841
1033410
23094
884921
358641
662677
1343444
92241
105742
1203395
68090
50678
477130
1459306
1516886
299782
35512
1331090
82893
1317523
823465
537854
1759063
414047
1328465
1828279
1966477
1493511
629388
767867
1527922
2159200
808846
718135
509807
1524489
113528
2600693
354780
13358
42456
70614
47370
646143
1820108
1648303
185994
652708
31016
632284
172674
78669
976701
147786
1153317
81217
552845
1833940
49791
794365
256629
387751
1099957
370802
116165
285844
132465
754345
263355
1068168
32717
32895
76179
371265
1343144
127440
76160
98933
93209
62363
58166
754798
214823
174485
1232354
2259730
810459
850094
589045
104372
88557
1395740
2205308
1590519
882742
274695
421753
112439
678351
1089237
706381
273438
428288
22883
966385
1430363
135282
629696
534200
81551
259187
170653
446107
461410
310755
516012
1514024
2797716
997315
956671
302035
1666910
956808
1729449
1025381
1489376
260588
1164441
759929
139086
1270094
223219
988595
133264
19813
155810
520627
176054
670970
1539471
873410
2491784
237315
234234
963623
892043
152101
604739
1162490
1552688
800168
486698
53557
1411101
356615
2188085
1360571
1222727
459589
1242926
37019
1582404
1073032
1127338
810259
616983
578696
304145
1358689
929176
141010
1940761
613921
1011855
1124488
1477641
19548
577445
1123885
284159
1451199
1761629
1063686
178884
397177
339896
229530
682575
2477831
630144
1068435
468499
281385
671469
802232
46594
1432485
995249
186402
581329
253830
204841
590371
642900
2049269
395010
376812
678560
334939
755255
688681
1510388
555381
525197
382069
1374705
320188
503369
62434
1492271
2370848
212518
1850710
2478898
89036
2295323
1068294
1612680
96555
1120370
198870
1618740
259448
116843
255337
487572
325990
1392029
247200
1617209
311487
687852
555122
2059703
1161553
1826366
2506909
201529
715142
1727017
583112
522582
869594
2177893
268245
1539889
375503
1443739
1599447
1209722
154962
1282813
237454
727282
546864
122057
532318
1908996
584535
2801843
1827562
1405234
1656869
381048
1345455
2448255
632738
1602055
1220467
249772
176269
1598569
1142408
2182347
836597
1665957
599963
1320160
432223
2541803
434463
3364428
958957
941203
211902
206682
797109
146693
1191244
2840234
675241
1027104
350052
159619
270564
311555
707502
2198320
2619728
1004551
1226302
17252
730136
207924
251786
831097
1460165
2115447
390397
89368
98106
318487
295844
150719
350174
176214
179526
819453
79460
601956
283569
996920
98380
302693
137008
202432
61421
801193
757788
1663602
179957
1817959
1261146
588645
1461423
769213
732490
1139804
1417036
2805827
231682
882062
112222
476473
69547
238821
41657
326831
694580
31245
20755
127382
254717
141216
42256
1098348
853322
398075
85446
1333492
929546
405371
340877
1669996
103999
1707863
1165646
859358
1722642
742294
335531
648175
848660
2653159
434332
869531
34531
12226
61897
109053
409158
1067952
381222
743652
826498
144792
134197
1328674
1761894
268531
91721
689255
55702
243343
37397
1171189
872068
276198
1133088
1133474
1244210
663552
694589
1066345
893567
78568
298869
686085
838402
493589
7777
449528
194434
527889
395509
143178
325213
142331
467299
271610
258524
671936
116415
1267975
129757
665721
415054
303240
24273
238318
299283
20328
382272
615468
332058
1028342
192690
10776
20638
20343
183977
315165
296730
773405
243995
74073
350022
284510
66884
361102
483033
1066620
170954
1314400
301800
1124730
620418
375171
111162
710535
69466
395065
17821
105634
146602
1028965
795608
984372
187637
456214
11980
95218
129026
76705
124866
475836
148086
10871
45845
76243
113681
836270
378951
658752
438910
424886
895408
233533
246391
1800432
562950
1215113
240672
35870
108817
2284329
90221
2461167
87721
819201
1769316
171321
1974144
1351805
491977
1466858
234539
878258
488646
965807
262269
407859
871953
210697
710880
110354
1310054
407446
267387
308362
907825
1963233
925318
698699
964969
346725
117953
2210832
1317447
1267704
1503737
2158704
1145309
996876
365463
648945
385039
1065835
29088
795478
29219
319868
727453
122569
67473
855116
312932
244173
403595
406543
79235
319530
689590
227314
1119706
674242
551239
61860
695179
9325
529886
295085
1486728
661328
309051
267733
786634
24534
1094865
51196
91525
194178
12001
574477
31616
671750
615694
88589
88416
1770511
134142
161061
37559
591673
394925
326986
400587
813084
1121266
174101
19091
465299
938440
1077343
86448
627041
932270
702494
531188
114041
360250
665808
415812
159157
665424
192250
95467
338435
777518
1700498
335852
264930
130534
507594
742696
453492
785658
