232819
265621
353540
33106
52199
774953
35333
166944
273529
409254
311172
480958
20585
434668
208788
7404
419246
419004
37948
48221
83889
1105609
857514
1293531
859777
952876
52683
36227
9355
1350892
153673
223210
957211
172745
184416
23868
88899
770496
254151
301970
302874
196621
323758
1699061
248341
2573537
293019
263650
41868
732144
14293
5285
473840
451292
1286990
311417
127217
227458
953467
335436
40430
43514
45340
60713
816383
188288
403499
875213
1421933
1644228
687801
36267
454606
23390
866529
30481
202949
529465
356738
46544
149951
441445
527187
403790
60034
371400
432039
826645
88153
996727
673207
285842
223044
295514
560196
1136994
199236
232459
1181534
12078
104691
108695
828535
125217
94203
118540
113588
380144
193938
986224
634748
731371
33414
80313
30490
22314
291692
263720
1065075
704077
11489
895159
340465
104577
72702
34994
123542
236256
94706
999657
365502
363135
340207
160458
52612
578436
922243
254476
266894
367536
388984
302646
1057458
51589
329763
311884
153685
507571
404839
81062
1036264
64643
610699
864700
243151
25913
300097
836255
360999
236790
835334
121420
457593
55853
43246
85664
107020
357685
333097
842370
196210
206723
632001
332109
2411676
85738
806300
79715
355283
16760
505150
1136662
1371470
512571
403532
249049
328639
14733
92354
503554
850122
233072
426260
41658
24751
18873
331244
149730
726361
93533
104884
67748
179594
63632
53562
10787
12336
7760
16955
213411
736331
1188893
206066
438516
31472
477942
42261
1193846
201896
274814
33242
309309
53003
179731
655266
1024102
143643
142306
67016
823252
57345
353162
322975
1241365
457771
752394
50562
404256
72458
910758
114058
29321
93745
17292
224901
17310
54482
49523
54767
187191
649394
211048
97576
15445
109059
18266
422387
382775
544740
414682
90747
969228
909338
921637
128958
239815
629544
529152
51866
157402
875436
18890
93348
1921220
237385
103132
646633
377635
762152
208451
304374
127239
261804
950844
9977
391356
15664
161364
595024
38060
766558
342908
938695
154983
366696
802682
101074
141409
279224
1105745
25641
166092
123580
575324
248890
215978
48173
52716
886955
480707
38472
59074
817181
849683
1451941
134267
140976
149335
97406
100336
152884
145893
190486
152258
168136
17005
369367
136673
376299
833414
496480
174890
92828
140702
658981
74181
233203
57366
115282
191240
112917
195841
146074
828457
415360
775592
736570
864075
215751
123684
80404
1877156
496366
16446
23542
105088
820779
886813
553862
52434
1010620
82816
987813
1008950
445459
798317
280967
84855
203359
312760
215026
113519
102495
173347
173500
165319
69286
258133
512731
86650
2053208
816617
1306335
434511
184614
123030
1600081
354484
31018
255929
198118
369077
435547
819269
372248
249249
146374
97831
94809
116690
1641636
13473
327243
139741
25994
738019
213093
312358
1379505
11841
571844
105472
701744
55787
126833
118987
697286
145082
934566
975005
61558
174538
61897
136169
755071
630122
636033
200094
517017
262409
1636081
155516
721609
158925
481441
107751
2347540
72189
217076
69361
1017205
608395
118085
810822
77988
857642
15113
44204
76071
195309
390787
234533
1513247
52907
115598
160199
320802
114343
104627
853650
11959
70037
50102
53801
216326
112839
481985
231672
259162
10652
40467
233797
528312
385595
210677
942085
478650
28388
248918
252214
114650
138127
107318
31017
1411583
746801
549551
11566
408314
124321
634472
139040
48256
581786
145403
58039
293008
1236212
294761
748044
138278
47553
847532
72037
875826
74100
133152
1149975
89683
167513
317557
143698
86328
161527
297694
209713
120130
984945
40180
621066
870580
655662
1196744
1422663
688502
979058
321623
139931
533281
76676
743676
808541
129342
167535
214130
332746
274824
69489
148686
808111
57956
404509
1105869
69297
229114
882761
459349
1259596
217087
373133
1037257
409411
917089
70041
545665
507297
214564
447223
474149
331914
202690
248784
340522
17503
767722
24359
313944
145262
762661
182432
278618
699131
36092
141455
896512
30915
326883
2386084
361168
63497
83932
106477
255748
388928
492854
145868
236089
134830
125895
35713
1182289
220739
215404
99205
923620
146189
108993
556031
753594
419252
132672
511626
1344749
401369
320565
37924
169691
1042769
1381751
96526
624675
314740
851535
22190
111409
127588
412083
151552
168287
696305
103826
88511
110211
83210
298000
1434593
871219
16972
52999
29380
806457
55162
88553
1031012
405790
520870
280677
219181
189091
57305
131252
600604
1041244
624936
310213
128405
436066
328116
510088
828216
1143676
822267
86392
710925
695447
648105
122488
325344
321187
16246
92365
427207
264459
836512
158596
219294
208957
88751
606772
22924
1133372
352236
649832
772364
1075597
705463
543306
653018
232351
1098438
1247760
242520
446569
775984
173221
418032
498093
1175986
509692
444979
468112
53283
279360
68465
276506
666936
1894004
1116391
2238240
175435
910236
86330
711320
155910
41034
1016181
148735
975508
1265804
111008
42015
60195
195374
427135
581651
319319
60916
88938
34090
7002
984726
794698
896893
521431
112761
858994
346907
181458
175430
293558
1016824
1983066
127503
215533
600047
467133
1528968
753002
1047780
381908
542995
387554
172595
920132
494723
207025
1638976
672314
93396
608736
100291
263647
864582
119641
102684
79758
90105
788529
487790
177699
68009
1033943
1211215
552714
75748
52112
283175
56257
144639
218072
279764
15546
665467
634979
120044
29606
66719
112144
406571
950024
33351
954267
238623
24782
1243532
1375904
356908
176941
668677
44960
212981
409351
186829
16974
246590
752856
90230
178552
77429
15284
42772
38139
400174
176689
60334
294766
87117
221855
152396
185768
433499
160245
771553
347961
106555
508017
18518
105073
13850
9146
29163
198330
74890
59916
263236
43848
91433
270395
37165
12325
64941
49183
470818
170486
575392
13176
682010
230026
332644
16835
419986
1262991
30696
551009
144423
759812
1057489
148062
44307
95700
317453
226762
315965
161537
1461895
223884
7793
32666
337991
65887
87436
159530
118709
580946
189663
509538
46743
25746
346083
275096
577323
700178
1236616
82304
953693
488869
748498
836196
1529707
96393
364254
14913
276647
33220
595971
82186
22434
83141
221931
537416
51439
121751
216495
35488
616559
45307
345430
45121
1150156
788340
1482367
299499
619006
364340
964552
138457
259519
30292
188189
142234
78142
289999
1045062
185000
208454
902414
862909
594230
881729
359333
270196
17888
407038
176268
1016930
29458
427046
38971
217873
166223
839445
405785
137987
708200
275398
524786
871821
814479
1440565
1086938
163796
279227
901283
447566
154301
796932
223957
13831
68305
223371
1607718
162448
399843
70018
331915
65934
86089
97540
1289893
35658
114930
203438
972304
24183
43760
1024943
319770
47735
36834
57877
82445
498298
20913
193498
572904
95196
12169
142099
150020
169027
109456
856873
25697
57369
27317
26562
1335082
23740
54092
231100
31355
15188
34567
851734
95264
146034
319756
741644
92555
228404
407590
74645
1493813
229325
999552
469472
550396
277420
45585
51852
184581
37408
21569
197389
23025
43355
129338
87997
212992
385283
58622
51070
106358
64766
