54465
34891
69704
234185
2720
1429534
7244
35530
7138
276621
1194182
35783
80339
248725
468305
2311
585751
872522
2486
150
2590
1213819
1446493
1065774
1213359
1012043
83574
1344
2
948612
33579
594522
995727
852760
4276
55
3217
564902
7659
837915
723627
630462
601506
1701517
43659
3663815
53811
632737
0
334798
62
81383
252936
61167
1180861
1482348
472400
635697
311869
605339
33549
594596
594314
2191
1685972
251309
597405
895626
3044347
2038467
1120483
445
60966
633697
890979
1636
34376
259044
655313
69
613250
14201
372033
875577
34678
608901
256282
1185414
9515
1134520
1491734
612517
2095
12733
614467
1054975
251603
69884
1222303
57
34
833763
1000927
16776
600465
87867
1585
10784
620199
1510701
281073
298742
4
599980
235323
113
18954
41689
910079
880051
1815
1509115
1211851
318299
1901
240
611143
594521
668861
1013208
46278
111487
15120
335041
625
1473797
2117210
3412
646125
860178
25925
848938
1026073
35496
613379
257750
3873
2046990
243423
2631
1105915
35057
296857
1594984
34609
1423
878864
1580267
602828
58774
925589
666156
616303
33824
598510
1557
33546
839544
252271
703261
610232
8997
619190
1073009
2117659
235863
1131490
416
44621
1677
655904
1022508
2129379
55817
654466
651909
49606
17
35987
852596
1986172
243978
10064
97
1147
147
47661
1800
301496
630941
1190
43618
16486
5425
155
115202
114
459
0
239338
542333
537138
367
36096
18
45746
29
1859761
23456
37245
33964
1485272
70
242149
43674
1578749
238534
240023
17689
2084055
41462
614457
839837
799912
60128
528157
689
633032
669593
1000318
603976
64
39117
0
7785
0
595910
238098
328
634592
43252
4188
227876
1538
1571
4414
303028
850569
585057
480374
265
1008064
1224218
1497715
614580
242200
680999
652064
65
603952
1494540
36
922
2677639
1249179
15034
938525
259864
900939
238078
260040
834140
7679
915215
1
847152
915
1170
690608
98514
99876
651163
2916291
5728
69072
1617042
585654
599692
58421
1975695
463
4630
632864
854206
5685
610750
18
33973
296701
20478
66
239701
288756
892543
1673675
633836
609480
238947
531
232485
9915
605878
612428
598753
649
157
13636
1698
95651
900245
297299
34418
1694
3827
924498
238316
615158
1828
2592
4169
563287
91109
80713
1065460
838187
964486
888177
898063
19044
594761
8450
1770988
1442457
0
5700
541
980452
903490
520941
8
1420809
31139
933893
1164714
1171856
1133155
34458
2956
3274
244175
16711
36043
225
1234
607129
5699
237584
637501
378626
7548
2168325
895601
1062931
334367
22158
689899
2689679
666034
2210
47293
35291
42312
258169
1215929
324317
239296
5838
2259
34682
181
2043147
3572
612437
14
232
1468039
267643
921502
2464600
414
558864
11636
894952
2849
15097
223
1408998
833427
1468357
306036
49
36962
14087
83111
681695
865328
326147
37075
5563
628
1479377
1078
846819
1178997
640165
3327
2790147
1671
6317
835684
1614098
281032
652
981925
592309
896666
69
614314
1616
761
275832
238269
2650329
1990
601247
67
654826
5856
559
1367416
113
35645
914
46
40832
579
1452900
29338
36063
2904
5946
3415
138192
840805
15091
1587596
879759
611393
617047
236520
614346
2801
238140
130
1762109
895595
627145
26
43355
12152
928081
1211003
318552
749989
1503
34
292112
1633649
38945
488633
13671
14475
911361
2142
899608
316
598766
1054141
21549
112129
23103
1012438
26663
579985
614911
83162
615071
1005324
82039
43453
995954
856772
2071052
2123269
335569
1588112
42631
629285
1711270
1601
247228
927673
35941
14778
332699
242130
35269
459
3435
894730
235446
54959
2376358
612296
4625
872851
2899158
1278532
2471
241390
1844803
22901
893053
3245
667828
336955
602
71920
662044
518285
5623
36115
66656
461
769191
111
619642
5035
863688
1229726
237710
1050801
232094
8268
85958
655
249685
2859901
88770
599785
715
60194
259451
846622
139023
636451
1795181
599214
598311
13
1594052
840664
598601
78
903375
239839
17109
839122
1442423
88654
601663
287364
1148017
826912
278715
1199
599197
1629474
2275374
1123
728391
42312
980058
304
620814
94
278856
15161
72670
302523
243671
6007
598370
6471
239009
2409494
901809
503
611692
3290
1064488
2
59
1081166
598170
744234
43587
45565
2773
820
7048
42194
2050476
921946
838932
1677
38383
916467
1222209
886247
916443
137847
70879
300996
1687283
7497
236224
844458
1220811
1
6578
55750
1243
903304
123
5764
47353
243268
881875
95912
1683690
32583
85368
289125
958218
1451682
1687446
880558
6971
1000274
1477809
300936
911131
614598
7509
30626
606270
1017669
29451
273134
693318
3
1438491
353
909
292043
2353015
985229
2319268
23961
1012230
4707
261119
248913
4084
1090004
236805
911416
1180508
570722
1411
600058
90285
1176498
309791
122117
279
3555
36
1184
1142240
1507316
2182495
53646
48528
964576
25209
39928
82448
626486
847248
3157696
235552
13493
63036
877359
2110089
1486426
1018114
647878
878041
651197
2000
402927
74020
237411
1166348
957573
860
981836
22701
575
1009912
626573
3678
201
596353
912478
255372
3056
37305
1109334
1860884
244313
9287
230871
253946
615161
9093
7749
244070
2137
846436
286308
586
274
235146
38288
275013
1583668
281
536579
20012
593064
1133271
2652400
88392
5945
898134
597267
569044
138390
35187
3075
606028
899453
599974
66
631150
81
148886
458
623914
6694
49
575867
6434
643013
39882
240133
248479
34216
1133508
124294
7328
1113572
147
287
0
113
0
472
119978
34375
476362
13
4899
13662
3
28
1591
68
273635
13418
891899
4440
897290
238882
623686
474
1244547
2437779
236400
856931
16071
294066
315108
2397
248
36
49624
48894
8881
261640
1809893
54078
19
18625
23554
5908
352
5595
39154
44272
98925
56101
81472
51
698636
920140
892858
896263
1717774
55
902168
8732
635216
984201
1963821
1795425
274315
6
874850
59
892793
2119
1
1458969
615959
57166
7023
4
239545
252
876069
240158
606671
588
1263751
896223
2031687
241540
859596
847387
1457863
6196
15428
15604
6660
241807
634178
283983
905409
61225
1333209
986057
1491672
861165
1490391
648814
285761
109
28416
598303
895168
451
122142
1191
602656
7317
120322
275411
15872
47885
241993
771156
373212
1705815
1457994
1002039
364450
627677
1479346
272361
241822
900996
321300
50
1415
53710
2578062
6047
641984
15997
66071
72
1
13351
1004568
2117
247294
43520
1618458
134
1620
1629238
639612
238
33657
68
235984
883771
0
424
493876
1
327
13378
597990
7529
13844
1130973
16934
290
15888
80895
1743213
596919
99
243727
8
0
7
912637
353
278823
642383
861508
241996
1791
48606
27507
2385197
47645
1144208
354272
30344
19111
3424
10607
1071845
5472
1427
235137
674562
542
254585
3607
6062
245450
833194
567378
231134
663080
