280695
596945
2011973
1166790
758002
821700
290210
2072606
2515874
2615281
2550841
787332
2007039
1543336
1902285
854789
615580
560946
320769
150393
441604
572933
915044
433778
1389734
632478
1659103
510324
317914
718386
2644175
507629
2238663
107494
1450068
1734240
2252881
2386949
1286262
1102445
546190
3046587
2458088
1287498
446786
904055
2770088
481884
1003833
1900092
14404
923611
796920
1140742
263019
803733
1393977
1002461
1232141
136597
255089
1020812
669385
272398
284344
950518
1818980
1072357
180357
713937
505450
1154683
600684
2861161
945419
1354694
2208
135945
685443
62349
290627
286580
2271561
537859
287433
723871
1045345
911804
295087
2145101
1197857
353333
1539348
39228
1765906
984289
1662375
40619
474734
606997
1950030
296275
1569910
396210
907051
1367341
2967978
1908085
2085756
112537
2295893
902272
989458
878053
1268969
63888
1007520
600118
521817
588550
2001249
1156111
2018055
451068
80194
794937
527470
1607618
1982731
1586615
3592004
2557138
575448
34060
1578953
82290
879546
858584
2391987
2080528
1789412
1295009
969474
386727
2548667
731565
2491508
144445
1395573
1442362
1690283
1362229
1060557
821235
2850661
3172241
1321112
1952479
589981
87786
3112611
736421
2501397
581732
1333770
1297466
3362196
1763871
3552511
2205332
3299617
2587580
1721498
844225
2847182
920020
2213566
880577
2336066
186289
584084
634433
337064
697693
2992796
2020342
2741999
733891
509312
567359
1475411
116546
1522593
821135
1059250
1518566
143376
802634
1885469
890547
1548044
707432
1467512
392898
54024
33279
215027
922562
680344
991050
689747
54995
1272789
237329
349466
831556
54966
627231
1483263
1372510
24525
12635
647137
1432251
2724494
1391682
1802238
1536028
393009
1922952
1704150
698342
1941919
1160715
3094083
396038
1375219
397770
592236
368388
742264
74914
511979
53423
33474
321805
2421608
29302
1082126
544421
623709
1415601
570378
428553
995437
940552
