1446101
2859494
2630386
1342174
1870028
2070340
2743964
1698152
2573642
2723633
2622063
2314288
2144079
1284478
2073721
991931
1139045
1713744
2069789
1016328
1167882
814547
1805496
2426178
1923057
1686712
3566561
1203338
2266548
1142552
2297602
1872523
2740922
2102279
3290096
3054240
1988514
1913267
2728464
2789943
3691816
3191374
3374128
2479327
1968471
883023
1954446
1569775
2978561
1709861
1939877
1094234
928995
1445494
1122052
680812
3008973
1840906
3202435
398565
1356659
879585
2171906
1389034
