286696
623040
243646
3082
1830
1541197
11388
98274
14038
281486
104838
245803
12792
74802
88486
1
60133
272973
109
616135
10777
1237628
1317816
1307127
1034546
999114
24175
602
173
1236281
166610
701033
996698
2007
14627
1
124
1164246
6230
48903
705256
235961
23474
1117463
34198
3200496
15230
1153
49127
909839
69
0
678319
659390
1811863
285853
839162
8313
1521124
711334
1
3
70
235
681859
47999
45747
1150396
1580724
1467046
913957
3
724510
1307
1456579
3376
238415
760611
41480
615868
235525
46918
1319926
22359
32840
513713
289959
954579
709413
572061
919709
2370
2493
235490
136171
1077378
254945
238109
1082066
1097
97
35162
1000602
819
1962
657817
2879
59149
612445
1277954
924012
909557
98
197
186
0
314155
11312
1145433
686718
122
1628396
98398
82007
82382
11659
832
608309
601988
1100866
24679
623982
932762
2667
8032
981165
772939
24252
619482
63401
57821
238766
1657629
1756
2359
648321
88885
533993
83057
2768
1176699
1299
294793
1001085
86053
195
693265
1001060
257442
1121
999954
38315
963905
456
11163
699032
1049
273134
239889
41720
255264
639688
83689
70024
2917154
28166
912513
1860
35314
1952
946031
1624781
1527261
702458
119628
3255
26003
1
618845
287911
136216
46268
152558
2432
28
13
239691
224006
913672
174
30812
206
55758
209
1908
0
0
0
1170
1960
912466
1092223
727226
660076
9923
125856
134
2207185
69830
852718
236
270708
15639
18261
900210
853723
224222
32205
33
529110
4890
94274
646066
1929857
255510
1296927
70
860382
7782
1000072
138
4
236
0
56761
1
1896
320
614778
237849
904968
74627
1343
105
3283
44
251709
627123
122455
69842
181
1246481
425559
1139516
476
653599
270479
989380
2
34871
1748645
0
15638
1860317
310567
1835
89634
287702
547336
2959
287702
34026
14467
1775387
0
680226
3
898
1340537
9561
1358613
241897
1145826
34664
101792
999739
225391
619539
261958
1058942
1381
676962
86882
344342
19955
237498
352
1908
1039705
759297
37868
34
286611
532903
1742235
485
142
57004
851377
1602
3543
256207
850574
630844
96553
436
47010
923
1243765
978587
700165
128765
18531
38696
270236
298
255038
16052
590837
254612
240511
287348
61862
889692
320105
389942
899330
923019
78045
806
4325
2437015
297336
0
6482
653186
380942
381650
920086
118
1543857
17604
1211666
1388633
660513
312552
6640
971
32320
38641
56880
39471
1392
588
10017
247926
1385
1423
759873
4689
2701937
751854
2871579
354334
266392
443
1326127
849013
51
238737
237964
640931
88648
1014619
875341
43877
223029
646116
38972
15859
1413339
29332
868965
1181
51
348828
41603
68437
2491993
75
705809
1762
900845
239
884
296
945150
2830
1187933
963189
34982
639222
261
31397
713425
877488
560753
33470
1150547
244812
2164148
83498
1271185
4954
627640
31217
2542261
27185
244918
1504
1563279
911546
4056
1012077
164
908939
0
1961
2595
22557
668114
658929
1630208
2068
12557
653
56617
45669
8725
934786
290
1474
979
38663
320283
227158
289705
1977
11615
63
1104
553
906577
37708
237517
1001568
685581
240
248507
73904
28
19772
8944
73
1857493
997178
1103172
174
329984
27517
668413
123499
2145
957188
309258
16021
37184
1707654
724491
371780
1795
11601
790659
435
1012833
344
231968
2239375
18619
809650
166203
49261
586317
278326
240500
88248
643128
1004550
114
875704
996465
268194
1040555
1018289
908177
1757743
625530
287
665624
1481
1007794
1001196
244
237399
38523
57446
251307
183
63600
1017366
210
240462
1642002
1251
13317
1912984
48742
1683463
39423
33137
1235725
871314
1021376
10790
845876
921202
2139
273106
46639
59733
85908
226721
86292
0
289711
17897
1250051
18708
831426
87081
851754
921528
235
1971
942208
3067
12484
2279100
73299
96
232598
43883
654553
679756
353123
16642
9057
630685
1439
37924
1241782
255311
635674
1182
490947
38649
232786
612697
304554
673715
1535
713671
1702438
42438
67803
1247
618517
2454826
1874181
1543
918543
241142
1000807
747
1734
501
52481
30233
3279
981771
671
1173
630968
427
660118
1606467
941715
1307
139
1431
1027844
120
8801
1445523
59827
955847
863
3126
244967
80347
237397
794026
1031324
897925
18719
1419
289647
242786
1173174
917576
1257721
271878
30618
700932
768181
897884
35148
679382
44468
264
11423
1172309
316318
2149735
13944
2525
1154
544
681671
28199
1257333
245014
1002186
495289
304103
795086
698689
1127036
795
907718
1269990
284068
141045
724742
11846
468141
274531
1641107
339547
916044
32391
1437
229415
338
884287
608024
1950677
1729601
3048076
236501
1087233
872
695775
43726
15690
986877
11927
1564787
2043823
24284
1346
97
2175
64779
37661
626243
1690
31441
1443
0
1226895
546242
1001487
954689
1595
1002845
643333
633763
253255
905764
2078823
1961319
21256
271246
884501
369884
1678570
759471
1047268
314794
293924
707045
31582
1619383
858658
252875
1914892
531122
247636
915727
1287
310963
1002430
618830
123573
12
195
907651
287051
243113
236
1030588
1053642
141069
3654
39146
50735
1639
31769
122452
39612
14931
304316
81289
624901
1739
2354
16315
666811
997744
38144
1568238
617295
25
1183641
1828329
867305
37208
1524093
29658
310353
84047
2881
1610
619584
930731
98
653
327
0
988
74
58101
30640
88202
32049
38381
32967
50643
118086
46487
1540
913974
650107
154
684020
63
3535
290
0
123
86513
31317
251
53205
12
13307
234992
0
0
38614
70
373244
228544
944383
2182
278583
2033
496182
446
629253
1285517
45
346750
1592
999941
1008745
38663
615046
80781
649835
12148
610527
65759
1876242
3514
11063
7184
640462
12937
18987
22380
8357
710646
237817
878041
15404
28614
930988
41443
1277273
900856
1501077
259
967374
1213555
661463
1224415
1929364
195
659683
203
47042
628
523439
5
133
73468
18509
882707
231352
242078
55958
37867
367338
1029
88077
628175
941561
920882
1724565
90790
796842
19064
1623810
223195
46858
2493
87477
18636
227046
32141
914139
253767
6995
1001035
1071944
300040
925623
923024
234713
104
274846
630749
933886
1418
954367
82876
13634
16170
1164577
638935
14524
1184674
16070
1000196
373698
1531064
1479689
997762
43470
939223
1609329
74838
56307
1146796
35538
0
11700
629234
2542999
234916
166642
7353
480721
227061
38608
241163
1393559
3224
37957
516
1003176
2
2870
1700314
627389
154
222
81018
114623
687059
0
85327
299100
21
5
1974
57951
55
617391
893128
17290
198
579
1
1296234
6
493
54853
226005
143
0
998295
615936
18248
24498
987299
839
258730
10734
5303
1543614
715313
988902
685585
563580
349498
1899
4239
34633
12656
1234
608812
217227
37968
4633
2602
84666
132716
30027
16489
4404
1729
