637295
993754
3024820
1324354
712889
1113708
498796
1947436
2509361
4001248
1991265
1296181
2286919
1209586
2015464
1785568
931191
571047
615034
197992
483311
687803
1070809
1138306
561947
776961
2421373
1315905
651746
737646
2129133
743886
2931805
421440
1901636
1200753
3441823
2219218
2988774
966343
1641152
2831466
2056705
1598368
993317
821865
2524719
527582
507005
1745220
451930
966120
341100
1090037
772935
660002
1010582
1473828
1480481
686434
1120084
739991
1498204
638355
394256
918183
1180429
1267643
513573
809877
578630
600586
1276265
3711512
1218889
1922928
127842
215507
508937
433951
145497
610491
1745424
444529
227439
638686
702486
806316
349225
2110201
1933168
460977
1343193
359043
2020355
849985
1530854
341061
644325
334610
1293948
545419
2075376
409325
2273091
1403877
2187859
2446712
2367707
198134
2363645
1244092
1172059
1470727
595985
123276
643532
416556
541789
690481
1907387
776452
2269268
914206
547361
995889
591196
1008055
3075408
1056615
4200752
3070661
889475
133193
1853229
630033
1065106
1034911
3301889
1282736
1028363
1031061
1578231
667813
2013006
1243044
4757474
389366
1276466
611747
1870361
1350910
1649341
1206714
2278957
3816023
1315061
1050617
454397
670964
4506701
1014512
2982829
1016081
2082585
844716
2791987
1894041
3689304
2316710
2926428
1792369
1998850
818255
2268192
1683448
2995864
834620
2881814
405707
612497
496811
393543
861257
2980509
1818184
2494198
1635573
1695992
204285
1657079
619011
1888579
1314859
1407086
1648364
206127
1346315
2187537
1096228
1656522
904048
1634306
369682
231151
411138
567361
1123927
673111
169221
1027985
260521
974762
443769
1211603
293625
309335
237936
1704080
592103
72057
149995
1292173
879846
2435810
1742781
1200556
1770744
1605586
1515664
1122369
235970
1943734
1080961
3574604
946361
1778941
513147
1791673
723708
1609774
795911
654119
841649
535011
931633
1138140
187868
1268140
418568
1329846
1580152
547084
862757
853611
808574
