246163
2133111
4120808
779219
2598394
2091848
2860676
1824696
2352885
4669838
2351930
2091827
2745591
816852
2501482
1608505
1531270
3426637
673669
1071293
1416955
1265134
1913850
2110215
2364570
2018578
5849153
2231684
688855
1536455
3309359
1081414
2547606
1576313
3363340
1142931
2908266
4177006
4011561
2243191
3103162
4140900
3876180
1931705
1215885
1944353
2847951
1510488
567408
3409194
81447
1252903
1208667
1278323
490577
1573893
2715818
2162963
1890117
424780
1761788
847541
1955983
263518
515031
824708
3065274
1849679
2082967
1368358
2207930
2018237
2161143
4720158
3737747
2027969
84966
511260
1336528
479419
1013743
1756648
2040623
159316
1164497
786082
1750848
1745457
365580
2643851
4864838
263561
1518360
1012453
5195792
1012379
4815350
2193550
634866
1739407
2335842
1487564
3173089
1201712
2566348
6566289
4853734
4143981
2737802
719176
3381047
872491
1858677
1635832
1031085
729414
1910599
1455389
1170331
1430078
4081813
3526038
5251123
796146
1473169
1555078
1597825
1120083
4607416
3225188
3693441
2743924
1722813
1185964
4412695
1923306
2157044
2161131
5057767
2415719
2437316
2132426
3167501
1243679
3244871
1611933
7029021
1111731
1709605
3186405
3157141
2625448
5025632
2112606
4519614
4286878
2344747
3112549
2256234
2732588
4574352
3012821
2764966
3417746
3346882
3264678
7497345
5341638
6474540
5116490
4327928
3566471
3556644
1974831
4559200
1414226
4261682
1067252
3704849
37045
696965
884760
2542343
1687430
4510527
2364021
4097148
1118380
245668
1004491
2477824
1005708
1925217
3208383
601689
2307705
307233
2069181
2997068
857704
1173236
1805294
2105850
994713
53842
1096958
193484
1508561
471281
892202
2917965
73008
684852
217736
1330790
2265955
1640836
1438838
2918242
941221
708805
309555
2914153
924669
2473876
2467463
5047780
2705536
4243317
1759589
1171864
1672362
1651183
3649740
6454806
1882189
1575687
1183295
1326321
942532
1364445
128219
1278405
837147
542484
889834
2744151
172925
1399901
801814
2423202
2700664
135134
949846
1300686
471634
