1088165
2123297
4379057
1126754
2084071
1550751
3467211
3280161
3240616
3098837
3532765
2762889
3460071
1626991
2531204
1457145
915794
3044714
680746
1403705
1520120
991681
1854428
1904017
2588059
2630249
4843474
1628163
1005334
1817616
3796313
742534
2357501
2215556
4161839
2845101
3112404
3261732
3267994
2136708
3483186
3323969
2916395
1940546
1284279
1769454
3556965
2209273
2633319
2644995
1171769
1872013
1548305
1915500
1041044
887835
2715527
2336560
2291551
1153731
2437354
882136
3027473
1415809
1159235
1303243
2458166
1293724
2108287
1000632
2063002
1177202
1974424
3843288
1685533
1824211
631274
279033
1611950
1227522
1205724
1269022
2383643
523335
685593
796140
1116281
1231758
1046922
2900037
2341359
705010
2269182
729795
3767424
1744010
2689733
1089578
1313017
2063674
2463466
922151
2646828
1455672
3580155
4191494
3547535
2868428
2866160
365798
3273857
1006897
2201872
1909777
1724999
725278
1645511
1472570
461874
875658
3256871
1358415
5252812
1066272
2056726
1620065
1142116
1483262
4134374
2989319
3557480
3006836
1467559
1262881
3797435
1567129
3684411
1903873
4350056
2810111
2620061
2402888
3679653
3291956
3113233
1254263
4057294
1641631
1857564
1469195
2594358
2703851
2391875
1409780
4671047
4863394
2729738
1739974
1722763
2504195
5648919
2746421
3187713
4157698
1976853
2184003
5669467
3395023
5356498
2547780
4804812
3895321
4057680
1449787
4468193
1267840
5139917
830285
3594163
844774
788098
1363622
1177228
1107796
3744210
2899162
4668676
1377059
1163937
239676
2016054
1962295
2352182
3982961
2255772
3659184
402580
2465943
2378515
1348843
1900842
2952118
2117042
1437318
1620155
1090097
681816
1798720
988459
790237
2219638
185242
1325688
581577
1436619
2679242
1141827
560073
2346144
328067
567339
171372
1670277
1315786
3015676
2051317
4104771
2943435
2518431
2265274
1766863
1718977
3345081
3184467
5358475
2556065
2225828
859401
1411354
902464
2289508
1220571
1941132
1753503
206306
1280563
1699462
859333
2411716
1686744
2254550
1814304
1556828
1309546
1990128
1393933
