4223357
7524705
7347061
5432402
7362633
5745953
6275707
4180074
7115860
5630216
6364639
6780822
2640671
6209060
7934832
1307457
7418313
4354421
6559532
6075881
3906796
6181747
5659514
6719691
5357088
5479463
6913577
7064759
4010407
5072469
5695227
6529656
7973443
6272835
8032352
5069906
6765505
6082424
5006820
6302520
8667957
4765453
9339588
8834053
3563058
9221231
9406817
6167049
3970676
5466947
3978823
1562472
6454427
4529453
7958860
4141919
6267938
8355256
9058599
5765067
4810522
2688124
6467978
1182239
