6817816
4981427
10626902
5581522
2131151
3610642
7116537
5149570
6837066
11209105
10831919
4530525
2949699
2169514
5169269
4183987
3790747
2827241
9874047
1577263
1708104
407307
5356421
6321201
5372907
7189678
9810931
7115365
4474956
3570442
6668695
3743717
13349179
4794449
7057393
4453571
10540682
6435521
13334062
4107752
9740151
10336563
13629480
9487912
9446431
3774690
10032566
3086267
4099010
5465372
5934163
2906957
3747770
2380335
3808627
2925980
7799950
5755709
9034788
5251635
1578116
3375109
6041094
1910649
