211423
322501
317120
38064
44919
810576
45367
181712
325140
312637
368544
445923
12146
413128
220954
3420
381650
345275
42830
36587
67199
1119831
817496
1251045
817780
967277
49134
38237
9111
1305641
205426
241454
957725
217712
261953
13787
82615
631681
293033
267430
318564
200199
310922
1604165
284930
2469620
234616
266123
13776
642082
5830
3130
402097
417922
1240243
311249
105900
253856
912295
316654
12491
42435
55125
62732
858902
111164
357917
864140
1346274
1444068
642547
37449
402432
24126
821773
21184
196516
493887
361639
54221
152005
412051
563783
357217
58372
285173
430424
891412
81541
897004
627172
348184
143438
374526
560692
1115278
196712
277728
1081427
14007
107135
135962
824838
131119
126742
94611
86453
384306
171530
950698
593064
672538
27027
87552
32363
1682
312931
264823
998198
631297
12341
877396
387252
118010
60858
39966
74202
284735
94064
983132
376379
340433
292676
199344
39681
543909
1005728
256953
239805
378628
323098
302147
1040814
41288
330181
252824
151401
493068
306681
45409
889876
64581
550098
894562
302125
30681
313323
828044
366349
193321
805758
81836
452334
68608
46820
108069
96949
374790
315831
799829
204381
208728
546302
365310
2378729
90457
785847
51097
312403
46462
519666
1075475
1312963
454332
422678
234369
294762
5539
73566
473257
740839
217260
448114
22063
13667
8631
358247
132439
675930
111353
76283
43291
188835
53606
88160
12299
8568
3754
8750
227148
703774
1149301
202573
390384
28234
449838
54463
1164129
189125
276361
22060
261032
52165
231810
563805
1005866
110032
113443
54969
841908
83970
352562
395223
1294228
443136
668864
39061
376097
83556
930510
154022
33620
43430
6720
219741
18138
51529
46324
55362
169994
615337
164296
70403
11031
83796
35529
385973
399463
561631
390546
84061
955895
905251
908628
161984
267959
546878
510926
22226
138187
878276
18896
85411
1780876
221773
92202
565013
354284
689044
210630
270574
156310
277135
878884
4868
362286
16650
163122
530883
30724
810153
326630
900709
136314
364522
804852
48668
151520
294754
1129984
20053
133524
183748
535642
291667
241671
50105
93892
862242
447509
53913
43444
718446
875536
1472393
90199
186397
122184
75188
76655
130768
171364
197087
134629
135604
27984
370433
137538
385308
773358
547509
195482
94079
138378
630941
53503
212481
49897
103133
176132
96980
161845
136981
730993
382606
785528
671071
810595
211622
179083
53893
1703469
460539
9897
41126
102887
800363
815216
563834
28315
957161
136838
996570
900541
391942
718442
287248
111070
219111
263262
172130
81884
161067
163498
260947
168829
38153
238480
529780
50831
2027568
753628
1223497
408618
181764
129518
1494573
325716
13603
337861
195996
349156
412155
818774
338401
182080
179332
93835
97787
128602
1572704
12647
328967
163143
19631
671470
208433
307747
1436974
7661
525953
103914
683850
16387
154220
128875
683759
196944
895859
936579
68152
206583
87671
118835
797956
636359
612660
120221
459210
282750
1435939
198088
623599
163702
476201
100723
2273991
41338
226341
58932
1026903
575203
127850
800982
97746
873835
17823
53180
111464
155997
416162
234806
1493090
40225
115398
96028
268442
90733
29214
800626
21564
47843
45740
37110
241934
64543
467651
317006
291559
9790
50895
201037
505475
380374
215788
970016
412058
19055
275404
173329
115536
92692
111875
30914
1407914
743092
528547
15038
440681
136842
619906
196727
34095
591105
111457
38512
254921
1250832
310068
706875
152798
38650
791127
119095
901838
43386
138782
1009778
67709
193562
320675
180136
127344
132196
278764
207420
113008
971086
31848
638384
894814
605333
1121944
1339763
621573
910953
320921
109538
486440
52820
691904
805156
153029
153953
243581
417717
268100
48846
169169
784687
60293
408136
1083983
41537
277668
812443
462097
1238937
204812
332390
1044745
404659
914357
77979
537854
465011
139202
437151
493149
268387
178572
261561
298549
10223
805410
14611
329749
169722
721278
182987
304603
689607
30240
156265
845672
30955
278919
2400082
352717
36727
72656
122331
232063
355085
493854
120700
236413
148616
162576
25493
1183624
193783
219116
112748
896987
141676
110614
530641
659827
370031
139262
501135
1327167
316276
320913
59937
136000
1058731
1311667
117044
612609
311615
851152
14951
130603
130969
440442
148671
171898
704573
91879
92783
118615
109772
304506
1388427
819716
25697
47338
38127
792227
18545
56060
1065750
433261
516723
270781
262779
192269
33474
116807
609158
1030314
587686
263965
162578
436511
319931
470603
801640
1184240
757646
70829
752704
688277
627409
103619
361241
290437
49780
76364
411589
363475
816031
134074
215675
229599
82977
593108
13225
1136856
416777
640291
719443
1001431
654691
496683
652787
211041
1139294
1200595
222185
425960
741217
128968
366104
439169
1173494
407632
422595
403378
32586
300448
128518
205932
675221
1736627
1110899
2124111
173002
901207
72336
766597
161683
46819
898292
118850
881556
1134511
119308
27082
69146
152824
401384
539060
297330
46236
66993
75465
7344
994437
745171
923749
497596
99932
822856
351777
189613
152253
265736
934373
1968882
92789
173541
549128
495893
1462721
791520
980063
366303
516619
390073
179002
901209
495922
190483
1464473
670162
76035
586556
98432
254270
825484
111500
91270
89983
81852
721616
473171
210059
41961
1055982
1217139
527928
57205
57558
276919
69087
164618
227064
295445
13470
569370
542570
92037
32610
69145
90103
411363
966405
11683
910907
168935
41238
1248774
1290824
315091
173222
700910
40354
209737
367485
214339
25238
203380
689671
74387
131506
100113
13832
30192
15238
354282
128273
44606
217855
76309
226456
127941
197358
387910
189892
751841
328314
46697
433768
7666
134327
14922
5538
20685
194472
61422
42653
252868
22685
113176
335644
10118
18252
28252
30428
472009
171332
583151
23912
630158
228295
339139
17225
417711
1289145
21017
508572
223933
749643
982378
160937
51629
100900
339735
242612
275721
151543
1422335
170211
12213
27661
369973
39466
61379
172919
108005
548005
166745
492292
18781
73881
320007
243752
558391
695060
1192510
102962
914600
387515
721129
845207
1532868
150914
373207
6825
165193
42998
571262
90191
20536
61420
244437
515413
49207
89387
236965
45198
606071
46035
353980
33568
1071832
711262
1464859
268574
600855
384042
904132
112455
235936
21847
176245
173455
72517
267312
1063020
155672
228483
858154
970750
544897
829451
390137
259509
8341
413072
195737
949124
38839
419140
21188
215035
188411
865309
480045
194446
700748
267186
529603
703284
848093
1351450
1052777
137160
296801
906068
441045
138625
713513
203275
16356
69808
219494
1577099
123418
416892
73396
277662
35278
46424
67675
1316708
28737
96024
174309
990604
9075
41503
1028148
314481
43607
30874
31465
161820
408513
6500
192191
594616
38843
5699
178432
141197
156931
140791
799650
17898
51535
39675
8671
1260977
40885
61519
289521
23135
33283
32610
829677
72752
179307
325921
760445
85968
158657
416911
71414
1431652
246053
940917
435181
508864
236524
36548
34849
187559
29772
29486
232187
33741
34513
117343
61856
196089
420643
99088
67805
116450
95319
