3905456
7817430
6246781
5221017
6867701
4716657
10739364
5445097
7012915
7572845
8565307
7297663
2797907
3711349
6353466
2090918
4816076
6310443
7544579
1690076
4255861
2995673
4194691
6724051
6916893
5175754
11871048
3386843
4498293
6336448
11440611
3307977
8537920
9741758
11795723
6912439
5692105
6781576
8422167
7663689
13032809
11564057
11951479
9397721
5031319
4806204
9665598
3307688
6027063
3956087
3932243
1167281
3594931
3728901
4065558
5809740
10103836
4321950
13678568
2774119
2792290
2392637
3476159
4028864
