4692846
4895860
9001486
7256616
2537058
4163440
6820347
4103764
8977078
9869986
8923346
3663016
4055441
1949782
5048602
5479560
3565709
1902147
9914287
1309298
2192993
4740285
6058851
4580420
3444572
5603129
11798261
7603155
4095859
2512405
6488141
3412739
12446452
5245907
7229093
5976892
9599747
5485587
11400586
6336611
10003689
12346577
16351129
7363313
8054701
1802342
12802009
3828252
5204376
5641471
5359502
2024918
2398607
2244069
4328835
1534953
8553322
5077515
9085568
7912688
2066008
4264855
6363020
3693881
