1206811
4849303
6704222
1028185
2841786
3615945
3953243
4820918
2746279
8448469
3924098
6194178
2003753
1043150
2000520
3602768
2559187
1925873
1438452
649943
2614635
1790433
1081601
2756825
2199160
3726774
6735904
2088061
996841
2924449
3047213
1962701
3696716
994119
4028117
2863594
6894229
2990869
5045289
1396849
3914606
4853297
4455858
3317614
1941460
3226642
8277273
2273006
1001199
1984063
568493
1002374
272205
1616514
26619
1188428
2078619
1041967
2412473
3068264
2979588
1751470
2852862
86308
1989784
3790895
3728509
1019372
874075
1869171
2964904
2040659
2415375
3415097
3111670
2003067
8939
870272
2241450
2074708
6041
2929899
3638207
1150978
977944
151797
1131810
2742023
2067
6846757
1230742
1954247
2575102
653055
1957639
3420943
4423470
994493
267086
980720
5149272
3938203
5687393
7497
2108117
2904271
3367099
3945330
4935213
459795
4678677
998991
3074103
2060830
1585756
101
1867138
1463217
381801
1757681
6388447
160967
4854733
1959953
1943256
2089107
2842792
2884160
7644312
2699579
6546621
4844755
2800934
49674
3926130
2070442
2888103
3496007
5979529
4375150
2539286
222475
3343588
985929
6072080
2895275
5485949
2159551
2197067
2789661
3988931
968321
3702516
4200547
2808492
4965392
3022662
1360215
2831587
1561108
7850986
1005103
8212913
1077994
3108465
1757705
3972422
4473376
6407737
2617461
3880957
3202382
2989437
3631389
4922838
3436563
4933057
1928574
4989337
9536
1424825
1263570
1760591
3624106
4997594
5324038
7992811
2302765
4210812
61736
2971085
2670929
2955304
3913311
4356933
1764711
74527
2726188
3919226
6286
3552358
988166
3546784
3162716
8268
979275
1029767
1015307
1914308
4933
397578
1253293
1941836
284709
3844486
1179218
772093
25140
1563774
2078583
132235
549010
5538468
2836638
5779459
5873356
4256294
2181393
1488942
1267618
981194
2910382
5731676
2949292
4430850
4550556
1997214
774391
2770379
3226471
3994608
760352
4119900
2021425
17578
2919322
2288942
2502697
4654172
131665
2425589
1451825
1782472
3837810
15974
113711
