375
67602
61939
37075
215236
1555736
139994
1416593
777435
808988
1528170
13234
5397
777915
469510
672454
776512
2050855
212992
396020
201
1434595
6412
1596422
135489
2381918
1594262
3679
788759
26926
1719774
790989
1587226
8555
4985
4070
21932
797569
811372
7915
2375806
1976818
727864
815730
837945
1502837
789083
1875
53993
1580065
313
1188523
2162
792518
4763
2454
329
474353
801922
387
747057
1214219
20145
7079
1663
468
789193
61320
1642492
402471
802756
12070
5876
3281
1785881
318637
396448
7508
801962
787673
810788
70
399942
76
753692
732107
38005
939521
5773
795269
810233
1842
792021
790596
854567
8854
1582884
14445
3942
929084
790431
944378
795518
1092566
812822
2403466
2386498
809175
770313
140
796297
503
27
786158
117313
55
23437
799215
5339
5205
1891019
3387
765498
617247
2225
790092
4384
6277
783573
784291
805042
20627
797090
2769
8028
802364
7012
454
1365166
804485
641377
389
1488918
10856
1018588
11221
1595083
3177
781930
8464
1569959
17148
11859
10211
2617993
1011531
209283
2884
595702
18383
2566887
802658
1313551
205020
800401
802735
2160868
2167
777972
713857
821520
21744
881648
2271
870680
1596785
1113838
36130
6427
844778
702389
159864
803164
2386
793512
584567
1212117
509314
60939
225
220329
786957
4403
1973235
60233
395746
796396
986837
1570057
118456
3199
3952
5111
269
1184752
789085
9560
1233648
789275
129
14166
60
4103
52965
791491
1583984
87075
104
798027
792496
4725
601478
636093
4410
4902
8889
789562
3917
1522026
7170
469633
3544
127708
23769
1581090
2734
127
8895
715551
2406
739
744876
1423900
2447
322
1201887
7659
1102
23549
793652
1575422
424
4522
3116
4653
4847
36155
209869
1536290
1627
4602
2566
794700
4726
17491
799045
841380
1499556
51910
6
799679
219
72689
10852
793963
1589067
1188244
2344
875
40981
931
155740
1576053
9610
46
158
12225
10685
9522
805827
3942
701375
2380272
785589
6392
7264
1013921
5435
1568120
953
320011
3221
1199652
399
1181610
793383
2483
2809
48
2289
791986
633533
3243
808091
5754
6415
2644
206
790416
2065
768190
4277
813360
23
798463
44911
935484
97
800011
783704
4920
392838
92
66
1910
81
767900
49963
784656
50
30621
40644
638550
95460
5668
797774
658306
318
7751
3679
960277
85874
788725
3935
2831
794750
841252
484
2372013
260
1612751
666470
680936
784990
143794
24
2227
9
790806
1594177
1301994
7088
790732
20
1517
6857
809900
7844
1019869
1578446
7171
873754
5861
7248
266576
1596420
1175121
2443
29
89934
815059
2912
2391
1551657
2150
12647
1860
795659
141950
787376
826923
12633
793246
798448
1834
3890
939030
693
270297
6683
783369
3107920
1782
2588
1729840
697
2865954
791330
87212
13041
793934
1639944
2228748
1923467
862913
90269
2877441
1546620
3135882
4619
506210
20705
150298
1864
1952950
1517
346
1574654
1850
1818
796789
1586032
1038709
7063
5912
23
751637
1366
4870
1567056
258
801216
1509
794488
1584428
3425
7433
792688
111363
719421
6521
5143
296
11
23816
789880
800031
793185
61
1716
784
797139
5226
642
1803
590
2970
477
10995
601618
625177
1092706
1883916
16423
648346
5780
1818
2369
901869
1594658
800110
781956
617176
2642
863144
790700
669491
10043
451
2029
325
3243
808211
867064
611162
7895
7915
5311
1871
338313
762668
29257
96945
2151811
818339
1887504
1187201
35919
818919
801074
807875
31215
3508435
1567894
797817
18391
9303
1315274
5027
796069
323477
2449
422
83133
18200
10507
2391179
1087306
1613411
1907
338
799796
804297
1025
794483
795864
1363305
798556
227298
227
1552814
5402
984307
1070880
26888
1669139
847406
29
605100
863320
803198
310803
3829
1239357
7399
804118
793726
9990
9775
722879
928390
707298
991810
1278
789308
3622
220180
799209
1542103
791504
25317
749
6142
8620
8546
2379953
4446
814819
794764
1422538
15446
5515
4287
1574388
795164
571
777194
32542
781781
16424
791578
1617716
71598
144078
798301
4838
21305
795225
657574
805347
765956
340
800148
782
1004922
647052
1326076
2733263
1515828
1274458
1195390
789437
2632600
759171
1577526
1886
209301
4819
1593204
475
960
5404
284165
644018
1965019
3685
674425
11690
13989
344912
2124952
446535
3147801
2100106
327696
11210
2377497
797797
1355419
236199
1320618
110869
1720780
4905
725330
203421
4915
1581
804244
790755
811363
1584839
48920
809656
1950686
1649142
3452068
801249
784779
1592892
224
1023062
2383870
1578998
1054689
2315621
4214
797445
1532564
680057
4808248
1428490
1859754
77918
797599
14779
1530995
787810
2352073
794250
961279
884397
2164
5254
790558
13854
2089719
2536
777070
850497
23462
2458
2193071
787304
1653945
2696803
18581
773360
77
788888
36779
5853
456637
1300637
1592615
169706
790197
743894
801656
46
631
2648
702922
1826
162302
4797
1537263
790847
807706
2107
788771
741
5493
61
11693
4632
1972854
794715
1598827
10361
12777
1643535
6362
1375058
22170
1149512
1837395
26574
1351611
3792
14542
309
71439
15596
3071
790044
2155
216
263
188
40178
140
1580982
1549068
767373
520
776691
32422
33865
905846
718532
3729
2036549
1445573
2363844
1110393
2493
5866
23724
53690
1969412
5609
1648
6697
62
6221
789004
6132
25273
949306
1587684
799132
4847
3294
1629842
1553008
116556
6797
747135
401
2751
43
7725
644943
2126
794902
1290462
805756
527953
720376
13471
870032
728
165395
514832
204034
395780
792310
5938
789452
794032
834632
88736
605458
793938
1514
1176
14708
436825
94
793843
4396
797080
2889
15440
0
1714
788338
391
2346
707770
13619
795941
3665
788983
30
4219
2094
3091
157969
5334
1457
42131
3446
6088
10119
787259
4806
2210934
1864
2098942
88
1583091
5693
17932
85623
796861
4682
486
1906
497
61
10752
789115
797540
802567
4202
789080
701
46
5400
1992
7127
9
79
2
455
601212
641590
5297
338172
78011
117
4872
610705
776763
1792177
19415
791478
21984
5337
9815
1897029
2408
2390093
853
1073678
1392484
607
814288
17161
786996
1507576
15720
16017
648082
779980
11135
71572
792231
3262
793018
6875
463800
798057
1763
578767
7945
13138
344364
580175
126702
2995
15727
1945154
800681
889200
785098
2623256
1486022
185494
790194
818365
601910
1533288
285
610769
610088
4696
758420
3770
3839
701682
869002
14898
9126
790970
116
6782
1578
1772
725609
7713
13777
3443
793911
1417
745926
193778
799060
431205
935
2013
789519
64
4609
2177
137
5420
281
3542
3275
677806
518875
6731
98
811495
212
1392
2153
410922
784455
29648
21920
590316
1588478
7855
55
792224
8202
20441
461
1569844
1587343
793711
756277
4592
6041
10422
775275
3139
1693
5221
2796
2667
335174
1559153
6677
13941
6674
16976
6931
42550
4799
