22658
128065
111430
2192
16378
465551
454985
117518
387847
432269
238306
392790
54264
305059
263148
2891
409797
345221
291751
170112
190482
161206
161641
304696
312079
335710
32171
304387
1220
258852
315976
5931
339997
258612
234166
282302
159687
199384
333563
310487
256899
123964
76507
419371
188832
393632
181971
458311
2370
82166
38635
3
186896
171561
185348
228367
389824
122399
298480
143046
341512
18824
22562
729
137043
498842
265961
155158
218347
58290
210492
141125
147475
249281
345489
314194
29036
387822
306993
142170
46588
1019
302613
150875
14101
117645
200442
394544
17961
229821
325781
47815
159743
69355
226964
631303
455248
87596
369554
17934
266408
86726
307289
198218
363978
1914
217930
212662
34508
302318
363289
52303
355401
224857
233477
488
132490
52140
231094
291273
143655
561928
201430
226642
297621
227042
334846
7539
101509
238248
619864
264945
589061
124377
251428
308085
541185
304644
180848
179851
40850
82111
259639
130712
476094
226034
150175
261822
269579
167709
241710
172954
500163
126652
140176
2839
416239
128310
329019
56712
260456
308371
345640
213481
235820
64560
16252
291673
305234
326400
252708
151692
38921
196618
570882
129024
98828
177546
37219
685
432141
162236
289473
277838
350163
387835
250894
126722
235507
354211
378525
2357
3507
22903
456595
206582
395685
171893
69699
17290
39664
18855
148585
338714
210
208
125284
107951
126287
59880
314222
284171
28117
282309
21596
216507
101905
170803
302252
399348
238396
251776
265178
174273
174054
619505
257764
721
460028
505034
115018
131857
205136
157493
491426
153512
54076
273259
964
332611
234469
172176
237626
232490
35132
163754
271776
134170
169792
142753
258539
165687
2156
6624
1832
1073
