450456
907905
989129
631228
283975
2405503
1832624
1351989
1066888
1218765
1421695
2082263
328245
2042863
1248226
72829
1729628
1892473
1324395
1066605
772318
1054648
1176751
1588094
1250793
1005564
386587
1889287
95160
1844308
1002150
257990
1366390
929019
1618479
1489473
874505
748587
1606689
1340258
1153370
548195
1012233
2346363
719613
2299611
492694
1327752
346704
851314
300487
72349
1519106
1188733
1101318
654247
1263406
1038298
2204366
1386722
110031
256986
666386
141309
1392875
2462019
927876
1083941
1346749
491829
903129
420990
1287121
1772011
1538096
930091
431932
1397921
2337273
389895
514914
240180
1490448
506910
323179
1457183
1401096
2161025
171374
1318418
2239717
564155
514489
449923
825889
3566625
1540166
733640
1593573
313763
1801877
496362
1692814
527560
2193291
211550
1521284
1511916
586825
1930689
2353024
388857
550568
1384637
968270
163396
833749
187007
1824543
968229
278731
2358048
887488
673203
2350947
858111
1574880
397312
566073
1546468
2547747
1285090
2081436
697473
1156310
1185636
2458894
1410788
1654297
795162
622129
764430
1670031
566712
2503978
640571
908554
1298488
1201818
1145597
1431951
811204
2297633
882094
775767
316493
1896316
815885
1545959
463248
1942405
844207
2026455
1484430
714328
981493
348366
1760157
1906760
1783149
1910490
1582963
557974
1240805
3785341
1493468
820424
884444
475090
143013
2337557
1385562
2404943
1132900
2550280
1659675
2009340
973872
1032445
965274
2337227
308948
572677
172151
1330820
710529
2312001
1009852
655285
247080
596630
182436
449842
1050649
191215
267944
659067
148249
1125917
408930
1813596
1692013
473154
1710132
322896
813703
469503
1332553
2078128
2503304
568230
711400
832017
908736
1115502
2617670
1092454
343304
1979892
2383974
634305
1104235
1058189
1268272
2741827
1647812
472414
1805947
572793
1440442
1076771
1115383
543225
888031
362571
572199
1100896
273926
1087808
1058435
1621717
1265028
144696
237108
465949
107112
