20806
17757
160964
3445
3435
185076
5804
44261
36936
157355
8388
23519
2894
15386
10524
293
4961
7384
10115
10298
36124
60934
633281
14270
4754
5498
10924
8489
3902
67710
112118
10017
11962
2997
120346
30161
22098
229868
18443
38012
107311
5912
259293
14005
13669
34684
213016
74986
1801
4077
2618
2
336426
93397
28958
135516
9363
1111
4740
133366
409
1471
694
359
53466
2364
4801
612
57186
42301
5257
4567
2636
20
11513
3892
4163
4448
5284
56816
3227
1001
15011
29486
13626
107335
27451
765742
80368
78879
488197
85881
4471
5259
24726
836023
1124
0
836934
973
6814
4805
804688
47300
5360
4472
41321
8131
17
15096
1481
132
435
47
346
3638
181863
21036
770150
203363
3059
5536
107677
34211
41188
4511
18642
135590
2555
806440
15685
12797
25256
45054
10947
20598
132062
24070
2286
3355
4228
612
32137
1253
84627
10752
11221
19351
75667
13249
403411
15622
151287
16067
100275
246
48080
4854
162553
69337
3190
245
228796
20354
8857
926
49408
90567
20081
198336
11269
60060
9937
7296
890023
41108
310
12618
22177
5387
411035
818453
375186
15747
111309
111326
7909
2442
4800
8260
294414
52404
13000
2127
652
0
81303
34653
272237
1194
13
2506
580
2319
0
460
0
1
858
9139
85932
332162
7826
365971
13256
90276
2345
678235
25129
142831
5540
179767
46299
88197
30950
18855
58210
813
1763
56883
7101
42323
227670
360151
42515
249875
242
63452
38538
145674
266
1333
32476
0
8290
523
16526
2523
600
27934
3400
602
4177
666
3235
3252
83788
377978
472561
18332
5731
68570
93792
87727
5696
14679
11317
4292
75867
12254
815420
503
1466
787913
105386
36524
106072
42769
224144
6456
4334
3002
12091
664941
2793
5824
3069
11049
75040
10025
271236
693
2060
24
23068
1373
67900
9155
25127
786909
6466
2441
14982
2637
2199
104005
13172
26313
4753
464436
12040
68228
151629
94709
19561
66323
1487
2924
33317
25798
79125
1350
99881
3589
990
9099
41162
14981
34682
86399
370741
7414
4
5672
51577
32814
7807
5503
3500
5527
72472
12856
32701
80957
35115
20994
6287
4625
69568
69026
22933
624942
4156
582
9600
70757
67834
218658
163955
7244
525022
8317
33448
21293
13031
563
109946
20955
9038
82631
49219
987
91905
1550
104264
1141
8072
21209
420675
4268
809585
11318
23268
14204
12117
529
15238
4623
174
84795
153845
3476
57298
779318
2924
93898
6634
985
42
21
3933
2178
15938
49220
2284
2755
22378
5082
801501
1987
21172
4750
5817
535
48862
355
65248
11486
27040
1345
11725
102860
7200
6547
50479
20379
10353
9986
39016
5406
106237
13564
78591
60343
2752
179
795680
23995
6945
29149
14269
594850
4383
10093
28884
258393
1607
1869
775
1647
699
4
121841
967
3
192
21688
388
23
10796
1251
8
3
2861
144344
50773
23457
62602
144418
1378
28598
1257
444503
192416
142468
26079
559744
6952
76322
70565
300
3599
4645
810
25402
720453
104394
1063
108615
1536
7953
3188
9715
2778
38917
1655
8871
20643
21580
634
1039
3512
17361
3044
45981
18815
15453
2609
16615
122102
7654
3369
18843
16213
24116
6992
64010
797838
9374
118344
17398
115175
3930
25574
6072
11354
173812
17753
3915
19766
275455
2375
1194
1379
143761
2435
631
17780
24782
3597
496
270
474804
31695
152347
82419
27117
657038
97624
63999
17259
55023
24475
2476
171945
5514
7252
8768
121108
37496
6790
35935
290076
7220
146858
465
12937
1028
48256
81205
187875
677761
16454
2580
18805
538
125528
45780
113074
6462
3597
12234
143281
61758
40795
10164
37369
5119
15484
8572
161134
194814
152809
4107
21363
11433
1991
2426
7235
9632
26241
122042
252634
30699
4470
1576
20192
66474
325224
106023
56122
87300
785142
703
54170
465
117252
2404
42895
87032
1875
154
10321
15358
158497
11494
32415
423
9905
214
780616
12056
4693
65661
141694
11556
75977
11681
10085
29267
5814
2767
764799
11803
3146
994
32261
3606
279928
16299
18002
28509
20489
1676
52518
231
5662
1573
3439
14
1472
16833
17677
41118
7168
9155
67189
1453
10580
1987
174420
106610
13759
15779
84316
2944
128920
3050
20386
520971
10124
13450
18273
6009
24193
17920
28097
114207
30896
12407
16045
1956
120821
7469
14711
218542
143970
302551
1476133
23522
19324
1975
9310
49273
1380
5590
19097
468295
27155
448
7977
380
4566
15473
69158
729
8
925
6555
758
2307
2819
16098
398630
3529
788613
285845
13590
3715
112620
365505
21129
4105
8627
353461
8596
11482
239852
62529
94310
19573
107903
99032
14873
4733
2155
32247
10619
591
3089
2205
2156
55
83681
2023
410
18332
11403
411560
463
109558
432386
304308
71167
17384
8227
31307
39611
79670
180766
170821
31365
1301
4569
2136
1825
7348
5224
605
4211
191
1534
2594
306
196338
70014
104459
256
5973
390
125721
6376
3011
1518
23495
267084
2888
3966
51209
1077
6997
4992
113488
10025
866
1649
2380
12067
40354
9135
68363
7066
14114
12124
45912
7495
269
25510
3232
0
1793
1
2115
4891
268
6888
2930
2
75
0
693
3883
3955
604
1259
75
524
7538
1367
9674
164034
220106
7843
2226
724
337940
736650
163331
43004
74137
52226
5103
339903
16328
30605
74777
9853
2000
3910
1126
45232
118769
54700
264012
16778
438
2894
697
213173
6721
204332
362102
57681
1377
42490
10807
154578
389
76519
5509
4862
4184
18258
282
138041
35340
4176
58876
1188
1277
18726
45057
121274
6594
81813
17242
11480
30985
406603
3912
41665
209119
605332
22442
60477
43130
5172
3848
1932
1616
1565
79504
48522
16485
18039
1337
45982
506249
123125
7217
26436
2739
20064
4559
173679
1868
35173
20566
6908
168750
12981
192198
29444
464758
169247
447058
77814
45382
44735
38939
45956
116183
169200
377834
2301
13032
6342
3733
13835
74556
81740
120892
20651
41374
18715
3120
1619
8080
853251
8021
234
266
131250
0
497
276
633
6656
20305
119
21371
76078
2
525
5076
1236
712
2782
84585
1505
1162
2830
1127
3950
933
9293
18187
3953
1324
37601
2981
5670
0
1282
54740
355
77490
11162
3
43110
141780
1116
69551
105765
168051
1034
1033
28350
465
3792
102718
67
1209
655
5931
4076
542
18609
82882
7661
10293
1896
3195
4369
160365
97974
38423
17437
8932
368617
5237
30704
115801
20136
358558
104866
1273
516285
2728
4
6495
17823
939
123
2275
831132
8174
18289
737329
42416
40072
2483
222
808760
933
4673
4774
60366
6133
997
91537
116902
98678
49822
6531
85993
22523
75366
3009
431870
4609
4661
669
109128
571
461
6239
123217
7747
26218
72817
20548
753721
2423
267
1368
6
501
55569
913
117
873
44343
268475
667784
9
31716
16788
161726
2211
2401
1285
36545
773
31
39866
20398
52816
2575
3915
36079
5958
1981
162756
58015
1559
12551
10245
5206
2376
27289
0
36966
47
49535
17869
2606
1718
58333
2278
27327
58170
140439
39900
603056
30225
1197
249
15732
226
3043
1192
8066
438346
5306
675
2532
3471
7640
13466
11910
10573
42441
95707
20724
138826
24896
3743
14757
6737
384948
8556
180121
100678
5846
95575
4060
8609
75851
178518
30110
358281
6015
3753
4090
2113
181258
33440
138404
6999
12635
777970
153
2397
3656
11180
50024
31357
427
53257
8744
69819
25459
226392
9315
26112
31652
238346
801637
5805
1231
17568
1506
506
2728
18863
6415
116440
124777
6640
9362
301
5
426734
85053
2486
285922
484
5306
2344
214567
5684
1867
20408
408
666
15133
13097
27156
4877
439
6
1450
4782
8544
873159
165762
81747
1312
251670
13743
2130
7625
7698
16468
35902
12889
11184
394483
2055
9809
11
34556
572567
2701
148881
11041
732240
71019
357769
11254
52611
2943
33812
131474
1439
52712
407
78380
612
226
34873
45572
21888
3136
345
95747
6468
4347
3739
85785
4287
4596
79225
3713
12819
32
15691
20193
76368
87087
10412
21
140639
30459
0
34990
6680
26552
1043
979
1256
855
7877
36283
441
91516
6000
273
14190
6949
2896
43846
12902
202943
2608
376345
7760
227737
22
6844
45310
255873
206721
7725
15322
112179
35723
178774
428
1017
0
138228
34053
36
1424
181439
1141
44262
20751
3825
34888
87
6253
84594
6942
4089
2190
34861
302
5192
4327
32079
2926
4883
36750
175781
25896
59153
77
3595
1171
9807
78910
7265
32057
3831
96553
1142
18920
6746
44888
46482
2968
29537
655191
38096
4901
1932
10303
678028
3539
21203
8349
6414
6697
255193
6436
92952
138150
65715
3381
8126
3642
76302
59083
2196
12306
66185
19003
16818
7977
28543
17045
1044630
286495
456419
42258
13425
275
34767
4558
524
510
3941
1558
9484
4927
2558
8378
3439
87037
12663
263
769041
2068
2612
1258
1593
162857
53563
3824
303779
838
91367
548
1369
8735
7580
2723
115522
12984
484933
242750
3937
67810
11689
3362
119677
182783
161354
85779
170853
156530
475445
6326
138090
1379
13156
743
136410
466
13658
1464
190857
1385
13328
22557
606
30428
6067
870
17426
3397
21427
2846
105350
9810
4744
64403
131600
10090
6650
9584
6977
33541
10342
23194
1690
2596
6352
101205
13513
3344
689
12015
660
98125
22914
59244
7208
4020
107042
3798
37213
12342
12505
1713
82536
10857
30430
745
23972
68317
317947
101151
22541
21631
44744
2008
110690
1086981
123455
666996
2516
64474
657488
11445
255808
24490
14331
478296
21465
18966
227426
29056
7722
73570
25109
20935
11844
19814
1033
21994
810779
64474
33254
24201
1042
259497
2905
5285
4525
4499
735
228
83970
97865
33
101236
1335
7431
12717
156582
63567
162398
103279
3296
30681
99585
159039
7180
4819
13777
781587
7127
6171
24675
43143
279042
70726
33236
17639
10733
8396
99713
30028
1341
697
8202
81327
12265
5974
22493
4219
31798
7246
15307
1992
1959
26307
1457720
93142
479
5999
2485
1817
4
96928
1420
27187
106422
103901
539
50212
680
3914
50
2396
852
3724
26352
144627
7039
2335
19036
51100
8156
99865
3710
56002
6761
867853
44
463285
532
3680
881
37
1387
124580
12782
4154
132283
38992
19164
3278
12546
7707
1825
434245
5
1607
1312
429
8627
17086
40030
2312
6
2668
568
1889
567
70587
56757
48104
300574
17949
93395
2678
16099
18515
32651
632618
137387
2879
303565
8011
453655
16845
1217
5813
517
65044
7120
62319
48855
22521
1166
2136
1738
10103
827
3770
6125
404267
46398
130226
16948
12715
170180
1492
19501
206719
23696
162505
189689
17812
61342
31211
59041
29589
297334
2333
16927
11556
62866
32635
142254
792029
4057
17991
50113
16894
14001
9954
8552
12596
100286
17806
117120
20203
1279
595
59486
71249
6419
4824
230525
10408
4533
1073
0
754619
139984
789457
22923
4821
15912
260
14031
9253
2924
73
126574
4175
7091
8377
15269
184573
4099
764561
9351
6286
12796
5331
597454
63229
6799
2858
1483
10582
629810
1282
167842
2598
737
3387
40028
2455
307341
12852
50577
7067
23
8
592
1307
2013
320
10359
20749
3832
9518
974
28355
10775
9725
2069
30231
14711
213808
83557
3
169994
16643
1
745449
636098
4328
154965
7106
8095
4
12755
1031
598
60287
2920
358
62895
283
3353
22716
30199
288725
9149
14142
3574
53191
238
11948
4219
51358
1730
473500
6311
37992
25436
1241
1024
275
6733
3025
17174
2982
11233
2305
124
2178
22126
917
7634
16304
9266
190493
83
16345
2
47926
703
22918
1056
38894
1932
2141
407980
127310
15526
52514
550
754
223
36583
125538
1485
2877
1415
3563
19
542
1613
28362
833
1045
32210
29100
7085
425631
9245
1810
9628
161701
119745
1355
148285
16
12800
7540
10827
12941
795727
47125
333912
33
239304
3781
12207
138
1079
7501
170422
10212
20952
3586
55052
9193
65668
7297
54038
1947
2810
28876
96215
28502
2238
7
85170
1333
5037
1249
10560
4278
1490
1623
673997
63938
47634
350420
118320
34056
577128
9984
183962
10
75883
94627
4519
580
1052
177
138817
1250
155876
13426
2022
62725
9735
5069
2955
277234
24819
53287
15254
102854
12745
7665
4968
3213
16931
9556
2037
14972
439727
7961
42887
5193
4569
44334
336
56057
2161
589
84622
8433
77612
1602
17573
806426
281310
6008
11956
9404
7884
314829
6259
161277
479946
37975
1216
94363
4044
837
4430
83952
364
1495
133
265
694561
4757
3056
20479
6982
5293
7920
738526
1185
120893
28917
8786
7355
2265
12845
4305
90930
9230
199373
181106
105390
45873
15452
2082
23255
11483
6791
205061
9643
13291
102512
270
35298
123345
5108
21210
18476
2988
4441
42885
16183
3871
14958
86041
16441
37073
7007
50846
14657
35142
4403
27883
134659
2274
48420
47378
3655
31774
4311
19665
59664
817648
847
18730
5378
3597
141
293677
35514
183688
805893
20327
12607
5477
5680
126492
124019
131272
20670
56592
4125
736201
23459
376835
13288
54357
169
280828
2228
0
86188
169514
384230
78835
10730
72005
2178
99160
33178
24643
26722
10431
522577
161421
23015
88211
35451
3512
5688
7353
139365
7381
583918
15714
129059
535962
139498
5397
1493
23363
94457
190
3273
88928
4022
7148
2453
159019
26078
9420
27
181927
198570
10542
4008
156863
308
6698
14058
4924
20162
6918
16408
15478
2526
51071
1178
773056
5501
5691
133
62625
4863
270
96346
153710
28556
6701
990
806138
10458
4122
813
1823
49171
2970
6442
88581
118403
45133
251117
97760
20330
447014
51296
99819
7146
63505
321076
9827
954525
20731
123891
32614
29279
4859
63228
2681
22331
72997
170903
790855
10845
19049
126017
13350
61916
37294
770097
17439
36652
2501
1410
4925
25527
10913
40336
82877
22936
94350
7725
108542
248984
29493
23274
2444
56406
1092
3923
1277
114297
171406
119795
78975
28264
2168
2101
6687
64008
36959
162547
6326
10549
2307
40490
82530
23109
36687
139424
13548
109067
61975
1856
3468
2932
689
348
5236
298853
6104
1269
10845
2350
1274
4737
113079
79918
84398
672
14118
7183
111863
29303
646560
44267
6055
47436
25363
43707
33568
137752
4258
81863
70691
13916
5868
41354
657658
11
87
26947
4669
2378
1834
15714
1243
9889
73287
312213
170234
2965
1646
84743
10087
51881
28285
11832
103152
15512
778378
728846
581282
45759
168788
75708
7211
35011
4251
3607
1642
1171
47768
26763
2684
8218
3184
581
12105
9352
17101
8766
126050
12886
427068
1654
21904
12946
7904
134171
85547
22651
5413
108848
11643
18818
77842
5064
72768
5668
108681
12481
2087
333
127480
972
5765
9080
1275
6294
6805
59603
198082
790606
7119
38717
58200
36863
64373
7372
23502
77688
135425
6895
695
43062
5063
10547
514843
61055
121311
349
142022
1493
11581
6359
434
6316
1041
6625
70498
12882
423516
1590
5760
32294
142918
11752
11740
9022
353712
9658
558
7811
18992
12699
3838
212654
4150
70261
16706
259633
782900
18283
17244
23151
12952
6041
96253
9993
3103
3960
3260
814
7044
2940
67335
41069
18528
10082
364284
268720
13064
101708
47317
864166
260178
6017
97020
20310
8224
219511
21678
346841
21341
122663
9698
38522
24998
777050
6060
7776
104239
1246
10134
247
345
7566
2009
781
64371
2394
32
2165
2358
19001
86939
36242
131659
1702
4418
7858
8843
29791
1456
62900
48402
4547
67577
217118
22173
20515
17786
1850
14619
1839
462
111386
2396
99134
8502
874
16
12858
31713
5
726
6133
34716
15300
167766
1309885
16931
60928
2300
24327
36655
740
477334
2
651
108
7469
77
282
19827
1713
6020
2532
1410
1210
566
1798
172
780085
7344
3944
8899
693
27481
7275
38826
2438
572860
6806
221197
3256
125911
481
29456
33885
1746
432186
1656
10167
9495
3809
76801
0
95731
18281
4376
19892
115758
2394
959
8397
2749
81572
14348
5063
17181
40808
30591
8751
47839
81726
17850
339261
13820
23326
758102
50545
1069
440951
2114
37740
227042
13030
182963
13288
2020
2520
17081
84288
163916
17076
33617
22883
1100
123787
34289
15855
7578
432633
7240
1265
57381
76221
156685
128167
788127
10837
16142
10067
5200
248519
88611
44825
3385
36274
3466
306
163654
5137
184943
4330
669931
27222
67118
3151
7922
322
542044
12405
5778
10451
20543
1046
2017
579
2018
391486
40848
135987
19183
5585
6031
961
1443
2417
5423
7011
69986
2016
4504
18203
2038
288311
4631
11318
236104
5807
8775
2466
49357
278207
8657
21548
18231
754
105318
8591
19099
3768
28300
7552
78572
15113
13961
400
1849
12826
7033
602660
12122
424
10408
272
37
16
26390
365351
33932
430867
5002
121303
114805
58050
2854
422760
28725
39386
276096
9524
163228
147562
105754
89497
60771
67356
11590
3094
607999
2621
10504
382890
171424
1317
9086
3193
9219
167477
5466
4468
26999
13089
591152
2247
230374
184204
16810
517132
41465
567600
44208
7322
17909
28641
181022
36317
29404
25392
3473
233011
38375
35003
22975
2235
24687
826
132555
23155
8652
151070
43578
47318
39036
7097
820183
7568
135796
70408
7364
21245
27003
28302
382083
1203
109
1
10444
22702
18690
7436
16760
7
1033
1902
230775
11093
19154
7386
3614
17668
56553
17015
4147
7608
198232
20415
6250
144648
110167
352388
309928
535564
31299
107751
500291
182279
2281
313675
268164
15586
909553
499881
70491
3497
14370
12847
837981
1957
20906
16488
14429
8939
8240
2015
7531
146168
36403
343330
47418
20274
71154
5364
1614
7441
12692
1803
38743
14975
89798
335
19468
31731
13391
2653
13618
444121
146168
5962
290071
185365
206464
3549
1219
504
291
4163
1277
26
9806
8037
59547
2
365
10
1858
1071
35729
60091
3154
14006
15642
17041
5276
108739
80494
12493
6489
295731
2517
1890
31
27401
310
0
4099
235
1050
3731
208
1496
1755
5368
11
2235
9746
21
327905
134780
518925
6603
115390
296
46218
898
9383
812103
4009
11986
10070
397855
19515
11874
2530
46
64091
775
10719
39286
763935
38531
2885
16169
307350
29999
8255
11471
50798
125919
4270
3264
7849
9677
15663
6348
69561
78148
328610
6858
49655
194214
144599
790551
633955
15365
5071
177
38622
323
170785
423
8
1612
848
452903
24099
7482
3845
3815
439723
10353
139169
6475
177101
314947
647402
1867
15525
116248
762452
45746
103746
2787
161637
4998
60143
1828
3107
6143
13081
514043
7969
38493
5943
312522
5869
3632
120
96970
602528
3554
323694
6826
7886
8333
276076
57359
4097
19973
3386
13120
97672
76370
749771
28419
4739
60999
512749
22959
569
68604
13441
1
386
5448
631456
301
2223
18586
5885
288
1671
6407
211733
2473
4629
36777
799190
62
1830
81945
143
8019
1360
5438
14449
34324
24
307
55934
5322
466
16112
19516
1178
16408
308626
6463
3984
14316
2427
413538
3146
13542
162611
10024
3921
1402
85343
36037
2128
24641
666216
43474
98926
12653
7000
1052360
49117
1553
350361
148449
72251
2625
6038
59523
1078
2611
23066
2368
4041
59904
23434
15443
23664
3218
39704
2823
11478
17859
80446
11487
4400
5442
105474
694
81922
6162
80913
5114
173905
273
35493
716
376
1494
38061
3358
28520
6320
3542
33608
21016
96134
634
2937
2240
220
7265
1956
1585
15178
18211
22794
1624
6852
36762
27099
66999
118275
1381
4025
123294
968
781692
2502
225839
13147
656
3
0
627
92301
439087
79735
16060
15597
119870
13861
235
482
5454
45
321232
91249
8153
814702
798751
73514
5835
10808
183439
2362
131985
4722
10564
8131
151991
553
179217
3325
369791
9849
3020
683
828
8205
565
61674
15831
47868
124849
1751
225903
10083
617
85444
59974
6
880
5246
562
229
25044
106181
20096
48382
243
28577
13481
259994
1367
60559
11806
0
1
897
3413
65233
0
40303
726
11304
2155
5162
3418
693
15114
63
8058
14210
247
2303
790
32919
350323
101662
14998
8642
8938
57207
4470
7845
7543
1
23354
2
44797
1728
3974
2077
71874
222
287
1416
16685
6648
220
18403
8561
11218
27519
20720
20
17999
1423
123274
31082
166139
4446
4054
12666
7795
6212
3562
474924
3397
10435
1290
2114
253971
11652
73714
52490
44883
5256
3133
79290
1806
474378
5779
1878
958
896
0
34824
15817
3092
1080
1222
306
162
2303
0
0
6726
3958
3247
18
6086
27277
4
4042
16
139276
2
1929
146
4295
4928
7140
24
15682
1932
211661
603
77824
675
29879
379
7479
4594
14105
12622
30549
1
170021
1064
33989
0
5231
5751
1763
606
6100
1
9068
353
9893
1211
27706
4156
3093
17513
2689
93906
3006
110775
320016
869
340
338
133936
685
97549
16620
423164
0
6598
372
0
19979
147109
53829
775
1090
2737
3090
3968
15813
51517
34812
17911
1468
2519
316
7857
168494
19311
66088
26528
246494
3017
581
780308
2667
266
1302
10938
962
18655
1593
475503
113427
10879
14145
403
735967
2244
13077
0
17607
466611
319628
6503
142024
18192
1023
14249
3186
665
12502
29926
26637
896
46814
57
185420
8685
78098
5147
4542
229
140142
568
80579
37871
57224
176341
7856
24730
22785
133587
18723
665521
234719
112222
19405
15980
8921
196492
2685
512
6029
3605
16977
248
1814
691
256274
55206
6480
28
29303
239
29546
784
22153
2480
22457
10921
14069
12455
11042
94883
35973
28482
21410
51132
128091
74172
28235
227708
551
6599
20306
447
3281
101674
0
321580
11907
1420
1653
8819
6880
5112
13224
1271
28037
0
207431
680
2098
10090
4616
158212
220406
1156
166262
4428
439210
2686
1480
387
279069
18969
274447
396747
7243
8390
881
2082
398127
2948
348390
26394
132282
20342
72811
7392
10819
2090
297802
548
778201
10321
7329
1954
660217
17340
56794
776865
3374
57991
13
10578
10790
11509
305008
16319
4302
275
35
0
173197
24280
61847
51164
1047
259
16305
603
61338
19025
402882
30706
144
2105
63
48710
2356
1075
3120
1513
2938
6046
12731
62232
22872
103747
36813
12993
459974
1388
668
1275
52011
9244
3065
522
692
8191
11697
45489
43680
7
122241
18160
1224
3885
19220
1439
451173
1661
86584
48061
11544
6821
12097
10310
23755
24173
28462
132619
7553
1994
383
33452
2336
187153
23226
371209
280690
19642
7557
34733
559846
15157
287286
794029
32336
2389
36201
204134
2035
3902
14491
602882
3189
13
210541
3939
68086
201641
29743
641192
31022
7676
36456
48691
8504
4870
9741
100762
276
2589
3242
18215
163198
11055
579
399
4665
1954
4077
116297
2113
19636
35391
6328
102
3055
5034
84667
38298
595326
71109
36637
66810
9076
14486
11671
63130
1137
92895
12480
9418
13440
845616
1159
82209
45282
614256
141185
4172
466770
32753
81489
3970
83524
591345
27345
3154
7350
4771
310285
72990
4065
72366
108051
1367
1807
1726
1462
5565
533
16980
80640
33
96701
93851
4695
51007
774894
67204
7382
24
9470
859
194
27994
335331
12955
3390
6858
4753
783
15858
18621
4715
4308
133994
139269
2191
39555
7893
44577
280753
114523
157223
8549
53187
98960
108132
5029
10465
21112
9019
7790
286102
168719
85447
14119
122155
33566
12823
9826
5705
450608
2282
58995
17293
69784
38280
380470
12293
10418
439472
745408
24782
62307
89573
5395
4823
39646
826473
1426
71641
16693
3
3939
1397
174905
104111
10597
646332
160977
20530
21025
10104
379461
16036
2237
18492
3429
2214
261132
3333
10500
80
13379
5779
115273
69180
577
3731
208
9358
785
13080
13050
10618
55506
30590
14799
151809
8151
48561
19547
1418886
29798
13058
15931
82613
139652
1878
56911
17335
10363
61277
254
10830
15111
16170
8687
89524
958
1814
9166
39447
49
5633
29298
4667
2118
12591
3049
137613
817
255939
780646
157768
3329
963
20452
1967
12432
2106
73701
2820
4127
35555
306
6813
763
86138
17943
921001
0
1951
12
34
4458
2319
7371
13688
548219
3793
57
339313
140739
4779
106930
30128
10971
2692
729
6994
5899
0
37695
11
12753
33583
2648
13252
10527
21191
5559
9272
1565
28815
19378
527605
2225
1210
184
3953
27772
125935
254
8492
289493
29919
55084
177604
11745
6249
12434
14281
5634
20
1819
293
60842
2407
50692
565
70355
5
1181
76016
1008
0
2425
3
23
3
124566
15004
762
130685
240740
124655
100
1288
6219
613
3764
1167
2
39209
39
218
3897
14329
339
1548
2067
8044
439871
10560
671472
21008
2960
22
6639
4065
0
233
14315
13833
194630
15149
2813
16098
7186
1666
1073
10104
4013
6182
2432
5885
4752
4088
3297
261
871287
35605
749
79356
32751
33763
10411
16459
1131
116139
308
10066
22208
16521
92854
4809
711690
6293
1924
2196
41445
2
9137
291
121407
4641
20833
698
9373
10704
154942
6631
10132
1132
397
3220
7392
443258
102908
756778
23917
4417
143826
17947
19204
194981
167766
587
21407
157739
342902
12284
150151
17575
100550
3648
36031
84989
128216
16958
2263
1628
17478
337
7994
3154
531
357
10012
47381
2883
151658
1329
347
10875
178
5408
1276
39490
25
117598
106858
372
34715
3100
42
13170
1952
10470
8679
44
3628
3048
161852
1270
4318
6704
36019
206
4525
15397
2489
98325
26088
19580
1845
17214
119257
3206
229
26605
218
35605
30785
321
1427
7784
5307
8914
3787
11713
5645
1419
2350
