5501070
9417475
11135340
5603736
10510126
8745708
7262149
5909075
7441156
7928926
8669981
8587287
2962895
6599559
9889725
2188565
9117984
8002483
8026360
6968279
5904361
7925940
9901269
9189274
6664956
8084665
11437670
9271682
5667035
4973491
7161602
8436505
10889586
6466747
8442414
8204067
7850135
10850991
7640172
8058317
12225841
8079970
12753187
10852525
6029248
11508670
10741017
6986597
5161885
8603776
5056111
875756
7876684
5434423
10723094
3225002
7733829
10344856
11114693
6619431
5199670
4179259
8082266
3377178
