3106338
5868560
7035152
5102405
3948034
4478307
7972436
3765464
5658825
4892277
7317662
6739563
4165518
3146757
6831018
1486830
4060497
5014474
4140274
3157462
4007324
2371423
4268201
5592626
5593629
4374251
9178175
2627868
4079112
3969199
6220603
3735229
8312048
6145158
8319849
6560760
6150615
5936959
6104951
6010363
10313860
9799614
9289810
5175539
4122552
2201064
5850461
3591190
5696159
3191452
4386920
842940
2308617
3485387
3483426
2673284
7857340
5181747
8862979
1274393
1781451
2671215
4328726
2445384
