223788
25836
269950
14248
815
58758
6338
900875
529958
244906
927233
688710
807
15335
715934
211
795
4464
5573
6270
801
983677
51749
1039208
1107219
1021122
436
109048
7728
2740757
922606
1214640
1186662
4750
535065
3166
2661
445198
1201322
176137
923114
210347
235182
795996
196180
2841665
537678
26161
22
215695
1569
84
108084
180712
1275137
363756
4802
398283
1028067
827317
1
2704
322
621
982004
7504
18634
991300
1130867
212064
965354
290
229384
64
964171
6594
380594
799064
76411
6100
963
226476
324787
83385
2535
54974
4679
955349
5304
118891
46138
32219
730270
518819
263217
1035460
110077
472746
1710647
266
10526
6424
1221177
24379
2134
6364
1955
381233
40900
1142193
963834
314727
10290
3879
540
617
751133
758097
1374091
1392620
6353
1008662
913190
2765
808586
25576
20725
386060
8112
1804588
575964
503411
774140
31347
5408
796982
2151106
526653
223168
8725
164626
299661
1111849
368
551290
65215
7404
11154
24210
1121
439353
2959
1028965
1000827
1303594
1073
51924
999329
155839
9779
1001107
8445
732520
197572
1113
1837
227714
21147
192966
1021412
247153
246148
21888
49103
1973909
4929
834352
148072
747717
17728
968047
1871033
773658
865485
975553
619062
33151
20
21337
33365
62071
36410
1354552
14413
12133
9
930127
2763
340020
198595
109302
9831
40589
203831
4636
174
5906
108981
261
3249
549883
1002691
732563
114295
109288
746377
319
947862
53660
526789
783
366072
3037
2855
703322
769497
5613
3982
39431
202067
4568
1122005
199038
2708682
114886
278732
3211
154389
3217
1034033
2174
707
907
12
3455
1679
3
2935
5699
9222
1110524
1282
4496
422
193443
4445
265039
230399
1425179
8521
125
999092
1095125
857002
13671
546014
23645
974582
58
793
992642
0
7256
1216550
10697
32313
152200
3350
122639
158
3955
217319
27416
1007042
10
14950
0
23897
556443
40812
1681464
24058
103487
24
927524
999283
1225
6887
264229
1051601
37
33983
913311
36945
656023
764387
188947
4603
998915
795809
43
1289
713135
116927
2071456
37302
2455
3293
5352
5577
15168
109987
7828
2173
11708
5
235283
704
898416
989830
291003
927335
2586
3314
825350
1391
15084
5858
12678
8183
5948
4332
44429
86024
1617
958532
183571
150070
53255
1861
4732
2040670
1010
184
19448
318184
977523
114770
141160
1198
912820
585169
980286
53217
27384
131797
71896
9
457
742631
43299
4935
518160
109
29769
785
37
1983
268642
6722
2995783
951774
301912
915546
4372
526334
1147763
392874
1740
266239
237734
769804
563108
1003239
391444
738353
251748
208377
6138
1628
1981102
5631
32163
548501
1300
112766
4184
563
1871577
2778
363043
9501
667638
129
21909
6719
734422
515089
137715
1036720
530
592877
3325
20
1821473
159815
300749
218574
230093
711798
505850
8294
66641
3973
1027876
152929
2097823
6429
523181
140939
367131
957154
11042
1000914
2646
196557
110865
7182
7918
36771
167596
244452
1959612
218216
242064
730839
43376
16659
22689
656610
680
8782
278
1063
922495
2585
35703
726535
727703
1449
23796
123
805418
534248
57313
1000062
41667
9
622740
730801
13076
4999
626095
1043
1802247
997270
201718
70
908784
4103
79177
211446
848
975344
4896
2952
73787
2144122
29732
961100
31931
44117
975558
195
957038
1247
51951
276461
206895
199715
1282476
222277
14265
8325
17938
707274
6116
995119
114314
3103094
996460
834690
997592
782307
216373
1071625
506276
3408
236566
2263
757744
1033816
215870
28025
29009
539642
237825
13950
1976
999820
8
800838
809639
2438
1157828
1562158
538488
1260763
527020
22365
1190694
27674
1008613
20040
449430
184241
723930
866297
160651
43289
725983
337999
173368
114944
455174
367
267901
1414
765693
851863
197719
280302
48
2187
1012230
2668
17625
2805431
544414
242
5043
71082
44275
34751
47533
19488
47453
12189
549784
4
1006233
5907
8537
13312
1913427
4121
8520
55484
105694
928995
222125
142920
870652
25049
5296
4124
7744
1137673
1961123
7434
967227
149786
1549791
1
5317
70
698030
1297
400959
804206
156741
502801
7123
6367
276326
2408680
676508
5058
27690
508
999102
210
16471
1151884
20432
972488
15160
74063
20861
604405
12178
1881981
1149978
674447
4408
512568
247637
46881
794099
222332
1008314
1026090
198887
222698
977922
1015716
5134
11962
39008
1937
10916
942966
603201
187120
5697
550597
225510
157822
964757
27607
1023316
81664
1985058
289051
166768
978006
31410
164740
7773
1053951
1242136
25575
92020
92281
4835
68961
32655
1472571
6302
246980
24010
2720
60417
580906
357915
247226
497413
1827598
1085685
49064
1197236
1665
309866
44509
2774
28650
193259
676565
392865
16157
141593
2191
300843
8358
731494
755709
153387
2984
19133
8
1015058
105392
1022789
989944
32857
984896
1463018
40696
2628
126036
1062656
1805871
156422
27747
846501
222190
1016458
254467
350476
730641
87996
947624
501251
1912179
201041
5424
880327
90797
2629
271512
51269
726723
1194625
9884
14151
4142
2718
228139
33156
1202
110147
1056754
1064844
749469
6387
608
90012
4169
32000
700353
680671
2329
10125
23445
26030
30405
189960
201914
216878
1166130
4024
856468
51590
45
1755587
1094618
426344
189785
271428
2759
2332
970648
944875
9121
366543
350347
8719
730835
199044
18
707
200
155886
293134
3029
805
16724
14420
6978
14573
760174
19040
836993
751458
18488
48355
667
157832
70
70
1820
725919
1149
7077
4973
7678
6817
51430
1296
0
112725
193963
915449
33679
988003
113
125279
1956
12121
3143
521713
1021280
21357
38411
682786
993711
1039882
3314
110630
2886
857254
744890
24944
26282
1145775
130324
110449
19553
1438707
27209
2532
25095
1710
955655
1458
800962
130
365
30127
593
887036
678532
824712
4008
1121201
225944
1034024
999578
1294416
264
171282
39
26419
206
392409
0
136
1602
622356
844290
1497
2104
3572
438
946563
5774
723245
6233
745790
246956
1250122
3553
763216
5016
1012032
16643
40374
27995
737445
1492
165
3324
836429
73426
48594
1000714
1903206
44776
216908
967639
182604
1240
19054
506540
1694877
475
960780
617015
4884
297
2021087
209483
25167
988289
701283
1022570
173571
54914
814149
1023310
24249
416914
956253
68385
1498
158138
5285
2408
9904
66584
1352482
5053
732397
46855
49310
2366
1630
37725
2500532
14426
51789
11161
1402893
188
188047
1011217
955589
6997
644
573
7104
51009
1
724089
45765
197932
9
34170
2280
2299
228145
230628
3570
197802
112
913
1009367
2344
199
1216
2741
553
7
993209
115021
6899
35684
987886
3916
243725
931720
19706
994683
884986
164465
34331
771761
791726
196347
7684
14868
2540
808
390214
4211
381
42262
205315
607888
740056
5155
194896
30767
10930
