650905
21586
760789
22316
6595
280932
5786
86876
202512
1531978
706294
104718
1813
1085274
86546
388
319642
868851
15151
0
25
1657747
365365
1717414
1660348
998287
232608
157
5
1097698
86419
3156
1081350
1827
128721
0
2701
2149254
246066
63255
86092
30042
622092
1089760
85607
1571157
88293
117218
0
992611
3
4261
868547
863308
1982384
13909
13289
88402
996508
171616
576
0
235292
434
1197582
268297
99636
380162
1949645
2815905
1004259
230
237405
1274784
1017776
1805
16635
983349
916
0
17531
940454
979802
85699
4441
675014
1477503
1008190
17123
993767
278729
85588
33556
175573
349551
1716892
57587
100311
2522442
0
31641
33406
1000067
100
86282
4445
239969
86044
232581
1015012
768217
991848
16
232501
4327
0
99658
86309
1013668
900835
139
388542
183196
11
1848
231747
5829
82686
2496
1000637
204351
172751
993606
13371
44
360375
1146938
101228
232770
858630
268582
17671
2099103
582
114361
264413
12916
1511137
1490383
6725
2144472
2668
772045
1000000
848876
5742
5017
1000002
90813
84750
999315
4283
321034
5402
633346
11534
2229
927630
15082
1383860
659761
47464
168863
263405
2049713
629398
1001812
31655
85848
1854
131472
1086327
1087307
722997
86422
89458
89514
5
9121
910055
1551586
317937
177500
231361
1655
0
107233
13090
993792
580
232590
0
35861
4331
4269
4849
4269
232498
0
165
1000446
1900326
102095
1695868
12100
126421
232498
2528418
2
90892
586
49848
67
236973
335887
1333952
101235
0
233137
1863538
2881
2004
863110
1190415
741737
871811
232503
649342
88284
999781
31467
0
5068
0
83106
0
12133
2
190
485194
111957
25
223776
607740
1078
16382
767015
263558
1006574
839413
866878
1634038
1255338
1010538
12444
94532
113831
131099
0
877262
1009552
0
417
2909029
2344
166
943260
858535
985103
32739
905897
33411
183827
1013867
58
898150
200
315910
91068
8
1216977
18429
1785619
630610
1362792
1002241
5977
921658
720122
1261441
31643
1265868
88205
911745
90232
97622
17
4849
1033325
983153
1526
66
419697
1778651
1172272
1630
31527
12158
13048
619685
635005
244710
17508
1487728
417
24
1029463
83729
631747
962392
980021
717258
0
33139
186617
0
862931
2441
6040
13722
29234
97744
96713
1514825
852732
2251075
982001
957635
10864
860243
16061
2044326
639064
0
2736
150
997258
969973
1568476
631785
1623507
99712
1078150
1398518
4841
960119
99272
0
584
2206
35850
11327
86822
630579
92022
232501
22
930388
991905
4364
2304345
1062746
1471202
94988
245484
660926
1690309
24332
195
186721
13894
86698
1842404
1000079
680851
5486
13110
2918
234546
13369
1993673
3587
676598
90105
25
945307
61070
896650
1994997
47
1787502
1642
793036
591
633487
84031
1050611
133352
929780
2518912
0
99670
155
4479
1101616
956481
93700
455912
256539
333334
3168886
578
88147
233160
103020
1
2972694
1927
86041
475
1641932
767880
90090
1011612
629375
989979
0
3016
32197
630165
1229
0
1387183
6387
1452
90
273283
4269
0
999313
4668
5026
1651
0
100941
13878
914559
86088
1345033
2446
2
2
99826
985868
15712
1004285
900812
0
232526
31686
4315
633595
245
232498
1400279
356043
922599
200
129178
29595
975638
715585
2931
147264
1784
31602
115856
1166316
1285
1223200
15
4329
1296253
29
996324
0
17533
1709230
39342
226533
168246
12914
29040
4190
629728
310466
4253
1740837
241
88126
996360
802676
1007357
1226623
995129
770147
173638
235916
264762
201
2491119
1000000
86084
647217
11778
436125
26563
31683
226
1000000
16
104544
484613
4262
206681
1133071
953762
2134833
103674
863826
1013520
25982
1232555
623192
763579
643573
4516
100103
87181
860790
90190
15562
272762
8
999098
1
865505
35961
1074005
234539
1498307
1147319
1
83134
349051
788
93258
4240880
102220
1567
14453
3597
65233
1130389
278139
635948
911404
32970
90105
1583
2101421
644836
859721
85394
1675474
33067
17510
882885
932202
151411
2261
891914
2749778
20848
1286
166
899521
845047
1911067
87307
999435
28410
1085836
0
1614
116442
1011791
2
6241
1623143
4269
85961
634531
2
166
1159192
999338
2
1698
630596
1000002
25
633094
1260341
673762
176985
168306
207
648330
1548
17341
171896
1079878
985831
864255
85655
58212
62359
349036
889938
1725083
187547
4852
1647220
1617839
335147
621201
897083
665566
0
237
110908
328914
760260
12765
170535
1209
0
986667
1
1907130
649508
173599
921590
840326
991003
1531547
746328
82889
1833640
1644580
80579
693644
136058
34198
267779
326064
1065705
126857
876751
85972
0
14464
97190
13438
843111
3231025
1011491
2211212
15580
366971
672990
949316
622637
6365
182321
32280
995634
1882658
177
5
232506
84
100728
86181
87812
4269
234352
1
0
1013054
972585
1001411
131454
580
1007478
190071
630042
17872
11796
987601
2727927
16
877519
106411
634777
2423079
898215
1629976
177843
914796
90142
85821
865734
103729
17440
1341199
968770
11786
915686
2615
99072
366287
4829
630059
4292
629434
1033508
910034
33304
1129
1703169
1027868
950972
223875
617138
7272
97493
8661
89040
148438
1828
326226
166013
633673
1753
617
32111
598
400121
0
995522
84
0
1362392
1992531
23171
734
994334
2022
13071
90648
87717
20
85
993712
236765
90
745
0
1159
232498
40289
232676
10912
576
4328
89145
5411
25
421
116723
999457
91435
1741
899121
230143
8947
0
236767
0
90024
2434
237538
264165
0
4
649345
4431
0
0
228069
950742
13282
132628
17358
947701
568
38212
17
179197
1908182
2
1545429
85981
999999
1083428
31583
644777
85538
630104
87281
833957
82889
2537449
257078
148
30899
189474
272
4262
5943
661558
946303
13526
99892
4338
235398
649229
899814
1214108
762873
1911104
147
1283480
651873
182728
1000196
2009512
630590
662825
1213
237376
16
927293
0
7
31663
237398
99872
1227
2233
32254
5952
597837
269000
708106
4248
1058781
991993
1898026
895457
986334
84084
1090126
15784
624437
1110
91979
232803
2684
83950
1709081
48593
503388
1236732
1163020
921183
1130414
86519
246429
33357
14335
717385
374010
631727
112768
167
31441
11285
1060534
89776
19167
342844
99300
777564
165317
1773569
1107889
1054427
630097
103704
924963
916254
2
1005414
30
236767
2
642728
2558680
52160
170111
87666
40351
1963
0
33318
1182386
2231
31906
84283
398283
0
1860
1080649
86346
4424
665
5
563
900333
462706
85769
907593
2
15
0
716461
83195
0
1005654
18620
861601
2966
0
2843548
0
16
31601
1726
1621
0
998207
163
1136
949733
991455
217
250738
97036
1440
1042742
18853
995092
1541284
207464
87480
898
2178
265154
228639
87173
848117
628129
1630
1863
3942
2726
171247
9923
113639
3225
4831
