30
2
219
7
0
7
1
87
0
241
3
1
0
5
134
0
0
0
0
0
7
1
12
0
1
0
0
0
0
94
6
0
6
0
0
0
20
246
0
1
6
0
140
3
0
95
6
1
0
0
0
1
140
0
0
0
0
0
137
132
0
0
0
0
0
0
94
0
0
103
0
0
0
0
0
0
0
0
0
0
0
0
0
7
1
34
0
303
0
10
7
15
0
4
0
266
0
0
254
0
0
0
265
215
0
0
1
0
0
0
0
0
0
0
0
0
98
0
496
7
0
0
6
0
0
0
0
6
0
266
6
0
0
6
0
85
0
0
0
0
0
0
0
0
0
0
0
23
10
1
337
0
0
0
0
0
0
2
9
0
0
0
17
0
0
6
0
152
0
7
10
138
94
0
557
1
0
0
7
0
108
261
445
2
0
6
1
0
0
0
4
0
0
0
0
0
1
0
108
0
0
0
0
0
0
1
0
0
0
0
6
139
3
222
1
1
0
273
1
0
0
31
0
0
0
0
24
0
0
0
0
2
5
242
73
137
1
0
1
138
0
0
1
0
0
0
0
0
0
0
0
0
0
0
0
0
4
7
138
0
0
0
0
6
0
0
100
0
0
0
215
0
0
124
128
0
14
103
110
0
0
0
0
38
0
0
0
0
0
0
104
9
0
0
0
0
21
0
0
259
0
0
0
0
0
0
0
26
0
15
0
0
7
0
92
131
0
0
0
0
0
0
152
0
0
0
14
0
7
1
9
0
0
0
8
8
0
1
0
11
156
10
65
33
101
1
0
3
0
212
1
92
1
0
0
136
9
110
6
0
90
0
0
0
9
1
78
3
0
6
0
0
0
3
4
0
0
0
105
0
267
0
0
0
94
0
91
0
0
0
153
0
6
253
1
7
0
0
0
0
0
0
0
76
0
0
2
0
267
0
0
0
0
0
215
0
0
2
3
0
0
4
0
0
0
0
1
0
8
0
0
130
2
2
0
0
346
0
129
1
2
36
0
0
0
109
0
0
0
0
0
0
2
0
0
0
0
0
0
0
0
0
0
0
6
112
0
218
8
0
0
0
250
9
238
0
16
0
1
6
0
0
0
0
0
250
3
0
6
30
9
0
0
0
0
0
0
0
0
0
0
0
0
0
0
0
0
0
0
0
6
0
0
0
6
1
0
266
0
0
0
0
6
7
1
1
6
0
0
0
7
0
0
0
6
1
0
0
0
0
0
0
243
0
0
2
1
259
0
0
6
0
0
0
6
1
0
0
6
8
0
134
13
6
243
0
2
0
9
1
21
215
0
0
0
0
0
215
0
1
0
0
131
0
0
0
0
0
2
21
29
36
13
0
9
0
0
0
1
0
0
10
330
126
0
0
0
0
102
0
6
12
253
0
87
0
0
0
1
0
1
0
0
6
141
0
9
1
0
0
258
0
0
24
9
33
7
0
0
0
2
0
249
3
0
0
134
0
28
11
4
0
0
0
0
0
0
0
0
0
0
0
6
0
0
0
24
0
1
0
9
155
0
0
88
0
0
0
0
88
4
0
8
2
6
0
4
136
0
0
94
0
9
0
6
8
149
65
678
0
0
0
2
0
0
9
0
256
1
0
0
0
7
0
6
0
0
0
0
0
0
0
0
108
0
247
13
1
1
215
354
97
0
0
7
2
0
6
0
6
6
2
0
0
2
3
6
0
0
0
0
0
0
1
2
0
2
0
248
0
0
35
14
0
0
0
5
1
6
9
0
0
0
0
1
0
0
0
0
0
0
0
0
0
0
0
32
0
0
0
101
0
0
0
134
109
0
0
2
0
0
0
6
0
0
0
0
7
2
0
0
1
0
0
0
0
0
25
1
0
0
0
1
1
0
0
6
0
0
0
0
0
0
0
0
0
0
2
0
0
27
249
0
0
0
139
247
0
9
0
0
0
217
5
0
1
0
0
1
0
0
6
4
5
85
0
1
0
252
130
6
16
1
1
71
0
2
0
0
0
6
0
1
0
30
0
0
1
0
0
0
0
8
0
0
0
3
0
185
9
0
6
97
10
0
24
0
0
0
0
0
8
0
0
0
0
0
264
30
1
0
0
3
0
216
0
1
0
2
0
6
5
0
336
86
131
127
73
25
1
5
0
35
135
0
1
0
0
1
78
0
24
0
0
92
0
0
131
479
0
0
0
0
0
0
0
0
0
1
0
6
0
0
0
0
0
0
0
2
8
0
0
0
0
0
0
0
0
0
7
0
0
0
0
0
0
0
0
0
27
8
0
262
0
7
0
0
0
0
0
8
0
0
0
0
0
0
0
0
0
0
0
0
0
219
87
25
5
0
8
0
7
6
1
144
0
0
135
1
0
0
66
0
0
0
337
3
4
253
215
0
0
0
500
0
0
0
5
0
0
2
7
0
2
0
152
13
96
0
111
0
0
0
0
0
0
5
7
0
6
24
2
318
1
0
0
0
0
0
0
0
0
0
124
38
0
91
0
240
0
0
0
0
0
0
6
0
9
0
1
102
1
137
109
0
0
0
2
0
0
94
0
6
0
76
0
0
0
0
0
0
8
4
226
36
0
0
0
0
0
0
0
1
10
0
0
0
0
0
0
0
0
6
0
7
6
0
0
0
0
114
0
7
6
0
245
9
0
216
131
0
65
0
0
0
0
12
87
1
0
0
256
0
0
1
0
20
0
0
0
0
3
0
76
0
1
0
10
259
0
0
1
0
0
0
0
1
1
6
0
3
0
0
250
3
0
9
0
0
0
6
0
0
2
0
0
2
0
25
1
0
0
0
0
21
247
6
0
0
9
86
0
0
0
6
0
0
0
188
8
0
0
0
271
0
79
8
220
132
6
0
0
0
257
0
0
0
0
2
0
0
7
0
27
0
0
8
0
0
0
216
1
6
0
0
92
0
0
0
0
152
0
0
13
0
0
0
0
0
0
1
1
0
0
6
0
8
1
0
0
0
0
7
0
0
0
161
0
100
0
0
3
76
8
1
0
9
1
9
0
0
0
0
0
0
0
179
2
8
125
0
8
0
0
214
90
0
0
0
0
1
0
0
1
0
0
9
0
173
0
7
0
0
163
6
82
2
102
2
4
2
70
0
55
0
466
104
0
0
0
247
1
0
0
0
1
108
0
0
108
68
0
0
0
0
0
0
54
213
0
0
0
1
0
255
25
144
133
0
0
107
0
0
0
0
0
0
0
0
0
0
0
136
0
355
0
0
0
0
107
3
10
31
0
6
0
0
0
0
0
83
0
7
6
0
2
0
0
1
105
237
128
242
240
96
0
9
58
140
0
111
0
61
1
144
0
2
0
0
0
0
3
0
0
9
0
7
0
2
6
0
0
0
0
0
0
0
0
0
0
1
1
1
54
0
2
0
0
1
217
0
0
6
0
0
0
0
0
1
0
1
0
0
0
105
3
1
0
0
0
0
274
1
113
0
0
125
0
8
0
2
244
2
0
132
5
1
2
93
1
0
0
0
0
352
94
95
102
0
103
0
0
0
0
0
0
0
243
0
0
0
0
0
153
0
6
1
0
0
1
8
0
0
6
253
0
0
24
1
7
6
2
0
0
0
76
0
0
0
0
131
0
0
160
6
88
6
0
93
0
99
505
10
0
0
0
0
0
244
0
2
1
0
0
76
0
0
0
0
0
1
4
103
0
2
0
0
133
18
1
0
0
267
0
33
0
0
0
0
0
6
0
0
6
0
0
0
87
0
0
231
0
0
0
0
0
0
216
0
0
0
0
0
0
25
1
59
6
2
0
0
0
0
24
247
238
1
77
1
184
66
0
0
0
0
4
0
2
0
1
0
0
0
0
55
0
14
4
3
0
0
106
0
0
77
13
116
294
122
14
2
1
29
242
1
33
90
0
0
240
116
0
98
0
0
2
0
129
0
94
9
2
1
59
0
2
140
0
2
0
0
0
0
0
250
205
256
2
0
0
0
0
60
1
0
129
0
1
0
1
197
0
200
0
0
0
0
36
0
2
0
129
0
250
0
6
0
2
0
87
1
239
87
4
0
0
0
0
11
1
0
0
132
0
0
4
0
0
0
0
0
0
18
6
0
142
0
0
117
14
0
7
0
0
0
0
0
0
2
2
0
6
0
0
1
0
7
0
0
9
0
0
0
0
0
0
256
0
0
0
0
0
0
0
0
1
0
0
0
0
0
3
0
0
0
0
30
0
0
0
112
1
0
0
6
0
0
251
2
86
131
0
2
0
1
6
0
51
0
3
0
0
0
0
2
0
0
0
1
250
0
131
0
9
2
0
239
0
1
1
0
0
256
217
9
0
7
0
0
0
0
0
6
0
1
0
1
0
6
0
0
0
0
0
6
0
0
0
0
0
0
0
0
0
2
0
263
24
1
8
6
58
241
0
102
0
244
1
0
0
0
0
8
0
6
2
0
0
94
0
0
9
11
94
0
2
0
2
137
0
0
1
0
0
155
0
0
6
0
20
0
0
0
0
1
7
0
0
0
268
6
0
0
0
0
9
0
5
108
0
2
211
0
2
0
0
0
0
0
0
125
0
0
0
0
0
0
166
0
8
0
0
0
0
1
7
154
0
110
1
113
20
0
0
2
1
0
0
0
0
6
0
126
6
3
0
2
0
1
1
1
2
0
2
0
0
0
24
2
101
1
0
130
0
0
0
0
0
0
0
1
266
0
0
0
0
0
7
0
6
266
86
0
0
1
94
0
8
2
6
1
400
7
349
0
3
0
109
0
0
0
81
16
24
9
0
0
7
1
0
0
0
9
6
0
0
0
0
0
0
15
0
13
0
26
14
224
0
0
0
0
0
11
229
3
0
0
6
0
0
0
0
6
1
91
153
1
0
0
2
0
0
0
0
0
0
0
250
0
0
0
0
0
0
238
6
0
0
0
251
39
0
0
0
0
0
0
0
0
0
7
1
0
158
1
0
0
8
146
0
237
0
0
0
0
0
12
0
60
0
102
253
0
6
149
0
57
0
253
134
4
0
0
0
24
0
88
0
4
7
0
7
75
1
9
0
6
0
0
0
217
6
6
2
7
0
2
0
25
6
6
1
0
0
0
76
135
0
6
7
0
0
0
0
6
0
0
2
249
0
0
0
0
0
0
131
71
2
0
0
0
8
9
99
0
0
0
24
1
136
0
0
21
32
0
0
91
212
0
0
6
0
8
0
0
0
0
0
270
7
0
0
0
0
87
5
1
7
66
252
468
259
5
2
10
0
0
0
130
0
0
24
0
0
0
0
0
0
0
0
0
131
0
10
0
0
0
0
2
243
0
0
0
0
0
0
0
2
0
1
0
0
0
8
0
0
21
0
0
6
0
105
129
0
0
1
27
8
0
0
0
13
0
2
0
0
0
259
0
10
0
0
2
0
88
0
1
0
3
89
5
221
1
0
3
104
0
0
0
38
2
0
0
0
92
9
31
0
0
1
360
577
198
64
0
0
9
9
0
0
1
0
1
0
0
0
0
1
0
9
110
1
2
0
267
103
0
0
0
0
2
6
31
0
76
0
30
99
252
0
1
0
0
1
0
0
0
0
0
87
0
0
1
0
1
0
24
6
0
0
0
56
5
0
83
2
1
90
109
0
0
1
0
0
0
0
0
0
1
0
0
0
87
6
0
8
136
0
0
142
129
0
2
0
0
9
0
256
0
1
0
0
0
1
2
0
0
0
0
0
1
2
0
256
0
0
0
0
0
0
0
2
46
55
343
0
10
63
0
1
0
155
6
0
7
0
0
0
213
0
0
0
152
0
0
0
0
0
0
0
2
0
26
0
0
1
0
13
0
1
306
2
0
17
0
1
2
0
6
0
0
0
0
0
246
2
0
0
0
238
30
0
0
157
0
0
0
60
102
182
259
0
91
0
9
221
8
25
1
0
0
0
8
0
71
0
97
0
6
0
0
0
184
0
0
66
0
0
0
0
0
10
0
0
0
0
0
0
0
0
0
1
1
2
88
8
0
5
0
92
367
6
0
1
1
111
0
0
0
93
0
1
0
0
25
0
86
91
0
0
0
8
1
15
0
0
3
0
1
0
2
168
65
128
0
213
152
0
0
13
0
1
6
0
112
268
124
93
29
8
0
0
97
0
0
10
0
0
0
0
131
110
0
0
91
8
15
2
168
203
0
247
11
93
0
5
99
69
21
91
12
34
2
542
27
10
1
124
6
0
239
92
0
242
22
2
3
7
249
0
147
93
0
30
1
0
371
0
0
0
1
100
0
0
25
0
8
0
244
92
2
0
0
0
0
92
0
0
27
0
0
241
242
9
110
23
139
21
259
21
57
8
223
89
347
251
0
0
7
0
255
0
0
0
0
1
1
0
4
139
0
141
0
129
95
0
0
0
0
0
131
9
0
0
0
0
145
2
0
256
2
0
244
238
2
0
7
0
59
0
0
0
0
0
2
0
0
0
1
0
140
7
0
93
7
0
0
10
5
0
0
0
0
0
0
25
0
1
0
0
0
0
8
0
0
0
0
0
0
0
136
235
118
5
105
0
191
1
0
258
1
0
0
108
2
0
0
0
78
0
0
4
243
0
0
7
6
0
0
1
0
93
93
0
1
0
1
0
0
215
245
66
7
63
96
256
379
2
0
0
0
0
241
0
1
0
0
249
0
0
0
2
168
1
131
0
80
109
22
0
0
7
124
6
208
1
7
0
20
0
132
0
0
133
0
21
0
8
0
1
56
0
36
0
8
0
0
0
289
0
0
92
0
2
76
2
383
12
0
21
380
0
0
0
0
0
0
0
250
0
7
0
0
0
0
0
26
0
0
0
255
0
0
1
0
2
0
2
0
0
0
0
87
0
0
0
2
1
124
113
3
0
88
0
248
0
3
132
20
0
0
4
0
0
138
254
7
25
1
2
258
7
7
135
6
0
0
11
0
0
0
130
0
0
94
0
0
6
0
0
1
0
8
5
0
125
0
3
0
6
0
1
0
0
0
0
4
0
94
37
0
0
0
0
16
0
0
0
1
0
0
0
0
0
0
0
0
0
0
1
0
0
9
0
1
153
0
261
1
0
0
0
0
0
0
139
258
1
0
0
2
0
0
0
0
0
140
0
6
215
252
0
0
0
7
0
27
0
0
1
6
0
152
8
17
0
0
0
0
1
0
0
83
76
6
1
99
0
0
0
6
0
0
0
0
0
5
4
0
130
0
0
2
109
0
2
0
0
0
2
0
6
0
2
0
0
0
0
0
0
1
0
0
2
0
0
0
0
147
6
0
0
7
0
0
0
0
0
0
0
0
0
70
0
6
0
0
1
2
0
0
7
0
0
2
0
0
0
0
10
0
5
0
0
0
6
1
0
256
0
0
0
0
0
4
0
0
0
0
0
1
0
17
0
0
0
0
0
25
25
0
0
0
0
1
0
1
0
0
0
0
0
0
0
0
1
0
5
0
0
1
0
1
0
0
0
0
6
0
8
0
0
2
0
0
91
0
0
0
103
0
3
0
0
0
0
0
0
0
0
0
0
0
0
0
0
0
0
29
2
6
129
0
0
0
235
0
9
0
111
0
5
0
0
0
14
203
0
0
0
136
2
94
76
0
97
0
1
0
0
12
0
21
2
251
0
0
256
0
0
1
0
0
1
0
252
0
0
2
0
247
0
86
0
10
243
137
1
0
0
0
0
9
2
0
0
0
0
0
0
0
0
78
1
0
0
131
0
209
0
0
8
5
12
6
165
0
243
104
0
0
0
0
14
0
0
0
0
7
0
0
0
6
0
3
1
0
0
0
0
2
0
0
0
1
0
0
6
0
2
2
0
1
91
0
6
1
0
178
0
0
243
0
7
1
0
0
1
0
131
88
0
7
0
246
0
0
0
130
9
2
0
6
0
231
0
0
0
7
0
475
251
66
0
1
0
15
1
179
9
54
0
9
1
95
1
2
0
256
0
0
0
250
0
129
256
2
216
0
1
0
0
15
0
0
0
0
0
8
0
0
0
0
0
3
0
24
0
254
0
0
0
0
0
131
0
2
0
0
0
0
1
0
6
0
0
249
0
0
0
0
1
0
0
0
0
20
0
1
0
8
0
2
0
0
0
14
0
160
0
1
0
0
0
2
0
3
129
0
0
0
0
0
8
2
248
108
0
10
0
13
0
15
264
0
0
0
6
0
0
0
97
0
0
16
0
0
6
0
124
0
6
0
24
132
0
1
75
0
0
1
0
6
1
0
0
0
0
0
8
2
0
20
0
0
8
0
0
1
259
7
266
24
0
0
0
1
0
0
0
6
6
129
0
0
1
259
0
0
306
4
33
0
30
241
0
0
0
0
9
3
0
0
100
0
0
0
1
0
56
3
250
0
0
1
0
136
116
25
0
0
0
0
0
0
36
0
0
0
0
0
0
1
0
2
8
0
0
2
0
5
216
70
17
0
2
5
0
0
0
0
0
4
97
328
1
93
0
87
0
0
2
131
7
0
135
152
4
10
130
0
231
249
69
22
251
1
17
1
342
1
5
0
0
0
0
21
2
6
278
131
0
6
0
135
2
0
7
137
0
111
7
0
0
0
0
7
0
1
0
0
0
0
0
1
0
78
0
0
1
33
0
0
507
0
0
0
24
13
0
0
0
0
6
0
0
64
0
120
21
0
0
0
20
0
0
0
0
0
0
0
151
0
250
254
7
0
0
0
0
0
0
1
0
0
7
0
0
0
1
0
254
0
0
0
0
0
0
0
0
170
1
0
106
6
0
3
0
0
2
0
0
1
0
0
0
0
0
0
2
0
0
0
6
0
4
0
18
0
0
0
0
0
5
0
0
6
2
85
103
0
0
0
0
0
0
2
0
0
135
76
0
2
0
0
2
0
0
11
0
0
0
0
125
0
128
104
10
0
0
3
0
0
0
0
0
0
0
0
88
0
0
0
0
248
0
125
0
0
0
0
0
0
0
0
3
7
0
132
0
0
0
0
20
0
0
0
0
0
0
0
0
264
0
0
0
6
0
0
0
0
8
0
0
138
0
0
0
254
0
0
0
1
0
6
0
25
0
27
0
1
2
7
0
0
2
0
7
89
287
172
254
1
0
0
6
7
117
7
0
0
1
135
0
6
0
113
0
0
20
6
0
0
0
0
0
0
8
3
0
0
0
0
13
0
0
1
0
0
0
0
0
1
129
0
0
0
0
0
0
0
0
0
0
0
94
6
0
0
0
0
0
0
0
128
0
7
0
0
6
0
0
3
0
0
0
0
0
0
0
2
1
0
0
0
0
