414161
968932
1079831
35796
294797
3446271
2495477
1316212
1797775
2662200
2624357
3343353
730918
2469930
2233912
6252
2500505
3935516
1587396
828771
2160975
985338
1762825
2170613
1855493
1767979
818623
2595938
16786
1920643
2156219
267193
2408085
1295018
1298634
2074849
951678
1845420
1826954
2247432
2185808
1200344
886972
2717908
1460034
3737527
885417
2337477
67999
1047049
80279
79607
1657324
595771
1881248
1245243
2576691
1336178
3025130
1124539
1502336
231669
402510
13550
1400569
2795210
1783975
1289852
2683027
1718886
1795654
773928
2030834
1655397
2004467
1672247
176783
1888274
2928332
546080
728131
295954
1928638
1323366
503152
1016091
2278489
2239994
289457
2066573
3136428
1605102
960646
63114
1380763
4969086
2630167
871360
1970768
341849
1711233
1220784
2418408
1219066
2575644
221701
2280897
2983780
1126166
2779532
2669419
786652
2947310
1552983
1533886
35933
915010
77744
1722806
1390563
683059
4178780
1378248
1350959
1859148
1350475
2465851
293414
571131
1859959
4641303
2464667
2642130
594642
1671316
2621000
3124854
2063956
1596681
936575
220027
920636
2316265
1097977
3091362
1665407
1676426
1538338
1359185
2018180
2749435
2227328
2868822
834817
1469381
280259
3203111
840893
2168915
117638
2767730
1845452
2979862
1714277
1919810
1812179
140949
1702335
2834076
2566281
2209586
1794551
780651
1054416
5361221
1503246
1482631
1568967
999432
148781
3227419
1240713
2713352
2478314
3138471
2443914
2633029
1135038
1694999
2310007
2460381
80353
111704
1132402
2927245
1651042
3233115
1323484
1074872
16573
123492
486791
766972
2474028
147312
100877
584780
500110
951348
1077118
2171142
1850072
253256
2023030
308174
741924
800918
1900544
2654071
2899177
1890081
1281507
1886156
615408
1800339
3517867
1473416
424498
3389461
3476755
1067397
1165979
1736648
1587598
4062620
1390920
836993
2088946
431143
1918670
1330470
1479229
1238424
1068817
250342
1412243
1937879
559414
818908
1141028
1760964
1665584
61151
268173
57952
32479
