261697
833702
907827
723757
62147
2451774
1749196
1975074
930473
1474659
1068551
2267139
409134
1966106
2177398
494618
1628522
2147548
1440936
978018
481667
909487
1054299
1662797
2023454
919608
417719
2385323
29672
2543005
864456
682953
1850280
1354833
2042571
1409622
815523
1337554
1176406
1987978
942754
261853
1795809
2392498
1097918
3105740
723294
657433
716417
582701
628738
29161
1482204
1342568
1505139
738041
551540
719029
2974208
1004242
86364
600421
389277
555443
1023266
2411191
894199
927756
1689168
453183
1397356
244670
1717182
1674215
1098321
317149
196859
1587599
2025885
226893
244712
90134
1614285
320863
146217
521513
1377651
1760658
109742
1618809
3084982
727576
691427
141189
304846
3952267
1494816
1147076
2123471
181794
1777309
354456
1626297
1045960
2626910
128002
1211119
2437284
1457368
1813810
2355448
379301
700859
2343211
1232270
124514
798357
457037
1613765
1410802
649614
2327433
290304
684581
3416337
866209
1255218
668504
704771
2082428
2866639
1765681
1711706
309022
1447510
1284079
3001546
1528853
2059320
1278483
1304300
970195
774095
274131
2473840
835885
268996
1001063
981740
1036766
2206408
981397
2273673
871683
331083
127157
3427342
826359
1591799
702354
2520449
757543
2749145
1129375
281570
1102725
144363
1750700
2721753
1445458
1256948
1572005
894209
1452135
4185673
1617908
1211962
1066505
1523869
37728
2505916
1432301
2794074
835420
2559956
2163719
2292010
880803
953274
577238
2525952
116592
741254
123048
1083475
1653977
2750553
908825
1163359
624275
1023776
651212
1170829
1742228
54334
566216
283143
637290
916738
734801
1493567
1743176
667584
1351909
929510
693118
548962
1410150
2598332
2787747
263547
779001
1200036
875122
1578743
1497264
963351
612598
1715823
2427575
663564
1777355
882430
1453739
2747168
1763996
410671
1219052
648114
1523711
984490
1472224
1219830
1349736
116076
421909
1459700
138880
903524
1388654
1300958
1239093
572693
96462
670156
72312
