129641
1840893
506002
35221
3649
4200702
1791533
1890677
799800
821359
1462457
2504539
330292
1942561
1439078
21926
2017137
2164466
1412144
945993
971337
1961231
2012080
1740682
1818097
904692
628017
2589957
650984
1978377
296181
585517
1704069
1532874
1426912
2262541
1160924
568675
1083634
1280109
1396177
234852
2247219
1945580
752339
3144148
419899
1220825
23847
512810
212989
1330
1458418
1456642
1111580
668945
1310044
263822
3597279
911868
1273
233263
1654414
3508
1626882
2593800
603094
1289272
1161080
398007
1958900
216206
2501830
1979851
1758415
682791
25035
1607918
2291779
495249
700770
520195
2788196
566530
528865
344977
1913721
2118524
73321
2271901
2425551
829247
519387
29752
918584
3997612
928820
1447263
2069395
3761
1831393
807289
1796542
550214
2964822
17371
1155817
1256553
1353557
2137397
2501910
309502
800874
1741532
749542
478166
730098
469860
1462158
1189508
35942
2370273
808200
720393
2522738
830989
1659776
1050755
543346
2546024
2639419
1088695
3141558
1299689
1123479
908078
3234005
1076105
2072151
895551
215014
690022
2144880
1196825
2724094
881402
439381
1319370
1510119
991744
965049
829397
1938749
814148
649696
198463
1879643
828645
1973072
254345
3038616
792685
2288736
1960549
285710
824390
387707
1965839
2613344
1761064
970985
1537085
1159971
1049314
4172242
916275
1704364
1009882
767815
187720
2384245
1899246
2493678
1688798
3055865
1689235
1436284
987702
983377
681551
1967793
99643
213353
116865
1849305
1342556
2250376
801536
1075001
505072
399153
226924
535619
1476300
186917
476756
217066
185534
677828
191971
2301151
1600822
1578509
1622777
731390
784758
625084
1015919
1715803
2698121
730489
1025509
755854
1235975
1167784
2704970
1502269
28726
2104514
2110651
342539
1152940
1124619
1457121
2521417
2578606
420322
2153739
84039
1298316
1006913
1381528
916605
400706
212732
904767
1012388
208997
1014222
1404091
1847568
1346420
200336
600909
348968
211747
