1358370
2737146
3428996
3052322
1279203
2252786
2186194
3953826
2816468
4265175
4349772
2177243
4396638
1466472
3589258
3167445
1014238
622478
1934694
1153157
924268
1546614
2100691
2020259
660943
3594148
3008928
1968150
909014
2061378
2960098
1284999
3668202
908414
3173048
2820415
4809619
3053692
3546302
2300252
3432346
3415884
2861815
2708911
1804099
1480237
2439262
1113733
1532929
3090616
901860
1220511
679247
1188230
1135270
323656
1750543
2344105
1964341
3307615
1700614
1390236
3588466
1695697
2302390
1352312
1881323
860949
1446875
1208634
1726304
493322
1981902
4297202
1973182
1453418
264858
1048635
2462055
1191772
366936
1463408
1731358
905847
20788
800943
1544176
2521594
691633
3824008
1111156
1543337
2251815
79490
3210516
2778595
3268066
1211829
822557
1245519
3975621
958732
2584456
1533149
1710478
1587405
2652765
3565730
2596081
401490
3774283
1892185
2200649
1236377
1701503
159120
1803253
727904
515965
708000
2058661
777111
4054178
1605251
2139438
1491720
2068531
1485625
2907467
2134985
6230409
5632271
1409703
916202
2708459
903482
2001898
3294017
4427217
1654548
1714395
645421
2818090
2260371
3448237
2770996
4824583
2306467
1652656
2243048
2475490
2044636
3197869
1501261
2747146
4101068
1986832
1509278
1760771
1805181
6153632
404778
5450580
1948628
2391239
1858512
2933598
2663617
6393557
3518768
6344871
2856628
3303571
575575
4489826
3286183
3901880
1853322
3784447
701041
476980
1083655
1580779
538994
3676666
3504593
4545246
2784692
3849067
533159
2424704
1124421
4024376
3464561
2086206
3082915
599664
2229920
2623008
1875910
3791791
1870944
1680137
1560500
382257
178276
513391
1761708
1581686
179330
1228471
611721
1874523
303655
902896
952993
1853636
143982
2659128
1062903
155620
115216
574651
1335539
3831944
3425497
1964267
1433910
2190894
2555805
2491756
574184
2435971
1333751
7272368
2540597
2540887
1238072
3828482
1653031
5190605
1156889
2521099
757262
652166
1053790
2503181
614417
3178936
1201985
3037617
1579263
1952916
1415448
932690
502404
