618116
2027362
4906900
500620
2333778
3039422
2529503
3676548
1922478
6056191
2967265
2383180
3186979
964138
1490158
1503759
1033889
3455467
838130
1061489
2004635
876514
3752058
1391739
2630907
3165451
5578531
2190807
532878
1715287
3569290
1239595
2398424
2549610
3951160
2131014
3613220
4235045
3519312
2974140
2282961
2674515
2927477
2274525
1656300
2662779
2219121
1767067
2590686
3373158
922229
724417
2018665
1015401
543182
856428
1698564
1772457
2351827
525125
1384578
737058
2015632
710890
234938
2481600
3363656
835365
1946337
1617377
3510831
1627161
3397319
4395247
663292
1458553
260941
535853
1215363
311629
842115
2700789
2811600
631877
1811416
172420
376870
1197587
282502
2911575
3600608
1029644
2780186
980831
3403867
1517161
3760768
2201715
850007
1123675
2439881
1547303
4010268
1560335
3886091
4571848
4541671
3250378
3356232
228474
3841401
977896
3135123
1331152
850491
1112186
1972513
1146073
47062
1925346
3991850
1091816
4917999
934799
1112420
1296048
1415933
2382575
4168547
3115019
3173052
2114767
842496
1078921
5223646
1729448
3428427
2542453
4492869
2584547
3275610
1923969
3066372
1199786
4259218
1755415
3777619
444092
2157473
2859018
2542922
4207260
2788890
3341228
5365162
4558591
3077484
1822854
1662431
1644161
4103309
1974529
3660384
4024900
1689648
2402243
6941999
3115842
4149518
2257567
2586686
4013398
3780956
2279065
4162246
770575
5511470
995804
3509115
701587
207814
1421956
1887823
1847563
3067268
3111830
3548699
2385459
802967
770085
1571539
1370248
2197582
3967267
1772689
3703188
1272728
2299031
2316298
34935
1493835
1708102
2066491
1616002
893218
1010931
583971
1339390
798090
798868
2498359
189100
1020297
300594
1163693
1892761
2241084
153092
2229545
638583
41544
72032
2318432
1810354
2333892
2157443
4611861
2197648
2504671
3602033
1736458
565151
3469673
4662814
3972158
1475881
1943668
202084
1918781
1004135
413710
227412
1617781
1293915
90959
805971
2790171
106203
2224117
1956761
2784619
1232653
258888
998076
3202100
1589269
