8868234
11048613
12804638
8200038
6376648
7078114
12113336
6901449
10713713
12402129
12157063
9202604
6614791
5168950
8385782
6793000
7004425
6367385
9123188
4962928
5662942
4651769
7421943
8889049
7122790
7625575
15057978
8399586
6712454
4836354
10644007
5317094
14000796
8158871
13279811
10612566
11069829
9071132
13561424
8401491
15217032
14545158
17178453
11086534
10673472
4853810
12874443
5054950
11111133
6939963
8536870
3220520
4382858
5860224
5158381
3358197
13071560
7591983
13711937
4825785
5857517
3922733
7356658
5731830
