907219
2791749
3720709
1995219
1910867
1103766
3482818
3354781
3343314
3792657
4747209
2752782
4844907
2096016
3813244
2252188
1068582
3733043
1199226
1308870
1953152
1322056
1836839
2103133
1649011
2404380
5662645
570901
1350890
2900757
3970747
950520
3979921
2765816
4012180
4154414
3183569
4488998
3313718
4816432
5000284
5254105
3891179
2156995
3220720
2922701
3840064
2606071
1879187
4552697
2254528
1443449
1138681
2999847
1136557
2037120
2947358
2780438
3940583
1829373
4082366
1081595
1743028
759888
1059482
690197
4351066
1081441
2085053
1101811
1350163
2081056
4402941
5491192
2235354
2281721
1090400
333879
1998361
268868
986184
1918623
3914900
437707
407852
413156
1610819
1914924
291754
2497243
2437649
1664141
5225644
166688
3781758
1256707
2645205
450311
939364
1292607
1955091
265972
2243024
2369221
4268054
3227776
3711085
4185466
2599336
559452
2895490
1299819
1126363
3791635
3782235
2090037
1306492
1881335
878176
1298395
4003727
2782365
5661967
2553260
2681819
256859
1595963
1903136
4271366
3524449
4794283
4481191
2316202
998761
2450518
2032084
2556065
2431119
5564843
3437825
2941601
4164060
3100447
2296740
4987855
752423
5707601
1887352
2835617
868658
1895058
3685616
1761064
962816
5649710
4540157
3324982
2021752
4330999
3443133
8013349
3149447
3121813
3157692
5294650
2407745
5635257
3962663
6211888
4662109
7822986
3693117
4503425
2054850
5591426
2516339
6198886
1075750
4970817
2578188
953430
2591480
1722845
1439619
5338448
1856832
4703550
1906404
2229303
640959
3056413
1633720
3196313
2861062
1788153
5465001
1007027
4021750
3016390
1718781
3628367
4104849
3786350
4131696
1266704
722173
2595404
2862692
147319
222801
3602521
140920
2068728
1749992
1557057
2738645
1637310
979860
1657566
590993
898195
280239
2947143
796106
2460047
1441601
5938133
3915063
2916070
2128331
1743701
1991728
1987728
4176992
6988189
4653883
4536907
1183292
1503478
1145928
4120931
356017
4671893
1339074
718224
654026
1134134
154163
1484840
1372305
3524022
2097939
1508707
688555
2092272
1150276
