514973
150777
591126
46550
38322
491557
76770
705569
512433
728334
852875
315965
4008
313270
143364
10050
565058
264892
21973
17786
67803
1347094
535841
1520710
977351
1212716
201642
16774
22435
1141916
693966
764755
1087903
48575
459011
3980
52913
1151670
334765
172927
659412
810376
686163
1563399
425910
3249533
274787
133657
5836
863453
0
0
351141
333830
1516383
792119
73119
452771
957874
166148
8340
27868
27037
27489
1235037
217979
549931
982191
1993740
1818293
832807
10325
279603
326392
1040398
22998
432809
367393
349781
28914
140682
599253
758725
531328
50513
276102
532915
1019579
34770
1152330
522647
192661
140908
524676
946330
1130356
117038
549631
1120648
3851
100421
83924
1024230
158442
186599
419237
163105
525894
74229
1030524
762645
927442
60
45389
326648
26072
334012
446139
985743
427063
3747
1226697
781822
14303
21791
122961
348570
761859
376671
1159414
579173
437756
194106
89496
5993
367986
1128549
156110
395611
185835
498266
195454
1596278
38773
276950
123452
72763
952990
210945
156601
1781315
456553
782331
1049905
249244
26723
454952
964922
203858
124403
956920
84156
497567
350517
29991
31779
821069
429478
123365
1190527
491558
426299
659365
308661
2113605
142854
927493
32575
487553
1690
755756
1420985
1806172
538087
655799
134952
185776
6188
50555
457193
684024
434945
336790
9408
105185
0
559744
135865
882478
678810
54088
21972
111580
35714
19509
0
4
3436
39067
424260
853312
1164686
156294
389044
5682
355080
25945
1462783
244544
453525
323095
480136
44215
122249
750293
938037
100955
66374
129924
1214771
128920
527216
615389
1635507
888111
810431
139911
373229
356191
1161721
58574
19187
34156
0
140328
14400
63126
57438
87973
121691
968647
80219
144291
318024
48367
10050
639140
541082
1301945
281359
30647
1158060
1156786
908052
37808
392131
762969
757152
12248
130049
991932
0
133557
2359452
536046
78715
1034243
428124
933054
449276
135331
106543
474894
932719
2265
228123
3719
124336
851566
19138
891582
220544
1203208
194193
615567
969856
99644
110206
562165
1191518
24670
73885
406082
559209
192547
531937
65425
19509
957164
343753
21253
29501
824221
943214
1972465
331048
64814
148068
53299
446586
253341
74886
262229
119717
63000
127650
523806
85744
912634
1023713
743283
496221
93270
59641
974888
58391
405350
45270
126212
187016
162063
283526
82161
836391
424408
992005
849146
926053
66415
103579
257645
2170505
695871
232
142699
651271
1069307
1095723
696003
73223
1269894
386027
1018676
831174
604448
963380
297465
67841
448773
296718
87885
11242
161615
383874
233335
95097
37646
554687
770957
73110
2605060
763746
1689045
752373
204187
207044
1669996
270133
9522
226872
514306
511498
284679
1102495
173721
229197
97644
350820
691975
101820
1943312
3704
351814
246857
23515
902030
416568
293791
1453091
17682
1232355
106799
797070
57182
187499
23219
835487
125354
1166495
1856250
233983
625900
146773
425420
942984
785523
986117
89089
694251
334418
1761092
382773
752538
179107
821450
33223
2737575
61814
173247
157963
1236256
758585
119264
961999
136140
1013178
23664
78059
13502
443727
226910
421974
2097916
41833
59184
91219
812859
364420
26277
942983
22208
8863
61498
8546
448301
45022
383094
385310
427451
4782
226572
285817
616826
275573
206796
1090615
231211
47336
147428
143849
60502
80986
75850
24150
2128861
912139
744367
12829
908359
413921
775443
54201
35423
765427
83646
36114
97665
1874435
189867
575180
119023
29133
856255
49828
1078421
352804
167680
1204746
349700
483276
248683
474240
53723
443044
349019
133755
73577
1567607
85475
667803
1017840
501979
1442061
1963738
850775
1241831
430712
58543
685518
34913
579509
994150
59869
56610
217537
362378
572335
32489
179937
956858
3736
675767
996876
46986
226741
581642
292325
1750468
153054
426828
1118749
151220
991803
289098
523057
281865
94910
722609
260362
556212
230869
780482
155121
3440
1170512
140455
696177
111537
811218
496871
948806
1298214
27241
99363
1164005
23111
576423
2834809
362660
25148
282498
462412
63907
258333
269325
209854
164748
84558
100953
19982
1489198
614346
128953
134503
1698474
32392
183949
553429
853599
630682
1019693
769265
1589515
645295
586591
134302
118246
1755898
1403974
91117
490853
572712
1001635
109882
324790
101997
762084
521435
753739
1144426
66109
82635
72757
95678
452261
1948002
1281403
3116
53808
64351
951437
6879
86949
1265465
548457
755613
113167
140204
311311
53215
150304
998702
1193351
985871
229404
201256
787142
366754
354135
533059
1305793
1219025
427201
1479513
901626
1055315
143828
296832
171148
2932
413234
527244
710701
1308549
87570
469995
982441
73361
694290
28189
1711022
449508
1260216
1257456
774806
717072
318174
791185
406823
1289970
1762366
138518
622423
900849
117910
264937
635516
1454676
304527
627785
611506
23941
201755
140270
602236
530581
1961998
1568763
1536070
428669
1354285
90227
718799
97883
33126
924089
118209
981475
1550491
127464
22295
45246
85945
906911
672314
459392
61594
10143
4722
43
1092047
828414
1044233
779992
99083
1112545
497837
77519
126374
483258
1388945
2570940
70314
163197
783297
386228
1817328
895460
1080175
564511
483951
567058
184129
1262855
360971
456743
990076
583469
74691
860605
363353
155989
1044574
392977
50149
71229
95895
906886
466144
169121
24199
1492232
1268146
374519
77263
49291
432953
67691
95675
172293
167736
9007
727823
280457
92986
341779
37412
89922
662501
1050200
2316
1308375
74407
22154
1601694
1998438
531258
88278
873854
47577
230456
553375
115840
13541
438624
892347
369733
147193
365147
321326
386984
8227
223362
365193
29882
837635
38036
450909
144193
102773
461073
191405
903973
475687
41547
377751
22208
81100
2812
0
3295
88097
6846
36551
137889
112733
84669
250047
11523
51
14316
23591
703275
132998
779243
7191
768742
437481
229207
4303
529481
1405327
15109
460087
182390
904664
1262766
28690
35220
46945
592583
435550
367384
254451
1723230
111885
11674
23232
540339
181779
54641
111858
114750
824234
134802
621224
44033
14695
367621
349774
770787
735763
1774661
106068
873454
674568
1046781
1054262
1933692
160136
214218
71
450773
60685
715699
53740
19314
40803
115825
754692
56168
77605
155203
29878
451485
28568
238974
29856
1485099
888184
1864644
178796
434311
477507
1083873
65272
210974
3315
154894
93768
378291
122088
1435145
643264
143472
1021716
1342315
635907
1122257
536377
235722
9579
740091
112542
1748228
26193
556005
20815
273690
117818
973512
948362
36492
1511240
239070
738868
1183874
694188
1321119
1071975
96947
566838
1009783
281139
79701
908479
208746
17656
49740
163930
1991146
176460
514706
38283
547373
57993
18116
77518
1732739
16425
61342
75773
1385160
3852
23284
1400543
496461
388147
22876
75198
72153
360870
2810
115793
519118
37456
43302
153862
131866
48581
427489
950846
26978
384250
45681
2419
1588573
83096
101151
138906
29378
12913
14513
1047687
108540
94117
501116
942923
41260
551740
433953
19823
1627594
492019
969720
382040
355420
491045
325333
22079
256946
28773
29366
839232
334280
5967
74264
70416
176774
538980
62181
358263
130590
73212
