103
1852
10357
41
4147
4832
2295
20136
517
18362
191171
3623
434
11676
3044
7348
109
768
208849
237
44
8579
187009
11521
107145
253
2568
5776
179
22908
26801
831
13971
117
9155
7060
7023
95249
300540
526771
44470
190418
601470
11695
1071
173677
19108
810
975
2070
8318
931
2474
601000
1126
1806
1061
161355
1742
2
46
377198
666
1442
1429
1
11044
281
22693
363292
400
2777
421
23
214307
30
1
123930
0
2076
3121
0
20623
0
155437
14891
2455
195209
67
1177
197850
1404
53
10903
172838
44081
11
0
24467
107152
3106
66651
41533
32229
49
277
30
2286
6
5883
5
15
0
29144
755
52015
21689
594358
25603
941
10465
852865
9102
294
48
458291
8297
6038
38785
382186
591810
538860
631
8517
368
1522
2186
9376
8830
109
469969
425750
5598
26368
171057
198188
21508
30636
30368
482230
21572
578384
9903
33238
22185
465646
335
537078
2205
2
21584
24561
294
55138
3699
673746
598222
25032
946
12051
466278
590563
1279
569
38875
29390
0
20265
12561
20291
441332
212998
25710
18049
19485
11882
69
1465
181
484
837
362
969
0
499877
0
297
6793
829973
115344
149
2363
8931
3
0
23754
940
513855
0
613053
285
2029
473
177781
12
438042
443
48356
190381
681
9
261
1664
68970
165
468544
1199
52946
449
233542
163071
2
10163
200335
764259
1345
299
4
344
132
6
6186
0
17711
310
176100
402283
18952
20760
809
0
2
52
1832
2041
203217
801
22485
1145
2337
0
418
0
0
131
20720
1572
9612
179
1795
553505
93
0
46091
74760
30
371293
1865
34276
0
16
46
16
23484
0
429
2767
0
1511
2
21538
1998
0
26
48
0
210041
0
461
24360
51327
268
786
0
5
0
1
0
122963
1731
0
3
41
11
1115
19824
0
2050
3
1
51
0
3137
5
0
2
23477
0
30677
12198
1064
344011
0
0
21427
481
155484
38
2195
32
22799
1982
12546
7225
1908
2499
1207
293
58
307
333535
23586
38
2
5722
4086
473398
24455
1216
366
24210
354742
8579
7351
370
726
344
0
8479
814
22167
1
538
8
627
10255
26160
15666
291669
10
21300
21244
9335
1325
451364
11
629841
0
0
33
0
0
1469
24631
762
589
36
162038
105113
1
1016
169
156
3104
0
34539
169904
634
40884
148
0
819
15
2537
330491
31924
8
1
82308
11
148
40402
309
9828
769612
7491
38978
1068
515318
27902
2859
0
90
1570
45241
150
30457
2021
8428
234
161843
45431
361
16870
169886
24302
2059
336
1
221
8
0
244
5455
23674
8
190449
767
2134
39663
52093
0
47
0
20803
41863
1206
582
432209
1170
163324
0
24347
211
3
1191
22864
4923
937
17
427587
356703
22426
0
27669
454423
407208
11735
69
299951
616663
746
603
146
148
0
327
50
0
316
318
0
459163
0
8525
26
433
0
310
2094
7062
28935
27037
168911
37605
1305
361749
24240
363
430164
180186
204241
249435
834
492547
2
53995
840
21
610
3
6
0
22241
8548
54
111
0
368
44
9
0
24235
50
1468
51049
354
166741
307
12113
56
14318
9239
377
185826
810885
163734
151
17669
8636
469694
181533
2096
384048
0
0
7725
561988
1454
19504
49
62751
26447
1
147
1074
220991
71871
53
169823
309
190759
1143
7667
22330
668805
9961
801521
794
459
44759
31818
34446
8631
1233
514346
1397
447651
34391
1958
20
665607
342
56824
22355
3221
590744
457
25234
10734
262
143
24646
9434
24328
37
227
23812
1797
205070
22335
0
285471
640434
58647
273
27241
0
435323
10
33336
536756
1106
449
1066
754
5325
1
1
16
6597
143908
27704
34846
323
0
2148
24473
8749
9253
7172
1
375
553
11899
257036
20
294557
797813
0
3
467171
6
207792
5269
1226
1222314
329
8134
253
24360
495
182480
9078
25395
10339
3776
1222
40422
29144
11556
43522
439257
417501
24
9320
775986
457118
1296
8539
26
0
427
0
479
170529
804710
34456
66586
154333
19930
9
9280
9917
116
52772
0
24006
263
14
49175
1747
52284
11318
70318
727
19
222
161809
20084
0
285
441944
461
141679
24417
22667
188223
7861
0
25226
1300
1
47
41983
757
62781
11905
24181
488333
8377
31038
952
3193
439152
491392
763112
1055
400609
21955
5882
1091
55
0
853
0
21
0
451264
463
451
22876
1820
487
2
777
1578
49
265
220
10027
801
2848
7
328
0
8494
492067
4
20630
299
0
467408
1
1255
51976
4
26
10
176762
990
3146
617092
315
173533
48610
27148
903
780540
0
2
18
4
771
1500
865
3
101
1975
154
8315
464
32
1
132
22
0
1
0
0
30747
0
675
17
877
4346
990
0
296
366680
513938
1615
57
150
0
0
0
74
240
614105
347
48043
6904
120540
2
1654
1694
376
1
92
514197
1
7921
160995
15339
848
3
677
708
0
1904
1829
435968
0
390
43
1
31
2690
0
23850
24230
198157
395
420
0
12069
0
0
27
11
0
744
0
137
143
1
5595
1613
161703
134463
967
1907
68695
424072
943
1466
0
683553
104484
3
1142
537735
763
1525
28
1644
1356
92
1
1005
54415
19644
2324
12599
316
62510
2841
699442
304
753
8473
33259
154287
0
25
41
11
37
11079
3946
42
189
21735
203844
22489
176606
579989
194843
11530
18
1285
454
2216
4
234
26
298
790
39406
902
1070
14593
51
26952
634
795
0
24913
24147
879
1
3383
856
292
668
0
6199
191116
2
0
1016
20
0
41
17706
2
15
2035
92
163311
1001
53934
7631
20857
362623
1032
380159
0
0
18997
4
19
21843
364
12
43684
663
256
3
494592
314
19975
12736
21409
16
52800
2
208
10
345
42
657
467
54520
52
1510
77
3571
463
511
17299
27857
164703
287
4681
528
474
208650
23132
233
899
2120
1353
20629
71
8382
2242
1915
529
1
15
3952
2023
1
192575
8627
173229
23935
87105
11
1
721
456436
433
1
977126
1680
1348
27054
2
530401
208684
1119
421
94
1170
20887
11435
22680
9652
37
4
89063
298
0
18
3449
0
22
25
170040
806362
3
0
146
0
8
889
0
20653
12643
33
45994
23254
0
288
48
22434
52321
0
0
52
9
1
1132
346542
22003
740
26
1539
569
3874
23946
196663
10
27
0
100513
8782
284769
0
1221
56
310
130468
219
111
1
9266
24
781
22119
9577
29502
2012
0
0
206750
0
427
1877
84
22976
2734
567
904372
0
316
4
24
6232
31849
432149
41939
6940
4
22224
0
809
19182
5273
26743
1959
7280
0
2642
425
65
711
1452838
26177
526363
2249
702388
4214
11818
1215
43757
491
60027
24118
1
2
6911
5
6895
217057
0
0
13656
8120
33743
20410
418042
24042
8537
1139
177168
31
11
14
121741
0
267
48
7858
24157
18367
951
1170448
583
1
1069
1731
2
26
0
9
0
896
2
0
942
315
0
0
2
0
0
0
0
0
315
121651
1709
4
6320
633
1711
0
1
393
0
734
3
0
0
30508
289
71
21
2699
532445
1030
46
530
44356
29090
2051
210
20672
19959
6
3033
0
1019
20
1752
30620
55
0
518
8908
8400
0
175
66
1451
5479
258
3
335
211
0
828
0
8
161342
21007
61
11710
90282
1680
1
0
1217
0
5
2
0
198
0
101227
1140
133141
9682
31190
0
0
172
0
484933
789
5316
0
647812
585268
20437
139
5
475
20826
153138
36
2
342839
20
26
152
0
0
278
6419
0
0
5
508558
21636
87
0
0
481
1
708
9
158229
89895
830
301
652
4
29043
2313
591
929
175
12
941
1
4909
22
20951
2
1196
758
41523
736
5190
3644
615232
6627
9957
14
7285
5027
1231
0
89
268567
44790
1994
9761
917
108
473280
207500
236
191
23171
6400
116
33100
1510
467494
10498
72
7
382
19
176184
23
162837
436
3673
22025
23504
1572
15
3
3049
77
2
6
0
0
1
5697
109
1
274927
892
3781
261
575425
20878
3014
8919
0
24500
1561
50841
23293
301
666083
766433
1274
18
99
23
37419
7
23423
1208
382
459
165573
671016
539
208071
20077
7830
25
180
30731
9
87336
0
86
7
24312
0
3
17
6264
164338
502
307
54400
8942
0
114
32566
31220
7
162361
17
850
798537
2
1977
22247
476148
36
618
0
10698
1
0
504
11
21764
8
4
0
3116
1
265
1136
5
0
0
1817
10265
34894
230683
847
527170
15516
169
90
0
438600
97934
240549
168023
379
144
14
0
13
21193
21211
3255
8935
0
255945
3
19461
0
608
44276
20604
160212
413634
13108
163652
1104
371373
7
6155
47
0
0
20724
178780
899396
1609
810
1345
20
103
0
0
6
0
6
6
69
56
0
10715
0
0
312
5231
23866
16
60
0
13592
3
682
20
24858
5419
681
783
1695
22335
345
2
402025
2
20066
279451
167
1
66
1
983
161966
107743
19530
3782
1035
685
0
298
12
3237
47677
1389330
240422
20818
55
368
165338
8700
38964
13715
1797
2
51
9646
3060
835
197
0
0
2
2869
22424
32983
1087
77049
9436
91235
619
0
50469
285
20413
0
23574
20193
496
0
585
0
23703
23
1294
665794
22595
22587
766829
175
1283
4
24047
0
3076
0
0
0
325816
0
97
91
604
39
21
30852
6644
21346
9304
684529
58
4
0
0
8006
66577
43696
570
2
42358
38
22573
475
9453
147
11
104868
11287
39397
10891
0
165583
109
0
669010
314532
22939
9811
454726
1230
1214344
695
26970
23213
326
166251
67256
14218
22366
15757
2906
591142
826
201650
640686
705336
176028
1202
1
3376
27844
8526
210002
481
30023
125
1
80290
12606
8071
772003
2809
13221
1552
20899
1258
607
21951
528968
22440
644123
44937
3
159
2
0
24255
23476
24083
6765
0
2011
0
0
2
50
8289
22437
0
17
234
0
340451
344
580447
314
12765
647813
5480
22753
169620
520
426052
4
13824
59173
6736
0
170323
150
223197
1056
8463
24241
604
26
1
450135
0
19591
791
71
862
34
655
32279
199
353
213
30598
58172
645376
0
37
1647
1155
191970
7
947
11
21793
22377
46
38
26
755
5440
86
1358
108
799996
23665
41
309
1
1513
300
33
179646
25866
0
21672
475209
746
365
33
486780
10950
24079
0
38932
44
329
52392
0
46
0
0
0
367
4
26
10694
24
1
0
0
0
21766
610881
486
6
1
374
27
338712
1204
0
33
1073
0
0
24286
585
0
0
432115
4
780
2
388
4
1
1324
0
162134
0
0
3100
0
858
24228
12
3
9132
284
8
0
450270
1
1350
4
9134
0
25834
3
2806
352
19939
4
0
0
0
5001
1900
15
10301
64423
4
204
49
482955
2035
12841
473181
9
2317
269
590781
4
1010
1357
316341
22301
5
515742
44010
0
24468
57
44057
50529
5
1864
23608
428872
404386
0
137
2013
1
302
161709
11350
5391
550
565847
156
0
381176
11696
932
188083
621002
52866
981
157069
5543
7754
41
4600
57
1261
1
27
282
191950
8
447
59
4
143
510
956
249799
511
71
14124
16861
330
4
20938
188
47
3
0
552
23071
2
0
3342
221
298
994
216
8931
374
102
67823
0
0
100
253571
462092
0
0
4
0
367
31060
431215
9621
0
11
10
18
291
0
121
678
23105
29736
0
1
455005
66
1230
20665
11427
114
161908
166
414691
349
5588
26529
19572
3435
458294
27211
10812
3871
176887
21686
1030
169113
5917
17024
18829
384395
14387
18756
1930
592220
159335
372687
11053
386756
6066
124994
15251
158741
4148
20385
702
0
25
121
45
101
841254
8123
562609
774
9869
893968
354939
23756
25853
1248
56041
1114087
455393
35951
20109
25825
976
863
499872
52808
2047
514039
612898
11960
44763
69077
53432
68172
168161
778
23858
202210
20691
205664
24320
423
179
520205
308
659
0
466
3416
3
1968
42
5
1956
20953
0
4
6
21
0
1502
20932
757
2
243
721
8372
30
0
63
1126
55
345909
0
444
52
6
10737
20
337559
66479
21800
21804
515345
991
25732
171210
618
203
8
315
11
1
179
0
4993
1666
48685
430
0
3
1
299
24862
52
1266
1061
162
6
9
50938
21765
426
12145
577321
10288
3036
145272
50361
910
295770
935
23700
20059
2042
16
172
12119
14726
23692
1
760
5625
444410
24
5243
183521
419
16625
974
1093134
1228
1429
18
44465
23135
6828
164922
1195
514
836087
1019
305
31161
346
162263
0
0
851
350
549255
29590
441387
428382
5
428678
123
1960
10318
2897
21495
467708
69
177809
8138
697257
340
103
1983
165
1
7667
5306
370323
60
1061
24472
2
513815
938
0
0
14
1921
7948
11424
13
5664
298142
426541
760032
68911
2838
2561
31840
401
19718
0
409
3986
18
45
54
975
22095
49377
2113
685
194708
38
95
337
1035
125
233
22572
1236
73958
436
53102
1151
1390
4348
213035
2916
992
6096
195455
111325
24108
847540
698688
19882
229
48
6
410437
61
33075
12
345
26
108
746
190398
9061
289206
483
382
93
167160
24282
0
6576
25668
22333
21117
7116
797751
650312
13164
60589
17486
21300
9881
9144
70393
32113
730927
1
2
794
316
0
57
64
393
0
30586
24190
25039
21086
3082
30729
15
6586
48
836
32647
3420
0
102338
8572
169
0
726716
268
30
2
6685
507936
0
89645
523
1582
1076
1841
32441
424143
12578
265760
22140
33033
22749
501372
117
1137
21921
1090
6
1
10262
21558
1103
1440283
36
170
9639
20197
23521
88872
539
495
64540
22952
57
9024
202
0
3158
400
6
590451
3
50314
50
763
209493
31723
441712
89091
6245
470530
485
5
0
10715
5466
12193
762
24762
402674
20183
73
5914
698
544953
165844
50094
375
198
16
9419
0
316
634
1269
45136
0
559
36
10
9051
3
4558
29518
8848
106571
0
337773
472810
885
30191
585777
1000596
11771
206933
34186
637992
43189
766020
7
1
0
22466
1
559761
17919
434038
38285
171675
61
467678
1312
1323
703784
1183
29325
44215
0
1100
1676
13536
475045
22
24141
57
367
0
0
612389
300377
34
2638
0
0
0
10
859
8943
450301
33874
352
145
63521
472931
58
117
321330
23930
24801
0
0
0
1091
15
98
35
90
22375
369
186201
14758
22
2
4
978
37
407
2
19136
11
7
8636
30649
848
841
10420
529
15368
12550
3426
164120
680
5
419268
568598
20822
24708
20176
515777
726028
169069
444361
519056
77
3439
1239
0
745
13
2
174361
6
0
11472
11
1
826
25084
485
20564
586685
8732
343070
2048
14476
434829
170645
795342
31744
5532
30284
212
41856
25
12571
51
344
966
24652
0
12637
5804
215831
433
303
81
199064
1500
43787
54905
395
173930
8756
244
6
9394
290722
25368
2203
799873
13532
0
4
5
189
27
1790
103468
237
2
90907
17380
287625
470285
10344
19374
20353
5
9228
398
52
253620
522949
5516
12979
724
724412
201
21318
569
5885
433012
595604
383479
637299
0
6
114
674502
23825
461655
378
479952
0
7930
193
22958
479
35
46634
8855
1394
27831
961
9494
9254
596465
963256
3232
759
174461
631
597400
246587
816934
71748
13361
295
34643
1185
174381
25798
11813
6
184
21190
5696
24224
81973
513697
32170
624797
482876
175946
619
28212
720916
166704
306922
33643
175420
21078
24716
467251
214579
590088
78365
25246
782
11977
432473
15986
1244
1425
2338
929
8004
160100
926
444218
443320
607873
156701
1793
24777
448
680681
49380
1240
1396
40
640681
47
566516
170692
528
169138
538
8619
151020
1206
0
944
0
12958
0
5
8881
0
314
54
163104
0
28386
1780
157
301
1
182534
444313
1015536
25334
414534
104
172859
0
613354
22878
204364
15646
29035
160266
160364
5
2538
326
44432
813
41
0
34
319
80185
140
566
108
147
703933
63608
9651
1311
11880
29045
101672
1321588
1254
2626
1437
1463
57371
162
10699
12563
3194
641598
24447
88
0
190
23759
21187
0
43243
1059
473679
70730
342
1076
47065
169972
382
1
22241
1338
168350
445
595489
380641
4828
21
178591
21189
1335
619786
93431
8946
52539
170780
454
22841
0
1228
0
0
148
184
52
0
997
0
161542
931
0
19870
0
337
1314
744
23175
12619
23369
0
8790
0
6184
24231
465714
52
906
1193
5892
9129
0
138692
20513
0
309
2323
23347
800
80
507
58045
2081
163061
21868
65
195521
47
0
0
7825
27372
850
1
1
23562
500
1696
9448
45193
24232
193655
18
318
197
16
2
155
0
0
1
42454
32555
1018
174629
8882
16
1895
434305
1170932
162555
61301
46191
25637
302
10356
1593
25151
203
34810
958651
120
20
488576
130
170829
1
21376
2058
643954
22615
11729
440
7548
5546
471609
613160
23073
1579
24018
3
577221
776
48400
192808
8541
154
494475
213
54634
5270
1105817
49139
64
2
159747
20578
1540
0
623689
1044
5335
9214
46273
25380
952
6419
2441
5699
1196
0
285
86
19436
13
25685
170865
0
3
0
944
492
1166
232659
53594
3
1056
463
0
8463
32
0
21
3
22861
464
295
509
43
476466
54447
0
972
464
139
46
161998
20
262
144
22163
133
474767
192
30
26381
884
693376
21573
8711
64101
19434
43611
513
30
20
1230
1470
7802
330
1245
22978
2645
1902
9365
530
613
1157
21240
25986
333
14
10387
109601
12944
8848
530001
622029
172217
1553
372
801
53
1618
3979
18
1
8448
8222
1075
23049
2318
56885
62
11
80994
163414
5213
463746
9
8479
172
0
59935
463333
480
10504
753
1
11861
1831
20792
476249
3207
158
0
810353
789
23580
0
15
194310
7
468340
0
92
0
6
20285
325
36
258
0
301
22569
98155
1
37
8
21075
0
89
0
0
0
64
0
65
22446
23109
0
76
8863
1175
165164
5703
473714
669
4
31705
463
60585
492
455068
33
1429
162252
1051
30
356
58
15799
19451
954247
27907
24038
90
23925
194086
28
245
26768
115
43361
378
184
2
796938
27
6423
603
328
1186
390
1273
164438
3179
4
1435
0
180
4
310
198939
3
395574
178228
562459
1
25827
135
2
53
4795
1508
9
911
19
22202
140
508
165983
486043
21038
1
1157
99
2544
1974
1534
551
2
0
619868
80
148354
19173
20764
463424
0
169238
10771
8829
76684
115
5
72
1114
167207
83
337
145
1295
88913
349
728
21957
23055
87
1
328
0
0
52008
11
1568
33
2
3
0
20
0
46
0
0
148
0
30712
2
3
140
743
0
8
712
359
0
0
1
17
365
994
2035
469
0
25
236
14067
29
4023
1
170029
550
1
20723
62
836
3
294
219
0
0
20003
364584
0
846
12419
518008
371
1
705
982
289
650
1230
19908
9550
3
177949
12
433659
298
0
1185
22359
160
18
12607
0
0
23482
70
3
561
76
16
356
71
273
0
8719
40692
774
907683
0
1066
5
5351
1292
34354
987
23726
24204
7354
11
465204
995
11
52
119391
2802
2
900
2
0
1627
464
1
736
342
3612
27840
45
1012
19
17340
590
2
0
210
0
399
22
145491
0
431580
513867
173263
270
1
0
91
0
106
1227
8259
26
153
9062
152626
1858
71
29451
31855
321
315
43
858
491
798
0
2
4
68849
49933
5086
97
37766
8
553
4
0
0
164201
0
162319
0
2019
616
21771
0
0
1812
804
86
445739
46
20142
12344
13
163217
17
37
1093
1715
0
100
0
24134
0
0
0
13
7780
18
19607
46
561735
1
10575
394
843
6
43
369
75
0
23702
12
24135
0
0
0
675601
51
8701
34485
712
20439
36
393
428619
603
33640
201872
7591
113
1247
66870
66234
301
432117
0
24118
0
0
0
193845
461249
165742
24430
1
126
18
0
202
1
1678
1254
0
14
352
182
651
0
19943
7
2
0
4
0
182
0
1070
47
0
0
143
0
0
8
448
0
0
0
10494
1
25730
10444
1126
8658
51469
0
0
161631
133389
96
6335
4899
4925
169735
122
65598
16302
0
2509
3
213
68262
439
0
425543
2
48
134
425890
10466
25781
456057
22205
7903
19273
1123646
351
173650
480
944
698079
2273
491922
25392
60206
11513
69113
7979
26191
753
2013
21768
25
299
752
1139
171937
342072
625209
187164
208
0
2102
19
538
1206
429
25416
614
178
137
807
22434
303726
20723
1859
268
839
989101
422455
287
429295
1
0
992
514752
0
1939
511607
12659
372
9201
372
92
53979
96
553
43996
170483
65
12419
109
2261
69
43216
14866
20616
30264
314
0
46668
5869
7
11
727007
278
1742
3255
2241
20020
12
701313
23609
9612
158
2
0
429674
1993
0
404531
5961
12662
0
1335
0
13487
342
491060
465
766430
0
2007
17
24795
23129
35
46
2
0
452813
0
0
23978
43
161667
9
0
12
11344
9154
411603
1162
173788
520229
0
9240
820
3301
476534
136875
499
253
57
170198
22542
8476
77
5893
209
1814
370884
5327
20606
458874
66974
167613
12315
521
205
22266
599
220810
2084
191820
4953
6023
6042
1187310
25285
939405
40809
368713
2792
2235
89
608
81641
149
22904
154304
19
13421
0
1253
4755
341
2036
157368
7698
823
34
2202
20127
682061
6044
13358
1
23360
21429
0
7
398319
171376
479
53258
0
6
1045
298
766
8518
30277
1040
20567
179
38252
29406
10
863
70
239775
236
95
26119
42
23719
446
342
97
3
2
478108
88
7667
197
2163
19665
53298
5396
405
162
1422
0
64994
466
0
0
4
952
161311
24207
25675
63783
180
41
23823
473
18891
1090
1296
373
0
8927
16
10705
6
31835
250
475765
864
169985
0
20723
1
291
6
0
2586
64
3
19737
0
0
185
2
12
43597
6041
332
566
0
3
187581
63
700
0
462
2945
0
63304
168526
331
1204
53031
23139
0
0
25
0
0
703
354
1
1632
10025
1706
20749
220
32
17715
31
8326
0
297
160
1017
561
15
0
0
11211
960
1814
0
0
124
8918
211
10094
152977
87
631
439
22826
57
724
121956
483
4
0
0
7631
296
1574
57
0
19686
535552
133
11
0
47178
20793
661823
66394
434114
0
626009
97
15
0
0
0
1016
0
457
0
0
19010
146
464
8034
0
4
11
798
32
4
359
23001
515
192207
0
8
157
411
431541
429534
1938
262
0
351
12519
31130
144
22412
42
0
337
599
0
470
0
25048
450916
16
2
14391
517899
385
151
5926
0
314
46
1302
18615
2574
24051
23859
12668
1
456
695393
44703
276
6
34478
39781
2038
45
8619
471679
463
52793
64403
3
115
134
1379
5525
462445
19627
4
873
1
43679
305
64
1600
1238
0
2
30386
74
20
557
11746
31
343
90
1417
18
55
174749
65860
164968
15
506
210
7906
763
1026
829
421999
428
46
673
1199
37767
5942
203
23056
2673
25142
472051
553
14830
1834
1138
9817
251
75
187742
619
8244
677
35190
470793
5695
158589
28239
16694
