98511
381291
189090
74913
160406
208491
91326
897643
255614
2394617
272874
734686
51006
285446
535139
149350
286721
500962
249387
29124
339384
357319
394324
391529
145126
466113
89193
38554
587632
561562
1085618
283515
1453200
100872
529234
140196
502493
1415501
1582739
573149
167148
1155312
408237
325504
133102
943422
591097
280344
486244
1161426
93303
486794
70394
281946
223675
525281
211424
638442
1030903
35400
706340
762848
88768
174374
28087
6730
301939
526974
13416
472042
19627
185545
210152
20122
218480
58210
27716
26567
24007
20030
53279
54132
723872
33970
43619
123224
102668
368622
230094
62259
573854
322584
322272
179477
391925
324629
596994
20356
91469
109120
139365
635963
11026
255882
607513
708401
1115059
802626
637054
46010
639330
197121
22955
522132
121754
52935
17361
240818
60130
367685
513201
455577
1086925
204723
20111
177713
339896
325986
532216
461949
1449146
331956
45115
17816
42122
354354
506407
131156
918816
485381
744923
119701
221581
47122
727072
465796
2027618
40351
644592
662754
872290
502696
372901
613720
585762
1186259
146030
417839
262891
85554
1094210
49663
257248
297497
1138149
388184
1069799
362145
1026736
311432
531050
847034
88717
134059
1099159
205566
135453
203803
501706
141710
175639
185356
89797
774109
776710
613824
1430072
307973
127133
131230
329092
34326
27952
58136
482425
176946
73013
341625
917678
248462
78970
47750
74245
50613
83621
145494
221530
614840
23878
61340
112473
24949
357764
246783
324241
21743
13952
15398
348282
177702
103452
58755
112969
510179
563352
371504
52010
49875
273833
390988
561683
46117
666022
118183
658988
77766
56507
19817
856677
21891
67152
369786
199374
397123
54237
629471
273900
20223
95933
304673
992859
145526
156704
118673
90129
110005
64788
184823
47138
22972
65194
709315
490739
88224
57789
776249
43397
401284
31025
48722
1082795
25038
223111
62331
43284
12851
363600
13313
444095
247901
61830
132483
553439
255930
12519
13131
305478
162998
919248
80888
167374
165634
2044233
1236572
175036
75452
339112
297222
296838
357856
505804
64379
1071002
42928
18362
30472
38070
22058
36792
63006
43281
21388
27695
353844
37201
239835
93581
80554
331015
114433
62994
69890
42462
27628
67523
40537
719686
11124
372505
1213346
166658
358286
31059
23712
531861
89307
33892
244197
120946
17509
29299
119707
422687
80559
51852
49866
599840
21964
107732
33050
449490
58864
30773
36936
295781
120795
353681
13532
1838839
25862
652563
586250
404216
188479
148064
19377
443252
44846
319607
1017947
122026
24913
5889
32361
71368
132477
670182
149761
610426
87695
96247
358415
349290
166769
907898
71890
730817
63402
52977
29184
141902
168177
109805
343462
84695
193385
142686
8949
186084
48720
688367
156374
613016
54215
18443
14752
683142
25624
114783
580029
854494
1178119
23885
54397
195519
42709
1114202
33766
691221
527143
141873
253927
29835
1342898
1108568
289397
237682
608850
1680326
83078
753081
301125
1375087
44188
1433606
25315
24600
13575
77129
52307
771368
941062
519563
371116
716459
41677
375876
18451
20420
1097630
52999
123597
22215
60980
1496893
29857
349129
167467
113548
223927
33203
28465
55099
9826
661398
84725
27847
45184
49041
14371
198612
22774
55423
58442
146179
115574
14317
41708
580324
267936
97308
880951
295507
875549
367742
175663
58476
140241
387632
430417
992742
417356
198049
104412
259902
511354
457671
14587
92432
24888
14363
338904
654152
52428
754936
74354
97707
106899
133096
638517
99819
240198
226878
530230
2039241
886096
835736
52112
125292
409923
1765971
459878
1689877
143266
1042743
536868
131451
1531604
337987
129773
123619
36982
49032
13425
125149
7884
443122
426336
1258736
192381
91297
54649
184283
348481
212947
254638
370644
403566
581061
8687
330024
196816
1101569
1189259
839191
434525
287821
101889
1370065
56454
223755
380227
55930
507344
31837
310455
241697
140765
735770
240512
144813
618250
190809
22606
201330
117807
195038
567429
890560
601555
203169
503499
202968
182957
615756
2164325
691423
1169276
33363
108056
53903
198886
54773
316954
883728
376674
248994
307757
98094
184765
34397
1771809
96989
107903
21067
24862
519480
556699
1088205
320655
293257
57537
924306
73250
793719
16885
247388
310220
105674
1696753
1427515
87626
1349983
866244
914478
28816
524239
27302
786952
8637
212934
311227
215114
29856
244858
132621
198399
17492
163340
313518
805749
836417
887927
2557169
372930
43006
531148
71656
505791
618443
2114607
98323
137172
277230
344443
417945
609345
236855
1277125
55292
85778
142133
40115
453855
1000379
406904
840924
859545
1064556
795044
70734
479836
1766193
148008
1750048
203358
280304
55263
1417334
577439
1142468
404067
706335
271997
183691
628436
552032
522918
996221
668617
446685
71538
328304
68633
288163
363598
993731
412505
926414
286373
122481
101756
537781
595605
1923876
316758
219143
841432
29502
670476
142491
130871
973122
630887
1416668
183910
16540
58737
174787
42758
53453
61578
214582
298450
128373
24163
325240
32473
53398
95269
114404
292608
45657
32236
973789
179329
1855853
263847
902319
463337
555196
865804
391352
250364
965416
793406
909576
425452
811387
34304
511159
61954
501401
154758
445637
314644
86951
13957
280509
58711
238710
50416
200872
1214092
82913
270838
138883
241616
354338
268325
1390265
40029
14905
513299
34983
1128159
146887
451874
77390
671237
1106097
231923
170848
30786
16905
4625
95036
19760
122278
258644
230858
572117
170747
24218
1336315
1033601
30261
57640
700953
71230
194930
24122
980785
433316
138534
23336
681497
68393
104178
326443
1173491
413430
57524
118842
104129
244358
17892
16365
66495
52763
84349
295150
48354
99118
63285
44100
311858
64744
47794
116404
919742
69336
37830
710233
44887
31972
58861
57767
66215
119920
137957
135049
221088
102828
17158
13380
51467
313448
61649
228345
386668
250292
95284
105027
101488
18356
169005
349360
563465
206185
38694
5656
163618
31445
73926
17005
51389
102200
97803
22603
85904
22286
861333
167032
620368
135979
674184
15992
175558
44494
41067
39688
87777
21964
11028
3319
32944
94704
762657
107961
299241
651875
274836
506977
181980
307450
1449374
58839
1004479
294097
160653
106753
1617020
87355
124451
30680
461663
1043971
152282
319507
991142
23561
235131
237129
728930
245830
883860
23117
417964
141210
285229
210290
84997
515874
264203
55611
97425
85737
1124689
790460
649484
156466
620462
26844
604044
131212
597032
1327369
1057468
161154
235466
206813
222393
329009
800310
59544
835173
55823
100287
246726
101761
44298
950741
99029
229461
457720
450800
165686
462131
86425
84189
225734
593686
397984
16865
119582
7895
453997
242949
69978
414128
70317
20925
294940
34739
486999
86933
96461
243272
27855
396671
35848
440890
163785
124094
60006
1178595
325356
27387
10523
160889
314284
295665
464414
417113
99256
252448
36386
91746
68883
709231
47354
590408
80291
693766
335471
114625
570732
275999
60282
65174
100355
299578
57830
480865
383644
188139
20495
135253
248625
130152
196384
265159
102806
