187700
761871
202931
108033
598195
470747
843982
1489054
375200
2773945
918974
637464
100532
369205
924069
160790
155965
757487
824233
87993
248495
613410
307982
1082393
924614
1519145
171540
194062
750432
1363057
1309781
371014
2018214
292128
542323
261458
1251162
1322877
2771347
547712
788394
1576442
534142
741642
427177
1135124
672246
551655
488142
1357786
148636
660939
112257
355022
321931
392072
423246
892690
1102625
139477
672917
1321770
777074
262290
134874
63120
794018
701637
161195
691058
70666
326100
335331
46810
1167175
113693
141328
330576
138616
177700
178305
95657
859432
90223
82521
291627
230837
1196921
314972
403685
897807
187483
302093
280933
786759
794257
667784
100397
308087
733681
780878
1167710
741214
759269
532630
896715
1871087
953574
600700
197076
735391
410042
103653
545748
489825
79760
756869
584179
175901
484070
1122481
575997
1123638
325064
86905
159884
380431
432032
456467
934804
1657917
502590
173527
127043
106319
499147
909717
238331
963893
745458
1591742
261968
736300
221983
1301493
808348
2212841
767008
615228
596330
1055484
634644
974630
821658
1477360
1748883
766842
841902
190959
203072
1955766
120264
676117
907728
1300890
434739
1530498
643247
1063524
431445
694011
885896
157082
379822
1649351
561627
311475
999234
541110
257706
280905
1081887
183645
661753
839794
879872
1615392
483821
255859
285214
438077
88247
63220
92914
557026
154310
221222
1180597
993933
419904
153171
74882
226638
71295
179902
222664
213398
762266
82385
69521
261873
137975
432498
337925
260594
231088
102727
78317
458422
190411
93029
119463
257112
419346
715584
514311
270306
171919
680209
572546
811068
140494
655502
448035
892041
280386
191842
289391
1393099
329240
735094
441761
905707
327074
93366
844521
832172
40706
858714
461145
955960
194809
245399
203382
211775
160720
121267
656065
615046
217093
88332
819705
1055743
291119
360023
1481482
555051
411284
151870
30635
1133613
62852
1029558
108410
167408
46359
415984
43495
654118
219220
166705
762303
360493
370177
91381
300218
404912
241812
902650
117934
489558
320804
2254071
1364592
391759
763882
1065565
488622
403197
837646
538369
118112
1379799
122508
32877
87918
94085
52057
129416
322969
101006
87718
33461
598223
489292
736601
549336
278761
288106
209514
74269
105218
189231
72020
129453
147136
1184515
41172
381162
1371642
380669
454551
50141
71734
545842
121837
44241
115445
128323
26579
37503
318330
680247
380432
135460
1046679
725826
84313
220621
117542
1156296
593103
100754
64831
262525
237927
1652937
801779
1894348
72515
844218
742913
591955
460856
786549
38450
516066
165149
283923
1111233
206027
71398
72036
44255
144981
313622
869330
253130
2281092
155145
813378
800656
597303
297804
1557138
297708
1748946
135469
137269
220464
327230
210310
172330
616395
172431
143230
308211
56466
1083939
93947
1841496
774839
1062768
469726
31204
258409
1237931
699808
719835
419259
919582
1349806
89918
207537
593467
70464
1177438
67848
901396
701908
173063
746407
130779
1415616
1370570
459074
1143497
694770
1774893
341945
1749944
431952
1831084
56139
1640012
43951
372353
57580
232601
80762
1033610
1072684
930481
760242
830646
131067
663312
56012
242983
1550640
265362
154771
106728
86312
1522191
161796
632143
262861
337079
180376
63413
81865
108645
62380
1313326
100124
193205
133551
85214
21527
542794
78945
166589
157127
215841
517335
125996
159491
816452
400115
338688
1320064
752953
928112
804641
229546
97338
178659
661707
383870
1901174
1289154
418713
377488
379533
483636
474521
650794
298793
97446
76404
341083
1021438
126130
1208072
127457
227662
281950
264367
655534
186547
296400
323979
893697
2375391
1125222
1055530
624464
168737
654116
2202127
959884
2023554
306260
1253706
456416
321288
2188515
453737
276265
446446
595777
91325
147540
460691
60162
482087
1034764
1749207
345890
191046
134430
515552
291688
327072
362516
488204
1029870
1406253
82717
986113
437198
1600736
1443547
965333
539979
1029387
129439
1421592
160859
299353
1278267
188349
573100
79925
326011
304506
294873
1093185
642744
398471
1122302
1078263
54093
322162
253774
643286
1358711
1657587
517881
988736
449997
307581
524829
879460
2800247
843062
1302708
49030
161834
1010577
787450
103692
231755
1088464
449855
120541
574891
700371
370060
111781
2316251
293401
884674
46401
73787
1308476
858714
2489000
473422
466487
135546
1279938
202900
637014
85284
437000
618915
268456
2556600
1619559
128389
1888887
1031557
1740028
117009
581280
110390
850696
33042
691154
407440
647204
303846
185478
485983
414990
151561
404114
274912
746304
1125918
1084968
3173585
476578
184583
559878
259761
637855
1933991
2424288
852089
162066
368235
540481
1324477
518264
255921
1540759
80782
145328
725377
492636
723514
1391387
694544
1286011
931063
1319894
839146
402668
830601
2003832
477045
3044023
442712
523833
730641
1631333
815573
2764075
1074251
1611677
488596
383219
494850
756692
1086851
1048863
682701
1354930
182109
265790
172145
388308
744700
1160415
1103531
1764564
833900
579094
177474
944764
1227292
2582934
511372
363643
912854
89482
690868
838582
243849
1222463
1010184
1498497
911989
54360
154935
283593
118607
261455
108120
606791
198166
792342
276557
516082
156292
213910
337545
341314
750354
128230
113481
919073
509556
2147082
519539
1061099
322433
769225
1366434
547539
609672
1360709
1182936
1744158
1052872
1075703
373519
740758
380820
1226884
259312
440204
253545
92814
132622
396691
142898
290856
203158
827316
1562640
590681
316793
292736
301931
631235
1096577
1516270
106287
85702
343801
746487
1363607
181467
683208
148607
1436263
1151985
326693
182102
626165
57946
109492
230048
63228
471956
1002480
387952
806891
239047
137100
1978406
1035747
188154
209033
919160
155943
309303
135677
1341263
1201924
186979
135531
880269
257972
210532
403566
1173996
635879
114645
829052
348373
235307
48639
95102
96032
92379
232123
260728
103879
114839
124370
73270
291085
210006
113208
159031
1084826
96728
760619
736026
170765
87435
76679
46970
99525
147910
238371
561579
409350
289307
27541
79772
166692
240529
115297
1060823
515660
222877
74380
235443
386843
144169
104571
662552
725828
355035
109002
106080
311202
272693
487908
257271
70523
436911
449935
57623
137143
45925
1038826
209925
941870
331063
572330
383524
663035
75495
92832
103854
137198
56144
64670
67950
49180
299814
703432
181879
653242
695579
211283
456313
468266
400181
1964380
149472
1005369
411311
993496
230267
2630134
166189
494881
129151
992781
1002736
280562
319602
901968
69911
525212
435809
1013368
697678
1087767
190300
824227
232467
482015
273496
202314
640101
378216
97789
440165
142379
1000621
821185
1231897
346804
400525
179231
1011594
523072
776840
1740850
2500772
659317
957329
357539
717850
856604
1181751
128246
1106366
128624
260761
435788
845525
184873
1020684
243524
1039147
497131
518194
173250
844822
132690
464528
386956
1265740
1070065
46512
725392
38728
648450
989548
117242
363301
366134
36142
252259
94720
511296
100497
94083
440674
46929
606674
209057
529279
337640
778167
119070
1510544
243482
44396
89987
243300
209251
332140
1675628
538966
151169
421928
172272
142910
133736
729383
102822
1148909
273980
862218
693769
292375
480282
757307
110443
194858
217716
421041
367472
404713
277971
345725
81294
249315
292591
183030
296512
278752
135018
