3150404
5202321
4984670
3964567
4217981
5349117
6419464
4828225
6453662
7305847
7023380
5392683
3730558
2525609
5318388
2358013
3839103
5688270
6352144
2183120
5077564
2923180
3142609
5723309
3703043
3207787
9619549
1316209
5425309
3342073
6651408
5408020
4637799
6466940
8893888
6986236
6868605
6477444
6315070
7159516
9813432
10696420
12924528
3942724
3463701
1606282
5669641
2922581
5736555
3500845
5210776
837699
1946944
2158178
2011681
3151258
7082878
5668904
7889181
3062767
2697895
1818313
6134645
2858386
