194103
396227
233736
31323
43398
1098555
61678
108090
421101
341433
333429
311182
11763
613922
218840
3924
49940
105930
29097
33689
35669
1403020
1086319
1085250
1014987
1064449
52293
21993
6092
1278840
158297
182368
1031068
359661
466818
20221
51862
510518
257979
394152
227431
150948
243682
1348187
93418
1833633
179465
299744
11461
389989
5807
5629
583236
381317
1105739
532189
92696
134889
1064965
280122
6783
57200
28062
25139
1259322
429916
32585
1017210
1131820
481973
884739
30109
349032
27784
1061290
28212
135730
786510
419823
30677
122890
120996
686849
133245
62092
203223
145131
1179973
52169
682850
760350
381522
204207
171409
653482
1064527
47813
239460
1233784
5703
63639
58277
1013564
51111
69549
93114
81918
420605
153815
1061311
853708
377205
3658
59501
19544
4605
270432
205198
942309
905592
16253
1008549
104503
95465
46180
31528
67993
136868
77579
1167176
161776
229779
328228
405184
22871
459248
1166069
453182
240514
453040
557623
143585
1082560
70331
199015
212760
330954
519408
184395
15191
435640
49458
501726
1022334
256738
19201
456556
1027137
648856
93271
962137
59104
306241
39542
15725
70218
80217
532770
187516
836987
96689
205443
56242
565751
2812313
54713
630418
96885
180707
24210
420785
1234804
508176
334975
552792
236713
55306
9341
99205
604866
1091481
90785
635961
27681
7601
7242
303130
104603
389473
55867
72541
42214
405841
37886
52462
16582
10399
4208
6509
24596
512362
1796487
228011
375068
24135
729417
12727
1054478
91631
192055
20484
497300
42031
412747
595431
1273057
86254
20130
45980
1019396
51401
206705
524392
1127325
237886
887672
33771
236603
49693
1070564
236369
6201
46775
4467
121335
9767
63117
45487
49193
123679
376777
339947
153166
10551
81039
17630
245584
564079
836934
583983
21333
1336907
1000607
891303
368480
223651
164105
439582
23562
140183
1013252
5375
98282
1268553
203133
49312
149190
84516
281954
25108
118759
77187
121304
1037242
2680
587734
15084
40502
323726
32799
929735
124381
792263
29830
290356
985759
54960
136330
232595
1523202
26442
112737
110369
708796
454762
164730
38962
55458
1288996
752575
30385
33325
577085
1048027
1364887
104886
259452
155871
56992
157608
126345
33904
188166
127488
122392
21504
169693
20253
278802
633539
713144
142140
73779
361638
290199
43027
150180
46786
78732
145643
93444
184733
75967
942694
73936
984036
338594
308270
423934
85655
91508
2064789
68958
6496
21271
64466
943974
297323
811147
62359
1084952
138667
555338
937128
98207
211574
203083
296330
45636
456451
397587
96645
122665
24774
149690
419450
61708
135164
717046
63706
2330837
855153
1045794
241077
69559
115364
1169037
256662
15372
216798
192643
276369
289232
1010675
590098
232863
105512
61387
44759
17364
1914897
12331
186589
123115
21574
239522
102722
393865
1748675
15356
558973
54427
623742
47864
54567
15022
444624
145206
1048106
1091303
37435
167112
49193
46946
825525
320093
449110
95514
594368
183084
1174210
63252
220378
58376
301687
60090
2126460
52593
149266
39322
1038742
831605
86070
997667
43321
734476
6457
14941
77956
17865
506686
450059
2036432
23330
56592
150572
535052
57059
73758
682824
10400
60366
46261
26044
195018
104379
636513
455846
181905
9559
44089
308021
379383
489898
139105
1084664
702510
44752
501480
217033
34478
407804
134923
26957
1617203
915272
302871
7222
432676
60813
599862
102094
38104
470713
130629
45086
97360
1326518
542919
891535
81279
45620
877754
315626
1340214
73898
118127
554673
63927
148406
202874
60331
46932
126991
126633
222472
90484
1112849
23497
622583
1038558
578369
990659
449722
372671
863538
163854
101341
978121
58003
932173
1002069
104719
91272
424341
636754
194202
31246
341724
973084
23714
307645
1001119
44053
256092
813251
254511
1644235
385323
122741
1201689
795716
1001466
70502
296397
585639
204519
300250
475724
128073
209948
181139
505478
15247
465330
10166
213807
388116
809570
114116
300057
807874
15823
17337
777206
23051
157491
2664606
491214
26137
96613
33353
200381
586195
515711
94617
159345
96655
110523
32416
1398956
199614
177096
64926
733551
324508
18870
699092
215682
399482
31008
431012
1309022
82041
307009
60877
149901
699509
1480707
92070
849001
149845
1033267
17538
71553
10009
457762
32746
135123
452191
88010
88033
76953
72378
510706
1750753
676828
11649
22708
9174
998798
67944
48471
1311609
341051
448025
57005
400510
162266
56425
120012
533279
1013471
605306
210937
112166
548089
235673
444966
964935
1001839
413083
40650
498007
845249
725618
49555
584620
195124
23765
74592
331433
241399
410478
62275
88227
171749
117669
846998
15929
1057447
542175
557777
496589
654575
796192
711303
307027
123589
1415088
1229913
127637
338389
292879
75564
241228
139736
1153407
92785
606363
77451
24944
186576
69880
195590
764514
1584129
1190363
2292777
82921
1014862
41240
704139
92611
28966
149708
68645
747019
965431
7611
50466
49188
131860
36857
494081
254210
76329
7156
26395
4258
1106631
198592
1028479
423303
53775
1006896
318679
129065
17021
149313
584362
1918095
23722
138085
424483
674427
808869
1414029
1011979
240962
718305
374472
74167
1160628
569574
46261
1177348
754282
61888
766475
29393
280286
991247
102549
53836
47530
32942
434756
597933
395875
22741
970410
1507667
755981
29486
31562
124483
36867
370864
224259
212283
11032
65790
65388
72656
9937
50896
77138
483398
1213155
12546
1000969
179765
7756
1614393
1114550
302072
290555
779494
15763
92611
348559
201458
13126
151851
423078
54977
156065
51188
16249
28933
10273
662850
68474
39438
25020
51599
55069
83721
343385
555335
35023
616329
259790
90414
752909
3490
124572
8780
7741
10125
213843
14912
20254
501435
32453
50450
198555
11749
9560
30969
56732
690105
127789
484978
12003
279522
16064
104903
9579
270517
1348085
14577
694395
397214
925100
997860
359150
27026
105577
269629
168779
248586
211202
1282808
143595
6599
28107
318144
43985
64216
399245
83942
651585
17290
365960
22179
10141
200424
394060
491092
625265
1128536
36482
926024
215019
302684
1014948
1823171
61174
494276
3915
261456
30258
979549
306150
8860
73060
478520
395715
40386
77927
427166
33742
817773
42593
256637
35829
723121
424496
2416461
524359
777303
407653
1070616
79497
123224
15508
208897
381788
60128
23393
1183321
108357
155896
1080216
1021790
753421
1080241
373907
261490
7018
101949
135255
1031579
8287
394809
26523
313038
407308
821694
191669
88899
520023
187726
470514
264644
1280641
1107502
1020040
77780
228278
1034598
582532
65687
317492
361646
5197
29621
152164
1822707
125390
309076
69680
118663
48634
38094
91085
1456432
25994
77036
22228
1242204
5739
25552
1101643
300545
23197
31606
36004
46003
752675
5480
175275
700129
74622
7092
88041
160379
5198
109233
502024
11242
33274
9267
33471
1499253
10809
43737
690444
27367
17611
14982
1031839
55375
386811
153419
925398
79827
88870
213585
33706
1662614
179266
625815
656477
336552
216616
23014
16319
222656
12110
25535
172714
16433
23317
78421
81885
88697
194934
27811
47613
38089
24524
