10304288
13864663
15716791
9942983
7452236
8973633
14941404
9331797
12998006
14981634
14790247
11609319
8426921
6020168
10865213
7236887
7996275
8215688
11360007
5572724
7898499
5106196
9495528
9426419
8778256
9651324
18991059
10067029
8267347
6494463
13666534
7408470
17386973
10431676
16339480
12656283
12789778
11219917
16669960
11780863
18942848
18439716
19422350
13926718
12982347
5936142
15078750
8062188
14209893
8240181
10044811
4420846
5045253
6676308
6443247
5352788
16179466
9464115
17628844
6531089
7305196
5098526
10268837
6795035
