48345
15849
448607
2158
7857
102887
11655
28377
85517
470359
16368
18855
44
8621
37694
190
4225
14837
9787
9471
44131
26718
385026
35629
1841
6043
66095
2786
6724
36114
347053
315676
81402
9972
417581
3314
15014
679772
21109
12428
183482
106733
528283
34371
22383
144567
123742
25229
13
3995
0
0
248922
15926
10622
37798
9752
34766
3843
94996
14
52
222
9762
26593
15
529585
8275
28673
225160
10999
6
7005
22
10451
2472
3233
2514
3825
8214
6554
2746
12757
45741
17180
180650
135575
1013524
20155
119241
308106
84920
10154
44574
350211
1115251
0
2
967750
27
22041
23432
1018991
148244
20629
55308
125701
4
50
12
3930
12762
13
17
2457
19948
104028
8302
950375
79202
640
325310
356107
11781
18441
8248
9915
728151
1998
997057
88822
0
7866
33980
50
6679
119632
22479
311068
5689
592
0
3388
0
15709
3884
18127
15188
76623
25275
1038787
10936
131842
15918
183074
3928
35309
8
131441
6141
2310
15591
326516
314960
21819
0
650847
137646
19061
173919
140208
352876
545608
3350
961285
49498
104
21959
403724
0
747643
954660
1539784
6776
167413
72626
31014
3718
11523
6757
96909
18451
2288
3548
0
0
2449
12249
848673
12
0
0
0
0
0
0
0
0
33918
3292
81596
232333
4204
257227
257
72142
7550
1395212
2
113571
316247
439767
28628
7468
22196
13753
31899
5268
150
383861
9824
58917
120141
373161
45583
409450
11324
28909
17919
107979
0
8132
208
0
0
11470
16381
0
174
26770
91
1
11357
53
15541
538
37255
492459
671557
29366
7974
27959
167271
14772
1707
72
541832
5713
0
26570
955616
0
0
1479255
468981
45385
668349
217102
926038
6531
2374
5303
27616
797514
7
2171
22
8125
17170
46
217758
44586
52
14
326314
11
63873
3985
27012
945527
3980
7
12880
6131
0
406373
6927
19509
19707
305863
14570
27253
74205
73210
20286
182079
0
87
11177
76
746
6514
133422
0
0
124543
402211
46797
360910
49145
344523
4041
0
82
485302
45870
30260
15915
1422
2903
35755
21001
27794
191519
386397
121978
8145
16274
37376
87880
23314
870661
12617
0
4937
17178
57090
939952
87545
67619
499324
13880
5240
4060
71846
38
85520
28946
32615
92863
15332
90
137462
273494
99165
14063
7458
341940
596314
71
1008539
49162
13889
58729
47184
23
59881
9880
77
32382
509733
7437
81861
931986
211
106580
0
3825
0
26
5967
38
18937
75478
19752
22215
25880
12879
1000187
17660
6379
3
7739
59
148458
2183
28724
16435
128408
12949
776
412445
6011
5
146143
2866
12920
1171
46901
10957
438704
29098
31902
42217
20
90
965668
27638
17893
19319
10452
744396
3879
3916
11937
856256
5653
53554
4
0
48
8
45218
17
0
154
319229
8
3694
3717
22208
0
0
3864
94997
29425
9737
199851
409261
774
35584
507
614449
200771
149879
20631
225272
38021
74569
89186
3071
37
639
0
355279
807050
61789
2457
351864
35417
382083
7824
0
0
14303
0
9178
9845
2768
0
14
8106
82009
32831
22260
321665
4072
573
305050
410241
29522
14427
18917
311445
17843
28466
39749
1021006
31205
67406
8248
99227
38774
432786
43
10836
414908
11952
3004
15831
175271
0
0
138
87542
1812
4
209
5676
104
0
20
359735
8231
125053
90825
22639
890032
104800
8417
12143
23759
10516
8801
375702
443
715
5559
86980
92566
0
348800
138000
3440
163723
2757
28964
5
67283
26511
521759
967913
24761
0
13902
110
40518
117978
109678
8771
33330
7201
52403
30518
30409
12688
21374
8279
38239
15330
287975
611431
100429
11585
91988
6913
125096
5887
18909
6684
455850
79615
639163
600011
421572
2330
30392
2154
284119
79105
23802
395297
940645
308
103424
5522
192560
3662
3261
49744
4127
4103
9569
8921
102944
6866
344830
199
14106
3071
947736
9
2621
40769
119123
41300
85597
14010
15241
9516
4738
7744
925246
19190
15696
8564
55170
4715
235872
215254
33251
13091
315562
17627
7272
10051
4007
0
19180
2920
0
67
2206
29506
108
345385
469155
6289
11696
8574
258609
150599
18073
7223
97332
666
75203
61
355319
759783
295536
23386
159002
13146
27256
22578
32797
343657
91534
8963
558224
6
58712
2809
5768
241369
202775
624676
1257579
22413
38552
40004
6965
57333
1683
6066
28
919652
6840
3765
21963
7
13524
330247
143543
120
0
1639
12
39
31
6162
22374
727175
2568
933589
484741
84
8266
265315
854548
677348
27488
0
506547
4039
16687
557573
28641
52884
7705
53350
69234
4656
17052
10507
149252
8922
2449
3694
26
19
3986
41216
5353
0
33112
4023
420054
0
9356
352433
314774
7447
12189
1369
386118
35169
82363
161409
92855
163
0
5182
3522
703
309
183
103195
1424
0
0
0
0
73434
81533
404743
33
15591
4431
109861
5971
1
5410
26711
850298
316760
2483
359558
8
35167
48
16348
2525
3694
0
0
18270
90328
374
18039
2837
0
3252
14808
17654
0
19509
0
0
0
0
0
0
0
0
4
0
0
0
3426
10
33990
0
2209
2867
0
416375
3093
4043
464430
378820
3709
3860
31
229508
913813
21334
20511
13142
83299
39336
216580
124871
15188
32403
2637
2918
73
54
40184
62588
93377
158907
13293
0
12652
0
236850
19688
595652
610554
178857
18105
39539
8027
373404
1
80089
29
2113
0
320982
0
420155
12632
13485
33855
2454
67
15526
26161
88628
11414
2640
19567
86633
18521
645111
8
8242
133154
420968
368762
72862
23812
3254
1014
2838
9
3610
59864
108911
15782
5230
0
57068
589026
558207
10441
6621
4841
112032
5426
476967
7467
19569
19825
76156
60760
13087
460885
16546
722218
177410
719333
736037
35725
98634
17596
56240
427737
82591
241093
0
20805
119094
0
13930
66942
169643
122713
330493
16370
1891
7436
28
0
1159494
2198
110
0
58464
0
0
0
0
19186
10
245
27180
6721
0
0
0
0
0
214
84661
48468
0
2877
11447
60
27
2365
44627
16102
2957
54479
0
0
2435
3251
82287
0
79190
417
0
42078
383452
46
167331
410085
69003
0
785
10430
2142
31
142118
0
10856
26
304794
2348
19573
21064
7547
182
2836
6300
914
0
453835
33714
112250
39228
6049
206924
3077
325024
394029
137359
703355
67054
26
275264
6066
0
0
30500
67
73
9490
1096858
9723
38626
909282
131607
115890
0
0
899898
5943
2204
0
22128
9822
0
12700
146789
185675
46966
36401
131160
42328
552476
987
742713
10924
113
0
12244
0
0
4554
117237
0
8258
49453
45041
888435
8987
0
0
0
0
28752
104211
68
526
46368
1520641
792170
24
716
323367
207922
4039
0
15685
45385
17615
460
212665
352112
465781
25362
8386
391938
2337
7707
853150
66465
5647
23636
279017
3658
25
58568
3730
72951
34
75478
27045
35
3974
49777
0
11794
413125
74004
84659
745177
28868
41
0
7
2217
3072
512
8634
215904
25
3694
0
0
3291
75709
10828
32286
19906
62179
360371
408992
7279
59
71
11729
749538
9620
67660
64758
0
158145
41933
9067
156754
100569
8067
924938
16736
368
170579
2378
483744
82435
46330
3049
15281
947728
138
6709
16937
23057
31995
27654
5
26554
7619
76028
18833
522895
10788
9649
16756
213329
954018
7413
10663
10543
3443
10
5307
22743
833
45002
381048
6605
18412
14
3840
446470
107863
1035
190293
659
1595
0
152344
15578
9058
354952
120
3694
61611
0
19509
0
0
0
31
6892
17983
932258
152087
26702
5425
159533
6691
12235
2320
7
6092
12911
67
10431
720041
48547
55542
4
20739
688124
105007
129334
53756
1192849
467949
253091
125329
61428
5934
123977
54724
7339
2750
0
84661
2912
6014
54481
24002
29296
0
0
132843
304957
90
8655
109770
8287
135037
234
15
66545
4
8302
2353
126343
130008
163
2854
98398
18460
0
29165
33824
9
0
2783
102124
1947
20769
66171
9987
428884
18547
37
14374
3
71302
375039
0
537473
31
713610
71163
232207
6699
10163
36788
529614
166718
5888
12617
364260
113451
84213
9057
0
0
21625
37875
0
132
478216
0
487306
9303
2524
51563
0
4304
249976
44830
107514
3002
28698
317
16017
186
6182
1976
1411
116643
88027
33251
58372
7363
113610
883
2307
45259
100707
45648
3767
133208
8065
21922
16234
35936
17467
2087
132394
684410
318097
0
102727
3492
874429
104186
13082
300
26380
15309
804877
2398
62569
806530
51200
137
4571
12368
38297
11142
2685
729
89134
11028
21280
105551
113267
17546
1062240
169247
489648
444495
109653
113734
465668
6628
19
185
0
28
7825
13483
4662
108617
0
341904
308444
711
959084
1912
161
108121
0
805524
175390
114676
153426
11
541543
997
33961
36338
2921
0
250300
7421
533511
465773
110410
148044
122717
4828
41779
758871
162707
50158
143893
260332
421202
5703
130336
117809
346415
5205
821829
34030
79099
28249
268701
37
23042
5676
2436
44313
17979
3112
4669
386805
43609
4548
188525
1937
21944
84308
63168
14779
6107
3800
0
8074
813
2355
3058
0
25147
133409
4033
768
106326
269309
2367
74801
51021
105143
5885
3080
68760
17370
11800
16584
3721
5540
79150
105089
365434
4491
50193
350727
337364
32632
10932
19136
39848
3193
20308
1811054
74089
541887
69
3509
753088
4387
470247
22126
48846
1147694
26292
27643
198508
454653
9367
34278
152341
8192
19019
139239
6
48735
1005498
145152
276003
243080
0
254175
6610
9348
41
9380
101
0
29526
55783
1
141560
0
0
4570
509736
3700
421252
48452
38084
21795
82382
180489
0
14876
146322
932029
9267
4877
31860
19529
117454
90622
131645
4225
2685
0
85232
12412
0
1081
464
333999
15275
310740
34997
15952
330056
2468
38659
56290
221
22146
1831343
89572
230
194
1747
1758
0
163049
104628
33951
50182
60587
2492
183778
0
4
19359
4150
0
33
75338
820033
6535
149085
17291
232008
18066
94299
108110
68224
23148
1056632
3710
391614
1132
0
5
26
17651
546199
594
112943
572510
33664
10057
1046
62032
3995
39382
753652
0
20763
33994
50
2365
54587
132212
689
0
19552
97
24
3541
109745
65084
146651
513784
39258
72243
5
13848
17058
26233
796194
326919
0
890308
323254
638586
120014
104234
9730
0
397137
12233
144660
71838
24841
5559
107792
8569
5085
5683
413850
90
563823
141646
132584
104877
440
765406
249
19376
549424
21436
225242
189859
1272
44887
34440
8474
110813
555065
4459
23884
10353
123706
59683
140672
1185568
3871
161306
392494
342030
37507
36
3005
13514
608164
78332
51954
15890
118345
332
42164
35081
3248
342359
440355
24472
8504
241
0
942039
791122
955320
48972
670
61081
52
4
75377
0
5428
92396
34615
4228
103904
15177
243004
16384
960876
15962
0
4565
12
754008
98325
17049
3885
2
3394
850648
836
107120
33808
24115
10947
67261
38715
857310
13185
103905
14331
0
0
9333
10075
37480
40
30456
8180
832
3694
780
0
109340
23157
311089
34053
13944
170002
8874
0
418002
3958
0
912289
1094470
3694
75776
7495
33257
47
1006
238
23
48762
10160
3871
83376
562
3410
334901
8179
153017
316757
3325
326582
33832
573
3538
235
22231
264
903789
19727
10178
9261
22202
0
6
0
0
3530
0
5333
264
213
18
61003
3865
41
2332
2308
436617
76
11607
0
29525
15361
130
0
17992
8597
7461
349041
166743
6683
211875
4
14649
29
22710
390058
752
67
437
3511
92
0
52995
173461
11369
76
8148
265573
4573
587226
22658
2367
4901
165151
105234
287
155135
33918
17606
136
2473
188
986290
98916
150250
18
80933
10
10864
33297
94
3065
112957
2879
27293
4299
43897
9879
87543
2452
45450
2602
4133
8316
59666
10240
11016
64
75210
4
621
15
8083
893
15139
17
1234210
294448
42963
557087
352329
5978
553191
641
200299
689
498774
44014
8321
4495
13
0
94484
32683
368310
412175
3824
344687
58661
6712
8896
338831
384919
42416
11254
32362
7750
2832
4292
1494
11977
17652
0
10132
746202
9075
35645
2842
3597
41562
4
35994
36
79
52388
34591
6825
3844
10946
1024483
489099
349874
16673
2729
11699
158762
62
115587
441450
18076
2550
116457
16
0
8087
20730
0
310
37590
0
778180
40461
32832
7795
9
9189
8675
971464
4352
93930
7355
328936
2204
14306
3574
2314
153591
8174
821412
92573
214410
76234
304916
3533
12878
28090
7729
465309
7640
2593
31529
29742
34875
152505
27116
305956
114834
25389
7712
24107
19373
2531
19925
48961
59893
314265
15000
59751
131951
142282
3933
20578
99423
9821
26040
32599
9140
5789
7672
127861
69868
1352173
9
72643
6244
6577
15654
179749
25661
446738
1001972
12515
3277
74
10344
287657
90422
113477
86909
558652
7153
789006
402169
1383044
138641
39190
3507
847214
0
0
97544
160980
615529
367757
9947
369623
49
51080
8326
19687
12834
17695
611877
42721
4736
26090
16027
5735
10978
2173
212822
2934
359103
4618
429576
336775
224726
3073
0
30336
29529
4
2027
52353
1392
838
6621
171017
11039
20869
4198
201072
148113
8986
58468
509733
275
3790
2874
19967
3440
6200
102393
2324
5964
69198
66
915772
34
37210
6
0
3694
36
224284
420176
26678
4622
3082
539476
421279
31
51
33860
12218
857
11219
94378
92584
28526
178952
55457
5824
341408
71609
105778
2473
112441
170839
13428
1539015
27186
104413
15298
20479
12864
87577
120429
92963
125788
147604
946712
5098
15626
50009
7501
69697
23992
934052
19396
28725
7301
8148
2210
162489
116179
47402
384979
31391
59109
33174
71859
90867
85943
14623
7
80268
12
2806
30
264665
455079
91024
33216
136075
7
196
3961
159295
392666
124521
5201
101070
0
343363
88566
24710
323843
53964
18278
47171
35705
0
0
4
3436
5118
414076
750439
95
3
104880
0
35543
11688
53889
237038
339755
756
22190
63
88528
8037
732747
13504
56640
109035
38180
13989
330938
431922
7438
367759
141670
3258
111161
332189
851598
0
12
27229
0
55667
8
40731
2916
63797
65178
965137
69768
74
10770
11851
412
100569
37593
411352
26774
22658
1063480
989511
752056
33747
246633
75989
6269
9394
757
14991
0
104392
134279
10497
33330
345730
104357
4981
7242
11310
9207
176
43214
2217
210805
3694
41616
7364
8094
102309
133922
31878
114204
56956
6801
25608
65728
5388
68020
11097
44740
28712
0
59
100894
0
0
17859
15
0
2108
62640
334532
956711
129763
41357
91275
42122
439592
517
8920
21293
98222
9
2761
92957
38761
57370
934573
341158
365343
3678
25659
333
2722
155871
330
3218
24495
8658
111342
16847
416579
21931
1345
22587
807612
7771
2636
100903
519368
362568
213
26883
629696
117503
51556
595376
2386
231010
343665
190062
824704
468848
123078
17264
35389
394051
188825
144
0
17636
104006
3506
9150
702
72146
7730
37668
20443
518455
1168575
45209
47127
81635
1022468
252743
3715
78522
4573
4305
181948
134638
160652
13614
97644
4789
371956
98274
935310
1702
3863
60760
4
208
105826
3804
116204
10
102894
102450
41012
20777
18343
17435
14793
72302
27938
647012
104416
6041
203
410130
148109
987
596995
7564
13322
26822
759480
341591
20171
17377
660
27890
19
61
76174
6381
54598
2108
8589
7430
62594
26032
24
7023
5613
23271
9921
413451
1864167
39827
37228
6756
26966
331994
0
922304
0
789
0
2327
5
15597
38189
9
14157
3132
46989
64
0
0
42
951393
4
2374
7
4494
28404
3471
44537
10521
942690
0
317060
3043
493630
6606
33679
13745
2469
746253
48
6823
34675
52936
10120
15408
118940
8810
4653
7795
288188
9012
4086
10021
208
37599
14364
1040
8370
88817
47743
5373
6076
404914
54247
533001
4007
35548
1108161
45434
0
963235
7477
15142
106077
2147
121123
12
7
373
121997
78859
572331
28979
156322
29394
36
254495
111545
619
59155
287674
4888
2377
24736
260475
157676
90079
968468
248426
80389
8393
3495
582482
168906
460900
104127
318309
4698
0
1004726
137234
333208
3477
415411
112005
373962
245
0
219
1032549
22545
2830
15965
120792
4235
104435
0
22
192375
44921
90801
27230
2867
9
8
0
2915
3143
12280
397808
0
49506
20947
1304
455473
414083
6833
285439
4081
68016
20560
17596
1202261
184
8265
23215
55859
60699
105885
216439
78121
21238
106405
526123
328524
28259
51
18123
24694
11460
665176
17651
0
18895
5652
3630
12
19233
552831
421930
712974
0
125148
295814
28542
6066
903675
29196
320802
151001
109907
691093
305280
74325
141350
91458
467513
107040
108444
495889
5550
8143
188953
121068
3
5160
2365
6933
776661
3770
48322
322852
31689
673635
3873
316471
295976
311214
863249
107554
477503
41844
20446
24901
49084
277938
46969
149484
147746
68776
193656
524423
108947
88324
1239
28255
51
123997
11308
16500
113129
559845
33417
33935
7845
948029
282
477611
28697
15367
237016
39849
5590
626959
812
0
10
17930
561993
8727
18702
19477
0
4462
0
142557
13492
41858
3845
6212
112027
12933
9094
11046
71054
505845
11778
2
140183
156827
233566
1460440
321497
39778
129071
464999
488698
114849
497634
149578
112745
801935
471444
61414
6073
352352
8620
1006778
323971
23378
0
11835
45485
32905
0
512
466175
16841
235228
54966
7904
33198
1809
557
9714
14758
8058
725391
122614
62463
3828
2458
35731
67534
12472
2316
886521
70449
22154
604131
821776
122117
2390
5188
3942
118101
56
114
0
224
21957
45204
24
16
2
2455
0
37564
45911
8253
475118
4191
407427
26608
81401
395579
168256
118
447102
7587
4575
6
61588
0
0
3295
0
6842
0
4465
6
235
12
4
10
29
0
229202
132922
725596
4324
677492
3688
135909
260
87
1017910
3933
22298
15616
668473
88537
7352
60
33774
64578
663
146274
48628
912408
5231
863
20314
471763
4895
2507
3845
13225
57940
116920
25
5011
4348
125864
162525
69898
124922
671843
26138
67459
623435
648659
1053986
854423
13321
61855
52
8234
149
159313
17
13
3853
405
751746
13349
17776
17695
8570
356437
3524
95041
8733
833192
879860
787535
0
2327
105597
905043
35052
136574
1433
143973
4294
356913
59291
5735
3743
9881
464591
5010
28440
10859
522744
2148
4049
114700
63081
761421
38
500404
990
102984
11191
186445
60311
8774
434389
2952
10345
238704
31867
598822
111276
4993
96131
468142
13988
2449
61515
10727
0
11166
2
843770
5667
17015
14999
330898
222
3688
67
147088
5146
1893
36641
1006039
0
4465
363494
6484
18334
0
6979
13759
29401
9
0
67261
3959
33835
26139
35911
9
5482
882175
15483
3681
7417
50
447957
10713
60420
76321
29318
3061
3377
11437
9355
30
409358
553158
38972
490650
26424
17266
1181909
42521
5958
255581
106964
6014
6224
18166
52712
153
713
47362
857
355
21784
14856
20361
375871
4199
11722
8394
43376
5081
77065
10896
2633
4491
129511
375
37903
17887
60865
1201
87774
5
8807
156
39
534793
186956
2979
2453
6510
95657
71158
94282
66219
5943
13413
7411
57
26155
315309
137
4529
3960
28331
592
14855
37452
37559
56
352620
13831
108399
187546
371
979209
1480
69125
2316
0
0
0
121
39687
890232
378306
3967
3341
56014
11085
0
8129
13981
32
567815
71032
15542
947300
1902672
66757
18660
8122
59060
69
460261
11864
0
12419
75845
12
133668
353506
364327
19802
5944
34713
4010
2880
287
8922
137037
81225
102920
13
444348
6094
2
36166
79672
0
28
13480
9
24
13800
361605
19646
43567
109
30081
13504
848602
0
45372
320490
3871
2628
17149
56
127335
0
358217
4436
2491
8
5144
315609
565
343548
5800
37396
238
9
0
48
8170
187770
18233
14410
2947
326835
23881
11942
2520
74
3701
26090
0
30009
10529
478986
317451
19141
6
14742
4120
354353
6298
2582
87561
3621
26112
110331
602
19
3015
114
99625
38069
108734
309171
4665
63827
20123
107435
0
902103
66
118
1668
0
443552
890
31230
16314
22505
275
2449
34996
5
319957
22793
19688
0
2520
0
61588
19472
37
3
4
0
2798
9
0
0
0
0
0
0
3294
0
0
235
0
87862
16
1447
5184
192
0
5268
15457
15822
19
133395
10
4462
0
104606
100
8027
9570
62059
6820
6220
0
171731
149
78167
3850
3704
3969
0
0
10
0
41
0
447
3419
10450
17
2244
20885
445
391546
2743
83999
224985
0
76
0
132922
1
19083
15140
745007
0
4324
2865
0
0
712094
56559
0
17381
4541
88
414734
55476
82046
18218
73444
4
773
0
3293
442415
10981
34042
42005
440053
8812
90
956345
0
3705
151
11253
3705
16521
230
439627
108275
15613
58498
0
897973
0
6683
8
209160
535472
508162
9903
20933
5143
0
2614
2102
14622
0
18493
34293
29
12621
0
488172
38019
56191
10194
1565
649
430881
2436
105609
28142
119265
114359
16943
105535
33753
95085
8015
846760
802170
66231
3801
10976
1034
96060
2589
19
8142
905
20285
29
0
2918
508643
13173
18488
12
1185
33734
143481
3369
17536
2662
34112
10
3832
5636
41530
60856
8206
35050
53646
17825
513838
23373
16933
203935
223
11652
121979
882
5707
115783
0
499728
13045
22388
8196
386
0
302
11575
2809
33374
34
328853
2498
3759
74083
109472
162432
183274
1
581539
3349
714358
8
17777
3601
541670
25820
476631
730516
18381
59370
17842
10457
606945
22799
213495
30196
490135
36307
141706
6381
570129
1704
474355
38
950059
85
81
104014
902505
2449
83754
944977
59173
86577
8
14370
3216
33651
173332
3967
6
52
12
1
403496
17639
16476
13162
0
0
60685
0
350241
0
310021
52041
0
108
37673
15937
10
1
5854
13448
50
3861
4092
32799
17227
60890
26953
8089
751742
0
84
2838
12672
21171
22317
0
22022
38
29447
26098
33504
600
102890
17885
0
8558
16505
4815
294347
1
110676
46458
18150
72
6284
3965
16900
8504
121833
91724
8733
2448
17
18657
87
222052
15465
1242432
850732
13585
1717
22101
576396
7555
283014
994138
30336
316
7997
140147
0
3301
13369
417624
0
0
477144
52
20738
120761
84309
858059
8642
11614
16901
28115
7942
11
47437
155574
78
2923
251
61
126742
28141
11
0
982
0
6
92780
17784
323358
37133
0
12
60485
61264
235
510929
869523
42618
11912
144539
453464
9717
35440
30946
1737
82193
23230
2118
2152
1017445
0
25377
86927
1204528
25479
9306
451257
13353
161990
675
665526
432905
23137
2704
3302
2034
528335
63039
37
52222
120424
291
3684
4901
703
2087
410774
111412
193648
59
68424
44019
31
333862
1236578
165270
2917
44
21634
21
4493
10508
537436
6715
1339
8018
949
232
11616
29749
19554
92258
132095
23449
10542
40874
42908
26880
150222
384890
411502
4599
463134
75211
401128
11664
3645
21170
9
10937
512579
556902
430544
58851
70729
82642
26814
3874
10059
722092
2843
367098
245093
437336
134026
200687
5272
26354
461727
635210
46727
88447
550098
20606
3816
43856
993597
13856
62518
20568
0
8693
2447
520285
35411
13810
906799
83250
5917
25674
12434
234187
8842
2562
72843
0
4279
900802
4542
0
3065
19410
11423
177685
215
17645
0
7
4
7420
17638
24681
0
89633
5848
111
68337
31685
146889
23124
1789418
8209
18786
16019
133446
97197
6
50880
366594
11247
20445
34
6557
95951
316442
31627
103101
7434
190
10139
40230
2
3675
10471
3968
12233
68
0
65216
0
673624
936531
122511
33
2538
13597
257
4575
338
56423
6
2432
43321
3844
26159
592
40049
317089
1027430
0
3852
0
0
11840
659
704
10079
845580
5947
2447
546342
115487
8108
362927
9932
3898
61310
5011
317906
14461
0
8412
0
14610
35935
13
24639
23719
20758
25196
2468
66
5569
8974
346261
0
3
2806
0
0
84567
4
31218
133160
112514
84412
189032
7654
0
8529
21273
3466
0
39831
0
61725
2057
90075
0
46972
0
6
84888
0
0
48541
0
0
0
421996
5493
3778
80885
795197
70736
8082
0
15508
3369
581
41819
0
341814
16
33973
3712
7980
6
2410
3
0
768826
27907
748850
42970
22245
87
12890
47870
0
1
40624
60526
125367
7794
5722
23
9
0
0
29369
4983
15
4865
3025
11850
0
2663
0
1009201
35402
0
3084
30758
6404
70525
853
0
88572
2629
2916
86289
329291
85398
38
927908
12463
0
2551
26654
0
14585
21
501519
14193
36019
0
66
13184
405670
14991
7348
9946
47
2478
200237
287765
238744
900655
24460
10608
433717
23226
72960
824665
66948
4
24644
86854
231531
39005
131553
4072
210957
8773
14396
41457
426121
9002
6951
4541
313832
8
7873
12566
878
753
6193
65245
19515
165986
2739
206
10407
15421
6917
11052
11278
104
413920
45064
48
380199
647
4
317809
15820
4942
311
51
663
26
61535
12546
157
5213
60412
84
4706
20503
197
124763
31239
73347
33886
33261
398367
12051
349
49238
530
10068
326535
20989
671
1378
4754
113991
10422
28030
34285
6448
4447
