24927
25266
129103
21052
3423
221184
13642
10657
89326
131567
7093
20706
28765
8010
3144
2679
3190
5396
8159
24407
65058
45832
610168
12097
12871
5572
23659
101
2466
45456
141301
4165
93756
171
100258
70
35417
221748
26147
21185
123210
2552
228739
15799
99162
109030
101043
25757
13
1234
22732
9809
280924
43774
37235
61401
5269
327
4800
156947
54
74
10979
25
31883
0
216132
2707
63534
267428
0
20
7585
4553
24235
48
5007
20064
4073
114902
2764
3120
5176
98948
14996
192970
44055
723943
112340
87966
424604
87260
4811
5323
61514
1112971
5
0
820090
188
20086
9073
833692
65693
3946
15633
7286
13224
88
0
50
42
2505
34
196
0
183227
17212
864781
124933
224
12895
136490
89113
118014
3525
15288
213878
1719
833113
111591
22697
10103
31655
64
41346
109501
15099
3052
74828
39
43
33982
0
50805
34
37297
40376
82401
20168
565012
14051
138798
22508
87181
3437
50852
12856
88428
21146
5688
0
331173
22261
24380
0
43904
143842
36735
118908
36364
93179
228646
15279
1159340
10555
82
23473
272050
73776
507802
835035
1035665
24632
17406
66672
45099
3997
1
14058
116252
15037
4378
106
0
0
10651
5993
627120
0
2569
5283
0
25627
9809
4172
26599
0
0
13019
209183
235095
17189
361032
18106
97266
2889
1074110
50551
147903
39462
188063
22632
18600
84598
8702
78427
18259
216
59509
5605
108416
152189
346389
20559
338852
64
150809
15906
209994
0
0
24053
0
0
0
33744
4254
0
50843
14441
2636
35
62
127
0
80585
342832
346737
25928
4028
21763
40116
14373
63934
108
219821
3847
6310
14395
789880
0
3015
1240692
123203
47825
520170
258965
714617
6216
274
8763
326
638925
0
18655
34
10287
104035
8703
324856
58376
10996
12
19072
0
73224
182
22119
755310
13635
2
35723
37
8712
125497
11096
27745
404
470397
31582
47150
116218
111689
5998
74685
25533
11368
82294
4170
12247
0
151704
7066
0
0
241445
77538
229076
116695
430773
398
27145
91
389353
68458
11748
11699
5408
4459
71895
17024
48664
184902
255942
44502
1024
2750
52833
62387
45259
578256
13428
0
758
108357
66831
705469
140165
4270
539416
3339
983
8500
57391
52
50287
20892
7738
75580
13994
539
98516
95513
108990
9815
150
58863
405826
227
821131
191841
37169
86433
84683
0
88984
8386
217
105857
149948
17
173857
787457
11440
79579
4388
203
27078
3932
234
0
20049
39032
48738
18460
79755
253
820147
7498
7330
7158
10157
10193
71200
19109
3759
25113
23426
0
12222
199138
0
197
21041
7950
4406
3680
62830
5979
202810
31450
122225
91089
62
7609
854617
19886
29940
39371
15218
547900
20542
8945
14385
623278
6
5788
2496
0
20655
54
102292
32
0
89
9765
163
18
25
3167
0
0
0
139762
42505
45258
56889
199844
487
45627
2781
539193
195460
131828
62279
421416
0
61203
67631
0
75
224
3297
48953
690790
166499
11
136244
57402
127290
4807
13734
0
84318
0
8892
14884
102918
0
21
2973
7950
7266
42835
15433
7842
5963
33494
166665
66730
14743
17098
40862
60549
9933
37347
816115
15705
178476
10127
168036
4046
296723
4394
38977
316437
0
3977
19782
287163
0
0
10421
163747
6975
22
9156
3573
53
18
29
507737
21601
150146
102940
33017
749688
83698
3152
7989
59915
8250
2475
295942
2107
502
26968
160485
130158
7533
55975
282498
34210
231896
68
24807
14
126343
107398
261033
682306
10152
0
56129
122
86582
130769
98360
11929
8682
10678
227833
11663
100997
17763
48828
5464
62722
30470
161599
260401
77968
19
100020
23065
1014
12077
13725
29776
32911
261040
371019
260389
36531
3815
15800
4183
272585
83796
71184
70395
776966
24227
64488
7414
88864
41
74512
105393
5777
3589
8436
13833
213313
18655
122564
302
27121
0
762420
5362
104
86865
68531
34510
201365
13266
12115
15373
1531
78
748405
31863
643
0
111616
15814
332696
34513
48727
28487
22298
45
19274
1152
9548
4876
15709
0
4057
8046
0
94124
23099
1725
34926
13618
4780
5
194339
139206
47093
35117
234886
59812
96814
3950
177769
437842
61164
14685
39487
4837
31686
12988
23464
185091
91001
10445
313496
9837
98448
78
16650
241586
153313
401780
1625529
25225
90556
2692
6850
11834
4461
9199
6237
703703
29708
241
23473
0
75047
97752
165348
4205
2684
1223
71154
32
8006
20141
25723
461264
52732
725510
351825
30476
27685
124270
718203
285291
102370
12109
427041
3158
24480
189853
34195
124246
34068
107322
36165
14606
117174
620
264872
23923
26
28
38
3953
5630
111461
23383
14
55729
29214
323971
161
39698
302121
246045
12498
19536
13346
178471
6357
140292
214377
102116
30250
25467
1935
2
2129
4178
7516
6
1980
41
555
8652
19721
98591
62449
165439
45
13
4239
73185
84
33754
14854
23759
615129
16840
2675
88156
0
13848
32
22768
30532
0
52789
9
67269
79819
3918
93838
25411
6181
54540
24426
3734
0
99033
7178
6308
7680
0
0
14807
3222
41
81635
11
40
0
0
0
7
0
0
3702
6470
100000
0
38813
370491
288780
0
65648
54
239293
707344
51040
83155
85510
53630
8837
318300
27345
29483
37154
4558
0
59
13897
67795
132173
82499
206788
19616
0
3263
8
373889
9779
304916
541387
128322
25901
57730
15899
246463
0
43951
61
33588
3122
52467
27390
159001
7478
8482
46472
3578
7486
15
19027
79727
11402
12235
484
35704
81953
451260
4052
5135
167949
570278
97188
60467
41138
13721
4523
11
25597
8075
137361
3319
38086
15153
112
31827
396782
229623
10198
35503
5750
22973
150
209354
0
18481
79525
38921
59935
50361
251115
127649
503183
114967
525947
371428
25304
46612
21818
115530
143191
261549
303347
0
12076
252
0
53578
65796
273411
128471
25151
14427
26524
37
4072
23880
909055
7774
161
0
90585
0
22857
3909
0
0
10077
0
20215
30678
0
0
0
0
0
0
124296
40726
3387
5718
0
9145
19822
0
17311
39191
97
87227
4259
0
0
0
98034
0
84279
5344
5972
103783
188605
1
275473
180485
104530
2621
22854
13349
370
45
34037
0
568
59708
3665
4460
197
25858
30113
248
6310
6057
3182
710
139734
80639
105335
7191
3896
331198
6381
33466
103179
51869
344001
23886
11
364916
6451
1
8
46952
20494
69
5883
861754
9869
12805
685222
85402
12912
18
0
835030
8185
13942
0
59899
71465
0
15349
141541
96402
25001
14292
134441
53678
283773
578
504536
6682
11
0
6310
2565
0
5253
126364
24134
15651
163536
34330
697045
6600
0
0
4782
11
95316
0
3292
229
42911
1165823
640384
0
84948
21968
165960
178
8682
9183
67502
0
4
148099
172550
386089
1331
5185
253011
1451
5055
647373
62072
0
4873
122466
0
21
103777
0
126655
15
39032
54465
112
136
10209
12882
16658
136592
216176
142013
573075
14274
20
0
3366
0
4615
211
30361
344550
17
5
8
8771
8403
7615
21624
68038
98831
126629
232409
322707
14001
8784
3617
5163
503001
3147
261470
73315
0
176576
71380
35333
147548
254814
13416
454963
8977
4354
99230
4015
95120
30979
145981
167
33125
762418
123
5484
0
46604
35898
0
5098
102063
0
66823
36817
216649
7865
13153
47097
292473
771982
20635
11
26492
3370
0
1077
33946
619
160068
174432
6016
101510
4
3581
368669
119352
10257
236646
270
2058
8757
159897
4177
4615
76771
74
47518
30351
6177
96358
12005
27251
0
141
163
34511
755164
213919
43671
321
222844
8712
18944
12589
64
64224
423
7473
5110
473627
69442
28309
18
56277
519388
256
96072
44198
864798
353628
325923
11948
62743
20056
38614
90746
0
9936
0
124297
3389
3090
82609
86226
77643
367
0
37666
4207
19983
11584
71680
259
8710
12180
20463
78598
10050
24771
33150
112320
137202
0
0
141962
88646
0
69777
0
84369
22569
9
131
8
2
134055
4057
132667
32328
0
17
8755
76471
291299
6096
235254
4290
471808
101261
220584
9
9256
98340
240706
217005
12344
9399
141357
33921
135327
0
0
27204
54949
10342
42
160
275033
0
366122
7748
143
82473
357
34023
78424
88449
11796
439
90762
135
11874
177
68206
8954
5063
29824
132854
135
65879
214
11798
1993
22546
63798
8301
86987
23595
96415
5452
22572
16295
59916
50999
4874
85273
547436
264671
7034
501
13563
587082
23582
26473
7
1842
11377
638905
6282
129694
606831
59076
8661
3354
1024
93711
71345
228
60792
63389
2829
7136
29071
33285
66224
900520
194013
578196
42528
23779
2
357843
5240
0
0
27579
0
3466
244
920
260
4400
131164
38388
4686
700035
1104
262
0
418
643783
159163
24916
302811
3105
161163
289
42
4270
0
8
241742
5
420267
334922
29932
14819
21511
3366
102007
596335
185101
52261
128001
124872
587321
5044
179989
46948
70445
43348
618112
32
87549
8569
210867
22
13729
8059
0
34447
11897
97
317
75110
69682
2871
92242
4744
11126
60984
139422
8056
5593
305
23138
52633
26402
63
3733
0
18029
100670
24687
60728
0
51527
6235
90717
15537
64057
2563
0
77101
61651
4172
297
86
2998
95171
8138
90146
11
23975
71492
338295
121310
38048
72125
62681
101
30696
1203634
163713
520434
16612
3982
795947
327
265399
2662
29768
1053378
13779
49893
157365
118255
6160
57358
120876
783
28523
8997
6386
19071
825675
181307
222620
219584
8861
384327
14043
62
46
4390
171
1
96707
117359
84
126456
20453
19
21791
153945
14368
229229
150857
62
46942
54112
293300
0
20543
12785
773370
8174
10871
4190
58937
266418
80614
9706
376
4348
4408
67028
44282
0
4110
274
127828
3923
26331
61600
3101
51785
6877
17276
93713
3561
58188
1353344
125235
1041
4058
1414
1104
0
147645
43
32907
158676
35068
0
39032
0
72496
418
115
126
21894
12471
623885
4306
92853
46503
118936
11692
114612
2735
62481
8035
979947
4393
420159
616
4058
4
97
3356
177800
3303
897
270575
29288
29364
10096
17410
10145
62139
661144
0
3961
10178
4931
4276
31
86583
16052
5369
19449
14
7554
42
82395
33236
95075
508271
25658
83189
0
14166
25549
5177
594320
166510
4477
397934
9489
412508
17942
138
33186
0
78817
21462
96888
111387
47411
0
166
0
4
5
70567
3366
458142
37978
245395
4706
5253
598496
83
2818
190356
49511
101427
178149
14870
60858
24249
51756
112589
290414
3171
33057
4431
3616
32199
111712
1156965
281
175303
132873
37465
119381
8031
9537
13389
338888
47643
125780
41710
51934
9589
91058
112491
14258
55229
277308
26676
48014
333
2665
728505
669314
774691
80372
14
15224
19
11787
80647
19794
40
76290
20914
7834
37
30612
311912
22901
727909
14384
0
3179
1
547880
25352
34166
255
0
8918
611789
3551
173549
9367
18494
25448
31623
6719
655517
2420
58289
11905
3031
0
2
49363
4466
26
16111
233
8254
976
2763
11654
175859
82
6341
68385
22881
301934
65103
0
180887
10178
48
718469
623080
7
94722
62587
3387
83
15962
344
2
105319
10675
17
61067
7
2733
8007
54929
235480
3659
18347
12974
92322
4061
543
3236
23472
2605
695272
82962
16387
24282
42527
3350
0
3207
0
21300
4305
27390
3371
7
0
48104
22848
13769
12
4492
195278
0
16802
0
56465
3939
25109
0
61275
0
39
368374
129090
8702
70127
0
7452
0
36687
182571
484
5261
10096
59550
0
0
184
45627
1255
30
7
60069
26763
518398
5194
3
0
171172
118202
5241
135112
0
12116
197
22147
7143
807515
51941
293693
0
130318
16
7876
42
5
0
133039
11953
17228
0
21457
10229
122746
22843
36582
75
374
4280
50454
2563
0
19
55423
77
224
17
10221
276
3295
2865
834602
75340
43804
430612
160515
29434
546343
7395
192827
52
218879
141853
11824
4492
26577
6
65840
4151
168671
76352
13105
62878
70232
5729
21255
292149
144869
56483
11687
113344
19676
4496
3710
32746
41140
4630
8
32990
532985
13649
87882
0
5277
69448
21
32438
9
5432
46491
159068
14765
89
22638
837798
369316
8513
50334
79280
11071
255252
0
151777
337227
35015
488
76639
9768
6393
2970
13332
0
133
13934
0
811899
11100
7266
12171
12
6283
6397
750368
27502
76745
18
75420
8281
3493
19709
5826
135357
13436
636645
200624
205549
47300
29056
2238
22136
9861
24887
182975
5866
29074
78220
166
98014
143661
34314
29431
65153
10056
2462
30429
11459
11491
24988
63728
20061
39287
1522
88891
18585
173893
4993
14084
157397
5979
32074
54783
12
87034
8376
5450
703
866472
214
42777
3507
0
264
310055
84138
331700
823061
10152
12615
0
73215
252992
110407
110080
35947
66881
2156
956343
268118
972261
24706
47393
0
639788
2876
30771
171118
205129
546876
129022
16048
124382
55
201795
4307
18189
35053
102
403390
36149
62888
20574
34783
4370
8
18656
147749
3356
509718
14509
156039
509384
142261
8405
6976
8721
96717
19
11195
118997
7032
10267
5118
164745
3349
3259
2890
178085
168940
26596
72973
149948
20578
8322
98
30081
6851
34667
3519
12092
171
67635
4710
758038
9
11424
10217
11199
26
3168
96572
228693
33633
19704
3357
805195
188967
170
271
51
31515
6656
15625
83169
128330
11886
286791
89284
5642
463358
70071
121804
40054
161232
294365
30
1050644
17646
110002
4011
39229
19888
98004
354
96528
9494
197638
788110
30297
22297
157324
5396
101236
50441
753625
60155
13771
7303
659
4063
26200
1327
164040
283876
22255
146653
49031
43461
260202
73181
23524
23
66733
22
6258
67
126010
256161
155766
103176
260186
44
202
20138
42696
172418
223251
29157
11622
450
32973
56576
48948
25503
61870
75436
169142
53397
6352
5
27907
0
3571
132294
473644
7481
17
3575
78
137
11209
142366
121611
137983
3864
3926
1
75675
7046
597592
13021
124409
136
74295
41128
107577
167118
16574
68598
134424
316
68346
30040
644866
0
3919
16669
0
40745
1144
39454
5
11808
70374
627344
127381
210
59808
10769
4102
101050
31586
21771
106907
43044
789970
729424
680930
34277
148892
112651
3450
0
10734
19317
4797
0
48415
34980
8682
172591
1770
3
15541
10473
32736
65
195054
3373
320205
4
10544
4
6178
220255
155846
22733
9234
32577
33238
22
75467
11520
152732
3883
150831
43269
9549
40
119965
20878
80675
30566
16
0
29921
58000
181610
776028
20457
38376
119552
77138
25382
653
42508
111741
141459
443
12
49928
7569
12588
623033
65764
154180
0
65267
0
45502
77211
21949
6234
215
12925
107480
22255
337460
19943
8524
9796
607226
1053
59518
419
424276
109011
20558
3631
51560
31554
99477
303693
43
117476
54699
290654
830474
160489
107532
77510
3181
97557
92507
20850
7576
14434
1218
612
0
267
67210
96938
46519
10827
368609
763952
11250
60591
39262
859977
386911
4364
106295
18687
210
199696
21006
322648
17809
86599
4654
68372
112458
772040
5472
3512
27387
24009
66
6111
31
18915
17
321
78499
69388
3956
36757
7941
12159
83339
9601
173752
71
7044
45
66535
21887
148
56491
73793
13866
3782
499342
108111
3805
43726
56
23404
0
16
55390
11392
160575
0
0
3105
31993
7747
10
45692
3750
26752
42727
178015
1241771
77120
105217
2745
57385
43083
7378
778196
59
358
0
36422
0
16967
24864
0
15514
14160
184
0
4940
0
1
762410
0
4509
5353
4276
3761
298
14120
148
688412
44686
289624
31058
140605
13346
41580
17505
26626
507480
3612
18876
159425
19754
44937
0
76639
506
10196
12171
148723
7548
13385
4284
630
26115
76801
5719
11856
45501
44305
16718
99632
55954
24415
446614
9982
34756
837748
34252
26505
586892
8744
39582
116481
18589
182214
3579
6887
194
5034
83265
227664
62507
49077
49975
10228
149352
86033
13201
1405
467229
13214
0
64773
184500
200429
192457
815498
25642
260677
1432
9084
350025
358155
83446
0
29609
33065
49
296732
3441
264841
16
582345
24469
96283
9465
10
1149
574640
61885
75
25027
18413
4804
34
4875
9727
314944
88691
78802
46979
13420
72882
0
0
9
9149
4058
87178
0
68620
16812
12053
353201
53941
6085
230403
7337
63976
3358
132591
775338
3323
41314
27194
91861
27336
9
29501
101833
4570
3818
61139
16620
35923
20
0
54230
5068
590815
3210
22920
10704
0
0
19
4093
438503
111453
491884
3355
85598
152724
15882
13469
583007
55803
26610
235800
12036
258580
216795
111322
192143
291383
380686
19925
36669
580446
61897
12723
308998
117619
102
3451
13687
37639
604640
26997
89100
19970
53370
580039
176
276320
110827
83155
438171
52967
552655
35574
49838
6983
51221
155951
35806
63247
46142
62917
244882
235722
43494
78997
3881
17960
17141
151464
17347
10395
143845
253364
33379
24862
400
769042
12192
410424
77060
556
246262
38572
23862
389236
4769
5477
4
4055
293169
42458
30602
13603
6
44479
4685
161918
9388
62594
32928
58
3609
0
14624
18550
10102
235903
12476
6459
114684
130542
355408
872474
507455
56129
132815
455203
327047
59113
363877
318651
118372
1170629
420721
77518
492
98363
0
790968
78716
31998
11188
25418
32644
89779
11896
5111
394720
15886
312041
36738
7921
76149
13191
6592
8937
3182
6129
443186
134441
122042
2892
9688
40724
21648
1428
4475
653343
173605
17108
258182
661442
278071
88
48581
195
51777
156
17585
80
9338
23472
91058
4
0
0
3514
46
73288
155864
4637
166870
13207
225034
8194
102249
152773
98919
223
297068
3090
26087
9
46601
2684
0
0
6
44512
4659
26910
17379
5157
71118
16
4677
2685
20
232043
141085
520987
6908
522495
17
192536
10465
10586
850635
7275
896
26666
464770
109790
0
2970
3
96300
14
35173
27670
691598
6240
629
11048
339019
5644
11976
9322
34910
198486
123292
10
20843
20340
14753
19766
144612
115254
512837
13261
44894
424554
409825
776562
612085
48595
106036
164
16793
9859
167967
3948
8
3429
643
547564
19407
3857
4074
7379
477085
16177
158872
8390
506888
688599
556345
7433
12733
154284
734593
50733
135693
1129
228213
7084
47935
44472
142
286
42152
485660
33964
60028
128
358312
3523
3453
51379
36931
547999
4179
377722
643
37624
15364
316127
52243
2127
177695
3341
17934
342188
164643
822657
211593
6228
74583
429511
60102
6305
67251
19220
6
0
0
612421
7
51537
38951
49002
347
119
3982
202935
5286
1495
4210
785170
15003
344
159628
48662
0
19429
3908
24478
54556
30
14
42796
10273
0
6697
55729
25465
7695
691462
16893
1164
9516
5068
408258
0
24929
80033
15797
4288
0
19315
4019
33376
236102
678165
57624
107427
11639
11543
950437
48111
44029
273525
160335
11446
35893
58134
16274
152
160
15772
784
9136
69946
26951
21646
157581
3915
2722
8902
19272
33231
112584
2821
2878
8854
117076
656
109988
233
32175
670
116557
19
36337
354
2493
215687
223963
7757
32536
30720
63216
86752
293594
121976
4089
2
61
11
2740
5100
3762
46079
12956
18135
33994
4544
65405
18969
17025
185691
8270
694
158480
1590
821261
791
72194
4471
0
5324
0
11
118349
667312
62688
10178
14723
156093
11440
19692
19736
17125
87
265502
44132
5657
787088
1273634
62720
7903
10300
255809
204
153692
34662
3322
10922
94780
58
161282
167117
509956
64
5797
8946
263
11648
103
24451
62282
38141
85293
7204
234702
588
5389
106091
85094
27078
99
53618
35
10181
34636
170962
12963
85712
12
43785
19484
617806
10480
91180
6383
0
0
2671
13
61063
0
88171
431
0
6
7020
3653
18
12279
4733
6677
8798
35
51438
3491
19524
353218
14723
4267
8830
85833
80141
21199
13424
19290
0
83118
7
11796
31728
165154
32771
62900
31513
5356
5755
113561
14238
256
168619
22567
24416
63605
13207
11
101
3364
126354
139383
105791
53851
254
100328
5562
21005
7569
700040
3434
257
1295
8
291501
524
150932
25269
16297
2896
0
136709
6228
329821
20095
22774
0
0
19762
123003
10775
9805
5401
2692
14
3493
3693
0
6307
3167
40
0
0
7680
0
12
4014
10
169008
84
999
43172
4529
9022
33666
0
4463
7764
164885
106
28544
41
15367
17391
6
36884
43991
22455
24427
0
235564
137
51304
0
22848
10320
0
0
13717
48
4729
0
526
2658
8636
64
4324
25526
574
79605
265
145725
226372
0
3
3967
137115
12
16974
16790
504513
2577
4319
3700
0
26046
560288
30502
6301
14164
219
0
96090
85735
48218
43362
79259
13
40838
8
8417
385304
10588
60568
64914
365259
6185
14
767903
0
2
151
7161
11
35479
61645
458379
103664
0
52146
0
704061
0
8702
0
114090
378728
436584
30471
36713
0
4450
9877
1506
2962
7446
81661
85510
3
0
0
227133
45090
63707
12619
2548
0
193735
2842
78382
67322
77867
130620
7016
4449
30100
70002
8829
561569
631438
143015
64549
459
4855
169429
9
0
0
5178
15951
0
0
0
338306
219
12745
9
5626
26
45808
13707
42493
8
24831
22776
9292
0
3558
128685
0
38386
19046
59986
186002
62486
20150
209308
16182
23719
152278
6769
27
128455
10
394292
17438
6166
5429
308
20335
117
8993
443
65512
0
315454
7681
0
368
29631
170838
263272
0
279847
207
653918
4934
115
14
464832
14556
338280
315792
9043
93824
26047
3943
601364
2312
273606
22009
234574
17328
176174
29820
269341
12617
388814
3389
772633
7110
3952
68
690468
3142
25520
777698
38573
57582
3025
18412
5677
92142
325275
10178
0
163
0
6
95512
76406
16895
40456
22720
4
25080
4636
68585
26046
341550
50360
11405
54
0
12169
0
8465
59
0
48
3414
18569
43747
33379
52366
41311
10216
551865
115
7458
11819
17474
9793
7708
5593
3819
37
11996
18929
21457
7
84373
3586
21
8974
22929
6297
404056
61571
123346
26622
15392
159
19324
794
20742
4353
57236
155041
8401
0
0
82017
48
162660
26931
766307
633746
41998
3080
18009
402503
15065
205902
812509
8848
19525
7613
164456
3768
37
8994
570224
0
0
257225
3634
40517
220816
53735
612997
4117
4102
56575
53903
262
99
4800
155938
102
1822
211
17615
252539
11385
32
5
90624
33
61
79513
7220
29671
26303
12
3554
62961
112685
9321
116500
734261
57282
17085
79303
172988
9388
7522
44964
1174
108310
29977
50889
30033
835518
40
136754
53473
668372
87578
14108
438847
5332
97991
9163
125738
573095
72920
3447
6356
70
367278
98701
53
39130
109293
51
5977
3672
5525
7659
66647
15823
232584
48
33826
145149
8
22727
755273
99217
13617
52
19683
1
4481
14104
441894
17158
27486
7
638
1559
77970
21000
10392
17639
95023
58870
160
22070
12094
12299
410510
172374
225103
11899
130634
103369
162140
8110
15577
61395
72789
14064
401414
163273
169388
66274
67912
31088
23208
32564
10537
504853
4161
90598
212205
443233
81792
301816
7252
9115
475492
719752
43816
97586
366011
8586
4336
33636
988445
26842
94777
35900
2769
12487
0
217804
109969
5592
767095
203007
17943
18444
25489
302508
35992
6513
112659
0
0
737233
43879
11948
0
41140
10582
99217
14366
6332
0
4615
16
2604
26812
100
26666
49858
16353
4500
197807
37687
140236
41541
1473369
3159
40726
13877
115619
154227
10619
103953
56284
38978
14884
87
4184
21347
48003
111977
125807
6322
119
37946
34805
1
0
21545
10288
47
0
8941
54701
5
379500
759804
160793
4853
148
21561
5809
4324
557
43397
72
41
169896
4002
253
28913
34825
29569
827331
5286
13648
0
19766
27151
7718
858
14249
727335
18838
18
311664
171972
49002
165872
31893
128
1
441
7964
7139
19488
49502
10589
79432
11801
9
3636
35250
20435
29292
7572
8890
8439
566
438671
0
0
30
0
0
151738
19
295
167808
15378
40987
171567
10264
48
9123
25976
24642
0
506
0
37840
6701
38957
0
79035
0
0
120649
0
0
72671
0
0
0
161939
7713
302
56973
613766
136357
0
4903
12022
0
9082
10
2
28007
29367
4382
62
9545
9
150
0
4921
357301
93721
784631
17394
0
58
33296
17011
0
0
29696
24967
151713
12160
29
15877
12
4268
3923
11897
4165
9211
6281
44
6229
0
4046
0
824045
22511
13
9463
77589
26753
11485
14088
25516
137270
3904
4017
87122
155530
83318
96
719894
73783
4856
1251
15324
5977
50616
98
121664
15551
77871
0
11365
19974
285331
7745
15001
4469
8
2509
105313
311586
221583
745604
26853
9160
282914
14518
109245
681110
104706
6327
2616
169732
274032
31254
160551
4755
226401
9361
27622
27269
188116
13885
214
10987
30118
23616
4143
56571
765
21
6886
11691
36804
70716
0
261
15737
123
24660
165
9892
137
155600
100505
35
26659
90
13
15673
91
22295
357
32
9130
3878
86354
364
60626
12527
40861
140
398
104781
4549
19523
91430
113053
874
12365
184810
4475
1106
53583
6100
9239
24344
5558
958
2908
953
70593
9697
20822
1801
7016
2210
