1142848
2368248
5304730
1497975
3219479
2335231
4049792
3620260
2980402
4475179
4448505
3329719
3934482
1768849
3132244
1695563
672306
3809622
760530
2283744
1936177
1599313
1853766
3018964
3168956
3081950
6520766
2617213
1066057
2049902
4462690
958448
2584913
2371561
5055622
3177526
3976611
4103923
4205851
3215185
4076843
4045649
3661597
2897410
2376044
2269086
4972141
2290555
2554956
3578843
982965
1286461
1248565
2138393
2155198
811723
3399090
2833639
2616255
1561408
3898965
1255790
2059103
2116140
1508579
1627080
3563776
1726714
2212106
1664743
2734634
1126932
2382120
4392442
2497246
1888897
958368
897138
1712688
3202655
1267864
2103020
2864111
666407
918171
623735
2017261
1394549
1567269
4196813
2852196
571607
3202781
1344729
4692589
1719353
3346605
1723898
1355626
2403565
3418308
1235137
3496937
2070550
3689058
6489403
4546976
3864363
4508967
397064
4019643
1218536
2858168
2356467
2199435
347220
2730254
1945493
595035
1271252
4327797
2191966
5839452
1339493
1233427
2049959
1445776
1925290
4963133
3377963
4872902
3212607
1624160
1676292
4821116
2308898
4749483
2862888
4683167
4784665
3213299
3069166
4653626
2723153
4978803
838432
5184553
3084723
2807768
1559676
3312187
3416388
2879137
2262449
5731347
5571119
2777180
2900586
2439468
3016269
6797703
3903533
4060052
4141119
3824013
2583760
6579251
4702070
7428333
3089668
4817417
4549476
4373118
1541257
6086497
1558683
6397569
1231392
4752808
897959
1319288
1861887
1568682
1460603
6021294
3076460
5798886
1685042
750308
387876
2655971
2009466
2718338
5871772
1505263
4108572
482341
2746969
3797786
1501029
2104956
3786780
3077461
1924515
313989
618418
921529
1725253
1516998
999829
2367737
742926
1248174
1183161
2011924
3143747
1228797
693911
3507232
1397899
724277
252886
2128606
966694
3729654
2448585
6630407
3963452
2884920
3188760
2187840
1159074
3734046
4086209
6886608
2277687
2052695
2012969
1530854
737440
2406188
1375176
2984649
1052363
335086
1653177
2515196
536473
3044655
1327432
2758811
1762649
1948130
1355211
2741721
1860301
