668
22311
15181
18038
3209
940374
5734
1404
2616
604212
173776
7765
2508
939130
1383
1
866278
731100
1265
4
2260
652836
1552397
1052535
1393417
798890
1509
1190
2
782365
229
1674
1407585
1419
2245
0
1486
1394631
1143
779284
598622
3631
173847
2926463
2592
2827937
5218
1220584
611465
780666
0
0
783070
337875
1562935
1391705
730
31
780646
1144
2
0
2
28
503726
613397
700831
952009
1520207
2199172
787720
0
292338
0
801300
1460
416
783376
633638
611426
416
731139
780249
2291
2744
26817
708169
640989
15435
902753
779169
603300
1541
550676
918612
931198
799
446
2129517
0
1153
628732
801482
0
1512
610319
1396
29
5
953483
783809
736642
0
2
0
2
416
1014
784858
783148
230
951611
1948
0
1421
612533
4
1412
2895
964743
614073
30
612859
1852
333
612894
800027
1381
11
904839
783216
415
1514582
0
1369
612138
1399
341484
1501521
6592
2022844
28
781411
784890
1263
1105
612506
783515
169592
32
779161
184062
721633
0
3172
0
0
612848
3579
165305
3152
9917
1421194
780232
3013303
171895
782837
1205
1418
1425
446
783661
2662411
169685
170872
124573
5675
111
610460
780569
1452785
724260
604387
11556
611522
0
416
268
736869
0
597514
0
167943
121
119
0
0
0
0
555778
904949
2179142
3137
769070
11482
337860
115865
1733680
571076
315
622
1225755
168229
171304
613873
1566442
1531
713541
16500
953934
303
612547
170986
922
4559
1392733
1155
16904
1409
785704
609102
2
1272
0
45912
0
0
612540
1111
430
1319095
1222713
3361
1217
4730
43
26959
169595
167680
918427
0
783977
1390874
781171
28
1220484
699232
1717
0
965719
781107
0
168231
2254695
16603
0
731296
722713
747116
551949
736601
613443
326
784217
0
785482
1
0
168016
318
187128
122131
953536
722785
169615
784628
16539
16
2863
1562112
2
171064
1789
949919
3435
297
2
119
1518329
783377
0
1458
614995
970414
784789
1371
610372
48172
610733
4582
1466
433
415
778724
168231
0
732317
16
28
892639
780215
1447
2266
612874
447
2260
1858
166423
3114
3743
3734
51392
67838
915199
1319023
773292
726811
723611
4938
1669
1882
1621426
852133
0
2986
727627
783512
1453350
950966
1017
781516
30363
726863
1389077
578562
734963
1933
600866
595944
614965
169166
2518
0
549658
317
171178
122025
343
798108
18298
2186969
175534
795310
666178
168491
3195
1649468
1542
0
416
446
168333
1347235
898065
171874
614219
119
116933
612848
1418
2176519
2954
169869
0
0
725370
762034
1209021
972194
1139
1561593
1373
785077
0
1046
0
1179733
0
782052
1561112
626733
13945
0
560562
50366
708422
186026
8700
1221603
488
2242007
16393
704036
2439
6
574284
2302296
169560
285
0
956238
783510
329
783515
600728
733988
0
2546
2530
30
765423
610284
2181187
1490
0
2298
171710
612673
1399
783178
0
2221
1428
612514
416
416
783421
0
0
1042
30
548523
168641
614668
1848
783520
783116
16
783002
1036
612816
169660
2
123257
786090
782262
170180
2266
725526
15116
785780
332
1397
869
16932
167923
16
797073
780107
1391287
0
0
780607
7478
828826
0
412
750712
11943
264459
3055
127519
14874
163885
599071
2843
167689
798819
35
1454
797166
182012
1469241
2655379
779316
780473
31
31
338807
0
1075484
800277
16
1880
134
781911
837
17580
611425
951752
0
446
953531
3
2821
1225888
733517
1583185
1290
723033
784050
550
780606
0
3447
898893
1347
616593
170678
734644
611484
1573
765982
0
1339530
0
284701
170534
1497153
612844
3768
801122
0
0
1322870
2442
8720
2341791
1220514
1363
16900
1513
613580
784476
185277
172136
16
168213
0
123402
953971
48782
778767
30
891292
611765
4635
756512
714556
45186
237233
1498711
1408106
590416
1208704
0
17831
729901
967539
113
784466
2327
783515
1344
1471
1049
780370
561520
48151
737119
1133
0
169527
0
612425
1570021
782895
613643
0
0
783515
0
1327
617929
727623
591
0
16
1798
18
4498
59
1345604
823682
292174
0
185228
844
613651
723895
783444
361
594774
1507104
786473
612866
610307
783066
354044
0
8
1798
411
747715
395
0
31
0
783095
0
1177312
1800
48612
124058
4652
1370777
1102573
718797
2
774490
759297
214742
247418
688080
7533
4467
720341
786512
1340047
1226906
693720
1199
432
33
448
784719
3123698
1347284
2282830
3189
950162
18652
1388337
20543
6534
2156869
2891
1390407
1966623
1433
3
1187
30
695110
613663
1308
1200
575016
0
0
783930
735168
783515
462
0
938489
14653
261
1507
612848
1358695
2272779
2
721
170084
784320
1609852
1124097
1514501
1465
800203
123337
565375
783540
14584
16857
1493115
782504
409
784950
17913
445
1548001
610171
613212
0
0
752606
780559
167620
327
659174
2170050
795132
5199
3217
727551
14121
13697
593501
6448
3714
1428668
737126
1271
252
611467
169850
1362614
1392331
610338
1390301
30
0
1397417
1521730
1829
1228584
780637
1468
1329
16720
30
0
0
736826
2
1152
32
613693
3319
313
783492
593422
111
692131
613863
1189
289390
612378
1801
1396
782964
1480
123547
663070
1081
238
0
0
0
297
574242
2221
783064
0
0
1535
2
610280
610320
2300
768752
416
445
14733
734353
553811
1115
992
30
1566152
0
951657
1171
783512
783528
611391
0
3089
0
48
164026
203446
2052495
28548
11482
14597
13793
30
167749
169880
449
547787
2505
168640
114699
1480
781162
613477
782442
784071
1960370
0
177166
1354531
704882
783800
1568324
25
170249
0
616925
0
783839
2
0
612848
782156
170921
2
168233
780093
14
782911
3876
604792
0
1496415
734649
1309618
781673
1395590
171911
784605
457
727856
3986
1344
171507
1514
711623
784202
18335
331
784678
780668
787224
950493
62
447
1351
565284
168186
1398326
0
444
0
167192
170198
613339
570770
14940
17253
424
15204
735342
1507446
1473523
812776
612619
445
783500
1402895
730879
738782
615886
0
0
149
1583603
723
32
17938
18683
16902
610262
167622
783564
2887
3912
2
2156992
0
1406
797068
30
611394
611744
358
122014
786462
0
297
783171
610388
0
0
45983
0
0
739960
13737
349
1474
0
1561464
1137
3434
170200
0
610252
2
798594
1121
48253
1244
658921
296
418
611398
14927
2247451
623890
2082811
781752
17301
610264
4054
2652
126030
2569
71
1492
2914
269120
17721
1275
8683
723790
114841
5213
16261
6513
