71046
143640
2241497
1297890
278199
759222
38145
1717057
1950087
3667453
1985704
1876635
2449809
1216010
1457743
1394370
807706
198819
93941
3138
159171
590841
885565
1336191
541072
897286
1407744
809737
45508
689449
2728776
948665
2694340
230682
1293913
1355332
2425128
2514814
2604428
554318
1234652
2895411
2237898
978167
1090308
1417266
1366954
852670
198868
2436806
10523
983569
24441
968045
726677
1074054
1103639
1768511
843117
542839
962690
679877
1390907
15015
76849
701718
1722268
812031
544320
701232
588532
387303
1079507
3607158
1125750
1039722
8
499185
768162
539159
5935
54885
1589457
759850
4931
1274563
1554158
331355
388714
2040909
1992981
564417
977580
398426
1691081
1303320
1124540
30743
197599
438951
2287582
293791
1536473
313182
2064854
1213190
2621266
2121399
2256080
46121
1659961
1426022
746766
840574
420777
2
1513221
685783
695200
263021
1944526
744922
2732465
206428
221649
819395
782896
1283875
1575333
1166901
4652294
2417346
274596
60
1163360
415464
785031
154196
3431014
1404425
1166385
1054089
1522125
140471
1809155
1815173
4091474
533225
1488217
613520
1816864
1708521
847746
1309346
2853897
2975407
975525
1577955
190909
556644
3703884
505555
3292450
429967
1406544
1136939
3405665
1837400
3557350
2370887
3575201
1914446
1413638
100140
2316192
1248099
2874271
832693
2671648
516677
549670
267446
232586
583904
1878040
1260456
1574562
1683610
2478486
211229
1021648
508710
2038773
786941
877124
2000101
9379
1518003
1879443
1901147
1777229
678386
821594
410866
20778
28470
515076
979656
692734
156477
1258166
511277
762255
700097
738140
203602
27128
191066
1780708
1047238
9539
499021
1106670
301010
2313977
1100189
1005614
1669050
2133644
1689140
458965
606031
1095083
1326188
2995801
78603
2148872
73388
1067617
693581
1884735
1205517
599834
44727
537046
487071
1394653
1249
1175376
1118826
365926
1553823
74657
712688
1020172
53709
