459641
1334494
2304975
242363
1711567
1521439
3683516
1329719
1613424
1291285
2415722
1897222
2296319
745210
1522974
404171
669793
2884569
584097
1691233
1350483
644885
1853512
1640832
2055458
2066078
4553134
877162
371231
1426265
2262367
735522
905353
2196562
2739160
1451138
1765957
1944512
1649785
2040177
2000758
2701713
1991440
1320858
1723765
1332469
1541594
2349045
1628539
1928199
960269
777988
839980
1612578
1011511
808661
2037260
2208647
2688912
379746
1316802
227219
1317038
710735
543578
952420
2340204
1170418
1918640
837946
1683752
1207234
1473166
2003999
1469919
1237604
819224
373409
2079756
940301
1320080
1308932
1173945
548738
1190654
432010
817895
742249
932452
2113462
1714979
172688
2441561
440102
3108772
1043152
2270457
1501497
1090695
1243115
1876853
604193
1596074
1478022
2290273
4524370
3583547
978947
914415
397581
1923113
301089
1598494
1629138
1173111
693396
1705458
1287206
314417
684903
3087267
1082294
3659870
544417
1208860
1481826
1197910
802971
2444315
2678365
1622993
1487994
1398774
1399892
2763421
1888379
2725089
1646441
3018666
2645902
1821432
2575563
3121198
1335398
2666889
637616
2608866
1710902
1232593
1724326
1508990
2463973
1888896
727939
3176751
2289512
1936766
1973622
1734588
1902241
3152242
2939907
1823934
3328122
2074726
2743161
4096128
2668221
4826260
1297247
3518757
3133043
2249030
1070195
3153874
948793
3134694
373698
1608415
404817
392392
530983
1346350
883379
2999348
1184244
2464535
382452
461018
479553
1694423
1478427
910368
3292330
979426
2085860
808910
1741957
1445083
382921
496539
2483981
1134324
1182111
365203
585454
609268
898111
364658
827325
1840726
265261
590344
390675
768305
2204988
1238273
666588
1956857
211505
354136
161379
1285048
1024464
1938585
831975
4404912
2848687
1933373
1664460
757185
1369856
2159228
3079325
3715293
2005203
651815
360618
433954
524478
921947
458018
1563034
587850
363524
533961
1413549
462266
1931697
1260114
2163328
677907
548600
596804
1835686
872140
