7
90
26
0
16
80
12
647
10
69
5
2
1
4
19
3
165
0
611
2
0
478
48
184
516
5
3
187
11
756
6
0
83
570
195
0
562
566
1065
113
46
1
95
6
0
82
29
4
0
2
81
1
3
40
1
3
449
517
1
173
85
29
81
0
1
0
169
0
7
143
0
6
9
0
651
1
0
1
1
1
0
3
3
1
0
14
0
646
0
0
46
4
1
137
525
469
1
0
177
528
308
777
888
2
2
498
0
3
0
83
1
192
1
122
28
0
588
546
12
246
23
36
7
504
2
117
6
5
247
912
1241
88
499
86
47
5
174
25
22
0
22
0
58
18
22
1061
1
47
2
539
504
187
43
540
461
1085
589
36
0
3
57
1
62
171
120
614
536
29
2
14
27
98
500
179
136
638
3
3
12
2
100
200
480
256
30
2
90
87
488
25
19
1
1
0
21
0
7
1023
649
3
1
3
82
0
2
0
2
567
0
105
1
2
2
40
2
2
2
2
510
1
2
20
0
257
455
29
85
53
0
2
631
4
255
83
571
14
86
180
3
173
3
514
0
111
0
532
512
85
567
10
16
55
2
13
307
8
1
49
13
0
0
0
0
0
1
468
169
71
0
0
670
1
0
21
13
0
32
0
29
85
0
0
0
20
83
0
1011
2
16
0
9
1
0
1
1
0
566
84
0
268
88
1
1
1
0
5
44
1
498
339
85
0
0
5
6
17
0
2
0
0
0
8
11
2
3
8
0
0
13
501
3
531
0
1
0
23
2
1
2
0
2
0
10
25
0
481
3
0
2
30
1112
145
2
0
185
29
48
561
3
11
132
538
3
7
4
1
1
4
0
364
3
85
1
0
110
27
14
29
603
0
753
0
12
3
170
0
226
1
0
1
29
0
1
177
2
17
1
0
529
0
3
1
261
51
0
5
722
581
936
17
0
4
0
5
144
1
1
0
525
2
499
521
0
4
800
30
502
75
63
44
3
2
0
0
131
0
31
0
1
83
3
132
0
4
21
9
193
46
0
6
1
1
0
0
113
13
53
10
84
0
1
0
2
0
582
1
5
1
21
2
528
0
2
513
0
4
67
0
183
366
1
1067
515
8
14
89
2
1
7
34
623
24
86
502
1
3
3
2
1
84
7
0
116
1
5
1
6
11
17
491
459
19
34
163
170
80
29
404
498
30
699
558
690
0
19
85
255
506
1
4
254
498
0
0
138
3
0
1
1
49
23
0
65
2
346
252
3
898
1
1
0
25
590
1
20
51
13
1
535
2
158
949
7
146
0
0
500
38
58
2
16
79
21
1
23
0
612
230
8
3
0
544
4
519
1
745
2
745
0
1
562
2
6
3
0
547
1
504
34
3
7
657
504
592
0
103
87
15
164
87
515
0
674
4
611
0
3
17
2
1570
5
1
542
576
142
2
595
0
107
0
276
34
85
0
0
5
5
2
4
1
489
123
1078
558
1
0
2
2
560
25
131
165
0
2
179
567
85
1
947
0
0
493
0
125
11
2
670
1
47
27
3
89
198
2
10
105
13
0
4
22
191
4
42
32
0
1
612
35
23
0
499
1
2
1
0
184
113
932
561
15
470
1
3
170
1
3
8
15
3
1
529
0
90
1
222
2
1
3
84
2
3
2
77
108
557
187
29
90
476
0
25
1
85
0
89
87
173
114
10
25
501
365
26
3
31
554
592
74
108
0
9
3
491
4
2
1
0
22
5
2
2
8
20
0
0
1
4
0
0
0
2
1
0
0
2
1
0
520
1
615
0
0
109
0
0
1
12
0
499
1129
21
319
32
66
512
110
3
3
130
0
0
1
4
0
1
1
85
2
92
0
1
43
1
1
3
2
0
2
9
1
26
0
85
0
0
1
3
1
0
22
658
0
1
0
0
0
0
0
85
520
0
2
25
1
1
0
21
4
11
0
538
1
5
14
28
2
3
1
501
0
0
1
334
6
86
85
85
1
0
1
86
3
530
2
492
1
172
0
1
0
2
0
0
0
2
0
20
23
3
0
95
0
6
255
1
4
3
0
108
506
1
0
61
2
169
0
3
90
69
0
92
55
387
0
33
0
1
80
570
1
3
113
5
519
2
0
6
22
86
266
104
10
4
27
108
276
5
56
540
1
5
14
0
10
85
3
2
1
174
17
506
7
21
6
523
2
1
0
221
0
20
0
50
4
1
1
1
516
566
0
1
0
0
87
0
25
0
0
3
0
32
483
21
26
492
1
21
25
0
85
0
0
0
573
0
2
37
4
2
0
575
1
30
8
150
0
0
19
80
90
52
86
5
10
3
0
0
99
308
2
7
1
11
0
4
24
1
6
598
49
81
3
82
4
54
0
0
3
446
0
0
2
22
0
3
166
0
535
37
601
2
2
2
30
1
86
4
47
0
21
19
24
1000
508
170
26
2
470
9
30
71
9
1
1
0
0
0
5
1
20
8
1
842
0
0
0
1
3
0
0
540
116
1
1
20
0
5
1
14
0
0
0
0
0
0
0
32
0
0
2
1
20
22
1
546
1
85
2
13
1
86
0
0
0
4
526
1
4
1
3
0
23
20
1
21
0
1
0
83
0
0
1
498
16
1013
0
21
1
1
7
13
978
28
38
507
16
4
47
1
23
276
0
9
2
110
23
1
0
34
2
1489
2
549
3
1138
17
502
97
3
3
54
255
86
1
0
1
525
567
0
1
7
88
4
4
22
0
2
5
272
2
9
1
257
2
89
2
1
0
3
5
1145
3
4
1
5
1
0
1
0
0
3
2
0
5
1
0
43
1
0
0
1
0
0
499
0
25
9
4
498
333
0
87
2
1
0
0
90
0
0
0
0
0
1
567
16
24
3
308
28
6
4
15
504
0
48
2
0
0
3
27
5
0
2
0
1
1
84
5
0
1
8
0
1
0
8
1
0
9
3
11
2
1
1
5
0
1
86
1
3
0
0
0
0
12
0
529
24
3
0
0
1
0
23
0
16
0
662
1035
100
0
0
1
5
8
0
1
532
1
1
2
1
0
4
0
2
4
0
568
0
1
1
23
2
0
0
0
3
0
1
2
1
0
0
12
2
2
0
1
0
0
1
0
1
0
0
0
36
1
6
107
514
2
1
8
21
9
4
1
26
2
658
43
0
488
14
32
513
485
147
0
2
1
1
4
7
1
23
0
500
1
495
0
638
4
33
4
146
23
4
1
2
0
0
0
21
0
2
177
23
34
2
5
29
1
657
548
4
0
1
5
0
605
3
0
655
740
498
0
2
0
561
0
133
5
1
1
0
571
9
505
9
2
21
0
561
500
798
1
85
0
0
1
2
0
4
507
0
22
0
0
512
1
1
4
0
0
4
1
836
358
5
1062
0
3
86
1
1
0
0
23
1
6
0
18
0
0
1
4
784
3
0
1
3
27
1
2
82
571
29
0
330
3
38
6
1093
671
1
1
11
1
1
483
313
119
3
1
399
497
36
10
4
120
2
2
37
5
82
1
765
1
26
0
0
5
493
39
857
479
1
0
0
319
0
0
1
86
490
2
478
0
20
88
0
29
7
2
1
1
4
3
94
3
173
0
184
5
508
22
1
4
30
21
22
0
478
9
2
0
0
0
1
4
74
391
49
502
1
0
1
3
4
206
666
2
543
0
22
481
885
54
6
3
0
3
0
48
0
1
0
0
0
2
1
13
20
202
3
521
495
85
604
2
454
0
14
478
17
0
515
0
0
0
2
656
610
25
828
3
1
0
502
0
6
0
0
0
138
0
1
8
0
0
2
0
88
506
45
580
1
0
0
85
20
110
581
2
86
174
4
126
172
1
2
498
4
1
490
525
0
0
14
3
660
7
0
26
430
4
1281
1
36
2
5
506
32
57
439
13
3
97
5
600
659
59
52
4
1
3
20
24
587
1
554
584
497
5
507
29
1434
178
14
87
0
0
3
0
544
85
676
0
0
0
0
0
28
0
267
0
0
0
0
1
1
0
4
3
0
1
22
83
5
3
359
1
2
654
2
18
1
1
529
10
4
74
518
193
513
19
2
11
5
2
2
1
1
86
538
133
3
0
2
45
21
3
0
0
6
5
142
657
2
2
148
3
2
0
0
4
17
23
1
0
2
1
16
0
0
2
830
120
7
357
8
4
3
0
550
22
1
109
1003
4
495
0
89
87
1
0
0
4
3
0
85
0
0
1
0
0
0
2
1
1
2
0
0
81
572
646
3
7
1
24
0
0
5
0
1
3
0
0
10
0
0
0
21
0
0
1
19
0
20
1
1
528
0
0
0
1
3
2
21
0
505
4
6
1
257
85
519
96
26
1
252
2
64
0
4
0
0
1
0
4
4
0
30
177
10
10
355
54
7
1
3
82
1009
173
59
3
89
8
639
0
11
540
121
0
2
1
53
305
2
19
59
9
329
0
1
0
3
0
22
1
9
508
30
2
26
10
10
1
527
719
518
63
641
24
25
5
89
0
3
0
503
1
272
0
25
8
2
9
1
1
175
10
2
10
87
1
0
458
21
25
87
0
33
298
84
0
9
109
0
0
10
0
85
1
1
1
1
2
669
30
83
1
497
1
4
359
13
521
0
1
1
11
87
0
8
4
2
136
12
1
18
0
7
1
490
6
27
1
20
0
1
480
26
10
15
2
78
30
35
19
163
479
3
85
731
1182
3
112
2
39
676
189
4
150
27
1
1
18
0
407
0
842
498
0
23
94
538
8
2399
18
24
22
523
37
44
5
12
1272
41
896
5
5
0
475
20
510
0
568
105
2
1
256
144
117
1
173
540
616
570
329
51
0
0
539
5
1
0
1005
3
1
253
89
7
923
26
1
10
8
494
23
1
0
1
0
172
530
86
2
1
0
0
3
278
29
1
2
3
4
0
144
0
31
563
58
1
31
2
70
0
0
31
1
1
2
0
2
510
71
5
0
87
0
3
0
170
11
197
254
254
5
0
61
4
1
592
6
366
515
74
25
298
3
2
518
5
0
7
1
135
174
1
11
9
131
0
7
1683
2
123
9
913
2
2
48
108
2
16
504
21
2
573
4
14
529
18
86
1
21
0
4
288
608
5
29
0
3
0
1
2
1
1030
109
2
947
69
125
3
1
2
6
10
111
1
113
0
0
1
0
538
2
0
6
0
1
504
170
0
27
8
9
162
35
177
164
420
0
4
1
205
30
3
3
0
506
46
48
22
3
567
0
0
3
0
0
5
1
29
28
144
0
4
3
17
681
4
2
14
168
643
2
66
578
496
12
1
21
173
2
573
0
1
0
0
1
541
2
1
6
3
20
1
17
1
997
549
23
258
132
855
670
5
140
500
10
5
4
181
85
596
4
0
0
0
0
1
507
3
1
0
35
316
501
49
7
1
89
0
9
2
5
0
2
1
1
0
748
0
1
2
8
542
1
0
0
9
1
0
30
481
13
0
545
33
3
5
485
4
51
0
20
3
6
503
2
1396
1
2
3
7
553
733
2
2
508
4
6
976
0
1
18
182
2
147
3
541
1
28
894
7
24
670
27
1531
324
86
8
2
1
15
11
510
2
479
0
1
2
198
501
157
0
0
2
2
1
2
515
2
612
2
0
0
0
6
85
16
24
1
499
16
30
75
2
1
6
677
3
1071
525
748
2
1040
0
1
0
4
22
312
3
540
517
524
0
53
3
23
800
4
5
37
17
2
4
517
45
584
1
0
0
0
0
646
1
1
4
0
0
0
0
2
0
88
273
0
4
0
35
86
0
139
6
296
1
0
0
1
0
1
0
4
273
26
10
13
20
87
0
0
2
1
84
506
2
1
22
3
3
3
2
22
485
491
85
127
21
842
626
578
3
566
3
1078
197
109
729
538
1
2
4
45
0
0
1
289
1
3
7
1
3
518
85
24
64
505
24
645
7
137
109
602
935
500
16
605
3
86
0
1
88
0
89
0
7
174
2
377
1
4
13
570
2
35
95
85
4
22
191
0
0
4
16
46
838
9
94
0
498
0
86
3
0
0
1
0
17
467
508
2
496
0
22
4
10
2
651
1069
10
1
1
58
1
3
2
126
530
80
31
656
1
2
1
686
24
46
0
539
0
3
5
3
0
1
271
113
2
502
8
503
964
28
746
2
23
38
16
33
155
1312
527
4
6
202
3
2
17
35
84
0
475
27
8
30
34
5
645
48
511
0
11
1071
62
692
101
3
487
9
38
560
462
101
4
9
4
44
18
3
21
496
1
2
77
3
24
26
1005
13
85
198
1
641
63
3
3
25
655
9
28
22
21
828
501
24
662
2
3
1
0
3
1
1
2
1
76
22
3
1
21
14
1
0
24
197
13
663
55
3
6
542
493
534
386
626
506
48
25
619
2
87
2
1171
2
6
1
9
1
1
4
4
7
1
1150
483
15
86
169
197
728
1159
2
0
8
156
27
57
100
4
117
655
1
101
0
12
83
0
0
0
0
86
27
4
4
547
1
0
0
21
0
510
4
855
121
499
0
635
84
95
139
347
512
0
664
1
2
0
3
0
0
1
3
2
0
0
84
1
1
0
0
1
2
5
3
530
1
3
0
0
0
54
263
24
21
0
107
2
1
0
529
3
29
1
74
199
2
0
3
71
4
86
6
0
113
0
969
0
3
41
0
25
2
26
3
16
15
1
272
49
1
85
7
0
0
0
21
2
2
259
47
0
2
84
8
90
1
1364
0
703
13
138
0
33
3
51
7
117
196
7
0
27
0
537
0
503
6
648
13
89
769
544
0
23
3
19
0
301
85
143
6
514
0
0
0
1038
502
35
5
650
506
13
1
87
507
2
83
741
0
1
0
74
0
520
0
9
603
2
0
194
1
464
474
227
1031
0
11
1
13
172
4
2
6
1
12
0
0
5
0
9
0
0
25
0
0
3
2
28
0
2
1
2
2
4
1
2
0
0
15
0
105
12
20
730
14
729
32
684
196
480
2
0
2
0
4
12
0
65
0
6
29
51
149
1
15
35
611
24
2
1
104
615
39
25
1051
86
2
81
1
2
3
1
4
1
0
3
1
4
9
154
530
0
87
115
515
25
36
1
2
2
55
27
605
21
2
63
1
3
85
6
925
109
45
1
1169
5
2
0
0
512
0
24
2
80
98
3
487
1
0
11
0
1
16
21
1
0
85
9
0
3
1
44
0
1
0
11
0
520
1
4
21
482
625
22
92
3
3
365
0
109
297
32
1
20
0
2
2
69
0
525
492
845
28
110
0
115
7
6
4
5
2
1
2
9
356
45
1
655
87
0
0
1
3
2
2
2
507
1
3
3
1
1048
1
39
543
768
0
22
2
499
1
1
0
0
0
111
0
86
482
1129
26
87
0
4
2
509
1
172
1
0
1
139
1
201
19
204
47
0
1
640
1
1
0
28
0
2
642
22
1
1
285
11
1
7
0
7
2
0
1
86
0
1
1
2
3
0
85
9
0
0
0
1
0
1
1
26
0
1
3
5
0
255
0
9
1
0
0
0
0
0
0
0
0
3
83
0
1
3
1
0
6
1
4
1
1
2
0
1
1
0
0
24
0
2
32
568
85
79
0
100
7
9
1
122
447
2
538
1
108
2
499
1
35
0
0
8
0
0
0
3
0
0
22
0
2
85
0
0
0
0
498
22
0
1
53
4
1
11
1
500
261
27
1
20
4
0
5
27
6
0
3
0
0
22
0
0
85
0
1
26
5
0
3
1
1
9
1
1
0
86
0
554
0
26
537
9
0
2
0
27
2
0
3
4
0
0
7
103
0
27
59
494
145
3
1
1
2
1
0
23
0
3
7
0
0
551
0
2
38
4
0
529
0
0
0
84
2
6
0
0
1
0
331
27
9
110
5
7
0
6
3
109
0
1
961
86
10
86
1
0
20
7
0
459
2
23
0
527
0
0
4
22
0
6
0
1
110
3
1
1
1
651
1
39
359
172
0
1
88
834
12
30
622
15
1
91
11
174
0
49
0
270
0
1
1
49
35
1
246
0
2
1
0
0
1
150
0
0
1
0
6
0
0
3
1
1
0
1
83
0
0
2
0
0
0
22
1
21
0
85
1
1
0
26
3
5
176
0
87
25
0
0
22
503
7
110
1
1
1
6
173
83
0
17
0
0
85
188
0
352
0
88
1
4
28
2
27
24
83
602
742
0
1
0
3
694
9
109
3
0
83
71
502
52
1007
90
371
0
0
175
0
2
61
650
19
1
0
5
2
258
2
1
56
2
5
0
8
117
7
109
529
1
1
287
2
506
100
3
0
1
539
0
0
29
31
172
8
1
0
4
53
3
387
535
1
32
0
0
0
30
34
502
24
0
10
295
10
7
0
752
5
9
1
81
21
0
547
58
111
488
5
0
286
865
0
9
3
110
0
3
0
2
0
5
22
522
0
0
0
3
35
4
0
0
0
86
0
5
298
0
31
2
83
23
2
4
30
1
230
541
23
262
504
5
612
31
2
88
1
10
6
43
1
3
2
0
25
3
9
1040
28
78
11
1
2
276
499
548
11
45
8
87
22
696
5
1145
15
548
26
509
5
468
255
1
1
968
0
2
21
14
3
3
20
79
26
19
8
11
492
648
8
231
0
83
84
2
0
28
631
171
3
0
0
1
1
506
0
21
169
3
15
27
113
495
47
17
322
7
0
0
0
1241
2
0
2
1
9
8
0
5
482
28
500
95
0
518
1
23
0
174
0
0
0
25
0
0
20
221
361
1
0
8
2
454
28
3
84
0
4
473
6
1
33
0
351
520
511
0
487
1
0
0
45
31
3
0
433
17
1
2
1
7
8
629
0
0
3
226
649
0
1
0
3
1
2
34
0
27
3
294
8
84
2
0
0
1
5
178
0
0
0
5
4
2
2
28
106
2
0
5
0
0
0
0
0
1
509
2
13
2
0
0
0
0
111
11
1
1
21
484
3
1
5
18
1
0
0
35
3
29
2
1
465
4
21
0
0
237
171
473
7
24
0
31
0
0
0
0
85
0
1
85
1
2
0
496
2
0
0
0
3
2
1
1
57
376
2
581
0
8
0
3
5
522
0
0
3
0
31
1
6
115
0
0
4
3
0
0
0
18
86
9
2
27
550
5
93
19
0
3
0
45
31
28
668
313
1
16
9
711
83
87
1
18
140
31
0
682
4
481
0
193
24
21
0
85
0
23
483
46
1
0
90
53
0
2
30
1
85
0
5
2
0
503
2
6
1
3
11
4
20
176
0
0
0
1
0
53
28
1
3
1
100
0
0
2
1
4
316
2
24
474
23
15
45
26
2
12
1
158
0
2
4
9
13
5
11
1
2
