44683
28865
199237
15067
6829
260482
9901
22906
13359
204981
16886
39367
10891
10625
13318
4301
10163
10160
51981
17824
56650
59248
800883
16040
5347
7011
17386
27610
4540
34754
88583
19902
11945
3418
125169
3436
25811
286792
19666
65821
91989
7327
275108
15186
50492
36721
127527
40199
8089
5569
5242
16
369786
38710
13121
85860
8605
1941
12341
152845
58
908
3924
2274
60172
13
9112
1695
64405
40120
5550
11588
23030
6467
37338
2605
206
14030
7748
53987
6243
2933
12655
45797
21376
126803
46178
879382
128351
61642
592505
76925
5137
17722
26449
1025537
3408
920
1031058
1547
10631
9858
1014113
48079
8732
8508
43157
8041
1683
35295
3192
1312
18595
252
5979
1621
140142
34904
924681
222853
4492
4268
81618
25049
76034
8993
34869
246906
3797
1013851
19699
442
18209
69884
10374
31519
150392
55727
2414
3938
735
6418
26165
246
44618
1262
5953
27819
129029
15049
485701
12495
141634
12922
65603
65
58740
10354
154047
35909
6123
3171
283692
36471
7903
822
92379
191893
29210
145632
20715
111502
13937
12428
1013435
20398
5128
49898
28424
28198
523642
964523
519785
12356
64543
77721
16318
4224
4781
10919
156519
8180
26638
8482
4
2
18959
28261
309902
6044
1836
786
1677
5462
2074
1262
1821
459
4194
13737
97697
371036
14233
408750
17603
100932
1496
857289
17148
85291
5934
302714
43309
33898
52764
15771
79652
7495
4742
55311
9720
59790
153693
413856
84536
336609
6359
113715
7213
159345
9
6424
6324
680
1475
1146
28617
5369
630
24489
5737
5901
9209
579
7709
1682
73235
447038
438098
38024
3443
60237
99841
23638
10360
16888
16416
8966
12561
27952
969514
1141
1516
889870
129920
36765
114062
43654
258966
3823
12015
1012
8349
771557
2213
28581
5146
17172
65131
14300
404814
3758
13427
1427
22818
5611
54116
24486
13370
953034
4777
4033
14835
2478
1702
136864
16340
42336
3439
568302
17215
27779
121335
147999
21365
92508
342
4863
57551
1725
14629
2347
200702
5703
1080
1935
42523
35279
43577
134126
445430
5357
29
14709
64774
54816
11007
8239
8393
6167
87911
14274
27858
123407
37222
34238
12040
5168
82292
109560
17006
701636
3692
519
3438
127252
21530
249719
201575
30109
666039
6176
13654
23594
24459
6653
71328
38460
4951
146979
30555
960
70141
2339
62200
9566
8298
15113
490016
2261
1006096
7973
15589
17705
22692
1484
25636
5115
80
35267
238002
4907
60495
944630
19614
173121
4977
1600
1421
766
7111
807
25726
72897
4062
7983
38573
14011
1011614
2188
18044
7317
7738
667
49725
1323
36531
14575
33441
819
24770
177231
3514
10945
73234
14364
9103
8992
47415
6513
70673
15271
85513
74440
8781
1085
954148
47486
20629
58175
10871
687802
3086
14325
79574
297336
3238
5099
73
19368
3576
3168
96069
1087
1403
363
19790
2336
325
12711
9446
0
1538
10
101015
76177
24683
83315
157825
796
33545
5559
501237
245109
185478
40852
602162
4642
148844
142823
1454
9771
8004
90
37405
853657
176323
3893
90416
1371
4911
9230
17685
1199
54077
21
12510
27942
49368
0
3011
4520
54904
3900
44407
30385
13227
17678
41696
211147
10447
7092
56834
31650
31516
20485
57620
999128
17648
162347
33267
91500
10212
32550
7669
17043
167268
28677
7943
12070
380450
6718
2167
1979
174023
6406
585
24804
23409
3083
7624
50
622685
23731
219361
162927
40717
801824
66008
16627
26182
80561
25396
4596
270349
26827
17969
3570
175112
55309
9638
38055
375601
8967
161999
5160
17595
7436
22059
93761
229734
823047
7865
1534
112015
491
60890
54274
97668
22301
2877
8085
213882
67264
92952
5426
56943
11385
27708
13352
173667
232236
171804
1648
64645
22770
3927
4083
2325
10487
43779
136527
294886
41082
4938
6148
15054
11554
340792
57954
122235
137640
995937
29553
78111
3811
89293
8112
38989
53779
321
135
4897
22155
258370
9096
30964
5612
17558
1442
953972
20883
4207
120951
138778
25389
30053
27466
15726
25797
12174
3389
912092
23926
8915
966
55417
12330
328831
7601
41431
33525
37337
1887
26544
3141
5331
516
22790
7
878
36160
9665
89800
9413
24082
157843
3577
20414
2876
211126
190447
44318
31088
85325
14740
116785
3896
34476
562957
17188
18554
25068
6312
18784
15427
41671
184653
26169
12850
13410
2054
96722
7412
18467
291070
179785
425653
1733484
57171
28479
1718
17701
29395
5502
1907
43189
566859
56006
550
24677
188
6203
31616
129644
1053
27
2071
31670
29
2909
5791
37624
496336
5285
923351
334193
22873
1867
195743
461382
15983
8101
25187
369398
13846
23001
233385
45910
50579
20536
124614
62367
20425
15870
1530
39515
21460
596
470
1951
6969
8457
153574
4130
1759
38041
12831
431022
425
38669
416446
322663
13788
3339
7513
35665
29273
116004
207099
75584
8393
1850
16197
10353
5408
2007
3906
493
7781
0
1539
1613
798
103505
81269
174509
3080
3564
2378
129917
6223
13577
2640
30455
303486
4140
2641
108511
578
11178
43259
86656
39315
2230
34
1068
24917
68162
7916
86454
33759
16935
12020
29789
11793
1005
60531
8511
0
2428
857
3057
3488
2441
4786
5203
712
1305
475
1882
24410
5208
4617
881
162
1322
10221
2477
17483
198454
240791
9639
3164
507
377806
861257
126331
76025
41404
113067
9745
350531
17973
48386
97027
8887
2499
5540
7577
60995
156785
96372
205878
19567
0
2126
1879
319912
17397
266069
438759
52188
1544
37912
8381
206955
3616
52661
3359
6535
2079
17734
856
242145
8373
4786
73084
5965
2426
9288
38749
140742
14773
25394
20133
10822
61851
409383
5896
16177
275443
682019
24468
34207
67526
3475
6878
2779
2130
8109
13338
25299
29176
38328
6068
29180
570424
148297
20069
16457
32800
20243
25729
195770
7662
35158
38347
15245
101244
14675
188896
54650
580392
168315
586796
132445
61299
48401
90662
72326
215200
199269
405990
17487
23820
6281
2432
15974
69348
165784
158601
19171
12990
36305
2558
2705
14980
1038470
5792
171
0
91324
305
5061
9251
0
3769
15596
629
11700
27717
6
752
1012
2856
1564
525
137893
1770
1840
5148
1484
5342
3558
13654
69913
8321
904
54393
1854
13645
2611
2274
76293
47431
104857
7554
280
55689
140526
6772
114024
163896
127200
5454
5720
60392
2027
2034
100421
598
237
1993
7243
2575
2392
52176
49737
2150
8098
2617
2438
5380
219853
73137
43495
18559
3443
423347
6723
42656
114422
31786
352706
56456
751
470873
3112
22
4762
11066
662
1562
2526
979860
12211
18579
848123
51457
31782
2526
19102
913836
999
12950
1689
91328
56428
2630
21039
166445
69885
59620
6625
185808
18716
36881
16118
590321
6051
6453
13
38783
47
3848
12877
152519
1224
35449
116472
24651
880703
4961
420
1905
341
775
111493
1311
871
1494
41172
303195
771478
24
28956
14208
201871
1866
1427
1848
36450
319
1909
38238
21804
64430
1813
7584
35195
17236
1974
185080
74987
1489
2490
7205
8809
1720
44563
0
33322
5
71481
32747
1980
1341
24356
7590
43302
40657
166855
45620
692184
79602
2247
2090
391
7397
7929
6430
20430
534918
12040
3218
7461
4850
13356
47595
20211
12479
102211
64510
36065
180122
16832
6880
8065
18666
561239
10413
289543
151667
3829
133013
16167
24442
94056
276231
48172
418564
16444
3039
6186
7361
194418
47170
109698
2817
24722
948696
7178
1315
9860
24748
50238
6193
62
121287
24041
91598
45774
218977
7898
15167
21417
316803
979215
11109
9603
19266
5424
238
13421
28756
2199
197994
106580
3713
16848
35
265
459189
137351
1909
207669
4616
2493
982
214144
4902
3543
32294
3368
1341
17064
15859
65720
5028
1737
12
3524
3916
16626
987545
221707
92460
2239
269065
11863
5463
6571
9293
16779
9058
3424
10712
429917
1899
8513
332
81887
658768
35967
132644
14841
940985
105194
392579
28154
54543
8026
56174
90334
4220
25432
349
135659
5004
2038
54123
60825
39456
6561
1659
70771
7957
30205
5255
111098
4449
4597
13733
3950
25755
2160
41941
17406
88538
180745
53211
439
152282
53387
807
65224
5300
24711
964
1423
1945
1084
170
34055
1139
48238
10216
2133
33003
12401
2470
101404
13988
282305
7382
505575
12749
263556
5117
13535
90952
271439
272033
16283
31377
85277
24323
118390
499
3839
1339
130912
14172
1256
1834
215864
1217
59001
31528
5876
58235
1464
5601
109265
7783
6191
682
64129
119
8466
9803
68426
8488
5290
31099
115994
3333
94841
494
4473
1656
11242
92058
7370
38619
3122
125396
1143
36957
8874
35942
91993
5348
23898
732075
41507
5037
1806
6972
777937
3755
41943
21918
15499
7384
276673
8657
163076
158239
71112
3840
12213
2591
84204
98294
1731
1190
110310
38559
40223
12728
14111
14275
1160421
239529
609299
58303
11494
1366
39094
1486
58
2477
3016
1397
10173
3119
2244
612
6549
164696
14118
305
826937
1919
4021
1083
536
174545
70777
7527
371672
1261
135054
871
1425
34890
15896
12633
154274
12599
606912
312807
7462
18952
12575
6368
67487
247009
205335
47393
210720
173830
599918
7811
193873
1732
31944
192
156492
4795
12185
4267
170365
44
10752
37796
7086
44734
8038
1485
14672
5502
18338
5409
121857
10306
7222
121599
167105
13634
9514
3161
9386
49427
19255
45056
4681
6837
25156
79696
10999
2832
2693
5448
705
60846
14839
101591
10348
5327
171794
7197
9240
16944
35779
948
92445
12697
91779
1945
26246
103432
433532
55719
12082
12502
27586
3271
54714
1391785
189705
773715
2671
10772
754318
1610
350566
15512
12959
683097
28440
32368
141251
51874
6898
51069
40283
6075
31983
31269
1960
85961
1006272
81678
31385
38207
92
358076
4577
4140
9239
9815
87
3232
34544
127930
1200
61935
2656
5533
11650
236817
20798
160779
163101
4506
41177
101167
134441
6454
13703
15375
949765
10851
8825
93342
52944
306079
157791
46255
10731
24664
4424
125726
35339
1210
1855
9824
167004
9258
8077
31947
3167
28101
4856
65223
1857
3261
24253
1700529
73817
1372
3820
15026
1861
1227
172867
1892
54740
167026
67608
1318
73815
1344
6816
425
6412
321
2978
40287
166819
31359
2665
34309
74284
14911
142835
10141
83442
13409
1145269
100
529050
2528
5683
2430
1835
8
176204
9629
5886
190054
31290
19614
5791
23227
7199
5577
549599
18
340
1905
329
33115
18468
48160
4324
561
2289
2541
10902
399
110330
35420
16115
361805
24964
60554
2349
26055
36930
88926
818316
160233
3679
411049
9404
461493
25842
1433
11462
924
111144
9005
42389
77883
26305
609
2005
2126
5627
2748
9397
6054
432718
48395
219300
22080
52229
239760
1011
8127
227606
39077
136692
229537
14534
42516
63498
45542
52240
410211
3262
20012
13053
20197
78697
170352
963202
8779
14850
70408
11359
34982
14408
18179
31604
170505
23548
98523
16933
509
4979
74383
56631
8310
6693
297679
26700
5743
4480
10
906359
157569
979199
22414
5550
33461
293
29869
7159
3311
155
107400
12323
16011
25164
16079
240652
5850
896043
8227
1194
9627
2980
690676
38590
4375
8525
7312
15225
777489
1983
209141
2008
7267
25385
99101
2862
365793
10675
73762
9647
1886
16
1271
896
10844
25
16458
14027
11977
13841
943
6108
12965
26042
1299
28792
21626
308860
23469
16
288104
17340
4241
867372
721213
6862
114253
8709
10691
37
18604
1612
1703
43026
6977
468
122089
11645
3201
18545
21100
379987
30922
17295
1113
95099
481
4259
3034
30433
8466
555687
8341
9718
38865
8827
1217
1046
9424
1967
32437
5865
10487
6857
1572
1675
41506
568
14204
42299
2553
212751
140
10987
345
80174
376
41254
9
52889
3771
1102
450615
109960
14207
89101
855
1532
1398
52042
121385
778
538
1258
3783
3114
536
7623
32432
6667
641
11563
45639
7620
480109
13559
7822
10142
206253
92065
1372
187284
2122
14179
2069
23603
19084
974570
79034
362443
326
267956
8832
25121
3312
370
6452
313289
20597
21090
3619
72994
20304
126471
18093
46049
8754
1404
7208
154138
44956
3191
2808
130622
28271
2230
3752
28785
739
4983
23
819352
93947
47494
467234
99959
14959
750526
13168
246466
12128
108690
150252
5526
1960
3268
481
116843
2481
149967
4724
781
103132
2299
7578
14793
370269
48599
70801
29016
59106
23560
7890
4610
665
22084
4609
1249
8384
565748
4214
64128
3447
6004
51940
932
46583
4918
166
112520
6531
17354
5157
18467
1008993
383364
11753
22375
24367
17551
360608
24126
144571
527942
90022
3679
116775
6369
128
4459
49339
1098
2041
159
2808
836582
9554
2924
60171
2110
5259
11024
935972
6588
137756
14386
15039
28614
731
6637
3608
160466
12112
234545
267537
181793
63762
38389
3921
42901
10673
45759
183544
17919
46499
45318
489
63007
95205
9730
37062
19467
7589
10797
82566
18608
4321
53997
75513
38177
31969
7683
75030
14922
62967
6898
16211
158886
1303
47435
55394
15171
55580
3688
23987
29920
1017141
1990
27716
13942
3423
2776
370984
23517
329229
999453
18827
19613
12910
26700
133840
104343
121046
22690
98878
3210
857011
43961
454839
22499
34427
25
320934
3209
769
104848
197336
444527
126245
7616
86304
929
85856
11514
27365
23351
15673
511460
90483
33435
41232
53651
6682
2678
23518
165397
8264
630335
17021
181264
593998
227112
7519
2633
36011
46421
1703
6702
119372
6161
1206
4299
202884
22559
9262
753
115643
265525
9648
7206
242905
2491
6209
19245
7058
21271
8141
26043
29117
2464
52548
1250
941238
1307
8012
313
19597
18822
1664
134318
156107
31236
6895
2170
976540
15781
13606
150
1995
45561
3666
18034
157263
107477
31696
358636
93601
32379
563819
67754
68131
13156
67268
396752
21170
1123224
57698
82563
14876
67518
3182
72143
2647
24769
17196
222608
1045810
13096
24634
209346
25654
124864
35518
923044
19641
48969
9084
20231
3193
76069
19369
51697
130502
30284
129536
6767
79603
350668
37230
47867
10449
115752
4411
2333
254
154367
175501
159850
96849
37592
4633
15363
6106
51311
58688
164561
18730
10684
2501
50891
90218
30350
77113
168716
25889
174964
48086
1932
3216
4185
2252
1248
13957
333653
7044
3011
11319
4779
1124
10268
187227
75328
162709
272
10308
9763
133239
4352
691569
19217
4730
7638
31935
49028
77786
147538
10398
138244
98256
11036
11233
42248
794692
645
423
11862
26
1998
1448
64958
873
54972
99808
413501
134365
330
2060
15934
7226
36375
20558
17575
69198
6822
925735
831785
703241
82851
167999
40457
16754
29402
13083
4117
1500
3442
74483
24924
1578
12930
16204
8363
8273
11249
31495
8187
180329
7765
505984
6253
60450
14111
6405
276954
120956
31217
15082
65426
18741
21195
120418
2858
89966
7612
173847
25670
2701
4208
105506
493
28863
14030
1290
4286
9403
84114
232815
952042
12673
44829
90753
49688
81922
4963
44409
130066
147938
6045
1570
28254
4570
29516
642161
111002
118195
1155
129643
1250
14517
6657
1547
9818
511
6468
102646
24320
491782
3982
3611
14611
159861
6452
1386
33926
476521
7489
656
6605
46950
15906
4418
267191
11893
80122
22180
272324
960649
34206
17479
42674
13248
7697
109310
32972
4692
20146
2396
3880
10395
1569
91342
75258
14421
25805
416188
404690
30334
68081
143233
1072734
359311
15181
53383
15658
5514
200393
37959
438104
55573
152760
12844
44095
73642
925535
19216
57293
67430
5789
52750
1334
29148
32133
5751
1475
66752
3698
156
1100
1315
23448
57051
101895
173045
3676
14420
14057
4069
35164
1385
101637
48262
8730
33570
300592
33587
22951
11514
1606
29913
4441
4026
71515
6420
155313
4915
670
1126
39721
41341
1001
561
13451
8798
22737
281731
1489407
26350
44400
15460
41910
34047
4158
560749
978
1344
3361
6392
508
696
28976
1979
7938
1899
5303
1318
1610
3436
1994
953208
25440
6362
22836
1899
16240
10234
28410
1104
779500
8137
251592
2959
109216
2413
55819
53663
1795
564260
15775
10440
7992
2336
33900
787
118246
35661
8573
58326
229487
12501
2274
15648
11817
44539
24867
5310
14914
107503
51007
6451
70462
33491
27414
419785
9312
61584
906273
35438
728
481112
90
30082
72482
22751
168677
9831
2131
1477
11710
57340
249419
20883
48774
32054
3827
168409
58974
15588
15140
546077
4609
1700
77316
72535
258425
223960
950301
7983
13234
16385
2457
282009
109754
42549
16068
53745
1874
153
190225
4424
251634
3138
685345
25054
77313
2870
113
410
588684
5206
15964
4712
47237
5019
408
889
490
496930
84958
120960
15771
7341
27728
4
930
3799
11432
8286
122252
593
6620
20679
975
384714
5324
12987
227254
15263
3827
6581
81230
428098
19627
27560
23755
934
67811
26329
14053
2151
86138
16856
125242
21909
33980
4592
2538
12377
16709
679584
13988
119
13509
808
2752
382
8525
426590
42824
562018
5688
183514
229468
26625
31205
498209
77076
23125
169195
6667
241054
198435
142146
194955
34705
82855
27918
3618
692935
2839
21364
488017
182457
2889
14612
2489
11142
230652
22584
3800
45412
12923
668918
3788
234988
242835
37690
513637
48684
640671
83279
11907
28925
33184
139739
63080
26396
29350
4603
301548
48092
39763
16934
29461
22853
4712
180654
14301
11866
160171
62923
87174
67956
4962
957542
22738
225210
57744
3755
31661
17624
46494
538257
3298
667
9754
8167
21441
25836
5513
19767
636
978
6133
229907
12384
37330
23300
3757
17449
10712
16319
4347
18562
357998
12395
8708
168592
159638
344060
373628
664016
45580
150061
584310
331188
6372
427470
324791
12710
1079529
570476
87302
10723
54520
9330
988909
2701
9729
14844
30061
8951
27067
3926
13515
241300
38729
374058
30760
24893
64565
9696
3262
28390
9918
2015
49884
12429
158882
80
32211
31065
20991
2835
31976
512810
168790
12507
416872
216814
248651
4597
4621
450
2066
441
3589
4951
10556
24595
76494
9771
7
6603
1395
3979
42473
35582
7359
30688
5286
22901
11579
121164
147078
11947
2453
310030
10173
3667
66
48013
352
2
5753
13
1775
1319
115
5006
989
31882
4732
1432
4334
1686
364262
185088
583529
9094
123953
206
57359
2257
13219
1018033
5721
19928
10817
495606
34062
11920
3380
338
60099
791
21478
50624
940442
5477
603
17209
326617
6253
15368
17654
49099
186536
3683
5687
9069
1300
29394
12129
145637
116906
418882
3304
116299
315648
133995
963022
785275
15928
15332
2304
30919
77
219164
1442
1950
5767
10189
512979
37376
3264
5567
5905
500735
8995
168183
7768
240165
370436
733498
2515
30961
138409
853077
67983
142604
2445
166160
588
56043
2023
5464
9468
18629
618500
11738
83092
11448
410460
7617
408
969
62541
693474
851
437831
12766
15922
11279
339468
36854
3094
23440
3501
11549
141497
132567
845975
30546
4972
85024
621191
24317
972
84317
17825
749
1672
445
785607
4781
2728
60310
8115
2187
856
7240
249792
10301
2417
23075
965135
8737
19677
138993
415
7971
1246
5679
23991
65595
1001
28
110859
9730
690
24377
45121
921
26479
354314
5518
8140
13118
3422
447551
5810
26674
115459
23902
6898
753
25809
34936
845
25831
769573
62461
84830
16583
8698
1226172
53684
2331
372621
163780
11944
5359
11467
28431
524
555
37475
1337
4445
51832
33471
17966
29400
4431
33188
3565
16125
13228
116738
14245
1233
25875
177109
709
50347
8847
87228
5712
97487
771
10158
466
693
8761
46494
1640
1045
4994
12300
17219
23631
180517
3969
5369
7980
38
7632
2089
6092
24969
16489
11345
14610
6230
57406
26659
13784
208445
1205
11091
151546
1808
944890
7076
99752
27026
3342
1272
1600
894
153961
513592
139327
24754
18034
97477
45529
1448
7119
9460
498
316730
95453
9307
967040
904043
80022
13501
17563
270857
14367
175470
4648
14581
7612
112463
2658
212628
4948
548052
24446
4382
838
2710
13285
670
58586
20435
53561
175087
3972
213103
11024
635
34776
132290
1014
5225
15699
89
2680
26340
171339
19544
40008
48
55414
19591
302048
5054
77150
10023
322
42
1554
1779
133508
625
88983
1221
29607
309
7803
5114
7902
16682
1811
5448
10985
12179
14314
1075
40789
445083
55529
22239
30053
32365
33033
3353
39625
14867
229
45167
15
44085
120
2027
724
100283
1574
1925
7
12033
9649
4494
26633
13162
30652
28308
17197
498
11214
2686
123143
49497
223364
8742
4562
13132
5426
54562
8635
561314
2477
19691
1035
3661
293460
5279
33063
22199
49784
8838
1097
147579
7980
445490
7991
8738
1653
1012
468
78489
18936
12570
846
6511
296
2615
1190
2
349
5419
25349
1946
1
8860
679
1644
2230
35
148989
2
3428
1375
10701
4267
7007
62
23199
4613
289551
4864
13862
4665
23368
694
7451
4291
25816
6496
64720
5813
231646
13572
51845
813
7053
12052
3573
2708
6189
6
10633
12258
6060
1459
57488
24803
1454
52678
4391
135673
4464
95493
354117
4104
2476
601
182858
41559
43944
10629
540515
345
9070
181
0
45287
155516
68856
781
1596
1392
315
8022
22376
74463
51959
23764
21
2254
3779
13656
205936
15760
47320
47189
291497
4028
2742
958723
2236
1613
221
13973
5886
34244
1597
571350
91981
12492
16968
0
862883
1734
10456
993
23274
528879
424795
10214
69311
43155
446
25001
5347
19572
3076
52894
25108
1012
16483
522
264419
2752
85810
2842
7166
507
150285
1235
102421
71222
84098
116950
8497
19076
28066
113199
14346
770861
280036
200589
16321
35594
6528
157543
2558
746
4345
5026
19171
754
728
974
323862
10204
9872
895
6301
524
34498
6018
19350
2925
45732
19228
24617
16065
2072
136154
12845
80398
39597
24516
219989
106040
39249
148009
2816
5151
21977
2579
7072
135600
8
339766
13360
3646
1519
10266
2562
9401
11122
594
41011
9
312957
2742
3281
14687
16204
200803
263291
783
233257
5127
555364
11
5546
1066
313364
29918
364184
405880
3865
27482
920
2477
550457
43805
317224
62883
219617
69042
93257
22448
21783
9180
329057
5835
955418
12907
14106
832
816391
11914
44817
950602
7441
75865
560
20855
12643
13415
338314
19966
3782
330
879
3
222323
64087
32217
42881
732
23
27473
8191
117917
38248
428843
49744
838
839
2438
52205
8996
1815
3523
2630
1639
19007
11223
86089
36583
168143
92685
32402
525346
5897
1348
2460
49088
8100
10384
1043
491
1713
28300
38992
66589
673
151989
12208
3058
5965
31171
6677
465770
439
154406
37224
13985
5059
27531
9746
37853
9608
38708
150337
13569
10549
132
58800
1982
152851
34574
455421
325039
28029
11345
15989
587047
41904
277844
990119
47939
3059
49876
266180
6199
4648
26555
680235
8303
457
164774
7554
38892
237968
37605
790143
11270
12743
72189
80689
16685
13114
6146
126009
405
2752
4560
10565
166377
31205
5021
1269
7165
876
987
133787
4493
15798
84839
6493
218
2201
2412
16599
43148
713289
89751
19517
97345
22530
16986
15103
68809
3461
108361
25080
16502
14377
1032699
31626
137795
31140
707926
122963
5284
560389
16391
91514
10184
120885
743918
36704
4201
13997
3502
429984
139442
4191
57747
142497
1941
30743
12198
419
7067
1956
16383
119412
496
62367
150029
24988
45033
882237
52926
6366
853
12568
2014
2193
25277
450364
36022
4414
7307
7379
3893
34198
27998
14203
8133
107773
71376
4589
52633
10179
59981
342501
94223
163558
2977
36628
62243
129126
20567
8758
11901
28657
15437
365627
197764
128816
13693
81994
45207
35236
15581
8089
585906
5999
115276
27329
103838
50005
442554
9001
20494
546639
856008
36824
70827
129870
36279
8907
69615
993487
5290
100634
21821
764
13309
6393
284409
61707
28120
828510
175831
29406
19256
10575
411244
24663
2790
18945
2880
20636
303357
3319
13447
8595
12995
5555
131759
23352
1966
511
960
6017
3140
13198
3293
10662
50063
44520
6069
199608
6533
88756
39605
1763371
19891
19268
12617
147998
158049
2216
78400
16080
46149
51689
31
6548
25357
23425
24630
136372
1374
3843
14942
39967
52
3954
57324
5925
602
12963
2921
95195
566
284593
944279
161376
10994
681
33308
1414
12520
6683
100658
775
1299
17970
2617
9109
4410
47600
42168
1019532
1268
12679
305
1122
1674
1130
35492
16284
774197
7882
1428
377942
149951
14428
173717
48522
11509
2418
745
10757
3826
47
42508
3085
33429
15288
2381
5203
5473
6046
21985
28171
16129
6540
32289
556826
1988
1110
710
21705
1427
120339
4861
19263
303528
24839
93504
228884
16896
3430
28754
54680
7893
238
42084
0
68354
615
72993
0
54442
0
1596
141135
394
0
3294
0
0
18
130885
28583
2747
99779
282204
110386
104
1424
6468
1513
4246
4449
339
75296
1876
48
4163
12685
5
680
3367
15871
461031
27867
806897
79645
4616
891
12347
6559
545
298
45854
26658
150238
43199
9893
32895
388
2272
869
24406
12337
5893
5794
9106
11254
4686
4185
3519
993422
43820
2028
15523
86943
13322
14145
5236
6170
139378
42557
6221
20002
19910
101247
4651
859938
5518
2821
8034
73589
0
16847
878
92999
7463
39325
1202
11182
23838
158314
1377
11405
1291
2155
9713
9554
454804
152223
916769
22407
6675
218186
27628
22822
225905
128185
1672
11579
222102
382305
32221
168831
27676
159602
3453
62767
43089
97882
30144
5385
2247
39947
1194
11434
4506
3738
2006
10259
25719
8498
157903
391
544
11026
1157
44304
318
7928
955
127113
92705
1530
68939
1990
47
23767
909
42863
6851
69
7345
9101
91188
1906
8337
2197
84313
158
1196
31952
5600
33890
72422
21376
2650
8583
97958
3372
4364
30708
1377
6971
67303
847
3630
11001
1795
13281
4718
17320
6239
5441
3382
