68
178
214
111
125
126
179
277
255
292
266
92
168
109
157
171
112
85
87
48
95
126
104
97
172
255
263
33
61
164
318
61
200
31
152
303
291
272
223
180
173
287
213
150
68
170
369
35
104
175
2
110
55
115
5
52
163
120
102
149
128
188
116
13
107
195
222
60
87
66
115
142
128
394
184
135
2
8
184
58
11
62
315
60
7
97
186
202
5
301
199
118
132
15
252
186
187
53
80
67
409
120
177
104
116
123
296
306
227
52
230
107
120
97
157
7
201
53
90
93
212
142
318
34
69
117
104
142
178
217
291
270
110
62
228
43
131
212
252
253
221
101
185
112
345
125
353
134
156
233
230
146
152
124
283
292
177
225
114
54
311
99
387
92
181
170
284
196
363
244
529
291
220
89
327
230
236
153
251
1
82
168
139
25
329
214
439
100
76
14
164
146
219
121
179
164
11
168
202
145
173
69
121
162
0
9
9
104
117
138
88
11
191
37
105
71
58
131
96
175
10
33
22
131
259
260
229
158
78
205
169
91
239
178
405
119
126
104
158
28
223
101
115
4
16
70
227
27
203
69
86
134
171
21
108
138
