1125602
2895277
5447305
1414081
3069970
2660655
4192983
4307910
3491376
4434981
4409433
3457713
4008576
1956542
3018446
1453051
982123
3715497
927192
1674605
1937579
1410554
1993577
3132718
2801675
3137523
6696947
3037858
1640119
1983859
4406335
986499
3062213
3111881
4816746
2904761
3605213
4320288
4160831
2487843
4726013
4055615
3336581
2881602
1892532
2260952
4642703
2192188
2582695
3084803
1269172
1992887
1438070
2360925
1612522
1097883
3424834
3044744
2660056
1752381
3110469
1129977
2628286
1614911
1417316
2010450
3276880
1702989
2281078
1276989
2973959
1371943
2967247
4047179
2051923
1703352
645284
430277
2038046
1654164
1472303
2109277
2822591
636162
817321
854386
1623234
1369568
1315668
3933130
2992821
916350
2837019
955298
4538567
1998240
3153121
1426125
1832687
1939389
3254001
1473176
3506220
1752768
4442109
5540929
4421281
4202299
4601809
174277
4305684
1490516
2358547
2518494
2544028
905438
2120671
1825009
396508
1091386
4484895
1634885
6085424
1489996
2499280
2555422
1507010
1391419
5838190
3887676
4512161
3339231
1365648
1524061
5146432
2245373
4124475
2310528
5239974
3941118
3141261
2738935
4696800
3203972
4565489
1147952
4864876
2225897
2661821
1632313
3468223
2458899
2980728
2263496
5934998
5940493
3030953
2252279
2457484
3174716
7567788
3228847
3846051
4966118
2887600
1929668
7133404
4794458
5908844
3170978
5298098
4733911
5502642
2344284
4900550
1451641
7055989
1209066
4810650
803766
858261
1787890
1536592
1826842
4928637
3559083
5606052
1546482
1304674
434550
2136775
2749065
2525495
5460850
2578005
3994785
594938
3023288
3372584
1108029
2332806
3791752
3324415
1907575
1145658
1395040
1142079
2187624
1411821
942035
2169462
236762
1634170
777976
2084137
3363751
1267077
665832
2998380
693205
826615
247691
2318903
1800982
3825908
2525630
5142326
3991348
3072905
2509482
2347144
1892470
4562363
3997486
6087385
2401515
1926217
1238770
1821116
1496790
2577688
1297710
2758001
2175489
349263
1898375
2082907
1187371
2665062
1597418
2725744
1709017
1908683
1406393
2432753
2491072
