3383622
7902108
8193130
5292017
7785117
5791928
7080671
4334734
6339487
5867030
5028969
6798391
3023813
5757070
6523593
1891934
6094531
6693996
5290023
5705647
3868079
7021814
6819321
6529981
6158225
5752998
7573886
8861659
2911601
4206981
5957499
6542674
10153038
5202465
6638062
5440743
5610236
6595893
6634978
5547863
9184915
5153569
10219143
8238044
5216830
9896078
10129122
4259997
4407502
5700503
3914018
759659
6521755
4831104
7838738
3215895
5753219
7616524
9976179
5606159
3802580
2548189
6343169
691306
