691649
1349770
5135754
689518
2127105
2024490
3239612
2576841
2551096
5414127
3497003
2789325
4173364
446804
2110413
1796814
998219
2999896
807184
921219
1230003
1930461
2443642
1815823
3179842
2219136
4735901
947065
838644
900352
4729715
1528431
2274699
2170527
3415549
3770118
3060236
4518270
2401856
4036228
3183233
3589114
2137091
1321661
1521815
1493824
3777684
2529755
2791363
3822805
717367
1253551
1037781
1560508
1239931
1098082
1758150
1563855
1311397
1496651
1861624
1526308
1576709
1068777
291302
1003747
2612902
1456518
1848844
1262321
1421392
916300
2843453
4744640
1198317
1402031
329368
261607
1128066
810291
831960
1081911
2565818
115830
758364
682732
1923653
2183728
625751
2672588
4389668
45458
1825831
406697
3257933
2979951
3716908
1891492
1514698
1484858
1237690
1009293
3546998
1947447
2730370
3169511
6097449
3175736
2599989
176186
3093607
1290612
2252594
1827943
1454531
1421509
1838051
1728265
663897
957113
2412854
2311812
5213234
764129
1117285
2733329
1171589
1676711
3844253
4504063
3665177
3836967
1594278
359112
3620436
2416267
3062908
1583878
3424428
2994666
3437952
3378533
2703409
1643522
3017986
835688
4245896
1462895
1693780
2824819
2160539
2664126
2772780
1960253
2259274
4751975
3571865
3606356
1665325
1451955
8074968
1951800
2216006
2636893
2239348
2664095
5100951
3417923
7240534
3256414
5616329
3344395
4129081
584882
3157491
1943828
5355344
1935773
4088456
95394
581085
530201
1271421
458067
3980869
1669792
4469615
1148264
1329177
1021903
2870054
1406177
3058055
3126077
2857435
2551958
164238
3782906
2816683
2097648
2392971
2287777
2132098
2153414
655352
853205
195423
1797209
524698
540717
2578967
33170
919916
117575
1212363
1815071
2045466
906157
3798531
1428452
727784
280000
1066765
744427
1805768
1982632
3939148
3292340
3039045
1159578
715802
908737
1748164
3422952
5627793
1983553
3243752
597809
1260233
867230
1206811
1310061
2727208
734185
224705
251937
5017154
310035
2879782
285593
1808076
2571620
1679590
534437
1931102
871899
