5310370
9933723
10774299
7350225
10955054
9691524
8401575
5729093
8416783
8186536
9599087
10092710
3196511
7631508
9241308
2165868
9131626
8761527
8393362
7165546
5468523
7696087
9272065
9498009
7159506
8816586
9748285
10153547
5774142
6397049
7375380
8956893
11834569
7904406
11542344
5924055
8381035
8604135
7546937
8886913
12681248
6927643
13885591
12151418
7496776
11661598
12473292
7771997
6137709
8208104
5615122
1810685
8673005
5999485
10697734
4466470
8981927
9528336
12487832
7050880
5593237
4171244
8994999
2394507
