933685
2610413
5274443
1143740
2788085
2738771
4181248
3801294
3447456
4533232
4045681
3422171
3830924
1462555
2553856
1666438
975991
3681367
855704
1869982
2007700
1135932
2783497
2751981
2862926
2822047
6668965
2735263
1331433
1994600
4439566
1195505
3016113
2697787
4401054
2352714
3640969
4215430
4323134
2735874
3804377
4384024
3509164
2503172
2422785
2066935
3809904
2723117
2330367
3335106
1038684
1438856
1101740
2218359
1675629
1137905
2859730
3068646
3641342
1355346
2576199
893442
2602357
1187618
996883
1944328
3357769
1368842
2020509
1502872
3051535
1539631
2581227
4162077
2490435
1938976
1004925
432748
2438992
1580680
1489487
2180757
2931528
794281
1224913
1102533
1556198
1315728
1549551
3739192
3626936
693596
2834332
559844
4783515
1705429
3531740
1654199
1649366
2003123
3220437
1173367
3649778
1722391
4476955
6370303
4818989
3968723
3836729
495520
4217393
1245115
2830691
2560021
1906685
646472
2223827
1592705
612718
1337871
4457655
1801197
5885251
1669837
1955397
2314986
2007784
1587809
5433583
3744130
4408356
3441767
1609969
1718260
4505251
2578465
3850232
2765717
4766356
3981990
2766470
3012020
4953802
2403605
4143045
1299296
5272475
2353349
2740024
2342198
3334989
3178531
3023049
2348765
6065630
5486660
3143089
2943980
2242666
3116528
6651206
3629437
3987658
4891489
3125695
3268937
7030392
5051858
6652033
3282835
5261430
4639339
4581240
1853920
5471073
2136258
6496445
1193025
4406931
729407
763141
1341017
1736699
1752879
5168863
3461357
5199779
1517714
1441650
676081
3179106
2508489
2614506
5224154
2421140
3575948
971942
2728372
3364940
1059757
1607314
3469352
2924227
1702372
547827
1228874
994048
1619965
1066336
966657
2128237
444643
1433204
632631
1949604
2653951
1418214
877622
3287643
902775
642375
276991
2375332
1854764
3859364
2436255
5349988
3907623
3096953
2956862
1953324
1952834
4256457
4466905
6269914
2961708
2017242
1187594
1878060
1705504
2196501
1048822
2373455
1582064
523642
1529322
2465816
932825
3077622
1644119
3257284
2260191
1238633
1581083
2458200
1812013
