28591
30929
187363
4800
9360
231164
6028
32107
24213
202056
13369
33919
4600
11693
10814
2109
16043
6814
29551
13523
52403
65050
777490
25628
4568
5976
27011
10452
4602
49784
113831
39126
17771
4574
109659
11558
27904
350190
22586
58444
100063
7051
325237
13070
49791
75686
176188
43340
3520
26796
4291
516
371364
54389
9573
57994
6943
1905
12289
219797
1907
889
1551
837
45081
1182
16708
838
46940
45940
3546
6673
4338
476
30036
4233
530
6570
10762
38368
5903
2053
27856
35557
19944
166011
60262
871134
119660
60151
611864
66782
11339
9669
28904
1034291
4059
460
1060968
613
10799
8975
1010212
63495
6634
19019
45436
10637
1058
14793
4445
1519
995
1349
1229
5660
203888
21277
1000406
252582
2151
5309
106384
67471
54230
6758
19699
242353
4311
1002272
28232
6340
17047
46399
6348
33408
176141
37820
1784
5880
1199
1955
19106
1084
31074
785
20629
26174
143730
11619
561223
23529
189158
15131
85899
2776
82752
17750
150751
29689
2721
2174
270425
32989
13518
1925
86933
141459
53324
158848
15213
166825
34607
9575
1067961
16122
3085
44220
32034
16530
568743
1007917
601583
40262
80398
113336
10112
4826
6453
8577
183387
49462
54112
4764
996
231
42276
40814
355360
4146
7390
1235
2727
2566
518
1843
1428
1235
545
9532
111802
371863
14481
402524
13052
104084
13826
891068
11985
143508
23775
335824
58787
22798
27942
15571
68542
1820
2602
75066
12619
62657
158193
467419
91255
428946
5148
103841
20932
226174
426
3143
14435
1448
1181
1920
40157
7486
2753
26461
2527
1256
2450
2046
31423
2961
57740
419446
509241
31787
3728
52014
125609
22444
13875
14718
33141
11211
12408
26814
1027741
441
1460
991790
99965
44247
130584
43716
276109
5642
8651
1180
10653
826070
4621
23723
6002
25006
92854
5197
325238
1940
1525
2098
24225
811
61402
5305
27113
964661
7968
4246
18309
10659
30337
118388
23135
51309
6130
616602
57062
37813
140255
121849
26706
66027
2306
3159
35384
10433
14544
12569
148887
6161
28149
5124
46351
22345
43646
120841
400579
13156
168
31095
78630
50652
13552
6061
5684
7737
94408
16799
30083
148051
45023
42996
10788
5849
62625
106525
16863
707768
3671
871
15768
105784
30059
262237
150672
31473
664654
5907
29246
31256
20989
4367
93008
24290
7356
165998
42582
2276
87653
3718
87601
5803
7609
23371
539756
4825
1011135
13230
18927
17323
26656
3360
18613
4033
333
70161
245650
1908
65587
970324
2895
204497
5079
2135
566
575
5516
830
15221
72365
4271
5395
53207
6921
1004137
2790
12616
6040
8069
4001
67642
792
42734
8593
23712
1707
51579
183765
5599
14309
83163
16181
20423
10262
53340
5965
109463
15927
155278
70258
4496
3398
987042
38975
23110
37617
27696
751282
4618
11884
40348
338413
5093
6311
1233
2110
1389
206
85198
12432
1940
1271
16179
1634
827
15072
1875
1692
1934
2248
151092
58079
23366
104285
186464
1643
58235
4972
546705
277059
184378
45721
579104
2707
142086
178313
537
2310
3744
1049
33293
908968
138590
3068
108285
1832
6447
5748
15529
4565
79591
1089
17495
14844
30119
1219
4526
4743
60983
3905
48083
38365
15076
8213
55700
188688
5425
6971
77285
49868
47223
22819
50328
996393
21667
120183
24975
98129
6584
44192
8861
41082
223782
61606
12871
20269
401022
9838
3941
3844
128472
9921
624
11583
26106
2434
2883
738
706868
22767
201564
161327
46036
858186
85898
38286
20167
57414
31139
5527
226592
16744
8242
8953
147116
81983
3704
75424
311143
13993
181298
1710
21583
1190
37163
117895
222681
793979
11401
3987
99928
1523
66044
63683
101994
12330
6514
12572
270714
41114
56402
8453
40654
5159
28571
18629
149916
238096
204573
3113
68103
15556
1984
3491
4158
10156
35584
180937
317630
49550
8462
2674
46202
11545
385793
80243
141132
146198
1024075
985
58788
3174
137697
3665
28438
73222
2072
2182
4088
17731
277691
9576
31524
2435
18045
693
986111
16311
4643
89637
125958
12013
50284
22453
18676
15317
16011
2834
963382
16009
7124
793
52656
17702
339315
8462
30493
18339
34822
1911
36047
2915
11519
1562
5426
370
3964
17125
13329
52776
12723
5979
179716
3913
17680
1767
232324
146737
42290
27552
156948
6993
101724
4368
19373
624281
17106
16003
30343
9438
14007
23706
56330
220234
25338
24469
13348
23880
82891
9542
18203
278591
161660
440626
1757383
25223
29612
2951
11410
21857
1708
2221
17780
597876
49781
2008
33083
344
48790
14808
145583
922
865
3216
16654
1062
1497
4912
22593
549219
5684
959896
393265
17856
1912
217027
536287
10469
7472
29443
440090
9247
40027
188985
45162
79801
17138
166981
72534
11727
6737
2427
53141
9243
1331
422
2633
4829
1271
143614
3835
870
20996
16624
462771
1044
39996
460762
345812
13231
6112
12314
54899
67220
89800
262864
151643
5808
1126
7686
6972
5460
1360
3434
1676
3609
1905
519
2730
443
169427
67642
148336
2204
2251
3029
132252
5781
12944
4485
28708
350891
6522
9069
92063
660
11981
9912
103952
19656
2240
1528
1962
32477
80105
14181
60499
8085
47462
3339
25835
9560
509
56300
6123
687
3071
1300
3792
6274
2177
5039
7708
2137
527
136
2692
1912
3747
891
12942
161
3571
8227
2740
10112
249079
243365
7446
4373
602
379821
925497
137027
32625
88315
123976
6658
354289
38578
63515
138184
8622
1557
4424
2862
68164
131300
105650
279792
17906
359
14994
824
283790
23869
263637
473062
78845
5260
42482
42687
202730
1161
85262
4575
4332
20009
20571
1266
252502
17104
8134
101153
3080
2647
4563
55142
124861
5761
17185
13486
14507
33743
480925
2459
22408
262302
716648
16005
56796
60131
1975
16031
2203
2417
2687
15585
28728
27367
22643
3860
51083
602165
138003
12547
48669
4548
35105
5149
241296
3681
35428
33610
12659
108085
14781
192939
98416
629108
180313
613566
143895
93436
55511
84100
66129
218565
258054
437687
5177
12296
12073
1526
20564
76585
135764
152335
19665
25134
27894
14104
2170
14622
1092584
7231
509
437
120625
370
3979
1578
351
15818
11434
1716
17759
45136
159
723
2809
3451
652
1909
114693
2950
1601
3888
2068
5555
2213
29847
77815
4508
786
49954
9980
3741
2661
3772
54552
62365
89299
4771
1371
62256
191749
2206
111760
143631
155030
2085
3705
83208
811
3773
79148
1662
674
3154
23719
3811
2205
47343
49538
1619
7474
2792
3335
1613
197810
69085
45491
15332
9161
410162
7393
50465
103531
54084
413430
75947
22717
448281
3012
309
2138
16037
317
1159
2433
1011900
9381
19879
922268
59055
34932
3917
1369
958258
1579
7226
1357
58653
72155
3431
21477
159592
85230
95415
9659
140234
57798
53262
4875
645775
5300
12227
1537
50984
1042
1841
7940
157860
3918
52895
78688
26025
955220
1901
859
5565
321
116
90472
641
1408
1349
48049
353539
827800
935
61799
16155
171525
9580
29921
2090
45489
1301
1049
43018
29369
78018
3270
3720
40264
8034
1649
212796
56860
3650
3422
14271
5438
996
38647
425
40286
149
71499
43280
833
2947
38177
11545
26942
66853
229300
42690
766515
43655
1739
543
6335
717
3731
4154
21013
464690
3843
1860
4759
4296
8414
22440
26237
6402
133486
75400
36048
243791
35549
7340
5037
16876
586711
9489
240210
102474
32309
127632
3879
14462
96372
311792
34916
400919
9955
3828
7085
3427
219620
39467
136992
1488
18112
975772
899
818
4690
16430
57059
13473
824
57302
5346
79717
23751
265352
9053
30133
27441
311169
986756
6049
2565
26253
4220
1183
2348
28748
3217
169739
124883
8415
9631
854
3278
478198
125824
2468
246596
958
3929
2348
187380
6702
4531
36173
3102
2078
22119
23573
58694
5573
4542
567
1902
6415
23841
1049815
234452
176496
2692
243977
14302
12331
43115
4192
15504
17699
3354
9290
489735
5443
21170
951
51094
643892
5143
152924
15577
1017287
117804
395202
10794
43703
7307
58218
118462
11976
33893
1469
115992
1893
2991
47876
42091
34372
4565
569
79602
23772
4234
2636
113749
11771
4669
13872
2429
19661
1534
28586
15737
71374
138120
57207
981
184086
29566
514
42425
4370
57420
28763
1899
5541
926
1569
39369
1102
82553
6678
1341
17567
5667
5196
142869
14001
284423
6987
541810
10192
297810
2272
16754
50927
291448
259425
17494
33118
111798
45662
100262
588
2789
279
130570
38685
1629
2276
257214
2089
70904
36310
14116
48057
2252
4713
113943
7078
10849
2214
41860
761
6102
3150
105737
5237
5215
48662
99030
9545
91307
2350
4834
1694
17001
91384
7308
39764
4124
127472
2549
29797
9571
38005
117232
6030
33991
725373
43080
5030
6336
41742
827161
5457
44416
44979
14603
10266
319516
7678
133166
182027
56056
4236
12479
3292
63752
133161
2178
2059
108068
36279
24097
4319
15431
18047
1247314
252212
585642
55166
8756
8933
40161
2133
750
1802
2473
1246
13405
2859
12843
3962
7285
136369
43792
590
885367
3106
10841
1665
1336
201915
54355
9669
352658
704
132139
588
2508
74573
12355
17709
152302
11974
609112
357147
8940
49408
21168
9175
105338
262927
203174
62790
226619
185643
604047
8255
172490
1621
16809
542
180237
4282
10880
2059
216085
1897
9993
20389
1308
43141
7257
748
10485
8082
27906
3337
151508
13364
10369
130767
131326
22357
7516
6630
3252
68046
12250
70046
2883
4322
26744
97944
9482
3595
11045
3946
5832
85220
22668
90400
13072
2373
130318
11801
21472
22887
6538
2775
94698
5295
110134
1696
21723
134915
398499
73356
16231
27175
30634
4984
52386
1445011
214036
826193
3898
11176
767461
5647
339497
30665
12622
659029
22862
26752
181982
43250
6222
58126
34231
5347
18603
51768
3479
104874
1010773
125907
52747
37003
434
352699
3881
3350
11774
7458
1576
3107
60608
119509
9153
93256
4605
4073
11368
245088
17553
228640
132744
11483
39376
140950
191813
4284
5499
15509
969956
12310
18039
101255
57947
285327
156351
67317
10469
17986
4565
99115
39996
1134
1354
7698
137548
7161
4652
67848
4809
30633
5688
69843
2745
2570
27404
1794524
99404
1476
3293
3640
3116
230
187110
2369
39004
133867
76826
1929
74210
173
6119
1121
5282
2468
2355
36332
194594
5970
2358
46494
62054
13711
139945
16900
70586
7974
1110501
545
546270
1603
4509
337
952
750
166714
6322
10503
192785
34698
18083
2661
21192
12500
2661
576874
1608
8910
4262
888
66708
24642
57974
3220
3176
3000
1932
16752
294
96481
32229
33654
424975
13998
106681
3614
20939
45692
111958
814491
187447
4492
413144
27540
549742
55756
2889
12744
333
142583
5360
56823
61775
26508
3100
2632
4917
8042
3664
16461
3001
482502
60183
187739
38707
57668
259205
5913
10694
223008
38860
145814
235030
15390
56597
45030
38451
80150
448191
3375
27302
13229
48936
99498
152405
1040146
6643
18788
59872
16268
32351
10475
17061
20406
141771
31108
178749
18889
862
791
69795
72053
3963
11400
337968
36786
6241
2238
546
952118
179698
989127
20395
7389
31852
813
15895
5223
3073
2934
123115
17108
13199
6511
12239
240869
4983
880999
18073
7013
9078
3195
752633
66858
4801
3574
8043
11691
743216
2814
247600
3762
825
16272
56068
2743
404476
11145
69483
7846
4927
2049
1663
2315
5635
637
15173
16964
8820
38975
1782
12946
14878
9559
2821
37096
30168
267507
28199
330
299838
19356
510
938457
798774
5315
153534
18261
11343
643
26151
1221
1805
51545
10309
303
131850
82
1968
31235
16345
302419
11082
15790
23542
123538
789
4393
5164
79965
2666
600127
9321
22448
24842
1934
3703
1400
3232
3788
39862
5102
23585
3172
964
1701
42512
4094
9482
64305
7969
202078
394
41309
541
92799
1333
22247
451
48040
1462
747
454061
146830
14500
103580
974
1247
434
36624
167796
1480
1968
1224
4190
8561
413
6066
58916
4889
586
16013
30962
12740
523410
14798
7942
13280
224623
129136
1614
187767
1973
20361
2929
28714
22384
1000754
70804
330617
476
307015
7155
33463
1204
893
10242
256191
17402
27102
3181
99645
21143
149621
21843
60481
1689
2858
17772
113959
43782
2076
344
143243
1532
2806
698
12371
2508
1859
121
857404
82210
61580
495771
112993
28542
762641
16900
269513
564
109615
117789
5343
1343
2845
698
92311
3617
151962
2559
2195
128234
4132
7390
4875
345272
37865
72013
33910
87974
16596
6443
8317
1455
25710
4889
4658
11535
618296
15580
88122
1866
2281
52510
25480
40998
2925
756
133026
13072
16475
14936
12759
1001563
421661
26714
18098
13902
9968
377807
4256
223026
555632
69107
3427
120338
5548
2675
4489
46774
915
2432
553
870
857218
4785
6755
27719
3982
5354
8591
934112
12818
112308
28166
32080
16554
2365
7585
5660
135115
14230
261726
231614
145015
73140
40216
3455
40689
13704
55460
171557
8151
20717
39898
1860
47491
138315
6535
33519
16691
5177
9177
90255
21560
6307
33006
75680
31492
53241
7526
90830
14675
50622
7383
25443
226443
2217
41798
42423
5851
28999
3393
31202
47702
1016539
1101
30378
14794
2442
1652
461189
63251
274200
1001515
23853
21616
2573
13333
181200
164754
107602
14751
93898
4886
924136
40867
523121
24261
62454
809
367369
1293
2488
114487
187370
485856
168553
8750
113017
2030
113390
16331
43366
26312
37515
463487
77802
44645
46057
42742
3464
6320
25287
131322
7432
692537
18914
168028
666387
163948
10723
2042
52136
71417
2817
5481
119742
2867
2572
2576
152640
34924
19149
1411
156398
256607
18299
10400
255582
846
6855
9608
6679
12550
13429
16217
57565
11569
55123
2590
981406
3286
7323
642
18018
6767
1175
128743
226239
31572
30403
1330
1007957
10027
8303
503
5072
39277
7167
12442
107660
100292
78374
388309
84282
28707
666672
112237
116296
11073
64675
357462
24579
1147181
83581
106294
18648
30558
10392
117285
3103
14970
18788
217561
1031287
18835
20720
206092
23726
80888
35169
976112
28586
33568
7664
3352
5666
107859
17117
54387
101661
39467
113142
10031
63332
319886
38951
26697
9524
130504
642
5939
1131
165608
250370
115181
95329
46810
2688
11127
8672
79296
83396
207686
14641
4419
2758
70859
71543
32045
67049
129706
34506
135660
58931
2888
4364
7947
1622
11740
7229
368044
9445
542
10320
1454
2312
5634
148373
113907
139854
542
12412
3329
107494
14014
730333
30161
4765
27933
69878
51720
82029
151656
11439
163648
113550
12527
13780
46922
764400
569
227
17483
1275
3105
1956
70930
2084
72387
93714
442523
165729
520
2129
18583
7806
47221
43675
27129
72191
12583
971356
893261
742804
52397
228855
47290
9063
41994
4465
4232
5639
1462
61432
25295
3856
20946
4566
2469
12469
11880
44261
14669
225687
1639
449969
2700
25404
15741
24349
266514
139393
23218
8189
73035
16710
12156
86585
7693
97358
3958
143435
12296
3439
567
108834
2337
16957
20387
1007
2225
4973
80894
205736
969844
7039
42109
99553
42829
70817
12824
31049
121094
178072
5228
3356
49762
3378
40825
716797
125589
137327
1630
132241
3169
14349
7595
1100
7449
1683
4205
92292
18214
482333
2479
39267
30875
185285
6930
3087
4334
506262
4860
194
8160
34797
23893
5107
293249
29581
84979
38620
281604
985604
21241
16056
40112
21819
8868
135384
7456
5733
15319
4324
4255
13189
4477
95969
59378
29509
22470
434503
412512
22850
66953
156884
1148587
353471
19341
71887
16997
9320
278091
21766
434117
37608
131711
7776
50240
78396
965592
6004
60907
74905
3037
8686
554
1628
7977
2056
1806
65648
4766
493
3287
3159
22437
102350
131783
175098
3955
7939
4958
3480
38896
1012
95688
40457
26997
48318
304695
35267
19817
16918
5668
38994
2784
1505
81511
6836
120549
3888
386
782
19094
41137
2858
4289
43328
18719
23337
296790
1640291
30232
53132
2050
34860
50948
1235
603884
1862
2168
2023
9357
1016
8950
25009
1344
11176
1890
4461
2279
2175
4581
2044
982058
48991
29710
11258
3339
30399
9102
40668
1835
805207
5558
250703
2696
89371
2579
39240
61950
5962
588566
2954
9141
11622
3140
56874
548
122234
32720
8809
30262
185046
8402
2570
15295
7584
35404
15063
3922
16358
60581
39501
20824
42426
43858
23154
546249
11922
64203
953364
43466
1376
540658
3971
41091
83517
28120
158991
4454
30375
4779
15070
71477
266736
23458
49184
32798
1261
188684
44355
13232
12735
598531
14882
3270
57237
95828
266140
208476
973554
7652
17407
4317
2434
346383
102337
63596
10232
53602
3984
377
214878
4592
248931
5769
736168
29502
104765
3264
1985
1596
670864
5760
35505
10867
72147
2841
2576
686
1261
428613
120050
106160
29202
3366
15669
162
907
5810
8183
3782
165856
737
7061
23220
1256
420107
4408
13726
248981
8184
7920
10765
58250
437110
15357
31388
16309
2668
76746
8743
16419
4648
111726
8053
116312
40190
44003
2511
3016
23560
17635
753961
4499
614
7894
2416
3239
1606
27013
444229
49173
586961
2846
160519
174709
30430
8364
608991
69877
47149
183576
9769
259863
199193
209771
164866
43543
95997
23303
3017
743096
3888
24964
419401
154204
1075
13042
4118
17406
248694
10156
6675
53285
24249
740901
3476
247205
210767
24482
539295
68188
675549
73286
17123
25924
34875
155406
62463
39870
31692
5900
298056
57630
43652
20467
7230
21847
4060
181415
23805
16254
164947
87766
84713
49338
5791
991094
12490
259760
73515
2533
30642
26828
69681
598644
825
1002
7602
10538
18158
28824
4802
26294
1571
23181
5814
228304
12464
38447
12557
2239
24688
35468
22743
8299
31771
350290
33294
13939
155086
147907
363429
406375
681092
36695
173190
558128
274075
7800
447032
334215
15721
1159583
554872
73981
4045
24103
15035
1028266
3885
14942
12213
21306
10026
23190
1043
5589
265229
74749
378794
21900
25653
78232
5631
1113
17876
7690
2183
45216
12855
132644
2037
19324
31134
25529
5863
57682
565187
215413
5472
462193
243465
235515
39484
3183
1508
2128
3055
1072
1530
6333
32811
69659
7974
418
891
22933
1691
72747
56993
3007
12883
3372
22275
9578
157231
170961
15467
2424
346762
5845
6989
253
64745
1620
1303
3932
1590
3892
2366
2497
23083
1779
17090
3897
2573
1720
1585
364310
181325
628782
7584
148146
1012
61028
1284
19881
1025931
5124
7661
6876
545171
25925
15133
1522
752
76770
695
22664
53836
948701
18624
1619
18893
396340
17711
12386
16577
25298
180264
4827
2750
17636
1393
54953
23272
150105
96968
487179
9634
115148
298831
198532
988485
748293
22528
19234
520
33346
325
215061
558
2264
4080
2690
551528
19332
31684
9554
5628
496596
10270
225976
8002
256758
410838
695058
2589
54767
125140
867986
43910
142797
2297
210199
1203
74589
3398
10117
11975
23829
557403
10730
53384
10518
431093
8172
5685
1622
70441
753733
2003
450807
8715
8218
6834
340282
64207
3102
29145
3457
12677
212505
73609
905222
38905
4252
76941
576375
24857
2497
69875
25509
461
1533
2540
744337
1531
3086
30019
6896
1684
1655
9439
297842
2510
2818
38243
992436
917
4402
121352
265
25825
23730
3447
13622
95063
445
1593
67085
6844
493
20592
24062
1187
31224
399536
7796
6604
14113
1311
482671
2332
31029
96500
31009
6009
1480
19744
31674
1877
39799
828636
77293
121190
36004
9972
1255467
88749
3154
377514
228507
12211
3211
13284
17479
520
1124
37355
2635
3956
64326
25503
15927
49189
33491
38942
3988
18991
16626
88894
20246
2908
14487
204501
1537
71758
8769
113291
4620
185864
549
8208
874
500
3969
39406
3396
12595
13380
10310
24787
23004
138233
2754
4912
5050
1624
14222
2700
3274
20987
16179
18296
5818
16017
51662
20699
20789
184202
2820
6558
138285
1325
980388
3323
130901
54272
4550
7264
203
900
135565
573462
162491
19559
13891
177190
22516
507
1028
5071
598
420001
124511
10351
1019614
1005643
63884
9262
26477
228132
4642
164790
8510
25080
43085
135860
1173
173226
6351
450108
46669
4456
1036
2795
12973
2651
54668
28327
53467
202645
4947
284800
7804
486
61596
142432
752
2047
11693
226
1519
15815
167260
46284
54190
597
48750
21489
344361
1577
81096
19492
204
556
1540
6094
154321
322
70391
1349
20790
800
39920
24579
1235
47269
3383
10616
10055
2963
8314
669
16417
391100
38607
27406
74586
13171
53985
2806
17791
11622
1061
24877
273
21293
1271
3060
23285
127431
761
1698
1146
15384
4222
834
41732
14372
31282
35937
21616
1525
22328
2508
161544
102526
225502
9364
4462
15891
5933
11153
4851
594488
5426
44363
3532
1616
340526
2911
28843
33667
51406
6671
854
128857
7886
469168
6473
2381
931
815
276
87077
24574
12054
1371
5341
560
2465
1642
1619
2690
3173
1859
3591
1732
7614
11925
2412
6223
336
234697
358
4113
953
8489
6379
13780
91
21795
4385
266553
15338
15455
1031
17259
24204
17550
3314
25610
6088
42790
2816
225904
11644
68028
2487
6400
10362
2954
163
7433
414
7131
6236
4522
1485
76774
2835
3424
46522
1829
110241
2520
106568
356459
1351
1085
555
179793
53652
47514
42840
591067
279
7648
956
294
48749
182618
76429
2142
2173
3201
1466
4707
21466
72773
37065
24937
1752
2574
396
8226
241447
21234
62115
31625
282522
4128
2969
977097
1386
720
2225
10929
4780
24241
1525
551847
123342
7460
22614
917
924973
1397
13094
764
43363
524901
481227
10629
107311
18307
1706
24396
3160
1804
1924
29161
57992
746
29739
1010
258834
10548
87415
9219
3323
340
198599
1929
108790
42849
135159
102523
9896
29860
28020
125054
47642
809940
307624
151843
25943
33038
6768
201589
10052
227
2861
6186
20323
401
1016
1229
368103
34124
10683
1250
16427
322
60199
2278
21435
2415
54374
12556
27358
17967
4387
102336
17611
89034
14092
26808
258099
88488
30899
179933
2304
9672
21239
2511
3507
139741
119
380791
20546
8056
13469
6881
901
7952
13875
1355
66830
349
277961
4397
6285
29080
17434
219314
295736
1023
236118
4510
584699
1795
6618
470
374351
22580
395853
467004
7435
25760
5464
4245
541635
58925
324120
43004
252784
74852
115554
16981
24514
1626
400534
2981
977452
11343
19373
2651
782922
14711
69155
972579
16197
72028
1321
12476
11539
11780
310845
20220
20406
516
281
143
178499
88778
82659
38722
3294
491
32162
4305
89651
45697
430842
62981
623
1688
514
41279
7953
3389
4205
4431
4336
11491
20185
99103
30694
125876
97333
11217
569729
1743
1188
2780
32043
2760
16608
4023
2812
30127
31609
55059
96718
250
119111
24202
1364
5986
26874
4022
495001
1830
132435
35692
11975
5022
25240
8108
27689
25246
43655
212779
7871
6887
592
29651
1906
181045
25956
533030
368502
29025
9047
17855
523963
21991
288891
994575
33598
3421
56746
258732
1777
3255
54032
715239
5078
455
145206
4611
45971
267170
52880
748535
17496
5303
32392
68536
23497
19816
7407
126700
429
2888
1808
20757
211029
13587
4077
1405
4606
678
1674
109707
1682
17383
108298
9831
529
2741
3693
19255
62271
757940
64665
39856
79699
24149
22222
10325
84097
4459
95929
21547
8148
7919
1040644
13870
124464
54568
782909
132710
6739
534400
63213
85418
5955
113289
764112
28331
2571
6776
14934
442048
216170
5538
68379
118081
2302
3856
1460
3290
18357
2377
20970
114996
744
70142
116715
5032
75131
961015
86521
10773
1502
12725
913
8846
25847
475644
15775
4485
16566
9098
1457
16033
16630
12092
6439
104074
70363
4695
56459
9886
35751
343694
115441
217643
5754
60262
67387
126184
29483
9422
86506
20783
19015
425696
187372
156832
16478
91038
41198
40185
10107
6309
613053
8181
185277
25710
103818
52948
367191
7838
43799
533914
912145
34101
73699
130312
18509
9653
68997
1036262
5314
128914
24335
1666
14828
2872
289924
86452
15712
754765
241402
26436
22499
7710
443720
19002
4277
19945
6283
4891
319943
6342
6978
1235
23865
5331
168857
19627
4052
846
2541
2354
943
19871
8947
11438
64466
27536
6402
178040
11392
75792
27081
1792103
15215
24991
14142
137964
223591
2663
94677
18402
21123
54600
2647
4062
13346
25965
16350
110396
11517
2101
12259
44053
1436
3815
100890
6820
1451
21103
5097
93262
1400
338428
968324
227958
4395
1404
22167
7348
21123
2990
114860
403
1471
37715
1931
11569
3416
44755
37207
1078427
6382
14726
292
871
4988
1528
16946
10975
653186
5530
4382
465239
190069
7281
197817
28275
25991
13682
679
63025
5331
460
52522
1003
16833
11211
2230
7580
9363
12123
30472
11963
4959
16091
38531
571434
1729
380
880
4136
14138
200898
1195
9864
293885
31026
66715
246629
13741
2963
20399
43161
5754
250
52309
904
69267
1047
71792
1129
42934
693
1949
117993
337
475
5960
67
746
189
128981
30471
12197
98717
310540
106476
587
2127
8754
382
5421
3617
883
66577
540
1422
1785
13925
333
1975
1284
28636
513472
26245
790667
116912
2003
459
6550
4396
705
354
27550
31520
130085
25316
8773
19974
3425
7419
4531
29854
7245
5756
2322
4822
9028
1611
8162
719
998088
43910
991
14059
46463
18350
30547
6887
5416
110567
58204
7371
34102
15479
98138
14823
921074
5769
2145
5731
82557
145
12504
497
134775
17281
33287
345
26888
23001
207746
826
42711
3067
1259
4241
8515
439619
147896
939498
56234
10815
187294
24164
20035
257256
155102
2943
14757
185809
410200
22864
228565
25456
129322
1656
83660
56011
143330
25012
3400
1504
35184
6060
13287
4308
1238
35131
6073
18775
22703
112804
2287
725
12823
842
54657
430
19374
223
123033
84412
1191
61967
826
275
32363
1890
21568
10495
474
4724
6827
99415
3313
5123
6690
68691
698
1427
24527
33552
34031
31655
22952
22718
7976
139652
2044
33608
23038
848
17439
58415
870
8765
8317
2988
10868
5148
12112
10228
3392
2255
