101
207
297
129
128
117
209
281
179
457
273
151
195
118
245
227
107
142
179
47
120
83
138
146
69
206
323
90
84
137
288
63
215
61
198
193
407
292
292
165
235
219
230
208
188
108
227
123
59
237
39
107
9
169
62
53
108
132
187
148
194
74
207
116
133
174
167
158
99
145
78
96
112
321
124
186
2
87
110
58
89
108
208
56
10
57
147
95
50
326
158
136
105
12
332
173
269
102
70
66
234
177
279
31
184
140
289
291
280
48
201
197
125
109
92
32
100
8
44
166
239
120
341
124
88
111
93
98
251
191
394
317
176
75
206
51
116
292
308
171
176
64
180
235
307
153
319
148
127
72
314
249
323
156
225
354
163
151
69
32
436
87
436
257
120
162
361
182
496
314
334
179
223
75
390
219
314
119
406
45
71
109
77
62
251
205
432
221
223
105
260
45
249
165
194
182
73
151
195
146
263
88
188
138
69
25
43
71
130
15
37
6
194
92
71
49
65
33
204
146
5
18
136
123
236
260
183
140
168
140
129
37
301
163
480
229
195
88
291
99
293
128
140
24
8
121
268
1
214
17
213
182
82
108
68
45
