17717
14278
51999
8590
4356
19985
2642
154010
31517
65181
31749
32697
14539
48890
22294
9047
1976
5280
97820
898
14161
50429
6595
110064
40867
3218
14340
11974
53690
110165
429445
47437
83232
23186
155162
4114
147181
572020
703831
334628
17315
160190
297204
19627
37684
160469
103488
167361
25902
14955
53204
25948
824
251301
3292
20102
10495
479142
2769
12118
5136
84520
2695
3694
8295
2662
107536
1192
2929
403183
25815
11682
12916
5423
150915
4310
16579
9261
853
1732
35784
19437
155643
112584
3727
62306
29467
128613
9176
20283
79729
55054
36753
138924
137161
27732
17330
674
117879
49077
4926
359733
2811
5091
4166
12081
5320
13188
3147
11752
10169
10418
57526
483929
68839
12132
5043
232908
4000
118465
211485
269456
276584
194016
2883
90563
279713
4979
63785
337819
761455
118465
25249
16001
9295
26226
128475
141294
252060
18153
43926
16959
3944
4435
3917
347436
21492
33003
139393
327138
16713
448243
253229
289894
113218
602153
37521
330135
12826
15153
55152
32722
6408
22060
133466
265856
249195
161308
178828
123771
104864
98085
36510
99688
21625
272417
25493
71322
14684
8757
115645
27375
27220
602657
127166
82045
53961
23455
180224
144352
110711
9654
8026
44545
191347
26239
47340
145929
685616
31733
18228
31357
73688
12742
3704
44279
5102
387729
4095
22625
22433
9578
41458
181461
4566
43432
12250
6385
177805
539
2677
8734
19411
373597
17286
87138
5111
46903
11808
50903
495681
40351
282703
43039
511346
4159
39955
591
28985
2719
6027
254971
393
230207
2062
529578
58408
26813
40074
39371
1473
875
2737
58617
5509
54974
3325
1706
13192
6705
1715
1072
1607
4183
3222
5086
6980
104370
1147
1358
405123
237
3027
1299
3571
683
206085
2780
189449
5570
3566
2603
377
23483
2037
4591
165315
2747
89426
1539
43174
19417
4838
3161
2673
13545
142435
4769
13644
1680
10111
3491
9385
5867
1923
1693
2335
15839
7341
3703
1220
20064
1613
2258
2458
631
4985
2498
3111
5008
4282
9825
36262
63669
14432
21172
2662
12739
268172
15732
5835
194212
112421
2556
3697
14469
8970
4197
7841
7138
6162
5240
54562
11774
9385
34324
38919
6868
12133
4327
218908
12388
8092
38901
171052
63928
29800
2658
17108
5227
32253
257181
92799
172459
10825
63
54988
21409
122955
13192
29113
7349
5241
17225
32506
103042
73098
83764
199723
9718
7175
2415
125166
15731
190600
3835
129782
20184
304
712
10029
1016
11544
2683
15071
116324
20241
1235
53123
2676
14476
2048
81396
3800
1173
5436
523049
1570
1953
956
1111
3017
7818
30850
223107
40993
142558
1583
298785
1909
8803
116951
5567
348597
777729
104729
46778
5436
562652
8001
26952
10009
25104
6487
492093
8079
2064
9829
22472
12156
20770
488231
5953
126899
143915
3998
15216
4533
21454
37232
19514
7921
17054
2266
459362
11082
113841
3508
8861
15783
3161
3720
7191
1271
3737
9067
5301
678
32583
10538
161900
32401
6308
23726
5902
580
3420
40326
126801
3317
31609
314457
45973
21030
158487
81586
31551
55184
169897
101253
421253
28706
36159
26221
163733
130320
8911
3662
15505
228
3566
499
82607
11230
329859
3504
12043
3214
51157
111340
9573
37081
55367
14418
304752
8209
210502
4414
133160
60254
539284
297742
485848
20171
159689
5697
42963
96125
7851
2639
24106
2238
4048
2527
13460
559
5051
719
16489
6877
58669
3543
90139
31148
175533
3849
18022
167150
8165
6573
38161
120227
168720
15136
319364
132372
129347
35672
440780
44628
154659
121690
4504
393007
6488
436
33686
65831
2582
7879
4078
170731
13119
1186
21221
3344
104773
361416
11653
65025
1769
247600
4645
106605
4499
741695
77621
828243
872
9896
27646
15774
6547
138574
6152
204105
61382
200350
51017
27183
594
732291
11192
7049
6558
7715
421421
36486
178177
149335
222254
8081
255225
64679
163487
3367
34290
86938
29269
508288
24649
8884
218360
708513
28073
3487
83639
31690
42240
5016
115634
317398
10306
9999
16500
5760
30477
4131
19999
2181
94300
383558
203323
123981
11587
10603
19891
11467
111177
70031
138693
10344
13634
8697
38201
141955
16049
21637
884842
39303
1352
32787
2862
234750
135969
29150
674326
14638
52313
93137
134917
141267
571441
206852
82272
85064
52125
3235
143452
80924
253796
36259
158712
65890
18832
140391
294667
93807
32518
12868
47129
5461
14045
148417
5618
124739
110014
59156
298595
98769
13255
2407
11693
260137
12252
95205
20153
2089
12189
39041
21143
79040
11340
15495
476382
11019
3485
3650
54624
6916
5011
8789
116545
1979
79562
5162
33304
5911
12305
1987
29669
5955
5865
12318
600912
42950
247971
130026
33813
195475
296476
61212
48344
74944
482441
208432
477201
13965
91148
2392
162355
12257
178399
16387
19454
6198
117064
340
32003
29260
33467
1368
78727
23726
18510
21705
4496
5678
5273
6444
7254
928
3466
19339
275
76445
5109
154648
29886
137763
3742
2089
84211
6908
2000
562
44293
4819
41353
131228
56759
32738
63877
4573
220053
484318
3601
10159
119959
6729
7954
13367
17664
11884
20596
524
7164
15193
31294
2374
73677
1158
108345
1385
23462
5268
899
1800
31733
123298
114323
2612
24632
27317
2172
13450
143554
31725
18385
51697
382728
14877
5766
5973
3758
2493
632
2278
2653
24366
26635
11018
90112
8484
1569
2488
5052
32193
37019
36611
174789
3395
14159
91973
57455
27109
10113
3065
105553
3084
1979
801
27597
15717
1635
13398
15990
7108
2732
331
2323
9425
216315
12351
27613
1393
292980
2
681
1393
9623
3321
14071
2709
4792
2166
2598
30205
23199
15550
64171
13780
115964
336720
64702
3715
5842
263
334514
12351
12128
368
230437
19033
3026
2391
5665
20191
15538
80
40707
8114
10014
16683
212756
11705
4027
3809
274332
2892
11809
106835
16427
386649
24575
10844
4232
8434
32479
278763
158962
10067
14019
1473
85829
9108
16895
383189
139947
29834
35399
6110
52524
4444
24916
40646
33125
1004
6016
757
5658
3503
336362
12164
97937
190527
2514
1612
2825
1168
907
12742
21978
14191
5408
1339
21757
253149
125991
1636
35031
2182
590
712
2302
235333
12038
587
1312
2070
325822
36387
58448
127034
32251
16913
41328
58070
20178
26
3162
7106
7333
86423
1101
8984
222442
4889
44909
7044
264478
43974
448564
15518
65195
22939
2235
19461
52137
17216
2466
181699
16440
39732
16854
2539
66369
3348
14695
15839
7284
14599
41921
6029
5720
42463
10251
10115
98511
1504
5068
13811
20493
6541
3248
868
44229
3539
9128
613
583
7649
15286
2425
55558
116246
130357
168745
4008
357889
3933
2883
19380
48796
25512
3020
31281
8054
105635
2685
9453
187123
385756
33425
13001
8712
2773
2962
40705
48546
129646
7799
1729
13621
14101
312
600
4175
1210
1209
7526
45780
816824
35183
1308
3591
37461
8232
734
3623
1836
226936
1345
3680
3083
115071
12699
15399
385
1742
656
18706
1732
1614
61264
1776
180077
2875
3796
1590
2708
9739
46405
4393
397580
3392
419
165
26480
66443
25282
847
3660
1780
41183
43083
1145
17325
1310
192385
2176
3062
43267
31838
126742
2234
2005
1059
4814
2
4116
2184
1810
993
59843
2754
63583
114238
12811
2116
2740
112426
299615
24654
329716
62755
2419
42
8671
54537
19163
7053
93519
3001
92786
9640
73900
1054
84750
1673
1582767
3073
204867
10955
727905
12922
143123
5001
34533
2404
57872
11631
7361
17116
43368
4160
106755
148970
1629
1278
361184
52544
113414
18869
49669
3236
5845
35296
95340
3887
33909
9992
373054
2002
10322
639
20233
8643
60293
3409
677943
8437
20532
2287
13182
1176
2037
28957
2397
739
577
3345
3549
3455
13212
3916
1010
109145
13
2785
14516
812
4150
3781
4162
4758
33349
8193
14488
1625
2988
7261
25052
160
2292
765
9176
19066
3197
10321
4465
144
22077
202064
2666
2791
5280
7500
28792
1344
18121
1323
173405
651
21325
18692
3468
2635
10943
6251
43973
2473
17898
3719
177832
24041
15362
9372
72269
7472
37229
4063
12497
2424
11014
4607
2485
12565
1846
18322
4048
55809
6073
553
60052
4514
23176
6360
16730
256
36621
2708
1853
21646
1419
56889
185708
115054
36
346
2936
12293
286823
2458
9477
661
766348
134942
14887
14519
8737
4371
26616
38056
2989
4222
200996
2050
3790
5278
110455
522
3351
7331
3715
2524
6349
203689
7040
172170
15036
13369
11198
350
6645
5673
5802
410
6413
343
52427
2153
6921
14290
14334
12625
2049
1478
9578
886
3978
1276
6092
310
1382
11616
85735
29346
12592
6337
315311
5011
1120
648
46717
8378
5039
1007
163844
6490
36384
1040
12724
2563
20231
174325
260620
25293
5811
1244
8787
4320
5801
1607
37782
12605
11884
297
14304
498
120695
2384
179282
2829
2568
3027
17045
15080
9149
2925
8168
1246
37423
253
5511
318
3109
323479
20760
27161
25206
2245
58153
12008
198896
1277
51952
6852
1475
3194
749
3262
1464
12559
724122
792484
3777
850
856
4472
301998
955
39559
210338
4861
13047
1546
481972
45013
142263
184918
29414
17337
2047
191115
13683
57405
1073
17049
3315
1140
10
1542
396
24698
143692
59509
3812
8598
76775
8008
1867
6089
98345
1900
45051
9997
3830
799424
1781
14948
2185
56206
15730
4315
5389
17631
337
9915
3241
3502
2314
5911
52
514
14962
3147
287
45792
4292
808
190
6106
101883
37377
151208
25649
382659
101548
1442
4256
5436
121553
10889
203893
213815
10997
1490
38224
1560
9702
2766
48744
28405
4171
1668
280012
11761
107175
21116
19783
5035
12386
38418
54671
27486
25167
17784
693913
13259
60060
1293
4004
12875
27141
56092
381248
13269
40206
247
4530
1152
708
1059
40842
2751
19125
1975
4001
12028
13308
131647
13319
4189
3573
46304
3108
22117
9132
475
36410
7477
166049
156
443997
17890
54889
20584
8000
4465
2602
1334
173477
179
26005
94885
2957
1272
3533
208
1417
6528
48496
2140
57859
17468
1593
10
22929
2080
11053
12148
295595
215289
1690
7273
65355
6623
168563
47776
345184
1979
554
3480
15340
7722
1184
1700
4387
1073
72
2343
4423
4359
650
486648
64920
37812
836
72
5295
2493
26745
560
8765
474
62931
413
131618
1700
579
1954
19430
716297
113796
78664
795654
5786
4709
1488
34697
1945
32208
7
447
5132
204709
617
2789
13934
3761
2849
9349
41524
35299
31883
189986
574446
4963
2163
2481
13256
32611
174917
152009
13934
8562
324011
38493
263839
168336
52109
20560
7114
17229
37897
8152
113712
4816
7629
1641
4750
711233
267821
13741
77371
33544
16010
816824
10132
104575
18286
45561
152069
115865
105265
55579
14568
16783
77116
12894
273727
774682
387069
71347
143842
11345
11945
5434
41689
493087
6616
222498
21982
133971
19978
40409
220440
1049969
21311
42264
4386
194
8681
7626
2314
459559
4613
768742
3729
1680
2734
7744
808
2272
1547
24482
83
302
4752
11800
85
5580
1064
31741
32676
5044
101
72843
5214
78116
7088
488907
19537
46772
682241
52378
3143
70243
10689
215067
2792
198443
9250
121522
4031
197014
131484
20837
99224
54551
2231
24861
9131
13083
22900
15766
410982
3967
1612
10974
2910
3273
5552
4153
23984
4121
122941
11194
695767
23953
2082
669
28987
99167
18735
6129
21008
4168
1517
12535
618
4087
3720
2804
4616
268
126
802667
460735
3268
1782
8540
5097
20006
3007
260530
5358
720
12013
53986
12730
30099
4025
55760
36833
4431
7026
25061
9610
4499
2862
5031
1820
9382
1101
4690
5025
5060
32885
20642
2957
1149
219
1200
1301
1763
438746
5267
2003
7403
1644
4791
26519
5005
3061
19934
1332
4650
3609
13250
14954
1897
2387
25264
12064
2558
310
437
8289
7142
1714
21934
136751
4132
207
15717
30989
55840
699
9830
6448
74907
374
9386
584
43709
11104
18664
7964
131440
68
7876
255
3014
268
1893
5943
918
105
2508
123208
7368
13867
193747
367743
10825
2544
11528
155689
45421
20591
189555
2667
51679
181127
482382
25063
18927
10470
224522
5384
20794
180210
391925
1878
25174
11089
125026
162773
10111
7419
27019
57536
15769
2189
31148
10478
17119
11920
40716
27438
126501
77926
163811
18600
69156
26307
21087
71297
171976
390130
119034
31740
101833
94102
136870
15948
97175
9131
60580
13231
27468
8451
16025
10398
191702
63864
121673
43523
48816
13748
309048
123659
2584
275291
103331
7484
2003
111886
2289
7733
17094
1603
54916
12621
1979
2169
25710
2721
4190
3019
7072
1823
23627
9239
152461
1649
4794
1789
557431
55919
4585
737
9232
11165
22600
138644
382987
8068
15267
10687
17895
14978
33371
2881
23314
4885
83550
34685
4444
4734
63522
2257
9883
5352
168536
4844
95517
24667
40642
6346
152298
19813
54645
19088
78711
12448
58928
49620
63114
56892
4442
33922
8055
401514
56387
864657
179595
365198
30412
221020
475155
80852
114677
419171
63867
22698
10022
13646
2686
2383
135141
3833
14136
17805
10552
20442
238264
97635
1133671
13113
157452
59689
138764
117539
149105
6529
69887
639167
175560
402279
14870
137225
20873
160445
192544
78200
36423
379418
30397
12290
2827
380143
70773
54908
18953
23729
469222
524832
35862
104972
14027
1296
5923
178730
2023
1795
985
47402
68897
1388
4882
16245
1672
3541
2093
8088
3510
21918
7505
2858
3688
1374
1274
3853
173037
3324
21796
1798
2097
12095
2254
1286
238480
10239
12876
27397
49768
129765
2084
242883
296940
267896
6845
571628
23200
2641
12779
147420
22026
789
64007
362
2708
2105
3197
43816
50048
35645
83914
11411
732
1703
55593
28751
14100
38318
236851
12297
647
908
5016
86479
16767
20572
87672
362144
23496
79899
96108
22902
445909
5855
3450
3324
3322
636
631
9934
136335
190232
17759
296134
27820
136258
4593
14222
633808
14940
203587
28798
824797
1453
32057
96974
150482
11684
204466
289576
50087
10626
150442
8804
50782
68895
5040
56845
1249
16496
467
45090
415077
383998
425676
204704
6600
30794
1729
25520
8395
14375
128076
67807
50
115806
79244
105446
13239
7945
497
12821
153849
121546
49732
78030
5869
1769
11615
2347
173310
506
1657
646
5071
808
38009
291107
14294
26430
56139
16264
269458
162429
18732
15668
212821
2384
10560
3575
43572
51398
4380
33589
17203
10363
402946
2541
15504
2728
131045
5856
1275
1618
1384
964
35897
9362
22809
84353
199203
2149
3622
5093
14070
108112
2784
2752
8659
86394
361294
18262
139191
590000
8706
41012
9218
4261
429412
21258
206173
379
998
21115
674
10800
247732
66031
22352
44079
2529
36621
2433
2266
16423
114075
313200
56816
50799
101431
832907
813908
121373
55358
43730
400486
82572
67147
373781
17396
516860
19111
26253
1158
9933
1510
2095
42071
30035
8336
5687
12284
27495
17647
19181
45376
58559
80509
11390
13412
18056
4340
1773
3853
135898
457
1951
718126
14952
4191
3835
10039
192597
18879
3913
53777
6131
5379
1728
105854
112643
8712
6613
5272
52868
6773
42009
21030
15034
12516
2408
220
1945
20422
9467
1209
1480231
814
10114
66107
12902
14386
50081
1785
24499
67895
19657
2708
4768
1555
874
4115
6118
5038
401847
25229
21325
4753
74227
290005
6876
56726
488967
58560
341401
10096
6272
31757
133502
70611
30307
297685
43348
19175
35847
2119
13975
4471
303507
65677
358453
13174
1624
2772
64248
3181
32698
183102
3024
116573
4239
4356
1175
4238
72370
19125
13969
38255
65521
46127
9795
200583
24675
38120
41442
48953
762541
57034
515070
366025
693551
8375
536113
1411
2083
6917
44935
43332
528513
95763
231152
200870
283975
8223
435756
8646
8596
690094
20980
83345
1705
6107
3872
4806
145299
64463
40229
14032
3083
4264
32405
1813
430397
26016
13614
30060
2314
1100
3902
2524
63673
60677
27394
122861
6449
87022
265558
61394
17733
10290
187178
18188
15051
510
4701
1994
19628
12595
9915
11877
52914
6599
136600
25597
277833
9698
8959
3541
4055
11009
8919
1584
41611
14949
8563
90786
3695
25387
150332
33421
70597
355771
216264
19718
351809
13358
15934
281827
363710
41345
167622
139206
465670
407435
72864
1026262
186071
3563
14500
5957
5957
208
14760
2772
258729
15501
273897
12864
8018
856
36615
26074
104647
82140
283087
40223
286963
2497
140961
33393
536139
814464
226738
33164
17947
3658
80788
8122
19992
21248
18597
10696
9086
5060
297767
31408
186064
10158
14880
74741
140014
3147
74323
203440
10097
94561
200822
174213
2635
65010
19306
15408
102969
824940
89211
54661
25826
10055
14130
52523
28429
2310
2193
13731
5944
26516
12702
51322
19878
6563
2642
14150
4312
5538
24954
343971
624023
93220
35886
45032
247114
3003
39131
7647
94032
211581
65725
438810
688449
3160
42304
9885
720209
8043
118332
4591
409080
2548
128741
97756
17662
7180
21927
127524
257368
13574
116627
144443
63199
190180
278937
819014
3099
3569
240622
13780
290526
175684
992047
59399
13421
8346
162101
7133
114322
18391
129105
49044
26801
15638
23618
19935
226146
254476
109184
708790
69655
228604
17776
138637
541370
32709
503198
71736
118993
10414
57979
168608
160023
163852
129646
98441
63135
13020
91104
22104
14302
51258
90997
8828
126358
19370
38368
53767
77423
265539
59634
27472
12674
3046
368443
51298
17318
56265
36094
729423
2016
366239
46005
41422
144089
40261
68420
103078
2746
133383
11866
13614
15102
12384
13785
129100
10456
142604
27752
9725
7496
5930
4045
36827
2160
46875
139732
108855
607751
46826
57918
15730
150803
4075
171207
6184
100814
317208
55467
175262
210590
6845
40997
25611
43331
5272
116464
41358
12441
5292
18925
14972
12110
4553
13933
401928
30986
121194
134164
329422
112319
238107
1156074
12235
11868
9234
2228
271878
155598
35041
21453
71238
715931
18102
2855
661
2078
2131
17816
864
16214
31524
70304
310836
12110
43484
61776
8246
4737
5366
44692
70593
104653
7427
349737
289853
40533
3188
526817
20421
14184
325459
644919
412782
10279
88023
20557
9795
11223
1960
5539
1709
2013
6733
7053
125221
60790
5137
55381
15359
420
3305
6746
12563
5831
4151
24197
31976
1924
127
35991
13513
73924
5994
85867
21928
1098
1074
4940
125248
3265
62108
9081
20142
552
7656
144368
1110
15432
9359
408049
14657
7847
1039
4489
5533
2523
6132
4472
21830
6425
30
81458
1097
39264
4499
14321
14420
35402
29050
12696
6743
2552
2318
9255
5171
1124
539
10124
47595
576845
88404
25802
133677
6860
87886
57233
14238
1062521
18883
341350
40221
2266
67
297340
34748
146983
20945
141970
411133
3480
2805
207342
27446
255184
19219
230996
9059
721644
2145
67927
4027
160075
36488
62419
37890
38884
3845
34805
8651
569524
6895
150747
27486
152018
2908
358357
135437
97192
11326
616342
52626
25579
3241
55617
141480
34392
18060
618936
57800
7851
1347
6108
14070
254112
4733
53056
124370
16103
1129
16677
11611
167159
5503
81186
251470
183
113448
559
39831
172084
18045
107707
17922
3181
98446
15321
53656
58249
117338
9202
10816
1536
1840
218
6154
28800
3958
76562
18233
5400
3334
24669
25134
26204
16749
11611
21598
744
8842
8491
27275
45308
5843
64878
9706
505271
370639
47421
216204
151668
4910
5283
3082
937
4217
47317
92836
13555
3042
15766
121658
8961
238382
39908
88766
10257
74893
35964
19249
1323
125853
56924
72076
157519
832154
280449
70167
31267
2157
914
5794
2831
15661
571
2485
243805
43853
24708
60030
6380
7905
2577
3040
539489
181238
262571
230773
30800
32717
122413
2835
111223
54909
26269
21318
16571
6808
30439
5614
27066
426739
33229
109781
50072
805280
32808
35194
26912
3292
190809
3073
67656
22655
3140
1342
15991
6195
5957
5309
2459
1041
4409
1024
2752
631
175
1593
59182
2011
10347
6249
2918
897
2303
4276
13815
8148
142788
14941
16949
12685
56115
108649
53978
27005
58100
27148
133364
7043
200987
55069
64132
358
11220
610
6586
103
1088
42415
142888
7628
920469
21132
462169
328
492687
9257
4746
4022
4975
2871
7093
482
27564
11262
97757
19191
298536
37097
11924
3610
11235
63277
5612
8104
16110
110920
8569
3792
6465
16780
201546
4421
203364
268259
519873
243
12225
10594
10899
5721
44544
15496
8223
1814
6114
1142
27937
2262
497315
63625
24175
2344
18198
10416
77418
1912
15449
6241
3096
3240
215406
112386
503192
125459
156982
158139
5778
147590
301270
2549
19804
1397
120430
1233
6959
82123
2048
5831
5353
13984
27824
32240
13188
1314
11759
14107
1446
12005
6090
2267
3719
1314
5600
637
6331
492
33615
3851
1394
1307
123350
1374
4027
1783
98626
24638
3940
806
101153
409
17876
371
16797
3255
10471
4102
32662
112332
63412
2672
3567
1793
4760
30127
16427
1724
150184
8993
26386
59518
25295
3989
33548
2277
7247
5987
33609
261
1754
12411
45252
340
10212
226997
570657
568
36272
6104
19023
2323
14078
8069
2707
45666
4716
379060
5197
62034
3791
2427
7769
25819
13416
1075
10967
24653
933
115225
7460
661
4852
1635
15284
670
4754
1280
10205
29532
3566
2044
57810
993
28287
4939
19548
56673
68205
2406
46139
11020
112505
7189
62429
34370
32455
14769
25290
10189
2266
2927
4730
263
4268
4320
509
276
4503
12017
6473
4107
7384
2584
150182
18696
33967
1827
20243
3090
23962
37888
170732
294
22567
182633
42881
1371
1865
2877
184433
5928
1688
2122
28163
1182
2437
6041
86789
7784
147885
6828
73863
1573
1264
993
30222
4727
6116
3395
37768
7593
183501
4045
20499
1360
490324
3850
35617
14091
14182
33
143616
1815
3180
494
17504
6182
996
23
612
415
1465
1453
154480
35243
5761
2567
4145
45642
67204
14260
2705
14663
1409
4876
13433
5507
8547
3685
8902
15040
44877
6103
3920
7286
17297
11970
72398
3656
4081
35
1639
841
937
98
10193
81968
27589
2372
1122
7861
315242
1434
21423
384630
169016
1511
1957
41073
29303
35563
20567
296984
38400
3389
16279
25164
343799
2892
194906
183
23124
189
2191
27346
19716
57707
6066
2342
12819
1834
4071
4453
1020
8848
13541
8819
14
3075
1955
1077
15270
9476
22235
738
3685
6885
4380
453
3963
2309
7314
3157
874
11
1320
1392
1043
577
2385
11946
493
1149
187024
14045
171993
269620
4702
173027
49342
18618
19129
34653
77770
64479
79516
99770
82381
28128
78941
338037
92364
107903
13254
409
4350
173926
248419
1250
74852
19310
24226
29139
13830
118803
4720
67052
77685
60495
258956
769620
3150
9719
17369
12530
434639
17204
257901
160875
21945
12375
48442
15260
5611
45896
12082
4531
7026
5648
167845
2560
12320
281000
839686
162233
17133
1822
52156
7905
12392
6759
150812
8998
302
5331
19621
11502
126432
107111
103114
51381
31963
22778
737309
11821
18296
66450
8512
1150
2673
170433
2223
10071
230033
209419
57042
171548
3973
935
35216
1302
4347
6809
271040
9689
222593
5365
16686
7017
248258
209623
82823
42964
11893
59199
6568
128043
11100
623
726733
6600
1845
897
3572
7938
4129
266510
25174
87262
17060
2874
1758
45028
80697
561
123700
2881
176315
3809
1735
1508
15257
23836
38994
40670
416606
6587
4334
12818
51086
3723
28264
3367
17707
2276
31187
1583
5245
4523
12960
75310
8755
5102
10406
26122
470182
61533
40103
457647
192697
7524
299213
33598
76901
48112
331597
27077
34929
2761
46949
11895
181495
10556
38582
7269
1512
10732
9026
10710
437468
6395
26334
16060
18496
51571
8119
176084
202444
5758
119886
24415
35761
54739
1052238
53348
623978
50748
208928
11060
68424
8021
31407
46214
18490
5355
150554
3551
18854
11383
4911
79284
50677
2061
70607
136820
45305
25875
12128
84234
441991
125269
184864
1669
8534
18266
51341
2860
139939
533771
84415
13918
12555
1362
62572
1755
43907
28935
32972
1620
6780
1136
375020
3252
9747
80218
7165
8746
6322
580
12710
9377
532018
151297
140492
10364
21341
48456
26214
2616
104954
116591
34069
33661
232251
11127
111747
4088
86519
1004
159465
23853
11561
1943
51833
5234
18035
16567
17763
302973
112037
1103
4417
38195
19294
8009
173167
3067
2196
221208
6551
174141
4142
23133
7451
359329
108583
185174
1616
4969
718
990
3182
4118
119356
31331
37066
48546
159
2075
10979
11396
5701
29162
280741
7677
8486
11973
51360
241713
15168
1701
6727
6957
25841
2507
170108
7080
19919
3269
10674
15784
5212
4686
2284
1694
4270
95899
2296
2248
3461
1677
27256
15223
27265
4742
417884
35063
57360
2450
6626
13661
115315
18577
2377
422
4043
108093
21560
51086
2891
2208
4163
6602
17040
134568
40556
160782
15938
3225
27973
850
22284
195510
8611
5276
13510
1
145990
6516
40179
5148
5900
26937
21107
5867
44
27852
423684
185818
322147
59564
82296
23939
64609
14804
17047
251
22639
1656
9915
810
354
4421
12173
4043
40399
14306
80854
867
14009
30343
56385
3055
5435
42825
2936
1580
291625
321
10848
2999
19393
368595
54927
2312
28361
4021
1848
204996
13587
22398
9381
958
14239
2328
21657
38399
9137
8317
6442
26155
18551
5922
303006
171104
12958
40532
2869
1636
25091
39740
67285
412820
23514
40882
18130
12479
15940
5743
600043
13702
62598
6272
66236
375698
78364
1173
53003
18200
17857
1934
203876
54130
26952
19535
32966
111174
187746
27240
1408
10280
41
23065
1993
12110
8149
17176
8136
3398
4296
193271
5846
16312
167305
1220
3588
665
20955
36470
12401
32303
316417
53695
11531
11430
34443
82701
51690
54883
6984
51004
4400
2493
6391
7859
185237
16712
8195
22272
29834
93244
36987
64157
92022
10473
21894
18982
4828
13304
255403
20571
44069
8426
50003
70141
72522
21782
12135
63291
