71018
266499
163843
65396
145815
318986
94698
771341
279555
2248777
305444
566423
49317
324944
604047
93711
119087
397018
290604
46948
206371
309310
210381
528072
116527
357003
69497
73970
540074
606541
1143582
291778
1718518
168043
390612
84373
727142
1277161
1643776
422503
212817
1140418
398369
462031
220218
806815
326509
259773
319174
1276747
117811
628285
76508
315305
352482
350671
169139
695286
1040736
68892
710380
666930
157933
201435
51438
10188
116755
673811
25102
369190
13478
100133
213044
94399
201224
74335
24550
44483
11156
26979
61111
44830
412310
60022
43933
103239
141661
367273
230422
64956
790522
146532
158203
249212
569055
194029
519831
9638
96269
105765
244777
545018
13554
340349
563603
474361
1130170
642248
492202
57998
632228
341504
27572
476701
154183
38485
31139
400321
83119
213213
467156
511045
1107211
210073
36854
130680
287712
401562
367541
342958
1845962
480756
54391
24292
46454
270257
436624
174334
773542
620465
554508
203226
416605
50416
597446
672219
2027727
52315
592071
518218
879520
630697
521592
630453
828595
1322085
148987
438490
85969
177228
1062579
81631
397884
289616
1145078
481434
1211307
296286
863930
282680
617577
777388
126039
173086
797039
261112
238235
278954
398216
114302
285230
139012
98600
670107
650335
347756
1285841
228311
135949
116587
148583
30337
32088
49950
344543
108232
50551
503543
928594
222897
61713
62916
87757
65708
100470
149747
135840
675495
51566
50830
183421
31733
308016
278300
162955
32097
83462
22341
484786
202482
56995
49053
262368
349059
387955
395140
47757
48953
459774
482548
611203
26266
469480
151603
808603
76263
90697
24722
831637
17135
104817
451223
207544
274044
22532
595378
154816
31052
229757
505422
731886
129421
181270
131130
185077
122202
58468
169252
74553
33034
56140
517463
337938
136752
62195
911247
47751
224696
41340
8719
1080171
98492
432598
31218
53993
17721
232762
15491
575842
71915
59318
189691
267972
227386
12977
17309
154971
254143
787951
89415
155403
339339
2081104
1309123
402397
78861
377581
550051
244710
342197
405244
64547
1123857
48181
17275
23037
49606
14034
53932
63540
75514
93962
33985
443625
46355
142285
62600
67864
236272
218438
55815
81693
59809
33986
84394
34044
461516
8345
197471
1136927
198537
238719
40861
26531
540433
64040
26220
92223
69847
14485
16940
181615
505611
141553
108422
117293
624858
20562
80451
21456
478977
87035
46662
35939
228490
124853
324040
28956
1846181
35256
582039
689336
497989
288284
116607
3536
426996
74340
164789
1027619
79428
37052
31348
30831
82721
151669
823600
217450
731857
90509
139275
527897
215382
150636
844475
83315
782329
74244
57663
28615
184584
86203
90952
398985
106669
105921
155042
18112
197201
108526
630403
144467
735674
54624
10754
33193
628965
21156
86516
318051
876964
1192601
97894
101400
221830
63305
1107530
30795
606851
512498
134995
336715
39611
1210210
1100252
417638
381402
620287
1543991
202462
897705
374951
1246385
95751
1397843
14905
15838
20504
85657
61317
641873
958386
362683
540015
934205
75996
430265
33061
20598
923208
63461
139996
38789
45139
1436653
38625
457019
104935
73390
49244
22872
77718
71841
9886
539701
64417
78091
80713
52878
9562
356274
35406
43863
69886
154151
260684
15399
60277
502644
239847
150044
720942
272917
935267
571350
85903
69332
159136
467414
297607
1055292
462724
180195
138377
224843
477884
457909
43869
114135
32060
20752
236114
774100
46169
522852
90080
125093
168611
112117
509196
123842
225961
217785
594752
1627720
947008
576941
57598
151301
476894
1890290
626684
1757938
139116
1101044
381002
169895
1516494
284491
78313
144842
25587
41943
10338
115154
10520
414004
513761
1011822
323630
108350
37889
260863
160219
214569
111060
363678
408460
437314
13507
503144
256959
1142238
1156930
955209
228241
326008
204408
950511
64115
181133
392734
57284
348280
47346
249710
263428
200439
554184
405358
202676
690941
202112
10237
239439
154438
174098
411716
1002929
420240
382013
467119
194518
253931
714773
2348891
822993
1196559
22824
189029
74999
297213
63398
179213
903536
444957
107315
363377
117834
139375
35891
1792425
114539
122003
25137
21929
628891
686741
1131102
289062
336692
69815
891870
109440
509029
92983
197241
392949
267883
1993441
1547505
99482
1325568
1003269
925352
26403
408196
94075
678094
16751
253724
318661
217033
30946
73617
162149
355501
21644
220075
146211
656988
771081
910529
2508691
325086
41137
473157
102347
427400
580986
2126650
104630
81104
274596
378530
419589
406767
62075
1417681
69187
89501
160847
55763
636430
959039
448810
1059149
928065
1138003
624531
83595
427116
1875008
203923
1663051
243203
281578
79830
1581744
602049
1491466
361704
970796
356491
333229
315695
641286
637692
949461
563558
626504
106684
207066
109648
121602
389766
899603
530450
749573
445590
157818
116321
726668
503188
1939807
300303
274075
854769
35935
539094
212547
200084
1117575
705133
1276288
209465
16184
94717
215259
46368
120463
63120
309412
142273
108317
44980
425379
35273
76011
111087
116348
148587
28069
147007
774881
231065
1886639
325938
735456
281242
619013
886043
356789
57028
677655
673354
1017985
294704
919412
46079
662331
54994
865522
287460
300657
156028
77482
29708
211755
76577
85223
70083
246530
1246410
88201
115800
175977
260851
220758
307365
1542557
31043
83456
360841
35873
1203022
133321
293681
110733
684640
1153968
381084
124493
31284
16763
7072
98908
17187
102896
324988
335750
561851
145528
91444
1464469
900521
37404
67507
745688
152064
330644
29065
1101357
401679
109535
25591
764202
97238
114879
295940
946614
329638
79758
121129
115515
59500
19321
20569
54623
73592
141407
153374
102386
73870
123851
40344
219223
65154
67535
64974
963830
46100
57559
544146
66987
101278
44729
29206
79392
79367
249584
292527
299574
136233
16194
25966
41675
198240
81396
276434
390589
153678
35197
202092
107519
23893
63069
260487
531568
335080
49510
4289
194437
66266
103034
24266
42463
181160
108741
12993
107256
22423
918007
168774
624642
102196
605510
22602
123897
55263
33010
27444
44808
13055
25053
6969
110602
137241
583445
127533
382952
561454
117016
398046
184956
272402
1530151
71245
888546
111251
99169
84915
1579369
112545
146623
62658
486525
717245
196533
267227
865489
32668
378547
419976
906733
409810
900597
19005
504155
76328
272392
211405
94990
541391
71693
106914
98178
78434
812149
629392
582962
114176
396383
49063
576097
169110
536883
1485543
1218319
177118
252124
139291
299540
231601
939781
53153
899644
137197
127717
348725
147008
62648
1042059
86120
278976
473797
381384
92394
344932
74417
113585
413885
547527
588157
15072
245639
25686
543946
237924
130133
251853
55468
29577
149585
27039
411454
59247
54910
409657
28667
438747
36299
246701
215732
148956
48604
1060136
196120
18159
25559
121909
152502
182019
441809
362402
96664
467314
47734
89511
113982
532571
74726
545205
94587
846815
478172
165595
343900
235107
49063
57955
155722
433813
79486
314433
165372
246738
53561
145286
290694
116580
238672
252494
108426
