3222261
6268597
5969474
3688492
5999258
5012334
5039083
3534255
5485043
4745688
5552554
5025193
1594576
4189290
6482341
1346030
6222916
3441241
5687184
4823680
3129130
5187333
4735819
5500388
4092777
4730431
5552798
5833276
3462330
3996433
4252534
5306075
5944357
5268708
6680880
3980030
5782598
4822522
4069964
5159934
6761835
4080716
7501223
7582948
2675438
7640167
7465517
4781837
3006594
4651232
2520708
1166642
5333455
3576417
6445389
2877416
5573341
6333167
7365624
4183203
3624369
2482133
5295700
948800
