2971905
8047815
5248438
4478203
4164388
5238856
8479698
4414225
5882021
6280514
6211073
5368574
7082503
3435968
5436999
2031780
4169571
4088628
4161012
2501498
2767840
826464
5271350
5790186
4717024
5084617
9557539
3590412
4755949
3187690
6827810
3919581
6733924
6430161
7850216
7731895
5627180
4274569
6386382
6440595
9767460
7228009
6835751
5738276
4487314
2849639
4651514
3979502
6946953
3773009
5744729
3313820
2397132
4347373
2869590
2088173
8464530
4187053
7039144
1321395
3488882
2268626
4149246
2706865
