4070365
3955213
8482207
6314851
1657183
2372333
4260082
4200126
5544150
7042458
7355760
4615483
3852684
3007569
3772229
2226427
4135219
2570143
5773585
888416
3397402
2978002
4000140
4336399
2800347
4226045
7190884
5408408
3204363
2722728
5647199
3011955
9738144
2276216
6228441
4458997
5929690
5903642
7922518
3960868
6947673
7779976
11820861
6343573
5630032
2258587
8506531
2672564
4949121
3733636
4131418
1227211
2421998
2697099
3543508
2119278
7470148
4723335
6615904
2737157
1414973
2811661
3667703
2937114
