40676
179661
131296
36014
98186
292582
133669
529232
198961
1657501
225336
319380
41107
238628
466691
214281
108210
350615
144999
929
157768
319782
166039
375135
82515
343073
25951
88146
432185
401277
846356
257637
1116152
144879
405612
46841
500379
918102
1221366
366669
184813
817757
238032
290273
183269
643314
270784
164814
304405
902783
103859
535345
32348
279686
225208
289249
102518
580744
821670
66545
536004
516089
170097
221971
16797
5585
133119
568833
8742
329902
3556
67088
128242
8224
150618
110321
9133
7251
13929
18137
36851
26603
359780
24938
72579
111210
223364
248757
127584
28079
555043
92847
166470
152838
318655
155252
347094
39861
112925
70128
129796
493168
5408
231419
473798
386976
981263
473353
411749
62789
533579
183574
47214
369326
88638
80174
15856
294769
75304
203223
300273
468702
790840
143930
47440
163522
208287
241972
299472
270315
1168373
345481
32280
247
61877
250006
354601
147996
565726
484536
466503
174243
229292
56186
543096
446635
1590300
57946
421685
319711
677725
432105
381491
460790
582366
940403
129708
380772
107161
154590
684779
104874
373156
212461
917242
316271
884275
275320
607398
182541
370972
664600
102518
131738
665678
178898
193111
209835
331029
70351
160637
117022
96214
516994
525208
316980
1164150
213615
129982
63961
86206
8635
44405
56144
325419
119450
36782
288605
751847
201417
51715
87014
119273
33046
50056
131390
73103
616045
13183
10522
117746
31247
299480
262384
164888
8002
17137
57985
313483
132339
29221
104172
202769
244603
325785
338713
10252
81803
361262
318476
475486
14789
388359
87441
657237
53620
16915
29149
538892
5094
107038
324809
144914
233865
5889
464709
203397
14192
167623
340952
706893
148233
189770
98172
124540
56183
24613
185590
28864
107504
12737
334079
262139
146003
34812
639441
33624
204205
15796
4948
911679
60844
254982
9409
40686
7876
247354
13155
399311
57921
27675
125932
232190
216796
29795
13749
130763
134160
610072
67014
102061
233770
1747073
908367
207295
28316
346275
368042
194779
260773
289301
70643
1010245
37234
2996
13907
87263
9623
20769
69360
76360
32854
30360
257575
23103
69616
62260
59421
213929
100746
23716
30130
27894
42309
81431
11306
386148
4741
153858
897394
202876
242704
12327
64574
262883
69754
7703
77563
77825
836
19119
129346
336192
79363
81440
251390
514422
17543
63598
16065
309945
46133
50613
16229
153129
86328
246466
4787
1457903
85741
455058
539636
485002
173723
124174
1069
274572
39232
152270
844228
42330
57827
3683
8629
58371
118475
634732
116247
493898
42163
82416
348840
161911
178739
599802
72027
567368
72545
43977
11507
149334
69170
74244
232659
131432
132419
155944
3751
129225
58477
467621
171274
504391
38931
3557
81214
474760
45656
93766
214578
645258
917923
6030
39607
208472
130432
912046
17828
423879
408914
60525
279687
576
1045862
925662
349430
432345
421376
1110669
135722
663976
238910
901221
37518
1039936
5381
20380
15621
67854
66643
552545
784328
295137
395084
591630
58657
237458
7723
9787
751152
30377
146420
52449
17938
1145549
65445
239251
76031
27052
29101
37574
3617
93023
5696
405011
55336
37283
54210
39447
6651
295263
27400
64877
97134
82971
244220
102
80640
389424
213595
132941
492273
250777
717700
470560
79001
43349
167265
355973
152505
787736
396345
160359
101195
151967
320414
375947
8686
70446
32971
50635
199876
489373
76423
468740
47708
108241
142731
130246
381690
75995
331570
160084
381727
1130450
781870
466540
41416
138203
279505
1288003
425659
1226357
204268
924648
322844
81358
1134187
256472
52839
162063
30549
7415
12846
34567
626
303500
393653
940752
186925
64775
94181
178264
130070
184391
123764
322672
347950
324042
5137
332201
237381
803877
937813
693731
248935
320268
86164
827159
45341
221819
314882
51546
287535
9197
238769
196829
180796
519830
320154
154427
424483
167410
11944
148360
145968
183838
327921
699575
339214
214495
349219
171030
173499
571651
1820932
622906
925887
43768
118245
76777
197815
46773
162186
681382
306043
50196
190441
199808
83413
35395
1319198
82082
83113
40992
14541
501403
563124
868062
196264
246841
67794
682092
101908
334537
8389
187204
364740
210267
1424249
1021484
91769
1076640
662039
692994
56613
217944
148
483423
55207
262353
252222
245415
47855
89159
101542
259835
25698
243863
230399
365067
541735
721863
1921804
311509
10377
450208
80950
429163
498729
1593459
69546
100008
205817
374498
326558
279807
47024
1092388
24455
60098
113229
26579
569913
688508
295470
797166
617005
766316
575413
119012
402960
1324322
115203
1460884
320510
218756
137460
1106010
468548
1283956
298133
546383
218379
200513
273415
390537
676071
718201
400660
370630
108278
165695
71990
79756
326247
752698
396149
482057
310193
175433
31705
645534
411025
1473185
241856
237587
631996
80696
430813
81870
161506
720957
556963
984868
179786
44044
44495
134044
63024
95353
52703
205054
114315
103160
14531
293860
11156
93376
100252
65775
95185
49109
65057
660623
197411
1426481
247484
612476
220266
496307
661991
338766
44242
488088
550234
857403
206376
695055
41121
374478
60328
497864
165016
269206
237720
50456
1098
106180
30402
131027
48328
56534
980216
116589
154604
102381
145014
162618
309961
1109360
38426
9633
360094
13658
991715
193738
295170
48099
535191
871312
260309
114917
38461
104994
653
57243
9276
47399
313414
205514
360085
158916
3378
1117168
700688
59865
81235
555213
140485
172079
9739
726386
305476
69548
17122
584716
144240
49251
275993
700345
281925
12399
93576
116411
41605
16773
52654
48802
40358
111153
147263
20452
79346
104705
15312
192649
34443
48970
102804
832378
68304
126305
392152
51664
43468
8331
30511
45004
65332
160956
162123
199147
131171
48973
9659
28521
151430
33208
220232
384140
78762
22152
138983
113021
26741
63051
196623
503523
247660
28998
5902
162130
7976
56950
22910
58196
125417
129778
7240
74577
63529
647838
113325
452961
79581
440319
15110
149974
11027
46687
10144
23724
1826
50415
10567
93989
112054
421923
124965
327928
448192
118784
278590
154469
268986
1199249
46137
702198
126792
115798
33500
1174566
69692
123774
24074
404133
594324
159328
245752
689238
36295
263021
244017
757039
316595
711648
14089
344636
73394
225705
157427
166858
382969
66750
59250
53478
72720
635814
621532
341201
69070
249293
38527
416001
76232
403396
1099452
1002574
238137
194986
104847
231342
170426
775666
107373
710572
102156
121361
220904
111239
49478
685326
46150
161395
255295
273247
34124
247572
91540
94996
328713
479723
390442
5548
193640
7074
410575
209418
99075
177227
25184
27451
179454
47743
368630
100596
31288
294979
33364
278107
17598
257660
159220
88924
20006
832206
145233
4182
18693
74570
168314
193092
320193
277147
111683
253974
84868
80004
26511
440466
24911
448222
50210
830205
332353
84754
261232
313683
119117
30182
118829
353620
49156
297111
145172
136013
8842
93411
237713
145654
211460
173595
72546
