36117
71471
569732
12900
214894
203669
373743
551932
777722
2839327
1096423
413352
7625
132407
188859
357820
166
1337453
774609
9362
581
689393
4570
1327247
1399872
1199768
521633
114108
808506
42585
1062626
659743
1111488
63079
250133
1125005
391335
2386298
891967
1736411
560074
1901464
980320
48985
5690
1274273
984299
520942
1137731
2250769
51974
730861
172
158873
74680
212780
537652
256657
806603
508435
730005
933650
56572
71086
1874
29
209125
786640
803128
431941
971982
790229
4281
505936
293437
631
10120
69787
805657
35068
796663
182
405923
25269
2241
36776
677853
1210792
32788
592077
1816081
1252
507704
253860
802206
249338
1591144
444198
377477
764711
280742
252792
520988
1157231
85452
1040095
2523103
1084395
402750
4880
500717
36310
29
769688
41591
26607
38321
854755
2345
3191
1165091
1496512
1552270
509784
27
1168203
1138
356554
96297
537494
1525934
112854
775166
3523
591280
800428
884236
249267
1274963
1001489
1273345
558691
665658
1261959
811904
451082
1789105
4020
613780
1846702
1537646
518441
327323
610971
333915
1121314
1159774
1968825
653781
252825
1541713
292687
378873
959035
837071
671084
1390622
684192
878327
653620
224143
377930
1069579
196103
50709
4703
1312235
61540
58755
87519
474861
213193
801900
769
621550
131100
2400872
613775
530172
528389
657861
812606
5641
523654
1714812
546117
68308
1642206
1191082
913909
697
686624
28265
1774
26421
121397
27793
1075315
10709
2300
1021860
2044
597082
97172
662
865336
419047
541314
276087
1488
538177
275800
282989
311
209550
823573
182074
541262
1224225
165278
171832
1233
41363
279311
985950
4108
506561
84036
758669
143970
131744
633085
902566
188992
10000
213293
1295483
263
615168
209350
716656
34604
532482
10752
432083
92264
5468
219078
61233
2668
4233
958178
29245
10787
42364
808683
776519
982397
590606
1249
863285
62
213651
791919
5090
835906
829119
3135
354711
72636
23812
205907
874656
312417
31
55871
790516
68874
714489
1331562
60072
735660
2395138
1896773
194869
256571
766791
216153
185046
26070
25503
1556
1346520
26174
22363
255716
25331
25933
4947
121
69661
186867
34602
892863
193779
6383
105923
239500
18291
443357
13417
809
793207
24190
798558
462
279678
7
812274
1428307
878
322112
25379
3554
3786
82346
1532
2851
753769
202
14828
57337
539954
68862
1147
730218
1189369
609
17794
2125
983075
1177628
9940
514389
16
101118
344527
254981
2066429
3679
1080642
1510936
1693730
101550
41622
0
2862
421
13841
1054364
39529
717894
9423
20
139365
257851
998955
408451
1830988
13693
119999
1539439
729571
588782
586854
2117964
977049
27694
322
264819
1332203
292244
414445
451475
188299
457439
431091
602676
445954
401
410040
98701
208625
514951
371
14297
443676
546812
242059
88358
767770
2445051
849623
90250
1000377
2518
1588175
13476
18446
1107622
143871
1596052
471225
957425
1352341
759750
2055758
1926126
2058381
84611
450821
578732
850348
70506
1671225
419
497
167
173502
1703
751108
1022349
1201498
114782
568145
74
718367
3074
755322
785318
14088
694879
1066
255714
1566120
4920
742276
524768
36744
146365
626473
187810
77461
529765
504795
509933
800001
21429
0
4359
925757
797075
270360
69897
144441
176953
1870
3553
225454
725318
2469
371313
1240817
794388
1545323
227180
28198
508036
74418
1858615
2246783
1024301
721850
2613
1796
36028
926567
136388
40422
12980
4181
19212
2702636
5437
7479
75488
185462
902170
519933
493703
14614
645018
81661
691981
2393146
669069
997245
690154
2228136
583536
1088286
616744
1562469
392116
1860821
29070
508190
1434758
783873
775549
26858
7849
74902
11059
191151
81916
1072078
742705
1799250
2404
117
800447
818511
794946
2815
775795
1637077
640995
225732
26954
651223
675681
1388532
804901
534205
691930
1429138
327
758375
801238
1538167
1312428
82626
495864
721760
1399754
564012
690250
1129726
388589
236503
943400
1000516
7559
81076
550587
220662
536773
1609529
645274
219075
320920
167774
124906
878500
1900737
596381
867381
293869
188266
293996
684726
25165
805764
771150
90355
739538
512052
698582
872592
581812
1089832
444296
43096
496501
83285
544543
1538086
1314848
928325
324459
196178
480844
498926
720568
255853
125463
535119
128683
1467213
1286442
170805
2036341
1252863
2051346
2450
1365918
145560
1790305
687410
518273
606778
81791
35377
1374748
170860
987929
12131
432415
18477
1948554
1590258
842557
3683995
787300
82477
315014
766930
151602
856089
1123413
76504
788784
277732
1198610
367368
515050
4982
1648784
69497
318946
774241
80131
1488921
1955005
1072021
1128726
937340
1442667
1541036
9866
416839
4088524
1016699
1767246
361267
683040
208061
1669436
691313
2999852
742198
1146872
719748
598664
206285
1694069
842150
1714848
1296601
1108836
3515
27712
60483
42783
451891
1835323
325188
643665
349947
72763
1964
1298475
570075
2259604
892305
1101595
1095216
367
1339406
58573
511107
819045
960762
1427577
870033
1755
2987
89622
422
9126
28228
542556
1
248929
2121
276031
98
800336
293573
174037
850
187703
583
259911
9417
1522000
243118
1999966
211479
10671
763559
506118
385923
840760
1281398
2175480
162754
562736
81860
497845
1000
137080
605
1188945
935
144
13255
1007250
423
531409
216
834913
1502196
46700
2399
1265141
91555
568403
367240
2111643
4880
910733
172489
608488
1430586
642724
1149373
61592
1001460
1714311
284078
550079
2997
529
94975
627
68102
325401
1226874
1893210
334024
684080
70756
1540362
518136
28757
1449
2058062
4868
445907
91
668267
1268458
46803
208245
663797
1367565
467836
666596
437520
554676
61484
217668
688490
1181401
93102
3892
557436
893
310902
1760
531578
8185
56170
25746
74512
38433
25177
345590
1420770
3747
55349
466136
1041
414
28083
508998
1958
1158
1148398
909660
307621
211907
0
0
24627
8151
8600
273114
634976
4
1757
76567
7264
31482
10004
260461
939922
501
803832
67427
928109
14899
800976
3329
812746
422851
131577
2594
239013
530684
1438813
83361
1751933
522578
869175
501
553687
1018
187378
1441
7493
531448
2
186080
3914
89293
167017
371472
455228
69791
9330
13556
8465
712898
1212547
258347
318406
12424
31490
8293
1381939
556665
1612625
27044
837753
1459234
944732
1939434
393187
13794
1280992
279672
599382
874427
760683
189579
99086
109952
248393
188903
28860
248270
119801
6245
1301
779773
856548
628914
51441
208969
575366
188898
1568422
1084993
2008816
1100844
2189537
320588
402457
97883
961889
517004
1477913
507126
1249640
3941
78015
256358
253236
3704
772888
191155
223580
69759
158097
491476
195350
20422
37488
924800
26940
215746
94497
545580
908
667712
830953
115623
639512
1135242
703
541011
547
191707
68
256
214549
9696
73905
13923
9913
152562
555723
1373
3203966
1249161
34
64
298411
9381
71749
544628
516291
1745211
258826
3561
9654
13545
791623
3628
219580
792390
1452605
429300
1923
686232
11420
539983
595275
531278
210380
6177
11785
303912
1725702
539
71045
132650
580475
27583
219264
43062
