644186
1192016
4456950
665932
1250024
1337424
1117160
2956795
1582785
3474506
1879909
2338823
1333409
797917
1485686
1306660
613017
612789
148399
9589
1149854
327395
1400370
1161012
930974
1159313
3112643
2258334
998699
543113
1233516
743476
2593812
207975
2291839
719977
2504596
2008999
2926108
729674
1794922
1821373
3191209
1752270
1409666
1627270
3232176
5449
6928
925311
506643
310418
195954
21263
760477
880435
671338
851684
939846
1160776
902947
713383
1745719
191899
61778
1561949
1394210
799286
27318
532385
1248219
109805
1324290
2462030
1123747
1392350
8
204192
202361
930526
3008
1237164
2002711
382542
315204
1574766
1251728
126647
401940
1696332
1931001
1146076
1376242
13983
237910
636988
2119842
300543
697336
70987
1412951
931866
1277554
224917
2197950
1745685
1409184
3488726
3128831
1079
2394103
1491102
1401943
1774204
20356
28619
984194
17391
650461
1500269
1980979
74741
1474908
911380
602723
845344
1339320
171085
4363519
2043812
2582058
2647220
114209
189933
2654818
448284
1797432
1580432
2918319
2468680
278362
759638
1623462
347224
2249489
68314
4121077
196764
1424306
1148300
1186813
157955
1274885
473768
2796037
2763806
848952
2254414
218523
143823
4888644
1034224
3768431
1045163
1797780
118486
2491556
2413235
3767476
1860700
1480993
689414
2581141
881576
2237478
1490240
3241521
1755299
3323231
189183
565254
1000396
80428
1581577
3204876
1619564
3042834
1377987
683996
520815
1732746
1452101
1909624
1884348
857983
818890
3930
1988772
2452708
18306
1128450
676360
2658206
88931
143894
96667
324824
977555
954063
11889
41408
749898
746640
220752
1341070
27833
601604
526052
1011290
861648
1389
353805
2777208
1436900
2065865
1875436
2041944
1187675
924680
862895
647417
108880
3007871
1407445
1732239
1274568
1410519
721640
1419361
1404485
829983
12559
719056
1017818
12801
1303267
1511491
619518
1333281
6395
1995268
1525741
394804
1371665
46068
833816
