1050649
2656810
3760672
1200451
1533049
1786678
2303608
3282845
2494180
4602363
2968326
2205002
1810668
969265
2071536
2317228
1393971
851726
1320133
602775
1163939
1266577
1389676
1571215
1384461
2810003
3429168
1663951
970359
1615741
2367194
811727
3102761
663769
2280222
2123252
4005426
2167362
3986637
1550435
2805227
3048680
2267431
2186703
1733265
1717420
3381738
843405
568648
2036454
488492
1167079
431395
1081924
647339
752209
1324991
1542975
1932110
1783205
1933630
1317984
1999998
557571
1237617
1869967
2194806
1085469
967682
995190
1310567
749299
1530273
3630037
2030591
1650188
196569
570587
1429123
1141744
418326
1268476
2035585
661626
241373
1081299
1500450
1633027
561368
3464591
2012246
1077781
1220356
388783
2462027
2019192
2863501
603974
890485
1107279
3135096
1778092
2605848
865983
2256638
2001045
2694996
3449492
2817560
563651
2919017
1253785
1857565
1474511
1022446
177020
1313556
539134
732630
1347769
2811807
1040530
2888823
1353040
1337061
1201842
1462026
1143593
3810098
2130955
4384770
3186667
1320541
634731
2882950
817174
1856668
2331036
3430515
2500353
1907279
816916
2548854
1206218
3274103
1649526
4380262
1646562
1454162
1417926
2662192
1603401
2623100
1685259
3012790
3482021
2029253
1571736
1352315
1052319
4786491
1216343
4674852
1885768
1884548
1433688
3136310
2638508
4609665
2562187
4479866
1952530
2448605
1450416
3590404
2440511
3549970
1514603
3513280
413896
882332
1315934
1286666
1443658
3276628
2639928
4130042
1953888
1754427
492280
2386864
1423071
2585483
2263181
1943539
1708478
352337
1991951
2811223
930098
2302980
1157060
1888081
1328894
349774
562721
546155
1150420
1314535
259399
1119264
436295
1534565
700570
1576443
499317
907272
437667
1963807
1340589
330829
364072
1920787
1272907
2778579
3184202
2285948
1382152
1950372
1771531
1086822
963838
2908706
1494373
4177094
2367444
2001106
1210662
2125758
1524939
2535083
1078074
1662572
854487
508599
1382516
1997016
348204
2234493
561964
2008148
1792602
1120122
1232927
763319
991692
