200196
1704990
909247
1464069
1557401
4656087
2340014
1201632
1021107
2067510
3115325
2602539
1230198
5216832
1119971
19097
4072974
5906674
2437691
1304230
2306390
1892757
2933967
2699758
2181525
1247668
575694
3718527
24594
2126667
1695502
103683
1873371
366970
3281207
2607217
1625777
2615098
1868716
2088687
2345540
452854
753208
6108006
1110689
3829996
818247
3930208
319281
1050792
991106
25729
3237321
2217252
2796612
1607400
2847877
1621649
2377934
1114978
15060
861094
785619
41301
2918764
3282800
785117
2263210
3708669
3026589
2201949
1033218
2447324
3831727
2062926
2657108
31908
2200501
3161393
908997
748893
1576799
2770105
426722
607447
1955900
3843229
2960130
1600372
4323694
3419736
1229572
1244401
960848
1035512
5677477
3174520
672683
3144532
199602
2830433
2159421
3733056
1220728
3393787
424715
2127164
3416583
400996
3629959
3652874
1182679
1288617
2299387
2278769
259115
994705
62698
2048444
2443380
979979
2793047
1888595
675272
3057568
1126081
2747300
721713
576721
1759163
4756033
2231818
4729771
1191066
2074464
1682187
3367575
1828438
3043054
2164171
1092560
2365184
2698705
526355
3427580
1445683
2035556
2307258
2513128
2030010
3614859
1585961
2743642
1007030
1963960
660880
3486827
1238453
1398887
14705
2156150
2150500
2127760
3091699
2496989
1282087
22420
1745290
2221109
4196885
2631255
1385534
1615298
1052517
7738501
2870508
3135614
1382110
666665
75794
3081192
1820437
3846122
1962244
6197495
2155109
2860122
1032641
2086351
2519284
4033654
1146918
584290
2012884
2357126
1684605
3726736
1192665
1105566
33433
1293398
474154
1459398
2268162
32332
76400
982867
250045
1000997
1149720
3756487
2264640
96117
3488943
182686
1670588
666484
3366263
3403624
3258012
1372585
1226197
2207123
1857350
2591464
6487955
1850708
785146
2262948
3688641
751509
1084347
1569850
473308
4923991
2368640
2161321
2197926
36742
1803154
1893833
1326349
1559045
981201
861347
1338277
2010178
650301
1702070
1232187
2210046
3376535
601845
351335
954680
860461
