11749410
12125519
18644106
9018736
9551268
9267777
16406089
8640681
13668656
15052710
15424498
17171835
11736219
5011073
7364148
10489621
7796288
10802822
10780418
6278964
6745244
2217145
8059383
7265989
9864666
10288588
13638040
11465881
9831129
5420225
14193289
5754366
16362069
12912875
17678753
11790539
13525705
8218051
15597240
12217060
18867030
13369551
13470162
10993360
15976590
7893473
18417207
7971047
15706775
8067634
13307631
7555662
5877504
4618528
5250154
7136436
16427095
10918148
14264110
10710979
7151991
4601997
12436174
5996687
