553257
1910107
3483126
714211
1226789
1632067
2049014
2545257
2363699
4237028
2680614
1929312
1157815
1463922
2136362
1893376
1290629
1527963
1423853
357307
1096447
1011634
1112309
1296036
1206921
2404097
3246291
1226845
819747
1547492
1744133
822873
2598019
415568
1959768
1368766
3804182
2408783
2812226
936542
2502695
2654906
3009565
1798357
2852527
1626104
3195344
587439
262908
1990870
512533
180105
400470
729221
836835
1079573
1555932
969034
1450403
1473115
1070797
814991
1880720
797464
1127571
2117666
1575285
1166142
1256650
805678
1253901
628173
944233
3096747
1342309
2241381
35620
528864
1062712
578307
207438
1081709
1876905
293365
199144
769791
1068389
1496446
405872
3608759
1512144
1075876
1626032
323666
1999151
2029446
3080572
405691
682809
944021
2709381
1869670
3097608
695284
2245863
1180550
2447633
3213668
2514342
488672
2655441
1075207
1263310
1703620
644926
515564
908462
519362
410298
1594139
2660638
816750
2134674
1284788
1093474
1599504
1497805
694400
2981991
1767301
4593894
3440488
1071969
223606
2457451
1085703
1225391
2028989
3367952
2522901
1129929
869058
1984132
1677301
3423172
1203849
4030335
1097653
1258723
1263749
2425125
1646171
2730951
1800012
2386948
2828733
1349303
1177632
1015968
492809
4440097
791954
4518828
1873979
1875542
1127155
2889257
1486696
4638056
2588029
3018655
1414020
1594169
1126546
2950199
2499982
3341616
1531314
3484206
335409
893567
1027846
990833
1315464
3662904
2097353
3057477
2051420
1957066
943331
2066473
1344179
2001846
1667307
1567462
1334913
1052102
1875663
2331782
679676
1816541
607683
2583662
1575140
625121
188724
300113
419505
1074834
135480
755325
463592
908843
494544
2002923
551897
775266
567991
1949729
1609194
334460
388434
2143381
1549348
2672847
3233319
1993237
1480167
1377944
1194929
953569
922956
2293281
961838
3196988
1757006
1734048
995765
2085900
2156192
1709121
717668
1946425
502927
232373
1686643
2673126
431133
1519948
572962
1575946
2169549
761260
1670999
401819
434295
