8645
10278
19093
7710
5953
19967
8367
72242
50814
37885
120634
32981
4743
10203
10236
10829
5129
12435
49377
38080
8674
78183
236564
54582
253267
16953
119804
5390
13934
186022
102283
53635
59640
95665
64855
244314
61998
212897
35059
195497
145530
443072
219876
136985
13388
151601
81110
104965
10412
6410
4452
22621
1202
12039
24060
4617
15471
15236
9840
5457
1791
4266
102834
19278
8013
60295
23987
131119
430404
51604
528296
17893
54396
24562
56114
41742
67179
9534
41989
141681
17308
20624
29548
13491
8740
14283
23381
218766
5452
130435
233145
14188
193404
45674
524620
15808
121060
31971
36814
397836
75353
321604
378664
1182228
99554
523909
470296
83710
28678
21677
37720
20623
8346
49899
20531
187400
15833
323125
14279
69824
212553
54845
159533
4928
26066
74834
41835
31207
49026
86936
216394
35395
29694
94464
73317
208745
203066
175055
37626
13102
40214
35474
251419
194605
30687
35529
44040
10256
15217
115027
43062
307683
26206
20580
36893
10748
30792
147836
52392
112929
95851
4828
156777
62567
202234
303433
738429
188125
47541
26733
201916
20157
169221
60208
84201
147038
12022
11550
191425
5872
38927
4273
762230
183638
54214
22543
97298
3850
125948
21431
89977
125771
24334
50854
26861
12302
574028
902237
63498
38958
5939
41622
9927
16731
64184
41122
10512
362443
3300
3240
11886
9098
6446
11191
36712
9458
5157
46008
33796
1606
42074
2779
145178
398684
18142
47845
22396
68554
25244
68517
3758
53860
418130
295693
514539
3148
9655
29092
6236
15562
21717
1897
6281
13459
22822
1246
8874
11797
106475
130312
10825
62039
51700
19309
28517
66749
5101
752
2874
2567
81434
19419
20824
20182
140049
26163
20735
23277
1709
7649
431987
12138
12703
38858
11171
575264
11746
8003
33037
11473
15182
2051
920930
516508
7129
4549
738247
12909
20706
8881
27560
88170
6502
8360
5716
20191
55249
17052
48002
37297
9709
1172
15680
32097
36377
39949
205180
6176
5039
9981
34959
11928
27451
998729
13847
134685
8874
15437
200272
124831
65289
4816
831224
14169
4734
5289
11023
95415
32378
42052
8280
13557
3771
3919
5164
25914
15235
3831
20264
34505
16812
5431
14780
10154
18203
230806
16065
8920
14186
3601
242497
30423
115409
10628
127297
4122
574118
1917
12940
9428
488334
187831
208414
52921
27168
1691
6838
14332
10987
184199
178708
34431
92137
4777
18090
48742
549317
725056
36817
6936
23172
60787
28090
31680
160238
597055
45182
30096
3253
76092
117700
28894
50544
36864
17601
32280
394766
245110
394190
3965
18551
16606
64736
72918
2585
47380
401416
11664
21166
8564
2388
370037
92175
8901
1129274
14820
63993
77507
198597
82311
50816
919326
18826
345058
913262
29784
107267
1083920
120689
202017
48596
27272
15206
21343
66368
19619
6294
27163
9589
16025
70973
52497
398947
15479
32118
7238
12655
11418
8465
52631
2858
5902
119784
17205
30283
14941
17910
13472
11520
13420
5326
1814
68392
188447
16923
760
19687
3468
3878
4910
200971
889752
60159
51885
11510
792
9935
8802
144750
17212
11836
6852
955600
57346
35050
21971
2911
49039
168498
9861
880459
96381
2661
5042
15776
7740
4628
41186
24619
146931
5617
4194
113989
58340
16169
44899
37526
33338
54809
18825
21072
24581
27651
5482
78720
47274
33427
22856
258628
63281
56438
70531
194089
16980
15341
30738
23144
16031
16517
879830
12834
15825
9321
6835
87034
18647
26836
5596
90882
1526
59798
742908
253984
3883
59391
89290
217946
32087
13511
11519
71339
152597
360466
43021
760021
51187
20427
1736
67760
1007975
57830
43636
30349
5475
20391
14916
15111
13203
80901
42818
469129
17522
118228
16179
134611
90983
5622
358441
5362
129417
16954
10391
19071
30795
7204
56347
63199
816244
4223
3702
18595
8499
17254
158853
36610
92078
27314
29051
130032
49329
602692
27496
190535
7230
44665
9829
293695
82347
211863
104337
56608
107649
27385
16877
11987
10191
155963
570867
299322
47115
5253
3078
8291
11372
322887
24265
775142
18703
13372
41394
19980
111492
31018
6483
178044
43731
25477
36952
605929
27074
54493
18585
140451
93144
6369
11125
560461
5216
12834
221010
48826
77275
19987
12465
588951
38087
210956
728
839651
62178
10545
95845
9146
275493
672422
29189
178714
14232
24132
99693
29333
128409
506550
32916
41237
75251
21427
5695
86338
21959
92350
194718
108196
52972
52838
11782
604736
44413
807111
3085
41400
45936
16530
15363
18711
62796
187736
42080
61135
4106
17907
13755
32947
132435
15579
907688
14247
179403
37586
7255
3381
7988
202611
117402
581102
10171
2054
11208
5288
10242
30237
28964
9281
2776
1638
1819
8213
3099
737725
24226
19138
13112
3891
1824
180940
13077
166174
29866
49505
149433
1265
6348
3917
33842
79132
256620
446978
14487
2947
4328
7708
5769
19811
5539
152382
4822
12655
7814
26085
10804
133324
179498
746082
3470
10293
32285
1016546
90824
63574
12492
15362
4730
422419
85956
58839
482662
240890
118469
24413
19050
135363
22718
63077
7962
9192
7194
5999
783749
34918
45752
871050
34748
87673
58429
78564
80498
2341
32800
27929
6371
4477
3499
36515
46511
8608
362776
73942
244011
39907
18554
26931
18220
17786
3113
24644
50169
23452
4790
9546
49840
40351
2370
10464
13831
33007
19981
5453
3883
14701
9755
318390
90728
71538
2071
8255
5187
5927
13332
4405
60916
40750
250076
19837
133779
9420
15512
7102
17342
14272
7170
94640
21030
1596
17171
20290
43042
4919
79781
16042
34095
7278
1769
1003407
20699
15181
1128
2768
12879
75581
27700
1482
26578
75034
564342
34302
30956
99722
1355
7185
3116
13918
42330
13013
21983
8790
4966
4836
45619
14848
146806
16483
46916
26358
398464
28606
13124
68371
294677
377455
28140
133052
34385
130728
14800
130005
135244
12309
145278
69640
182333
78413
72210
1031974
1859
122039
74872
7311
10911
127608
89261
2692
5101
9276
307143
96589
4537
18749
68585
18374
647764
53784
389843
34375
125843
32697
246079
97607
436933
273921
84395
14304
55726
84910
185353
7400
3157
14698
12825
137012
13890
13313
35701
4365
29600
9662
19492
99182
7969
12711
4332
30193
8736
102596
100537
6630
939
1121
3561
22114
852466
38272
67327
7241
17109
10821
20540
55902
2441
11003
2692
1343
438
13954
14986
12759
4270
16008
4207
798
7833
7772
12476
224182
6141
9459
13339
160148
7568
58385
146230
357814
17526
146413
48571
46704
2830
4118
62983
64402
38146
13943
217222
5902
3712
25448
6539
182449
5833
51038
27049
15550
30066
147147
29042
4210
4097
29804
1886
8338
5256
14238
109884
93704
5390
84972
34217
2471
10000
9584
800
9836
19032
29497
44797
16618
134460
1330
160694
164146
317815
11530
8590
4190
12907
8454
23697
31057
72666
13440
130317
1358
120375
17565
23365
82448
787701
23835
9210
187173
785262
45939
78929
12101
22506
14900
4073
5804
30590
2414
73978
51920
36215
839130
6004
14953
14531
187361
13153
1799
8464
24214
192681
1873
5484
39051
731958
19497
6255
15485
8225
3434
6262
583149
198401
468260
1342
6909
3504
2869
3664
1130
7011
28165
11303
68229
2757
148219
20196
26710
18813
8726
2159
18972
8488
2332
7032
5403
6872
59960
695114
87966
178147
54127
2626
468256
1548
4980
122212
18628
67874
18387
6045
780
43273
15668
15980
742626
14996
177792
59891
68387
56408
18920
58613
29698
11770
6281
11000
36179
751735
22531
22615
25958
14403
15482
4811
125182
114196
117943
26410
869846
16786
239344
2340
25058
11201
102817
8106
80499
5440
32873
13522
7560
119884
29482
523639
8916
365891
4442
74776
4216
61127
76856
10524
60211
12435
7709
14054
34012
4818
12797
39090
526968
2889
29587
2610
12379
456
37381
5108
391502
7176
14242
498
36948
11498
39608
168388
201123
45537
7936
46065
74573
15492
29005
326745
19119
33837
2249
4559
9532
3505
7664
39946
26802
32472
1261
9660
4603
14880
6690
7272
49432
2843
1174
48739
9974
20184
52984
16153
29951
75504
997072
139798
14196
28396
19280
26198
76897
221878
8825
146192
10172
67718
3139
1996
392222
6932
11107
4119
12790
1512
3179
7046
214116
1399
133390
11278
46137
77250
8290
113809
68840
10231
1291
12731
2663
15891
32439
32544
774599
34002
3207
3368
7500
15536
60413
701466
5862
205528
62734
1290
5312
18728
13074
4098
14905
2391
174337
4774
9301
104111
15963
750098
7315
15965
58515
104213
10358
7741
2516
11470
11193
4719
38477
9731
16157
8337
113926
16841
30891
8614
22198
2624
5550
5884
6531
80355
13980
13183
49732
1229
12977
10813
71909
10017
25288
6392
42973
68278
3275
4906
619654
19840
11783
12244
126111
17387
23751
32487
9144
35506
17531
23820
35241
7787
6403
7336
6484
22233
34118
2389
4770
3031
50838
21969
12167
6505
8301
28629
50150
7152
462471
7738
28620
32861
59995
4804
10185
1800
7069
7206
32169
19117
40137
15916
5581
4799
4835
9351
275050
38754
37754
57201
32828
125712
25344
34312
101325
29011
32736
48687
3512
528158
28347
6503
17631
121833
4858
43418
27441
4977
46597
14892
227405
9685
3810
599222
16225
4963
3467
2747
7304
28010
245917
737737
34183
602
22539
20042
50919
8540
76341
436751
8999
324339
84551
42249
282649
17338
164618
6828
9317
9792
12449
47681
27524
454
20011
33180
472
674
1512
9169
2645
8682
10720
3769
840
7934
11702
9694
30462
163577
18142
535046
6646
433529
911285
5511
21542
42405
190044
16645
46712
113802
16411
8823
41269
14483
13017
115045
1637
4816
7524
5419
9422
24656
9364
4023
8969
11598
26473
60697
23449
254646
735092
262067
55837
517990
231572
19482
41210
1009451
45033
55560
102885
8330
7528
8151
17265
45272
39421
23887
19941
40083
363243
11998
39419
34770
28335
131868
36494
54230
67430
41472
17158
6958
526406
98306
20411
13131
1257040
23629
50571
20439
19801
20976
30240
15538
139853
15538
1454
2789
6095
3005
59142
4216
102362
538759
656389
96083
134130
3566
730
6396
29607
4984
42063
3868
39443
9321
118834
2865
564712
30298
24751
5636
35046
7835
8746
4128
82793
40450
18097
206468
204289
8556
107960
82393
19838
52577
171462
300180
82065
19424
20091
2053
12659
37006
4569
545
174601
253817
11489
7992
71755
11222
5380
64598
21825
1286
367360
6494
456795
285062
2662
18999
3661
4154
9586
14427
8684
37546
10985
393849
16037
13244
6975
1017
12319
20771
26746
3778
10871
11094
7315
18171
15227
22946
7950
262147
9970
52167
240794
225037
621632
47711
43389
10446
65979
70951
5077
10076
3555
5313
217987
16231
953091
3183
26394
10468
8402
21747
115456
58431
57951
61519
24527
111336
522894
24650
26215
258486
46480
21221
416178
124538
142154
94662
172973
9940
157834
70872
744348
770228
35311
433903
97468
215521
472730
809491
78288
238835
151051
223715
325878
27079
876216
132531
12180
57170
19063
30330
97667
156095
293111
175021
134799
89023
972814
92877
111318
68865
67081
15487
11608
187710
5669
32730
46498
76665
30477
25102
11960
62507
54353
24247
174542
53376
50802
1021
610
27257
11006
2093
5057
338420
230623
1426
15829
24977
22061
23427
852
10609
7815
3355
3094
27816
13957
28961
19876
126895
6427
294
10843
1378
95015
11646
25238
3835
418664
5839
13715
654088
10178
178568
55678
11025
521453
9252
19900
6739
47543
983
5932
3486
39154
6827
754
13997
11775
3041
18186
6096
30712
203186
3745
9357
12911
4977
9941
2751
33295
10738
159306
13479
51923
37695
25900
1704
18143
7792
1364297
9887
14527
6494
126068
5620
17387
7593
282830
88664
20504
123247
17544
4386
951733
20292
5460
7677
11737
15414
12959
9696
32521
12572
1975
9042
78674
60756
23464
139882
24942
22570
154061
11075
11339
638792
43046
12719
32297
11203
170155
4812
24529
472
101923
2359
13236
7225
16192
2387
195743
6255
33356
3126
23488
6610
4344
515631
16526
4601
200945
10982
822462
9105
99368
4398
20826
9431
3439
118541
2903
4835
2064
2449
13672
26093
5607
10290
229289
9672
876588
8697
23253
34206
14750
1769
62107
4691
53961
7966
103748
5253
9765
2808
25177
1254
6694
127
3723
5706
4759
10914
12525
7982
8214
1962
19080
9796
43436
12883
112478
136067
125164
154902
50812
75959
16240
24874
154386
24801
7592
134584
254600
44985
1892732
1595
41666
12829
17827
137679
215115
131765
1758
27097
31881
66062
20489
326062
24089
326685
8882
736
41812
198570
53735
13153
13872
36561
168385
15465
20660
44024
12489
6374
952217
1009081
940801
8310
63437
67890
42625
144163
94126
52511
51686
43544
36022
4164
188843
21668
20607
9458
27146
7122
11982
4391
11459
10797
102867
9539
25233
256866
21807
7390
72007
141579
24001
7428
19545
25745
43819
25412
66177
18979
227994
9015
1582
13320
18742
9998
49846
5284
217966
23692
25272
10660
893083
5893
15294
67528
22947
149780
36512
25000
35464
13808
128212
26757
85853
478627
170574
5586
39836
13884
138411
10135
28700
147799
28923
18573
62556
10073
64818
7199
96254
12043
69082
38909
87083
5356
34295
24845
71693
25783
15828
20293
55230
15307
62686
303947
360703
151555
226225
309738
531339
249749
15109
20125
18363
115393
34932
12022
26168
18411
20782
33055
141141
31885
164043
1188429
604743
61759
5011
9210
281086
33386
292081
32533
165398
106395
30469
69575
32434
86865
58230
181574
30338
186148
8553
22915
41352
131278
87376
12441
38883
342011
14078
1547
52023
466719
46838
33403
100289
11605
12184
23888
13673
82217
1002
71419
28070
123216
127855
3516
877769
4565
24953
8050
14443
5526
5001
6622
9642
6726
37865
47058
44716
7182
23208
9387
221968
4460
143947
66110
226448
2822
12609
27098
734948
61456
702529
128328
68076
601440
90699
97867
4189
38950
186210
83427
643888
131649
2671
3574
10408
29504
55379
7991
6816
7358
2281
749083
50626
52474
781924
30998
217176
6074
6613
9116
6365
11675
79667
55954
67767
34590
883166
12759
3790
92551
125327
42768
1127042
36032
55418
15110
160750
21660
333536
5782
28484
6008
39249
68443
9910
50326
342391
36743
420440
3774
85099
19029
29964
371866
132168
43875
175209
188345
884959
6670
7722
15752
83454
86621
132104
609342
497259
8374
32561
32823
1036627
4424
21780
5181
3240
7584
11222
10325
294144
11799
159853
3677
6982
5910
234757
991527
23930
821490
116547
162027
218642
30888
150725
8451
10716
282106
50530
29617
13584
15408
34865
23051
13360
5945
253298
5327
116316
55962
82352
1005794
14751
15720
574877
105652
36441
9702
45514
47689
587447
217969
266676
249700
194697
9518
300691
53474
554736
109203
281990
109630
11237
17709
35370
38154
205110
2760
337456
14304
36037
19097
5207
10322
122625
5600
48176
44718
125615
5806
33139
32751
3383
14736
17574
7491
16866
271887
479458
8246
46891
93803
31294
1013474
40354
99194
477681
197184
140554
3480
28386
3797
14906
3248
64001
35626
7183
6949
81979
3380
7780
30540
18773
40939
17281
33659
7136
17036
942867
52940
115739
6268
52253
113714
69360
5912
430124
7227
382442
16082
283459
79020
91693
4800
58090
14923
16320
61469
127276
90493
300682
79563
338960
2093
2495
8606
7932
5272
13187
1734
889477
2786
17017
18167
16552
28944
6590
40795
11231
12231
82569
4732
88543
79498
622796
113639
29691
16869
41067
60311
22586
249766
66478
9614
60099
16184
94962
144243
38959
549012
48185
47842
18968
1461
512075
9358
35419
189268
11572
9129
10216
8008
2787
5783
700105
269823
44700
120446
71765
8029
22132
35635
442038
39782
69932
52231
63734
183491
163764
104368
222626
452802
29255
110233
3195
99181
726690
4254
21055
38401
18709
41120
7852
7868
109218
45536
166389
68394
20120
172290
2769
8959
24372
3592
15513
4715
16071
10611
45785
11894
28646
11059
70778
549987
35075
75955
195231
166623
1479658
120806
28449
19330
302216
24127
69885
6161
84466
9701
74892
10795
488551
31060
15627
43949
141772
93042
382724
785641
173323
56549
18982
13910
225473
5603
5224
39172
25214
760214
25370
34205
21417
10557
21193
70534
3543
781658
28042
79449
34494
17192
7391
522606
1004648
6654
120852
33212
43698
43963
6225
33547
12202
9696
6255
16806
111880
283665
162912
43147
64640
26618
32053
12448
9231
22394
18674
951276
34209
159543
7315
187420
8441
7532
267129
156180
13235
23141
9309
22355
187066
56816
18901
604156
25669
136146
20910
57081
67699
53164
41654
831869
270776
17567
34182
39838
79055
210699
175248
59056
36430
45772
403503
467066
21427
71130
205460
6799
21562
2015
53786
231339
55876
256013
768316
50461
519169
5005
9384
54686
743530
15565
61595
3833
18168
30701
216332
14508
64669
301972
85700
859262
38324
6983
22544
7639
33609
61291
1024083
121776
128498
49609
15386
33153
135604
37151
888358
46799
415045
23436
298006
13598
50391
8974
21418
412940
6271
410464
3887
13459
3849
10889
43806
883252
114158
11375
4748
107026
74598
2103
5731
732191
22114
1761
741534
35535
163601
83741
52767
14435
10398
1640
422587
50061
204653
200406
396918
724306
43713
44458
324671
2256
14991
36314
536447
1090765
44550
47157
37590
33141
770597
1275
233910
23501
5172
38663
1510464
11905
22297
21977
21069
40774
19705
137028
203151
173781
18273
87630
531711
78151
108997
782460
92507
54957
54721
725361
57077
67724
866533
15719
815459
47431
224920
50479
456268
11968
23970
24176
4934
134275
10683
64791
269238
81449
30079
12421
180506
28805
11361
48726
533253
140472
40038
539293
334969
11763
11939
191026
576809
170217
107531
58914
351668
40994
110973
54642
584037
69235
165474
13626
15823
11464
75858
105598
1596620
67441
80682
35202
25709
22506
141169
19549
256801
904494
153976
322187
23246
46000
7086
82838
19512
206975
58995
61199
13195
14780
56880
4929
32063
2082
44487
5070
179098
24839
19936
9289
2964
18570
25877
69232
91605
5051
183619
101337
82498
93148
1515504
552764
71657
2669
40978
142658
127318
75186
325045
65695
17489
7466
50181
10707
17250
1995
40790
11583
91873
8688
111548
37658
67937
4266
80842
134885
17265
52875
40810
135772
91216
81056
417028
1951
546621
484789
803822
35509
67265
32945
156646
49545
64221
35425
354491
50459
5182
48549
52550
257
14381
13226
17455
45352
3370
6098
13656
3094
2398
53086
23033
18646
191127
9868
21638
23968
24856
498724
152435
132258
25058
29489
488406
335006
10024
423
47850
39398
12290
10277
12707
2297
16205
17998
14113
16164
18467
60198
9214
11017
232156
4786
3104
5947
14462
4349
31487
18016
30646
9177
770
196736
7158
46570
11800
8808
1392
8526
7387
121416
48612
969
128807
10190
27284
13812
13291
3203
13326
21288
18208
629
33068
15847
17582
15791
240773
17490
500837
3279
152802
10518
15375
11844
40880
8236
9981
2635
74532
66
10935
1348
92250
18889
6785
1304
502
1266
1360
5563
433041
8258
34172
2654
16413
71438
20957
35486
76014
55461
171884
5829
5730
76730
54067
2750
57455
75276
595761
1289572
4423
511683
182494
13075
8282
5444
33925
45685
29132
45610
12447
605295
6372
1450
16983
36966
83170
11669
5503
284128
146097
12350
19329
110803
32764
11581
255134
49630
114150
132756
772124
293666
16682
7244
67745
14011
12295
8183
13007
15790
10266
9980
3163
6019
60536
17359
27849
52287
1407
4612
4690
9644
15396
10829
7560
23550
2684
4990
3636
2361
38768
189655
29320
105887
2160
7771
6057
15262
83306
19083
7372
558
72806
5031
7471
6119
116764
2044
43896
1436
9318
1980
37313
10119
77601
16037
93095
42046
5469
5580
178594
9838
93495
38535
74834
820072
352690
5565
11173
61955
9894
17082
11824
6694
13059
12899
66464
5563
1043812
6363
38775
4538
22671
105112
42026
70982
16834
73231
138522
11433
28106
50438
12173
24776
93995
157981
209064
37119
21698
1899
8045
1210
174310
984781
71939
159195
35294
21833
4276
533246
6610
437564
442294
33233
244034
216316
40895
63526
11942
205471
185428
41287
27769
80239
10554
41445
34832
23425
23075
131681
12357
32184
10473
48949
5455
1538428
16156
111480
6592
19853
8133
46800
43913
66949
289176
37630
14557
2132
5817
52053
608
1691
134665
8742
77941
3743
12190
9687
46639
2004
71641
3358
212223
39568
539916
2925
392611
48104
15853
14692
39298
19953
27677
62760
81544
390807
410436
30401
54499
71655
32912
48271
3033
63636
13606
29834
5307
42506
13886
17151
78997
35549
936684
7916
37480
31272
22567
12040
1209
3033
10445
1397
4346
25134
58691
16713
23823
7595
37599
5740
6948
38618
15585
20628
12429
178530
29527
4167
8264
3619
11718
10490
48399
8521
25335
35070
26849
8255
73048
30026
21983
10385
7244
2066
12565
50679
751226
64602
11164
1492
535356
8715
992347
8768
169709
90998
50998
11037
19660
44973
26489
8219
144523
17972
454247
11912
54212
73268
223481
31544
144476
14881
55947
1594
174458
14937
223
440
8783
7428
14550
6461
150983
6093
35282
29783
701613
21192
8428
9176
59121
10126
5650
7493
17128
6393
45436
39142
24281
15586
7640
5979
7608
46517
62802
35478
152711
2532
13929
5384
11393
3089
5414
62364
47563
3641
11603
2999
24523
3551
113289
33311
103947
9488
14924
18560
5777
52705
120087
7938
24661
6016
8474
7086
11507
2786
12174
5657
244408
21141
2067
6274
10404
5352
20772
230866
298290
9075
23098
5301
158559
45383
23268
8869
129039
2670
3637
10500
3913
5030
28844
10964
77333
27872
8365
2626
22848
5192
15060
36129
4135
7099
390902
2229
8548
148420
3008
8601
6410
4372
24377
28666
24615
204852
66297
15370
43547
138526
30741
114443
66147
139735
818263
2476
32414
12718
106921
27092
29037
6754
21027
8369
81193
360
21618
2969
9494
887
13439
10804
15851
5526
6812
10798
10355
124002
56416
12556
4591
7425
38086
11996
3618
174105
123837
92170
3392
6147
29315
2791
3404
11659
1051
762
5329
27820
4402
26856
3432
2873
8391
24898
10186
5394
28563
1786
22927
21761
45297
859
5711
13314
198762
16893
39553
50919
20612
51653
191645
12468
33689
335
9433
3062
4396
887781
7382
15082
14645
1801
2467
14872
14676
21811
1006861
10682
6375
67529
17518
29547
168152
235462
5751
12313
3475
1570
19051
2084
5638
521374
32271
19396
7800
4874
23639
7490
24634
7822
5165
271294
7957
8977
11182
23133
8537
22409
68696
24255
18672
2681
9977
21223
108241
47596
44839
185443
158012
579775
12059
185576
141417
52358
148284
178250
66030
20335
33368
68532
166236
8409
1217
2458
239
2075
642
812
3047
11246
15229
481
3769
637
8691
4392
12669
8695
7424
94284
4896
30452
35541
9309
7245
24154
6123
3952
19208
4990
5647
6133
1297
3886
6328
9010
3393
1371
2975
6784
7495
60939
6199
1904
11095
1936
25433
46524
22402
141611
196592
159174
4266
145103
6374
27023
20478
9861
122205
22155
22643
40428
19361
114347
22338
3274
37562
128283
8789
232232
274922
128566
37093
35906
138446
23809
7636
52366
44480
38286
20761
35375
445842
6062
4571
151938
425420
31568
321213
71598
213018
120752
34533
24443
8125
29786
876
126716
12665
7146
14719
16816
196035
23201
52013
81745
306908
36508
7634
47881
10478
9411
75780
897811
1057353
180923
28962
139209
103593
21142
70431
11774
79809
505247
1016531
18883
290558
129556
25023
37077
9983
23283
134358
1130798
543778
36531
185786
170143
90279
42144
123321
38821
24038
59863
11532
10807
1000477
25225
144945
86504
4964
45683
19156
121458
42827
12158
82720
33649
48057
56547
2668
19348
31749
13733
128710
69657
46239
145433
18087
114382
28960
4899
660894
76724
96135
214471
181639
2622
8379
7428
69196
2696
4814
27976
31588
38865
20581
24725
322057
33236
5222
204031
231054
33368
31312
30876
12646
178435
16058
282665
27066
12691
13239
26833
204905
54381
152394
63620
461792
209151
12373
31697
113124
419940
208097
69744
18356
52937
33713
11133
72405
39318
419193
188502
13997
9772
35814
31208
3327
32142
24163
106160
172290
52912
1037750
6627
19976
1199293
27097
82949
143617
729618
54323
392299
149451
140090
280346
26265
489865
30330
407529
271721
293313
68482
92966
19330
136567
19858
73275
14898
39902
19350
17918
181343
414239
71947
421377
22027
16192
151074
61696
72501
151141
5896
88512
2708
45135
11235
4864
4770
19584
146233
10897
25035
6546
13627
14985
207493
5972
195757
12901
127543
5306
3277
11596
41375
1875
21585
10402
5775
12868
438
20641
19183
38440
13552
40995
7088
7124
30576
6876
29823
27418
6369
22038
16337
9431
10977
54489
2943
14596
2804
132526
8236
5450
60930
14964
7409
9988
9805
168629
94746
14212
3721
23393
11422
76784
20584
36385
15475
261864
10832
5258
10843
110295
7677
14239
28585
108464
13515
6563
9661
5297
42211
47782
3181
139660
2359
4736
5253
1732
9944
19491
686
6012
11437
12290
42294
16157
11078
27357
55208
6359
9307
251975
826528
38655
9404
58146
38842
65209
2271
94326
59980
8099
8954
69959
4537
26867
8789
69994
12344
106883
9470
131195
7908
20491
7213
43879
129524
44524
13574
82645
9428
21973
12277
739
20290
14973
44377
12051
18473
772
6612
10353
3809
14872
101702
575
11189
4029
4305
1719
2740
41334
196684
13297
2359
1612
7799
10057
50482
151128
5840
12943
22995
26644
5115
3393
8937
264201
362459
453969
153616
1361
2225
8378
7328
12208
8086
9248
4755
3126
6344
51293
24057
30863
14789
11654
14641
23654
23769
135139
19776
347557
239089
29148
38607
1213
6935
44218
12974
135562
81233
18807
12282
3573
1015554
17258
29124
6167
248906
9723
34419
11802
7588
3539
27173
182221
97962
47834
22139
93553
460650
41681
86300
383231
137987
23084
174948
11453
21940
29702
24637
169593
20704
94774
28614
171120
51597
683321
49714
180778
11462
138156
210129
6199
16613
2616
2184
9822
20507
22751
2455
47572
65517
165896
29424
78409
12410
29051
6841
17155
4897
3145
58908
29848
26385
34972
23351
16240
74260
10657
156598
9431
20910
53700
8298
4756
2054
15957
25165
38312
27205
289333
7965
9004
7590
4128
30188
316498
19064
110103
996358
6379
10346
27807
47802
97486
26140
53538
73866
6672
9441
11806
37084
23680
10281
26525
24072
9724
24147
178029
27004
146965
41309
74515
28378
12502
81521
31485
59525
