93273
238094
127303
65803
101519
265256
76112
579227
290393
1688073
253756
442768
57098
239891
445496
90752
113117
363982
168440
41242
147643
273992
195199
399228
91736
289095
88503
47343
475770
446579
833352
267010
1248965
116148
369761
102861
533836
1025705
1236875
338103
168157
784511
388747
318907
145633
608031
287143
245843
318568
958384
103760
500660
72594
230029
210111
283136
157732
539824
840972
53653
539967
522430
121651
161452
34518
9688
115971
545815
17769
338340
14555
101314
191247
30953
164478
50391
26329
44530
14074
24684
57414
42309
352064
34567
45074
117886
120848
254945
187631
57623
611357
115394
144472
199509
398729
166371
396009
30050
47996
80521
125055
494428
11018
247280
369718
415249
949159
578246
436988
47653
518967
215536
30778
415199
137954
39107
23016
276340
70419
204571
408753
357704
816460
195714
50387
107493
260008
256377
349752
294528
1260182
355669
33866
35168
48627
233628
287977
166081
620202
469706
543735
138773
188234
43527
478017
475194
1648481
55966
428184
380058
707114
555493
510125
413685
539708
962574
136872
398898
68366
100178
827177
73885
391931
240545
939556
327259
881299
199627
757562
251010
444334
650546
109824
173179
610998
185909
189636
168890
323177
95513
171653
137237
87398
465401
586928
343010
1084035
208345
109766
119802
151593
39568
30045
53060
316704
94449
66198
328105
744784
220924
75141
57035
104325
40250
89672
163639
115582
565349
26067
51124
180562
23369
279687
192786
183899
25602
20441
27713
333298
152555
39297
46385
146309
289692
294453
307944
35749
45719
317450
342013
454539
27339
402985
116381
672862
77180
65592
22718
574034
13081
78463
323337
170133
258546
33637
451745
151369
31585
109023
386826
681009
118365
164347
114650
99648
97390
67161
130666
44148
40311
35018
432897
275873
129502
55515
679647
40650
214098
53061
7762
882063
40682
319052
29457
49033
20254
226602
9298
442724
79095
41520
121831
240553
160393
18138
16997
153389
170404
632255
82000
135696
189004
1686741
989650
249048
71716
315500
329968
237616
192613
334480
63293
914137
31684
17066
17017
40087
20905
52171
65003
53380
49330
16761
298129
47000
112975
61998
86923
176462
98929
51797
50230
50103
40920
85308
36338
341517
7006
151641
943470
114268
219495
30607
37504
368971
51578
30495
65920
59341
11086
18864
119402
370221
75936
78954
69672
515501
27005
63867
22712
325897
57030
26429
49919
166581
117913
226478
9913
1466490
35265
550178
556597
411977
238177
104646
4648
311842
70983
133326
823384
84512
31911
17958
12519
59652
157600
666971
152898
541213
75125
84373
399581
168515
161072
694975
86614
585621
60385
70777
29436
212487
73556
62118
313255
78067
110780
176808
16987
135614
46397
504430
91749
481071
32653
11925
19436
560661
21532
57964
219676
684368
995036
30940
53089
207672
53423
841077
33954
432208
445637
124832
277489
18993
1024375
921297
341000
277355
477148
1285678
107407
717550
335543
979576
30828
1112479
15660
7171
31079
107604
52630
587915
764931
310488
343859
571348
49571
362859
18192
21222
746875
46738
103444
29486
31576
1183986
44482
318750
89764
87461
57576
22646
17800
53791
14191
457551
44869
39308
50309
57174
7541
213283
32945
47967
73527
108036
196019
24883
58820
459766
234558
107128
609753
264354
750146
365678
84189
78580
133579
379013
194960
788450
354378
140073
90776
237214
341045
310271
31845
97129
36219
18742
194394
610850
36287
463645
65986
110298
119189
140647
344686
94943
218712
206793
359948
1335863
695315
539044
54858
117346
374465
1381286
491629
1290273
114299
874997
315494
171778
1156303
260927
73121
134313
33026
35924
13113
103348
20113
325469
451164
850586
208310
86078
38129
226236
120003
179012
136576
304798
271639
357053
36701
392835
225789
937579
956643
674008
249498
229422
91378
898907
84577
139835
370245
81848
350486
28921
245232
215614
126049
439479
285162
186501
444501
169847
7945
170991
141403
124072
350785
769811
341983
273115
357624
135750
174895
557245
1839518
575856
964546
26867
119135
64446
203131
48336
153671
707849
316413
71841
235007
83686
124899
41693
1425788
120436
140379
24555
21236
532177
542893
941249
284335
312791
55690
659786
98752
372977
27761
176527
277730
160697
1538334
1155129
114945
1070060
690206
726553
33600
287864
21664
534143
15375
259136
272751
226091
26573
75231
116097
242033
17182
184636
116914
434895
618531
748010
2000644
294992
45571
389415
76650
438390
494037
1655018
90098
94035
223781
347099
373795
355264
70876
1107339
59225
74076
99185
89235
486453
803228
329349
812672
689713
844101
570441
67971
340530
1399623
174381
1429994
223027
261313
85981
1291938
503493
1147882
335446
591723
210113
228018
266357
509509
516040
781965
473466
511460
78164
157333
74730
100033
335750
652794
387417
659371
388149
115342
117646
539441
446296
1535306
234596
223552
698982
24554
453369
125961
124873
723949
545036
1155922
213276
19480
53637
146442
34158
64797
79855
175174
115982
102292
25976
369069
28070
81861
115600
128390
92326
28013
80879
596166
200513
1490455
230928
645511
207046
491849
713509
343289
55557
589870
539840
831649
267275
716883
34347
490947
50401
503466
191338
178022
173517
106780
14502
181962
67192
102294
45792
205415
986658
83149
115183
163830
205462
159235
298501
1173288
35007
18738
264104
50329
944237
112364
281436
82158
517441
897144
233417
96627
62261
13792
10158
90305
15531
80683
246216
233347
412477
98924
21817
1136841
804951
45771
73671
574530
117834
208374
17639
737736
358178
84663
21088
555983
69714
122662
284392
806050
322252
68714
101957
129661
58989
19964
20859
51883
64255
128537
142050
55901
64437
70743
21985
197551
66721
63341
53855
826733
75093
74919
463909
55260
55230
42380
29164
76083
77904
142000
185061
226750
112347
11572
19309
31992
146064
57858
212784
312994
127154
31408
115882
116570
16788
53893
185565
513323
212131
42563
4654
185060
48397
75853
23715
37099
124140
101656
12712
108696
39750
658059
198909
496143
97003
448239
31506
111091
25880
30589
16964
44949
15928
19959
7459
37132
147095
439345
126431
293644
427190
97855
337416
147059
265194
1128854
91509
691571
108391
104052
63464
1196883
90065
106305
44346
472235
637153
134887
237751
688105
30338
251006
304444
704533
267191
714188
18512
375095
58925
234272
199668
122762
390070
60710
61433
104331
67373
742256
527519
431784
134636
269354
60592
452505
101354
406431
1217449
978767
184831
228218
123456
257575
180987
745955
57800
702498
65479
100394
285400
123127
54261
750311
112973
185303
355933
249968
83901
287432
63977
82104
246419
407827
393535
10308
166349
8647
424277
211543
43583
189486
51358
26038
157147
42402
405972
101563
50625
272841
19915
275617
55058
199489
198490
111484
46195
881712
176397
16665
27566
89341
123414
135530
313096
319655
88885
354757
27989
75058
79701
470329
38147
502752
96541
654939
416316
105088
281232
238292
63742
53390
163964
286336
71155
271840
122931
182824
39132
112622
234182
131478
179098
210404
114445
