981680
1385694
1833465
251775
236025
535641
449687
2216310
2485289
2194981
1235198
683825
1638991
390142
2111550
113080
913015
279933
311518
1900
412632
114248
364376
695572
197511
692082
2108907
567731
272011
1134487
747969
279134
2324851
14231
725293
882030
1763938
1502958
1296104
790862
639629
2437354
1058344
356411
592687
638287
2472101
87680
679389
367002
638048
1000992
5822
1172652
354743
324421
693041
934685
1722021
471276
96405
35834
881901
272515
14297
624213
562322
1645750
325328
211967
278669
122846
727860
2318682
352768
1428990
1140
233061
347526
2400
252874
503115
1351967
273396
6223
72264
37529
409835
332207
1287657
328853
33095
1675533
248998
791477
713653
1020164
4402
657381
16602
742718
353119
1307770
101965
642633
1195372
1911329
1675870
1118702
29680
1584996
284937
348631
1269489
54996
1265922
74735
220925
335996
991339
1495975
41492
474036
903909
238158
1014187
269987
914162
2174348
581880
3803671
1364124
937463
85740
1299977
48809
451282
572598
1651162
1623185
872662
767072
560651
284203
983429
56808
3058380
299897
561551
303903
1323412
1327461
1097951
526968
914969
2095918
990272
209002
245315
484841
2983630
1244424
1563047
427654
1607872
679036
1731499
1030242
2941533
986449
984507
1031759
1244720
579409
538030
1091386
1999164
679270
1135826
234235
97783
34589
713194
819015
2836959
618710
1453632
387261
291595
88566
1522389
366701
1287201
853706
406503
994479
11902
756805
1541212
49475
288184
284833
1259713
59248
808600
467596
809537
888604
697815
101697
111746
12690
1405004
35840
257715
2249
76989
1645
2075883
324381
42
33538
1142172
959547
1608739
1112037
1356705
1163427
287348
982765
309282
12703
2001598
437355
1993201
395840
1100163
422183
708311
805989
517519
44890
70173
476234
746142
274859
1077085
4490
306852
960
1188870
1280876
484254
964599
104127
883639
