200911
304670
423568
156982
214053
458387
516470
927829
1106455
1515989
1136223
614726
13745
602289
413297
93469
309004
1392503
311258
65283
82452
448254
164968
853165
833919
1571925
828990
229518
666530
747025
1543089
317509
1094090
436124
531184
1176575
549061
1123535
1090902
322514
573074
1468294
875491
610696
66052
1229889
1118006
346072
422672
1903902
109599
1021045
220731
568415
405584
429792
577883
506949
1125194
317789
303955
416245
458020
274791
6760
111131
84660
711771
971836
309628
1160502
598659
153971
113000
377284
33551
12399
88784
817845
484260
823458
96958
532409
65058
33030
131375
298801
525262
267159
539247
955869
87578
181446
191054
1136586
393059
846102
173374
257943
1307205
438046
733655
257584
1194301
581695
1106328
1942468
1210042
513800
118577
847189
147360
170501
440826
243509
148107
58296
1331022
229424
196940
1179880
413728
1916703
277070
82506
231646
186141
241368
313543
591231
827328
621857
850495
179742
342505
841380
743982
278828
1817588
1314713
808311
226905
606426
1195667
839548
487931
1724925
56056
591172
620035
1271902
776945
477736
204814
1339308
1238509
883549
214750
341944
694939
1474460
475303
676734
848248
1205873
492752
1364431
254085
801760
273169
684113
1154103
769569
350791
714662
102107
847166
102144
267776
65006
345854
196341
885196
337164
569978
394056
2255231
330808
328377
52856
837802
988147
201637
736269
859989
834189
188817
1198061
938272
314044
211915
624943
290108
43645
265558
211441
515006
877621
413014
236426
883280
13896
253068
344312
310555
1005295
45737
336775
610388
47595
390293
28051
179342
288042
868366
1007880
313681
524725
1087624
538485
591712
115762
803872
447170
777657
260793
226427
106091
614966
203014
423380
223037
1351116
435035
48992
668320
132472
28942
453124
1011140
986675
573249
689474
418057
40519
266421
220826
427929
483544
23407
74798
329647
755121
141823
364540
532327
667146
892075
154132
30680
890242
217448
305603
520817
115682
1155233
513476
13789
399805
70841
151624
186824
1299569
420995
46213
84094
841336
203619
363225
792409
525407
291743
2083586
1141547
217613
397544
919135
330552
326100
105133
236418
262334
1054516
266239
456634
131069
42088
1373
77113
62083
87257
52235
204619
1097300
242573
66650
426336
203899
364958
230446
289769
32209
861552
21169
620423
110377
496985
38167
980871
1027264
77051
293781
49679
71476
250267
151565
66031
115620
369336
134180
71659
114319
509784
98183
45632
447329
568932
52197
170272
23447
889881
144125
299911
302728
130889
311814
767528
75642
1966096
88078
821956
902773
539923
72754
302158
4489
351801
43598
375238
1226954
399701
265432
306225
30847
33997
358203
1083744
515064
1647767
515123
319733
765263
174669
483067
1131933
930970
554737
65302
42448
460184
546191
39836
284864
827575
71788
128148
313674
371897
1050497
323262
609684
256319
466838
1126345
22828
85503
745094
65729
140450
184716
1052165
1266964
226650
101520
1025711
99118
1061607
550144
455217
1508970
344192
1134806
1274922
1429087
1316096
459326
510815
1259046
1540190
511865
637798
173788
1152803
98836
1566986
41357
58595
151555
98834
56542
371865
1399468
1081275
416855
476883
42893
440700
45297
153622
969182
390347
687002
79737
429151
1280739
119226
495287
189622
253735
782173
504477
121756
27838
70406
485046
249268
824049
85380
77437
52773
342825
998459
65159
83525
253237
59063
28405
75556
401527
369022
117386
642246
1777180
714145
437078
592203
72314
254540
919985
1746003
1647250
929430
406822
110002
136096
410979
1062858
490855
78353
422800
19543
511537
1012677
76118
267316
525845
178482
168774
213275
300744
450253
517206
231379
865870
2096041
933072
474004
77675
1641455
792018
1232155
633413
1280231
405434
1120905
681560
258988
939314
292634
1023393
98682
51920
139064
255129
398789
468810
1437847
779336
1458962
115754
81912
737565
633656
111411
498134
897866
1496932
784681
286372
181659
1223200
209366
1635252
1011988
1113862
581655
931292
37261
964680
873454
1351965
569262
337984
354409
549232
1191138
430605
230216
1576366
554994
817542
726225
1456203
52983
885531
891975
228439
895012
1469826
515628
294447
350156
376294
231232
231489
2154005
697373
969566
552514
87447
469514
529401
50103
809391
802302
194931
430031
256091
246759
534591
474245
1693660
267527
152435
734251
513535
792831
661473
990963
575837
464151
354322
915666
53462
353443
85386
1201795
1799372
357716
1305631
1866131
225913
1966213
797938
1556745
114830
756876
299397
1273129
92090
126597
246157
285438
251910
1120482
60110
1223436
163882
561357
551903
1294677
995223
1263157
2086955
315281
535353
1316887
576825
587947
633714
1798622
160099
1201395
215131
1328676
1406874
479127
177745
1203604
114120
437445
579256
176394
989768
1509605
668753
2110065
1373269
963216
1281246
304623
841575
1956174
815460
1531111
1047558
267347
218895
1309433
748463
1941542
692138
1392914
769963
1047994
277674
2088462
477211
2427823
548180
851569
219295
127805
568596
131274
620551
2167789
853460
1073008
366773
97697
115508
536353
517031
1905120
1284057
442996
1500844
59848
538728
116814
112938
844091
1160854
1287517
286569
188333
237029
71844
346278
73481
271607
378140
63998
698746
125301
409215
127405
866396
104100
117020
88681
67557
48330
654325
336786
1485930
195461
1398383
659359
640890
1052874
631287
569535
856657
926649
2583301
293341
820530
72436
439569
39654
464974
271377
353909
71415
22934
23768
170101
22485
120214
96054
928901
868468
281213
131894
1182355
365369
435029
523539
1375902
13288
1321216
685042
554066
1418491
537466
417106
448120
850638
2169829
310205
968677
206914
8553
108001
155107
130235
785120
274509
890866
511201
164669
92164
1255953
861896
210679
248905
777217
108946
402052
88143
808316
592102
193385
813407
734714
1207060
355725
513123
600942
643062
50517
239970
419032
723508
402045
40762
682098
494135
701229
93864
117598
175591
356659
175485
106222
43067
250860
209009
1318964
18595
634267
264889
42128
45156
221581
230471
29221
307261
608093
549019
533825
527313
16682
31326
74322
62296
266132
247053
679596
129166
150873
294351
60929
73718
259886
219655
542894
412486
1182394
1759
948124
545103
552757
37639
460034
90333
342226
59392
69659
87907
974709
383013
707428
280001
184071
16819
108654
17998
99388
127167
324913
12342
7858
16759
71856
74354
707809
177713
567860
213969
431051
457646
219949
205936
1394221
471895
912258
232048
259335
87602
1591848
108329
2067618
163746
662058
1207151
296681
1588955
690499
366153
1175291
332197
661908
345107
806119
184392
400968
871275
264084
351497
168553
978626
656323
142431
50485
868563
1155676
905498
524651
752921
159441
337550
1720681
963388
1297099
1123147
2216970
712209
699927
309457
1027271
514728
712125
81125
907832
519116
255844
447130
61866
93539
634570
251233
259160
262623
260955
28419
199409
411815
91803
993453
562437
637149
74178
300003
42591
802635
349549
976699
285682
324924
661787
519871
67128
504415
16918
32936
134169
21968
296437
59191
374024
548083
164535
35673
1365499
132728
81084
19433
435083
321936
543994
205730
613552
1045206
352839
81712
471327
779140
764549
64645
350267
1072501
772049
570872
220723
248817
338296
235302
157754
824253
114837
76938
384212
731324
1571062
53705
160492
203793
372866
458850
317001
244937
