76789
172351
95312
39293
114625
297617
125187
473648
311971
1643165
159960
240035
42488
193484
443749
141208
82714
350752
165333
51354
99765
296697
101495
427422
76624
231522
129337
73448
358036
470005
892556
245522
1204354
144195
225215
271043
606463
1047982
1163223
378940
151324
922340
353123
285748
132192
492225
203174
184967
446519
979842
45446
571213
50084
193622
212738
231376
235838
533383
806863
65135
456421
554254
82328
177122
9689
16656
85025
584456
5168
324966
13614
162696
158259
42429
145472
10384
10923
122016
12707
4899
76245
24655
444484
39975
42943
165711
113418
287648
172830
101557
573146
54457
180781
151818
504734
81397
415638
57535
37791
102009
40947
380365
10235
213049
429928
304727
883018
537251
365634
36259
360392
133626
21404
268731
127680
42931
42674
317399
89738
168870
458517
537653
894309
193883
31384
185731
116781
270350
273988
401849
972867
424508
69708
50341
21764
176116
205840
221063
699750
416388
658665
187949
127472
30612
460479
531260
1585314
79930
487116
419766
719494
573089
347030
341390
557549
992412
145693
459735
121189
128514
907618
75591
313463
220602
933710
431428
772261
172329
603000
118140
441432
707781
125470
137354
851708
110645
90482
114125
250671
39031
235737
215978
22486
320811
529629
230677
1147747
352216
47550
85670
153848
46960
49894
23537
479911
172704
54917
380935
754240
246729
59029
34450
93149
4809
39240
96298
77650
734882
7122
121993
88756
5500
484782
178637
262616
53265
28952
23029
377710
88394
21968
163690
183040
248216
322035
313960
16998
16990
282912
466208
377011
16814
202957
87471
765883
45254
58820
22940
329889
5418
40640
323613
142694
195559
25389
369103
278778
45629
95150
244017
781081
81379
151401
79005
38324
148332
40771
126151
58541
14261
56025
441762
173519
190175
183218
697721
46704
159226
53546
197
882947
63787
164435
29063
45032
9647
236362
10701
435540
51313
91646
86507
108185
194100
6446
96850
248989
220235
443787
46646
292315
114618
1632838
1095441
191863
78841
421230
207848
252966
198247
180108
36858
1141934
59924
3158
12747
44803
16
82607
176072
118788
19005
7685
363851
38374
30617
55813
32518
150650
77274
23937
80948
56981
25640
25072
25322
229825
139
201842
1139574
142964
281734
3172
80943
366192
77964
22898
36984
105372
18109
19627
96034
487121
66611
40291
162953
645237
21919
113079
94168
319161
30940
10960
52574
130260
101704
252426
10397
1457065
87834
480316
605575
485809
292120
104702
5166
349039
32061
120976
858794
122423
69605
422
25969
112823
126422
782830
130042
557882
75369
107621
268017
88621
262688
550042
86012
640150
41118
64770
25555
163117
35990
52527
183430
114620
216431
67478
12826
192938
19561
554880
130771
386487
15729
331
33500
338714
52956
32362
217224
670645
984838
111379
43982
163820
39066
944791
15031
479152
438793
166122
239630
3309
839161
1093039
280977
193532
420988
1276534
46338
585204
308672
813832
34315
1045818
14896
22421
65140
45968
42832
609746
764009
257346
332736
543986
21737
277379
9210
15331
684597
43374
139843
28145
57084
1031893
51789
313428
236397
154557
29684
43016
16871
56801
15391
504558
144928
86263
39207
61937
4608
267350
18921
81254
90089
141915
127804
24
28211
286057
360387
140230
620238
238876
741622
314357
224966
122191
122509
386094
208189
937408
209706
142803
134312
221225
180463
216231
7991
146509
15
4555
110833
478233
73974
363101
79719
47449
52498
173324
306805
281446
380154
167044
400797
1060067
743971
467639
38424
206064
502932
1298630
365590
1477586
134029
1058676
259879
126968
1060678
440494
121932
89948
79532
112552
12621
134464
10495
270477
315230
776962
118156
36101
17225
208684
74760
208259
123781
385251
184947
314398
39540
273008
276446
835108
889949
568202
516579
159627
181904
824719
56598
276277
395976
37364
372394
20298
439667
166944
314484
395538
226062
150330
256643
145915
1081
138987
143845
130166
264135
850760
378362
160047
354467
224952
206086
376512
1684197
485956
996656
37151
183270
20844
156896
53444
89305
678292
431530
44537
345005
123758
197678
16458
1283698
169672
109397
58360
19869
572113
586846
868986
159347
308885
55340
602135
23437
351832
41741
307267
234996
190668
1326596
1089855
124294
1058507
660285
715683
37498
472453
19566
637800
9310
146526
274778
200858
8738
75778
109660
161769
5603
183186
133779
439240
702412
870023
1919561
461966
145962
263363
75326
505738
411763
1571880
33848
90467
308341
206952
360672
240137
70153
1117211
98301
70901
238809
25185
455080
677309
315152
704605
614448
900700
511708
23010
226674
1536031
135557
1469199
238355
229211
47226
1129708
526971
1159841
386561
552074
199400
196899
245037
549932
619031
680108
543872
486086
46053
106464
84106
47366
248267
886355
469384
574460
238043
146697
63726
634874
354412
1449577
101926
193565
646301
19922
485726
70858
154900
769679
559467
916076
148159
39116
25190
72305
30337
102447
16383
340725
84132
98888
1315
369008
14453
25282
93530
31290
67320
17268
39848
355040
198276
1512568
149018
757015
230468
434848
680068
422005
69972
410833
482934
916192
261541
600494
42131
520374
81294
440800
132395
123665
174820
39821
836
231575
39521
96805
52636
155889
985140
79729
55633
118037
224479
99975
317106
1146293
26247
18708
147798
15167
804109
52601
493072
41134
480079
886356
234490
190233
6792
8652
9739
74587
10468
137766
292970
236197
440778
177661
16994
1151354
510770
61371
35600
742818
64488
219396
3726
643401
441340
106911
17917
613195
116231
117201
295289
698231
231272
23183
86910
95208
32930
5896
53342
64440
6833
70954
170285
20527
52825
31419
23388
107838
66165
48383
133451
831046
19160
78810
500868
95092
12343
66197
32356
15441
207130
161830
141282
310932
133187
9847
10852
48331
77140
35244
149248
540804
39044
76454
64293
147634
7789
67284
259954
482172
312089
23154
36
154968
23880
31845
20952
98893
36521
193728
13458
86759
19480
661526
104978
430369
80196
353039
10719
200488
27081
26130
2965
13875
0
96523
451
92285
105686
307449
108343
221860
288971
70709
208912
150440
475423
1136246
29527
806330
124012
137819
49199
1041667
51369
140107
91348
434050
557758
273310
433451
504580
22912
371772
214465
457490
204916
698278
20694
503314
157341
345160
147060
134626
347225
89515
55107
90553
91058
548707
722764
268406
73034
199043
73887
414141
125595
529577
1154158
1120261
276140
160739
58690
188010
162110
809701
39999
620185
73801
179890
121199
101908
12198
626360
145347
107600
324270
134376
140848
225174
67650
77000
185954
350923
359102
529
188180
76
453746
173946
30719
179864
58815
3118
176744
22766
252817
73784
38963
232745
18107
121647
112165
223202
116333
53196
107289
727642
308444
3872
64011
105028
98956
127878
202315
214228
243004
217933
8854
57750
118091
617664
39353
467015
56868
745118
210460
133595
301424
285062
179419
34981
85112
297113
94404
209412
113459
234768
27004
197661
279796
180424
270336
301802
162799
