375
1795
5266
111
679
5561
12980
2063
7266
24525
3192
6288
148
43
4415
66
4773
8405
12387
7650
72
6238
208
6846
1028
11246
20935
3465
635
8007
10673
5155
13988
3229
5110
10005
16484
9310
8775
5291
2845
16727
2847
7461
322
7882
6720
9753
1675
22519
224
7723
113
193
6966
2360
200
11680
9525
4905
6942
3676
226
1254
128
6679
189
7399
7479
1739
7664
8054
8650
7
1895
5232
124
3945
7665
4982
12616
790
1375
25
760
326
693
6967
1769
7816
7553
922
200
255
12385
3391
284
350
6131
7904
4833
1291
558
11713
5719
17324
24023
8232
242
2611
569
9873
17
208
4505
17
207
15039
1011
1708
12011
1967
20832
557
64
372
4957
7310
2370
4374
23879
2295
8231
359
567
12254
5449
66
19458
12949
5381
5824
10987
12786
985
14631
16620
112
13129
6664
13350
4265
2960
6709
10308
6603
13906
69
6603
7593
21949
168
795
4678
7726
18380
14719
968
781
1994
11063
7981
7897
3429
6382
287
9186
1616
5172
193
1709
1506
7667
3474
5409
638
22107
1573
11297
37
20794
7549
134
5845
2562
4909
1695
16454
8334
790
19
287
1503
34
895
2622
294
7513
6
740
11565
12
4252
90
2949
7729
15
21
8699
33
24
5102
5179
279
349
6647
2318
2556
13423
9247
4302
5815
221
1993
7546
3801
122
5937
7488
361
136
6906
9456
49
1659
3586
296
113
7802
5095
2670
1845
3636
5939
171
516
1510
7260
6686
271
5313
6284
1898
287
392
1670
7786
12770
8
10
7587
16
5205
7904
22
8226
3227
23
8048
731
825
4926
7549
84
26
646
8135
7492
7380
10450
1647
9717
15003
20570
2669
899
2417
12493
1724
3117
1744
1673
11227
10017
5373
2282
685
12
3048
1850
641
241
18
15034
88
1687
236
130
257
8783
8133
92
12653
4
6876
677
1167
21
7009
10520
3633
1326
164
16
7397
15
5061
49
5872
170
324
321
5974
222
657
1502
7455
45
75
729
8919
175
648
1822
162
17
7895
374
14942
1396
1136
12539
6175
1748
3525
148
10097
276
7259
10056
4017
772
8
2
781
230
7748
4873
20369
1161
87
6968
5370
5060
5924
6887
4036
57
1760
1017
6963
2370
343
9372
6239
5023
92
7527
520
20
5493
4698
5536
7608
7
48
626
1009
115
2511
7444
9906
4872
1915
8347
139
7859
13262
5718
6513
8157
6820
7787
23610
12317
8056
5501
12950
14872
1782
5212
5647
9975
42
7757
19
24
2388
356
263
4969
6403
939
7394
15110
36
441
1747
46
14931
423
7528
68
267
10296
655
14459
16333
3956
7514
26
2521
665
221
6462
2375
7615
1809
3
2587
10236
9353
21
1222
817
31
5111
238
1732
93
151
3731
15838
8085
1603
2384
47
10052
6270
22262
19006
5791
48
1250
3573
6689
321
5150
43
65
116
210
19308
265
2523
15800
8413
155
2088
5601
5065
262
5111
10820
15464
4248
4638
793
15412
13140
23948
6674
13860
365
9922
2638
165
11991
4376
8593
1780
783
5880
265
603
2062
12549
2000
9889
7107
3467
9070
8931
45
2588
7519
16436
5897
680
2298
8301
2982
18626
12551
16997
3393
9298
3406
9143
7637
6394
2453
75
3590
7409
12945
417
5353
11601
5837
3880
6685
9379
1652
9196
216
7291
615
9216
214
5337
7265
4567
7465
4462
20218
14031
9281
8063
1845
190
477
1936
6597
7338
7353
10021
6139
1856
717
199
15129
907
5502
11995
34
4078
12127
9411
9777
11936
172
9718
20
4355
1946
9604
10636
199
17451
13998
264
8750
5627
15645
135
23765
2633
18088
7163
62
126
816
4941
9329
7884
5355
5728
13249
118
16624
15143
9226
22077
4395
7208
7863
6917
6183
2518
17826
3588
5855
260
11327
5792
764
217
20199
644
2847
11329
361
14426
16598
5175
20055
7306
8249
21766
4947
11563
21176
9498
17554
9812
2162
1829
9106
11880
27042
6129
16339
821
1873
109
15764
5633
25511
219
7030
31
3761
1805
1778
4032
14586
7861
5029
3515
911
1521
6477
4835
15580
13015
7055
16570
31
286
1539
26
6159
7108
2649
8694
30
7
37
187
779
1693
72
3751
3217
165
155
2281
7831
58
2508
185
906
17
2503
10397
18394
5304
20082
138
2995
7438
7494
83
4895
9273
12447
3002
4638
529
17361
34
24905
1927
4990
83
27
19
1572
4848
273
30
16139
11708
370
1627
12265
1883
560
1446
13934
74
22629
741
6415
9019
753
7058
5085
5287
22084
6956
14173
71
46
62
1626
87
5643
2238
9230
6633
276
282
16949
2652
645
263
7713
13
8992
265
7184
9434
200
5267
6918
19026
3766
58
289
4061
4826
1429
2707
12282
11
67
870
24
1775
41
753
2638
54
268
82
663
22
215
7736
34
223
6421
570
5
1688
2373
6
774
9092
8414
235
8856
1
6
1588
3951
1295
1329
7943
44
47
71
1160
2031
25
180
5711
7604
9836
3
8842
1800
6634
173
2756
69
928
16
139
244
16903
5896
8452
148
98
8
313
1574
23
900
10013
11
6
2
238
5113
7276
2312
2915
1990
74
6836
3340
534
10794
7659
7752
341
1169
242
16181
43
20492
2323
8113
7970
1243
12519
5208
1865
10111
5106
5676
2225
7259
712
7427
8550
11733
1668
133
4890
15186
1721
3090
5157
12173
3462
6132
2275
3803
1964
17616
10092
17949
8833
17464
1658
8205
6072
3724
2196
7576
20
4798
19
826
146
784
6096
19002
3154
1660
10147
4622
4873
440
2027
294
5029
8173
14290
29
6774
5
7190
5360
7740
79
5028
26
71
71
87
3
33
7368
12
3184
494
188
1130
1771
27
19387
1748
4915
2
5103
50
7706
1995
677
10061
5109
4884
6648
9207
12743
26
6976
7660
7629
159
5644
4892
2474
33
3751
58
5615
1212
1765
4846
9854
4923
204
4630
248
280
2124
128
