61
271
617
227
573
468
872
285
532
258
788
695
729
229
513
195
164
847
35
565
303
216
696
674
466
510
1192
211
39
514
754
246
134
718
795
211
427
427
712
566
537
960
582
267
481
477
245
872
646
622
159
183
12
405
236
362
636
689
1020
27
594
68
346
230
24
365
671
212
406
417
465
496
358
299
362
250
290
11
565
459
280
292
312
256
434
15
197
107
282
783
616
15
876
27
898
161
628
310
315
337
653
228
389
374
721
1646
1225
68
262
207
583
27
645
415
417
125
514
463
48
247
810
314
1074
309
528
443
348
125
902
440
464
563
397
537
670
721
576
646
872
687
469
766
905
389
782
240
613
496
340
498
374
612
558
121
1218
802
681
727
498
598
820
1113
400
1243
532
603
1141
1198
1488
261
842
994
690
138
1014
64
889
98
549
44
209
47
572
178
964
439
440
84
247
14
402
389
194
1126
526
668
237
468
384
56
102
937
329
449
123
10
397
196
48
407
310
8
68
27
434
573
286
239
645
54
11
6
361
443
799
198
1281
739
530
569
459
370
841
611
945
584
150
188
95
92
337
13
696
374
38
191
372
36
618
487
454
108
54
113
574
271
