35775
49075
212820
21949
20714
468352
262929
651907
744351
423739
806029
677947
23283
21193
26620
27587
64110
1494964
165792
56908
80116
398276
133091
723319
776199
1546737
1196794
111163
142526
219716
703947
461684
198438
409860
292166
1103127
219666
521351
140083
237875
554379
1132748
142174
859848
71603
1050779
1033230
189256
64069
1151507
99021
1135653
15707
27944
505044
273958
151908
81920
867759
71051
81144
4462
34494
109839
1098
70486
133731
245545
802926
46707
1592354
385180
116228
5945
102800
127984
36071
58212
1006503
681770
969062
59292
216488
14475
33626
40945
544807
384738
71452
756328
381076
45763
162955
113496
1316448
127909
744277
263822
188394
959197
348496
463547
173331
1008594
239232
1149116
1964056
827986
99707
97768
734574
25694
7594
124621
23685
104823
1938
935449
76246
127601
955871
172921
619604
14746
93701
394190
75249
148654
84418
71616
208749
534518
986424
106296
134849
987143
566683
95988
1076843
1099992
51932
43824
772314
1227803
679047
66531
940010
9668
323650
255139
838783
763858
632706
92611
985300
31878
872057
71092
216210
461370
739783
693960
263964
459300
1436712
339589
299343
134043
437807
67698
227653
706193
865451
265846
126003
134943
984982
22026
281000
68002
32671
5565
992102
64154
142336
24124
1968242
12733
93749
76913
942814
1155786
54256
366277
275716
678975
255719
891599
167018
30548
18976
635291
182976
35162
185411
13332
373857
611273
503618
38579
295215
15647
110214
81570
57626
1041869
4500
554834
703022
18839
72466
13523
184501
222737
1001440
248963
505102
570174
1074878
179123
578944
176785
825719
202021
815664
281825
10936
90052
134050
54469
688189
798
1435634
25130
9304
8424
4069
11082
171533
1016203
701666
188628
541808
71005
25035
443277
44380
88165
1037060
8916
37821
115658
952316
32748
203447
150689
868916
993925
85737
94222
755692
76222
143829
358975
66898
1454572
216424
7388
70717
70165
19644
16184
946926
704601
43494
34847
357450
182444
58268
823564
135087
302968
1234653
289991
96917
112941
885629
136166
150407
36589
237721
25169
711991
109457
625909
78964
85124
1049
73112
17780
72447
93883
391380
1126381
286012
26294
652860
9903
585699
32915
160327
14058
944639
3413
950585
33081
50088
64241
909903
198695
23701
54460
49095
59180
89755
17653
121633
52055
295500
31691
49584
29067
49471
86521
28655
656646
65498
3118
157985
19589
599268
106002
541506
616994
64779
54961
795499
6807
1194262
17966
228591
227947
184095
51026
79928
167
21455
14333
368779
1103259
223793
108604
616266
2904
17449
96839
1301098
742850
1112122
225099
47194
1159745
87546
143680
710434
1176140
39285
26999
15530
685146
436282
99210
30637
810264
87478
88301
153837
190191
1200959
22419
584892
44102
338068
1838099
20250
35999
432869
28640
37016
21299
683807
729318
103023
2470
979521
5408
263505
831341
146500
538529
294287
1348864
2054540
780810
1468786
154764
251304
1138715
347771
571638
154721
46209
181321
19639
693685
58165
87813
43521
25525
72989
227542
845381
940991
88248
14660
6900
63548
20934
1904
170924
162158
563478
8386
250936
1023082
88694
57914
190490
94986
775550
9451
120234
103000
36770
500543
295804
1017102
57281
10499
34210
64013
902032
40114
89835
13926
4053
55524
38059
168395
116266
55166
516596
1857286
305872
56256
830999
71335
179970
296579
1969930
608160
248399
84402
30602
42307
171434
668425
619851
105952
548636
21899
951833
1094520
148787
84745
336594
76928
191119
151032
134156
534101
169538
104241
1143078
969931
48378
59776
115779
1525084
614977
630295
331400
454646
655331
690319
657215
45097
104500
242409
916449
44461
22346
161078
550432
180608
865585
1284032
393779
1061269
22434
72738
855053
602647
16425
605387
978098
1346004
623709
161128
77854
854959
225259
581723
869884
850889
304305
985262
9875
236387
1056205
518515
87786
669315
37044
145784
1243615
638047
106415
1290102
715923
915287
171226
1341518
14896
355535
891811
18763
1053437
1102914
761979
155826
42387
27109
75567
57716
1323613
217116
830900
677483
121160
701749
573096
32301
965348
56917
133245
412499
129011
132958
336467
673915
551154
175401
13768
585625
559292
444160
705170
371959
335349
67269
547877
1101448
21455
47708
47137
870896
2324223
120752
135551
705717
130096
1331193
66642
430966
51126
803270
42627
1242524
67659
28936
136594
206906
48480
1143274
29810
1259932
213085
398619
565347
1015217
690708
1207155
922073
195985
756816
1574370
409091
208644
282601
1118805
29063
1077019
90089
539206
953638
698541
20265
1034403
160449
768519
489917
29818
629487
617321
676835
1732165
813580
137662
1275279
139030
654547
1965512
615175
1092416
1002610
135526
155379
232575
137335
1941705
133051
1379834
366659
901315
74220
2011339
123997
2177524
178219
262197
90709
26200
550413
27236
446445
2173840
109382
425952
39944
54567
60794
234421
300236
503913
2166885
703149
302446
27885
116138
32649
54040
51665
914686
284159
80356
22486
15961
146793
71125
20723
112404
25368
16202
540770
8192
18759
45071
929326
27551
59504
50982
106186
4565
282986
265710
175381
141599
1365229
922866
53548
289062
27295
713086
559494
318012
2459291
99510
91416
16130
122965
16106
35184
4563
173361
9918
36494
22335
33253
31056
105765
19797
1039061
182305
91269
127671
1058859
436256
136678
129009
440176
20404
1663939
640305
897089
232527
429153
223334
566851
20694
1657044
51152
356782
22438
2656
59484
76213
249698
804523
52136
872146
64002
80660
47147
987916
122381
3607
30547
102001
52313
41251
7771
69305
66382
92241
1302660
652596
1045802
140776
76556
300326
197113
64078
9521
171199
915310
170484
28072
19257
14224
619008
2027
68474
19740
502488
87989
63133
21278
74785
3934
1111120
47999
998697
6412
37284
7391
117412
243122
21673
94239
241354
219509
865989
75854
28538
18850
33073
10122
56
24462
625094
35690
8709
16399
25681
83902
503765
59646
71541
53486
901825
41882
1031677
504163
297259
21225
697597
9148
568003
32197
64679
16784
447120
782955
750438
112739
69747
342
24097
125
93602
96885
68681
13684
14225
7906
25515
19428
280956
174956
252151
63333
542356
456626
128498
133726
462315
379652
630025
19735
30508
210825
629417
52714
2750399
132408
332062
1071767
33339
1811737
588466
404085
985857
171641
132256
67818
81191
241606
121624
876133
37795
431183
51919
667360
215356
127867
94165
1316130
880850
801128
143844
665211
52209
78214
1255942
1156997
845986
305479
1971458
906266
599868
144620
462674
347779
341581
15343
96406
40581
28245
15048
22825
80819
68398
106327
109668
107089
61279
14069
109913
240971
173419
732330
100013
546929
96222
538004
21551
15836
56335
1353636
155611
269407
14761
560022
51895
523899
25007
30010
66263
1780
26452
10919
548904
493805
51437
9573
1325168
21324
38784
11004
140834
664858
267569
26041
563687
1046623
175250
24381
514185
684259
814138
54004
163307
927453
313875
10453
93635
188868
161466
46887
121229
567501
56464
98120
283394
668553
1542525
29419
143336
51991
113853
779725
150034
201539
