4505835
8308264
8204805
4713128
5425659
5261151
9347872
3895610
8073700
7292290
7241179
6886697
4795806
3927624
6791909
5364400
5574284
4710365
5396048
4167279
3649813
2382944
4125131
7395594
5790103
5931368
10441232
3415594
3674186
3423163
7363240
5863139
8207556
7333548
9800844
9178554
7799801
5961521
8258695
6678016
11138587
9906685
12347918
7200306
5528797
2528823
7414194
3460827
7518591
3629546
5161610
2866350
3027655
4001578
3915082
2398345
9599906
5638647
10665190
1484894
5215707
3528076
5895485
5042511
