613471
611605
592803
556020
502313
2389604
1835004
1212444
1178028
747382
1877642
1568769
601530
1046791
823009
207
996104
1849019
645806
1469304
796233
852326
1309503
2194350
377076
1237695
527670
1349116
477402
1055650
961177
109022
1651626
808379
447771
713930
629406
651841
1110160
935482
1037816
230526
876617
1387828
727407
1860681
825246
788002
1130083
1186461
3759
632551
940328
457905
1091163
281017
981135
680113
1257534
412983
114349
272741
308187
231351
1239280
1334687
795101
414673
1185574
745657
419770
302272
1118085
987026
773884
828002
870535
696099
1459582
391661
768438
41830
1205028
411842
473528
530760
1315503
744384
494909
831012
1411900
723144
257929
243491
994117
2729211
1705433
437512
546113
272390
1218988
602041
1124187
408070
1667951
430843
1204431
593158
984332
1459036
1065441
368678
279605
1231486
371891
15165
489870
135209
837792
400790
317062
1373669
2038607
134511
2301756
448496
1179764
115986
110192
1312664
3129088
1088308
1846169
455571
412988
1037069
1152139
1217608
711775
804424
615604
774520
751600
532964
1561311
324389
611921
615849
861504
944843
484150
655884
1699764
545661
681687
324298
1116803
368236
990675
439245
1201962
560877
2487448
1051609
352623
515644
649914
747447
2376100
824341
1000402
1705485
709956
766692
1792356
1323213
1597738
447140
977779
32458
1529025
662585
1264077
1331127
1688678
948020
772667
369063
369789
832063
1201751
637804
409215
1685329
855716
412599
1430713
1780468
822143
51929
173550
375046
170117
1000654
865399
335675
297698
1857
458232
438259
1244344
921022
378996
736854
352226
630148
391071
739114
1275423
1481390
46030
280306
918411
768653
1081766
1945284
404917
555743
912550
1177094
367362
824173
851366
780095
2825767
906538
634316
700879
96280
561616
386269
1220310
366086
820475
102803
842567
610437
491
1001328
279588
1295304
1076580
7367
14550
963220
20526
