1315519
224074
1599287
629707
166023
2248163
2350098
1665342
998548
1018284
2620509
2693275
329959
1973862
1808316
419
1712056
1265714
1380251
1118584
448560
1623608
1525943
1730035
1391795
1987502
321146
1880978
797
2556037
836190
134126
1096213
1320577
957775
2162740
704356
1017546
2323995
1098666
1101082
606943
1676143
2765137
516725
3300761
50021
731471
96600
1291330
4912
590
1456828
821269
2557442
663868
834275
2215293
2959759
2637121
11
236
192689
975
1318101
3876819
1327038
1077395
628033
568455
1535008
120114
1377072
2357940
2228293
687174
379212
2350454
2787828
85478
1007490
1058
1843954
110624
678916
2048266
2294404
2734423
147207
1423654
4552467
1715057
75768
636514
1019028
3405444
1909344
902016
1102031
1375506
3679820
1052528
1869509
866374
3745605
176364
4017184
3000320
888817
2413618
3211560
1559416
222589
1115298
533238
19347
1482244
14185
3839097
118378
33073
2860341
1222789
1000027
2216258
1395188
1623610
94080
995967
1216649
2669929
1171779
2037467
772639
1292493
1744243
3163657
1762031
1254292
532985
690397
1135704
3119067
107797
2998740
420050
1391611
1648918
980404
1675287
3927535
577823
2485729
1679626
1670587
754061
1716737
1018856
2598036
897521
2050892
1181215
3493487
1491016
167627
2358527
688102
2897313
2299816
2618106
4731943
4077581
1001866
3305857
5465073
1767836
1314799
1470613
142334
11478
4269078
2303847
3516116
2144792
2724438
1709291
3280887
1516157
1699856
1534415
2048880
677107
145349
129541
1756945
1249347
2659575
1753389
421172
1961
3982
17409
50326
707527
764
57187
933404
590
1894609
1186355
2048405
2726063
857796
2431888
119420
101823
1277670
2400197
4425720
3745398
104659
1248653
673186
896770
1018644
2447665
1167961
32880
1925587
2749348
1717976
1380957
1081862
2721937
3317957
1713029
546001
3241493
519286
1910422
1657019
1201052
104809
960751
663695
379647
1966629
1602
1086446
999651
1376498
1070203
8306
89318
673892
14378
