3632044
8996936
7567152
7475363
9731632
7671200
7059408
4681385
7712381
5872961
7264700
6990739
1621925
6995518
8635549
1896779
7580685
6496232
8508452
5569560
5265714
7651962
7878538
7876000
6814540
6873988
9634164
9153712
4085044
4045508
6420990
8174599
10555761
6226184
9019466
5643026
6521925
8593694
5740481
7040224
9544487
6640183
10182175
11804912
5415143
12757848
11487237
5504562
5128477
7423483
2746697
462368
6636376
5346036
11810824
3141816
7471927
8509773
11111970
7216387
4640012
3167759
7767162
1196845
