1281425
2910235
5346493
1308779
3013761
3053142
4157269
4504468
3442208
4542281
4150084
3590287
4144004
1521398
2609039
1691247
1050213
3595949
1056582
1643615
1872796
969866
3021648
3114330
2698081
2787522
7247456
3235664
1448998
2169808
4365805
1773134
2886754
3365676
4148431
2242054
3460845
4185917
4465035
2981715
3871848
4209248
3876007
2620079
2694421
2300838
3845742
2623717
2781643
3364949
1269509
1616492
1168211
2322078
1597304
1127612
2684341
3066920
3572148
1753711
2724375
852048
2533623
879318
969600
2145390
3321971
1605528
1834298
1292628
3355683
1758140
2958126
3909923
2203849
1835041
697345
382475
2435337
1667441
1384776
2380065
2790879
760381
1322725
697500
1103132
1028529
1221581
4448554
3402719
917438
3535694
714269
4019844
1327869
3328615
1693300
1776303
1609983
3109378
1460534
4073441
1608750
4734816
6335785
4254694
4216076
4094594
709160
4391587
1615047
3277726
2643611
1734871
1031566
2304521
1837904
473176
1643695
4903873
1294471
5589597
1769791
1966949
2410598
2294373
1219827
5964187
4145361
4267305
3218870
1495756
1476457
5248728
2677975
3587104
3240897
5117976
4009360
3053827
3208983
4880379
1697237
4258946
1124283
4878903
2144118
2760600
2063894
3487809
2777972
3109887
2479380
5842450
5773824
3324167
3053224
2268750
2586690
7016868
3160439
4458173
5126804
3025178
2751724
6958605
4707319
6434735
2916852
3822699
4113698
4408808
2200212
4920374
2207154
6895432
1268957
4519867
549908
1187455
1293553
1562699
2293050
5688562
3215530
4675889
1491522
1958988
833415
2603451
2447479
2655859
5545246
2811128
3846099
1010952
3168976
3221766
834830
1676640
3417247
3130841
2049732
1144382
1105444
1165446
1946449
1357078
1151959
2197189
641787
1371917
431658
2390961
2686603
1392276
552404
3064505
900232
385370
328559
2927834
2212545
4397242
2688830
5598303
3881717
2826028
2705058
1740624
1950136
4753233
4002337
5358731
2811089
2067277
1136750
1944746
1403571
1920280
968919
2770119
2170386
695904
1438983
2279629
800479
3310473
1659946
3118872
1554123
1190955
1127271
2221228
2016041
