1124518
1963735
610987
554296
194150
3398376
1742804
1407434
1653179
451747
1544821
1790423
328443
2386281
1072487
26964
2111933
2295255
1098838
1144776
871087
1353429
1894593
1589384
885167
996748
727119
1888175
73302
1910707
806646
265909
1317376
957768
2416973
1614781
1241890
464139
943434
1955519
803525
546649
1314904
3471080
532893
1546067
867908
1779550
518587
340138
517764
1820
2068596
1217309
1277844
887510
1671044
1052465
1913721
1051526
590045
13804
713679
3719
1862901
2176490
597322
933490
1259435
528665
900253
617959
1453636
1464022
2173620
567826
520611
1846683
2304157
588784
390634
179705
1636292
664491
184366
817521
1339921
2373531
145450
1527055
2008775
1202311
1090655
603475
1004020
3564466
1219884
168644
1618499
117188
1422055
713406
2700931
492447
2072179
195896
1093168
1598174
698983
2136824
2487405
835669
1023067
1905474
1267226
187639
910613
806981
1637173
1317977
942809
2278547
1313091
94966
2294546
1287442
1563077
255063
571582
1419720
2379962
1267961
2468696
939838
1204025
955738
2612999
2482772
1452549
1059424
532519
1032771
1838626
697731
2498749
650751
925105
1208052
1271447
974687
1335370
1199307
1855308
1013181
630614
465706
2610752
833669
1890745
565125
1622126
596178
2219713
1859088
701169
1059376
211495
2124548
1893202
2442130
1281829
973355
743377
728894
4631497
1478546
1001290
1001871
634523
28754
1983424
1030242
2297902
740738
3334801
1777563
2100720
797782
825180
1258454
2617361
161240
696635
394870
1862098
1080760
2747611
856489
657688
80734
593780
216741
970848
1326793
3168
203676
484393
11197
574557
203955
2010136
2251876
551676
1582866
342259
1110924
249072
1816178
1639756
2637148
618695
1332330
936169
1012007
1502008
3848635
1365465
519581
1927146
2563378
122069
1340394
1545037
920461
2912834
1551134
708351
1652703
38012
780166
1503238
1108798
697775
484525
90727
541539
1152020
956850
1298746
854626
1613187
1245466
86281
190404
129223
232451
