59381
23078
37787
18076
7081
19874
1819
286523
22214
101143
18674
16729
18557
6668
30902
17844
5241
17470
133783
4213
9211
45092
17816
115713
40213
4911
34456
9620
39654
296872
394047
51859
72553
7357
128509
7706
142563
777480
759544
295596
31106
40379
277516
100551
58874
228422
111437
114600
10951
129565
30855
7821
293
277600
32524
36483
26137
482543
6358
15672
1045
146056
49747
785
13671
5035
173029
165
20198
401891
281
35486
7693
13560
161496
146
19119
21828
0
399
5996
16535
186674
27535
507
29864
14104
273117
9618
47945
147383
46311
48358
165283
242247
29005
30829
0
18330
55165
2620
330469
3734
3888
2623
21058
15425
26969
6949
4895
24135
8108
265
458231
83478
70415
1345
344843
10090
257830
132512
358872
411401
168558
41452
68384
107791
423
168848
275870
1078421
210122
66077
19366
11542
42834
33716
79940
281209
71058
91976
10213
6536
7859
6758
506761
37321
12710
203431
438435
2366
537689
211860
319602
52831
968860
15985
317010
12019
39281
62807
35058
15711
147490
155686
494636
369308
85513
45191
236571
111952
69584
14928
58590
145982
321920
13889
78361
12145
24878
150705
120677
11702
488095
174692
68010
44304
34333
107279
110404
40980
34123
7152
109726
222216
9270
57902
298135
882183
87684
27734
71575
36840
9396
11
25601
1548
543174
33832
11830
15153
5712
23409
271142
1173
4428
841
13938
342650
368
7077
32763
10570
333782
81648
204303
7752
46524
27037
119718
503041
63
252486
47033
738386
6727
45331
67
73155
1844
0
334753
188
251213
1567
626945
125054
36980
107919
116011
4233
0
8547
68307
6891
130370
3663
4687
16996
9774
27
11
176
4875
10456
15111
99861
89809
62
0
605774
9
75
922
64915
215
249020
893
150085
19
123
0
153
520
6180
2352
84416
10906
194991
29
23931
35735
21021
15
10293
7792
153366
21968
5559
378
19881
19404
17594
4333
0
14
19164
71
42933
5236
16885
2877
158
22
1203
5546
209
1437
9846
5933
3146
15726
29607
22123
24171
10746
231
52
196274
22774
83768
238744
17807
3469
279
9743
29364
432
9391
88
2925
1985
24332
8977
4803
46371
28125
233
447
14141
365149
534
41219
20139
170926
102423
37079
9922
37922
17204
46861
427162
140448
124769
29046
27
40154
13483
107327
70615
42501
6297
556
111
55061
109988
74880
118830
369248
212
8963
6893
96715
13120
274582
5793
96519
20903
40
219
72
3
12067
848
614
18674
13281
0
81770
10
8326
0
250938
2418
60
10545
486919
429
368
856
7
2782
5403
79768
236489
13793
37139
4598
464345
7962
23965
109093
145
297770
965827
74645
31528
17703
613622
11842
27077
12382
7856
7738
485747
20060
702
17
29820
13651
19594
484770
167
206357
229117
36178
7978
646
3658
164
22603
105
24482
3316
443394
6180
210347
2142
9865
2883
48697
9
21802
5
871
12126
3174
2
194
623
337374
4474
4994
58054
14881
687
25266
33655
183201
80260
7464
340213
30187
14149
337477
69125
42129
83560
126559
155216
693568
41289
35325
27451
49272
122684
50481
17173
1500
88
2288
1
70705
4132
261628
9716
23708
388
78594
130997
5538
44979
68282
49862
250582
49614
217840
8785
54881
330
705655
387058
602912
114302
205753
21357
51500
177859
6777
79
65848
2
0
64
25169
0
3492
50
15700
77
44575
4202
161460
130403
144188
45
6822
248350
6961
64
7035
91074
296554
26063
227373
182888
265795
111596
346338
26088
101658
138484
315
357549
5688
13
28952
77485
6613
8015
6222
279065
4598
278
34933
3868
136352
333179
25973
184722
43005
398367
1847
114314
59
902989
99628
1093675
12548
12976
8233
196
1076
217824
4903
312651
39728
295791
57448
103518
420
854026
12966
2796
24
18328
563193
1912
137177
136016
218709
27476
279717
59808
101341
7518
99006
20540
49650
452192
29204
5433
351829
848879
46612
7745
89540
70939
59756
14990
80312
301623
22486
10971
28053
29074
38144
4
43268
15190
85901
393147
346799
222518
712
12912
8834
82154
166097
54961
235424
6130
74304
12918
156704
186725
30537
11406
1129887
7470
288
5429
14
490023
165778
26140
977538
52188
65860
75545
46921
56854
650043
77263
110745
124114
136132
14748
122372
133024
140820
25351
257820
125816
13385
199941
435871
96523
11457
7455
29533
213
3555
26996
7751
75388
238517
89370
343248
157720
39825
3071
46219
240781
713
207785
35391
678
4790
28800
37161
155393
266
11888
401195
16290
547
17192
59115
14013
23317
9086
138628
3763
89682
77641
112081
17749
4234
19229
36323
8246
14901
38196
541116
13539
404121
123353
190579
132008
229645
25972
58153
42707
315808
234422
672084
405
157673
437
90980
37919
117593
470
7256
4275
38589
526
30272
71694
10610
182
58702
2126
8786
280
12915
25097
8283
11700
33533
8204
12014
52534
36
58882
4473
202553
25952
48658
3442
4763
116286
46
10386
47428
48941
3166
95600
129118
144575
60115
54912
62
347307
540983
1031
322
191731
13118
375
9333
41199
17393
61449
62
66732
38516
24717
568
36460
56
12928
19250
9388
4964
12063
259
15612
106643
69941
25587
14574
11843
395
16667
100909
15874
72028
28366
551039
6851
52504
42
3452
68620
0
95
4
11852
25455
10690
73700
6
0
144
461
12917
12427
4375
337055
5091
19016
209869
44085
97305
408
437
79278
453
212
25590
4369
2079
13170
493
3166
3265
13073
0
7618
8990
374297
31154
34700
10527
235942
0
139
0
99914
7491
19326
0
3623
305
32301
21525
40046
23002
45489
9182
5358
306176
47945
698
740
0
357498
10782
27049
144
382236
20179
100534
107
14583
22842
16637
4
21292
47296
19997
41208
280752
16568
175
8241
478304
3267
3024
91237
15873
409156
74
50
1716
5373
43445
246390
121675
6829
10414
457
138677
7174
13787
535406
216367
9558
19246
3366
10344
17972
95953
28396
88534
14
22605
108
3663
2408
453825
26250
164153
188964
9577
9
8817
99
360
14020
13875
228
215
14321
7624
350788
133740
187
84184
7273
0
0
591
261553
14292
722
1816
4936
364347
40792
49290
187668
50206
50
36702
120921
137
0
29341
7564
9224
160526
43156
8
353228
0
89771
10426
423158
7853
443918
22836
78540
73
48372
4186
58406
5848
3676
155406
94340
31112
64348
6634
109132
791
14501
9921
9869
19340
114081
7880
1897
24647
9044
4445
126848
1783
9238
94428
25249
9160
9424
15204
24313
4452
10889
41541
0
18010
9565
215
17821
94945
201735
203339
308
330826
381
210
11375
57891
35391
8787
35537
38036
31006
384
304
315095
592874
16755
105451
51724
23175
3849
39595
32418
93323
0
56
15630
494
0
1
11817
12
165
8272
111398
1013572
39561
199
26908
69414
337
3782
10
7407
286756
3696
836
521
24406
18736
25303
150
26702
0
42921
552
9576
10862
136
240662
249
495
911
1232
5645
64287
1333
486611
236
21
247
56903
51582
38098
2
592
24015
148832
48167
86
21959
879
243440
1348
8315
31415
19751
183984
156
27
12584
9084
0
2306
1239
16
196
62380
7691
50105
24044
500
1189
11965
113050
238104
4775
554922
32070
29
49
4313
112374
11900
11730
110650
103
92870
6021
91746
9214
207431
191
1958031
13503
324527
59082
865085
24333
178776
1843
44605
1144
117361
30753
13281
13667
15550
68562
92396
182837
1626
41
531530
57104
161462
74032
68542
2486
19
24525
140011
2
27805
15042
401848
799
11530
10777
15431
8759
125948
1348
924454
21955
10135
265
24170
74
46363
124
688
0
196
18414
4905
24896
5476
24395
0
36972
89
0
0
0
80274
0
8
7758
10866
98532
130
2017
6451
8478
36038
64
4908
3499
5032
5
3886
22782
7565
0
39327
299518
552
91
1260
5329
8243
148
87349
55
145718
0
16347
36905
118
0
15585
2381
49824
54
16334
23
231469
13028
2936
85137
106241
9299
6429
3611
31298
62
15637
154
104
5409
24041
19610
7347
10360
2176
171
25205
4283
30445
21
28577
46
6
1121
1
23797
3114
71596
239790
185117
472
0
5594
32
199861
3
11820
0
999697
127588
10563
82710
373
1317
87243
45938
6
31
257979
376
27
21631
17827
0
50
16
8450
5719
22961
297377
5065
129904
37157
454
9735
3529
21990
84
7720
7619
100
336
42911
2352
15114
2217
331
13167
3228
19
18933
93
761
5599
604
427
2515
18094
145274
46926
7540
2531
445336
826
479
427
68495
35197
1896
50
60318
4264
53108
1125
8729
556
33084
262806
307635
34031
1771
473
734
582
9272
2043
7955
6420
8669
20
14842
234
192099
286
298447
1553
1530
1204
145490
37259
1694
40
40811
596
20157
0
0
32
10424
189505
37093
28818
2243
69
111074
4432
146208
418
84105
15089
8647
2225
59
3031
170
0
854032
974913
999
285
6
21484
332849
19187
25318
172641
70405
5438
4
700657
45143
249946
204717
13968
66012
218
146490
19221
70081
179
7407
346
533
0
863
44
14858
309838
40242
5040
14
38933
12238
148
17387
73310
5448
31600
70685
191
998265
3
3466
987
47125
83488
25
6276
12602
47
8597
1
544
226
6
15
0
11634
13779
147
79018
5291
0
6
7570
110189
64371
190011
5356
564909
123633
5576
3517
11483
95062
9686
467961
222506
25316
28
31207
141
455
455
95108
12320
9194
934
479214
6552
199613
20
39151
14469
21085
14281
60662
41333
38225
10541
698839
6816
37043
2887
3232
26334
30037
41399
539938
4924
35425
6417
17278
4077
2
7631
27546
1180
11122
379
503
5448
0
120820
25
50
8382
63771
191
18520
16765
91
32844
21995
156658
22077
314442
34496
66249
42227
940
120
114
3163
66815
493
20050
56146
38
214
7923
10
466
80
93272
2438
95920
28845
38
1
29490
2967
1260
8443
411304
212423
390
7448
115889
17951
192798
118671
494339
609
92
6359
21412
9568
8703
1
2
48
236
1607
1929
9632
41
451064
67625
34789
327
17
12739
219
26012
61
27102
190
46072
0
84813
10
5111
126
1624
850882
64278
86502
975453
1980
1520
4
6998
21
78414
0
49
7475
207838
31
24743
24366
13525
174
8348
34670
24033
70802
145880
827737
5471
4633
328
34133
24214
163424
346524
21898
13117
277057
44230
209523
226051
25090
43818
279
10923
34902
28910
102037
32520
94
267
0
819560
299838
75694
74777
46427
14700
986265
27377
62172
5701
12319
295444
194464
65207
31516
11721
35809
79007
26454
437347
864286
526786
56303
173043
0
27579
6461
43895
441771
4254
199736
24379
117056
68943
32660
414161
1150649
6032
95034
2248
0
1059
28565
7854
538272
2416
686639
751
45
8003
12557
101
637
406
357
149
5
23
5298
51
4095
13390
35776
23500
12127
54
51134
13603
138244
5027
627422
14838
52805
832812
127592
7662
47041
880
250225
1024
265170
15253
134975
344
395771
143201
33129
87072
60722
861
14172
4319
171
15933
14515
441383
14036
420
44136
1281
4424
10177
8607
38055
38680
168607
10659
739715
30046
120
5387
4398
77003
16666
25553
7597
6712
470
82350
6557
11718
3317
12
5747
33
663
1000392
443003
1980
507
3940
6547
14838
3368
364739
706
8
1787
60451
36428
42423
493
7023
23509
590
745
83506
6182
0
41323
0
7524
3452
8
6247
4976
6052
87419
12597
19295
32
10
38
457
1897
531395
14153
5549
10961
47454
1
15338
2303
272
17983
1593
123
3283
57470
660
40
41
14
194
6
0
650
17
37
1276
47654
308226
0
0
11358
4586
37839
346
35312
300
102689
139
112
4957
44717
37096
28024
4453
161419
6
1002
5898
38558
4078
83
9413
4
0
346
96214
110
12748
191287
340276
238
3520
13474
285669
6334
20672
129028
6243
39395
156191
555310
5741
14839
244
223449
4031
17202
324401
505577
7604
45330
32504
207731
220699
91
13929
31615
46720
13624
8450
28947
39103
23281
12188
22979
120695
128405
70743
133473
28293
144945
11559
23834
33277
375903
600213
151534
95227
99580
163669
151926
65313
120462
15828
28517
21165
33106
1187
22392
52876
69696
25566
37722
57874
64466
100298
288054
16857
903
262414
171748
33994
10171
17570
209
11469
3382
10146
95316
2174
106
6006
3550
8721
0
369
15192
6
22450
3383
120780
91
424
526
693891
58940
0
6572
6753
2
28697
200414
350760
629
41673
6413
21544
13761
23533
9283
49808
8457
13383
16506
11737
175
55611
857
58606
1143
307419
5083
103263
27217
36683
697
30784
41076
124856
23848
164695
30335
70627
58277
53178
35549
30656
37205
24933
342436
64883
982780
80890
325165
68465
303582
484330
138368
178694
394890
41505
18097
9701
93461
7364
2630
59708
11
14688
33410
16657
138
315734
75149
1560808
27361
275839
108459
259792
55593
154049
28674
83197
1018543
103943
438470
9872
104900
33508
60097
278538
154229
24791
534222
23595
10014
1102
339909
163998
44837
24942
65815
577196
619863
109089
205838
17485
18
18474
318374
17
785
0
38899
98029
67
18516
23966
83
89
6223
1122
35092
10926
114
15
98
51
786
183
174565
7148
12928
4
4523
163
5399
4406
275485
73
6445
17253
95577
120821
243
301440
167678
141675
2296
617347
8839
575
7474
225409
22708
498
121996
22
4885
199
9146
58902
41342
83133
141861
22040
6545
242
162667
34407
6411
1198
176239
22397
77
5676
98
180030
12820
7068
68226
340949
13473
96642
190315
26395
458321
7488
2323
269
973
282
216
21575
113925
127113
6685
192016
33118
108940
13737
26996
890890
801
260286
96498
1023912
918
43220
103495
168399
9480
260237
427929
33754
3830
278171
6241
145941
125271
7801
60036
5849
83019
293
109833
534834
284066
253235
142255
198
25556
283
10070
722
13773
33200
115196
98
118393
48490
93707
35168
66878
6316
99
105860
89450
42874
115757
10526
123
11433
16
324757
633
154
257
46
7266
35380
235648
0
21720
93593
4611
216300
196198
122967
38738
272346
28
2964
1723
47746
101157
13607
24654
33367
9364
601035
9205
7714
1428
155886
10929
667
6455
820
2
37258
354
23431
117983
152927
40012
13649
4327
7772
218560
2037
1161
2697
73657
331061
14520
39050
890315
62952
43822
13396
11848
485058
54473
260343
448
19
49327
4
992
397726
51665
57896
149545
13927
45015
7878
1421
28614
115487
410258
68286
65373
88031
1074248
1140087
118175
78407
129088
554243
110354
58070
315941
8217
803985
5829
47033
12653
29597
19
7334
6067
25812
4926
7689
14607
7813
69386
16537
65409
46306
186420
10345
5621
249
2360
7591
13393
198640
47
51
858848
4858
3059
18393
2345
300010
31776
261
39174
1608
18389
1181
179909
99011
37974
19870
8744
37588
1949
23023
9139
56974
53805
107
0
392
11767
17823
226
1763484
5151
568
70227
34910
17345
42491
980
19428
25752
8772
116
295
141
16
11702
7253
2999
553376
25240
6866
28172
97171
486893
4793
52391
419880
42781
474170
19978
16215
16758
120807
88703
49159
309477
57981
12404
29522
7961
26303
10291
477843
116071
376559
13688
48
1055
67708
9869
53028
130042
1743
71056
1654
7568
976
8137
135193
20700
20533
37291
41202
52878
13670
227234
30715
15483
46967
44256
885355
61748
471610
555578
820873
29583
480619
216
0
5360
33929
58009
732635
178759
255873
205143
415509
4364
451655
28965
40453
746356
11687
92048
833
9532
80
1388
138668
95610
10108
4803
88
24
77336
19
538169
58354
18405
62508
9
43
19696
22
41957
49758
19834
92636
26885
64206
197343
105878
22476
15791
210471
9462
12135
14
7957
68687
71030
23346
264
96
24155
57811
48521
10377
273042
16679
3772
5974
772
3693
1122
258
81411
53124
10183
32218
4826
55502
39755
146814
39493
285824
166943
12106
382802
91796
30584
305185
587684
48618
295833
30418
740055
341764
134750
1332795
333707
716
20887
6104
35312
417
12975
9032
289400
15543
40224
7863
87620
136
18729
41774
38857
180287
233071
31852
308126
596
103080
48131
635536
1011886
516322
29895
24550
31132
33704
5575
16141
21165
74069
8743
3204
6833
249662
43172
326581
6297
30623
72048
174012
7688
53103
196695
94631
79689
308226
167629
12
37303
74348
1732
143726
1122408
77617
16003
34197
4935
69451
20518
8770
1933
2993
39943
17895
28548
742
12141
6504
13919
19186
5300
3377
872
35312
591512
684111
107492
8663
46254
384841
10468
69392
2119
88793
294056
56826
628803
817402
5332
42384
11650
841869
3704
122870
6483
527370
4768
97498
81435
27242
76714
24650
75413
244552
1897
101060
44116
98598
282391
426444
1067389
8335
4937
103144
22167
228832
210254
1290764
12496
17188
4479
173729
18756
157144
64861
70523
120503
34138
18722
15842
31860
204110
426333
74938
801855
68175
315871
76854
225062
813328
43466
491937
28830
153651
8291
34477
186952
220695
186256
223961
151935
180577
11240
94694
15149
80126
47000
179259
28559
199277
18329
43243
49502
99325
396237
85981
35925
851
2290
563053
11707
40186
58361
92530
837387
229
484454
45425
56641
219285
41823
72511
103919
4889
132684
3809
60715
25717
39
40
186645
26858
26487
44640
33219
7965
668
8508
51069
3161
39063
174056
52028
737023
36063
43767
23143
207329
4296
256062
17781
120389
316866
53925
168765
203397
771
114277
56995
110547
9097
32161
90099
12272
1871
78396
11236
57287
14189
20816
587021
18056
155112
220521
313710
271541
224289
1347329
42827
313
8558
9576
369270
116080
48363
71912
166346
823329
2102
14469
33
214
504
4837
2
7718
45598
98991
382172
7324
35894
103760
141
14305
7581
110717
120069
172944
3680
478040
264767
95106
278
472593
26731
20721
274268
692493
271468
49188
94518
5435
11627
12
2077
17478
20
58
209
28318
129255
60003
8969
46380
23353
559
5955
54041
27050
12641
12577
42698
9957
18642
16
7844
48
99259
6532
128074
93
82
571
3755
186091
12985
76452
53
24886
226
1969
102430
116
5883
5331
443918
17775
7142
168
16576
27137
8047
3082
14138
21986
651
9
77419
19189
59463
17
17434
5358
36715
6399
19894
25467
3246
2740
19305
13278
154
0
38120
38795
505740
65675
109099
150138
265
47539
27077
9608
1360388
46801
452834
93093
5923
0
183113
95762
75045
17050
289814
526777
28735
41
161582
6081
227063
28664
277170
7665
853986
2880
27693
99
272331
105345
67683
27896
17469
118
8034
42616
405113
46
201055
52886
191554
5521
343817
31616
59966
10155
816043
94612
46469
7408
82344
101388
47569
8871
718427
65744
26058
1106
1052
19618
259534
34027
42164
162449
76549
532
37955
25614
160618
15434
114979
544310
3
62725
40
89959
120646
22144
139521
24094
20902
84634
32470
63170
29690
40211
5808
135811
661
685
711
1205
13689
16261
138279
84595
8
4910
14221
72247
10413
7313
4
56145
111
8778
29
33839
47114
1508
76822
7951
612188
297614
61436
358988
52630
6166
6352
4202
8538
1722
13439
140436
16881
120
79481
182261
14409
221033
67162
53069
22879
202529
59092
16668
335
129020
55343
66482
103932
887697
340761
159980
67985
32377
7581
427
174
31500
293
19078
200023
84150
24483
163398
5724
5391
16304
1049
545098
259325
329364
82530
64626
67507
31209
104
161124
33925
52119
43445
41742
568
54705
8179
21047
405522
83453
118178
58824
1032439
89408
28358
42649
1019
324182
7786
141829
14443
36
0
7732
304
104
7452
234
95
16415
555
42232
26
0
6140
130430
198
5364
10534
47
3325
154
6396
19071
7757
116478
3522
38194
7621
63436
104369
87571
45771
93577
36190
165970
63
259303
40763
55010
266
6860
75
22058
44
92
14453
342968
24952
1070812
12606
474220
103
496211
40422
3593
6103
11462
93
7805
462
59417
6027
162075
86676
414461
20277
20769
7366
13665
112578
5061
317
997
192671
6535
155
3367
6316
343028
6534
274546
357324
405740
44
12720
347
11342
43166
99178
7618
7773
99
2723
47
23260
19
520164
61397
48996
36
51641
16895
84449
235
81230
7743
0
166
282365
156
587497
86680
110203
246181
77
26996
267414
1825
57081
7758
15313
5368
6791
85353
31262
1310
15334
4207
3986
89124
12098
4894
6295
2864
7507
86
25549
137
51745
154
7745
632
83
14248
18789
73
19593
7439
90687
2
59
0
83720
36
10
258
79160
25564
12834
0
36949
2
114764
67
9352
21817
67312
6359
380
73
20470
70890
16225
5409
117862
10555
15109
19390
47397
19696
16272
7558
4642
227
85263
3
4009
8639
32897
9
51607
337161
639059
166
58963
3389
7861
7195
22347
8912
8818
70243
9820
444247
396
89005
31512
34
14140
21491
592
115
49156
38154
7107
33512
18644
3469
43
5325
5866
33669
2398
197
230
5583
7241
88
27001
327
25348
48563
33620
76799
84258
6567
87353
6514
80953
13013
103425
61203
109782
18847
1329
24188
123
14149
352
0
37726
100310
18
0
3431
28201
1097
29508
28
682
195203
7904
6008
0
23811
0
27235
878
261210
3708
249
336773
46129
5791
76
8439
136799
9598
7044
567
19253
3371
817
14117
187782
12334
34390
5952
131318
642
179
79
5769
96597
500
0
34307
324
137974
2931
19065
40
469652
16360
31061
57586
6133
0
309756
11565
2734
0
84539
6092
151
6
21143
4670
4367
30
125907
27167
775
967
6983
34764
60726
22012
7368
29621
2
728
43
3105
53
27905
13884
10839
31521
450
3651
17887
1218
25205
95458
6365
0
14
70
139
324
0
5167
79707
630
14
23986
13342
563781
91
46255
329436
159780
19207
19109
48927
33341
17860
19696
502977
56050
4188
29035
54016
356670
0
262060
90
341
0
12270
5275
18518
47573
7735
293
14627
716
327
30148
275
138145
384
3126
116
7859
656
5531
31734
34
6871
169
52
8424
13641
489
5599
3485
535
25
80
1
210
0
106
1
697
69856
29
255
158745
6611
68530
218461
262
266628
33590
17719
36546
18743
70061
25821
63534
222274
103945
24977
62135
336597
145208
5256
662
2
3329
149927
202742
2491
38627
20661
18839
13658
11859
242712
3374
110770
72268
89512
349166
929650
34
9736
19277
72515
650312
21321
211786
58912
20557
5154
96984
3398
13996
31802
26610
276
96
278
156058
113
6742
387023
880963
234340
4884
5678
109015
13741
6452
5750
157091
26824
108
371
17068
9209
261585
92911
122537
110756
48990
53399
769540
4000
25399
52255
34234
5770
5412
318970
7215
49
148540
260459
55446
275012
695
47
61579
7553
621
820
290776
201
266753
7257
75085
19736
316691
268396
180619
24300
42544
19888
525
284837
132
117
858977
75
1596
836
8155
18117
5382
467863
23300
47243
5651
3109
3031
47725
119517
8
177976
186
274075
8473
794
8854
21371
22790
29547
44996
433890
84
7728
38140
20297
505
30297
26
5602
14
22966
4899
7546
1153
17571
14158
5144
3806
24501
153350
296524
67864
44078
435480
347327
35547
241153
10119
65880
38761
328875
54627
15926
8761
61063
20510
228644
4424
117567
961
8587
763
370
7663
450691
22129
18517
22917
21556
22048
5074
35669
373892
3406
158357
34510
61400
72727
1338366
71048
819393
114210
270679
13200
106380
20838
60836
29043
72831
6077
176577
321
10064
59053
10810
101786
63325
6121
33019
158602
84257
29711
37578
40971
696277
117764
179880
233
541
20191
36314
34120
166534
541882
106900
42748
14152
13
63347
12881
28635
17129
95032
163
549
597
311542
148
31265
64022
1793
5760
8588
294
66623
5388
677611
120599
47054
26540
51274
21788
33477
674
178600
24027
10098
67586
217425
31505
158244
45804
211603
34
234062
19796
100055
128
130062
4197
5897
12481
39844
300042
28554
8440
1236
15659
17065
7042
102989
49357
259
242475
8588
54065
5537
39706
2047
409288
305404
352139
0
17864
2
9
10421
208
31958
38807
20820
18244
171
32
54
7634
4163
65334
379507
14793
11691
0
100647
141314
5400
8623
7650
16226
86408
216
295035
1721
22875
12869
14631
3470
21204
16654
242
4412
10787
79203
772
39
7675
76
4117
32558
17863
11406
423073
43145
43494
0
6935
3919
33171
5517
625
7636
57567
167213
39800
152592
14447
134064
1838
4375
4397
215635
52030
125635
11023
3501
25243
5209
28893
153217
4515
1068
86229
224
125783
1246
61635
91
106
46878
11885
77
58
4893
461482
178767
500822
123139
185484
11518
53110
14488
288
0
134
2
5872
0
43
11350
8400
5238
39571
30037
145307
1300
3363
72724
90190
34163
3309
16397
862
224
393773
11998
5922
9393
63614
323655
55520
7200
42938
8913
122
267291
25069
103184
5052
3780
6248
9629
10714
87651
6456
6676
10597
21127
8153
18168
268904
317988
34983
18401
4922
0
17554
12410
122211
399116
38454
18635
75204
9733
16866
7965
732599
38865
26058
3499
59453
310490
76084
6637
88983
22054
38212
44604
315132
133654
24077
11379
14638
13829
156229
96918
266
15224
18
12173
517
5485
65018
20410
21505
172
7819
162131
10458
5702
394585
14061
12000
265
17292
25186
44477
94
395711
695
303
5844
33474
142893
95862
41715
9371
57860
742
9705
220
127
147025
16342
9031
70587
89637
138519
72448
120988
115075
14840
22998
30887
14747
17149
259971
8665
42241
9341
125800
188447
34734
36339
20056
17573
