3030649
5658933
6379666
4160929
7156931
4966241
9780131
5038666
5467281
8657489
7715339
6394504
3664541
3754586
6082958
1737169
3848510
7955016
7985911
2481146
5075732
4186502
5121549
8483762
7035170
3983447
13870727
2198118
4859142
3955275
9571626
5068821
5941059
9295163
10065119
6211016
7607344
10899065
9112741
6233484
9854458
14217793
17755756
11032396
5921001
2187189
9618426
3586322
6474436
4092284
2882913
2420729
2489655
2870069
3152875
3746600
9241025
7093507
13624780
1740514
1459137
2388023
6501966
2888863
