136413
724196
281795
136795
267988
770189
359341
1503830
798947
2688900
1016538
831701
81492
223290
796634
202971
512755
1631606
633944
228748
319761
357470
1304516
1067658
829818
2001859
1170050
151860
1191925
987438
1598574
716412
1331018
906203
713831
486728
345722
1850556
1706780
629437
531905
2045876
508596
1057534
495874
1939552
801385
347308
394665
2671238
369512
706388
371762
213856
170903
763798
304373
644887
1293332
362230
709270
625386
223259
127736
270040
143392
270578
365573
512653
445268
1705038
928483
508863
67645
364069
112443
117807
75475
1099410
350258
1041959
86465
640444
100650
77492
110631
320213
457696
235307
765389
1592266
424551
1179551
220913
1371594
339725
909928
188955
417615
1178576
211105
964443
236410
1369124
871405
2338354
2279302
1754341
894574
332514
1592926
412851
77023
831071
188089
351003
58995
1416392
99343
592895
1564144
310665
2251697
230720
514084
425772
503624
325388
723220
730897
1130434
297945
1016700
152779
613028
1581759
586525
323743
1785510
1445081
706697
98033
1007111
422905
983294
290758
2100695
81981
863631
781818
1793300
742840
896210
670514
1610391
1276840
1342468
397837
313340
925492
1376792
507239
842096
1134367
1584447
445086
1766309
405274
1501616
307414
671671
1390401
850012
493453
1001286
271695
1450248
196746
916694
128463
190986
226285
1050722
828189
1157132
747355
1671160
258372
253423
104055
1155948
1109210
124584
1228763
899637
527517
707685
1288506
1139393
222898
375754
378201
152738
362359
380899
171468
324453
736118
181467
157208
721062
106423
202234
181289
883494
1053450
45060
141497
935257
474802
140351
49394
227268
709578
1409464
473002
385462
414506
1544275
307499
1025506
185057
1406107
422753
1105128
634938
164570
92470
1329944
160881
406094
167733
1615274
529830
56952
610327
121487
59032
561326
383115
1426675
158371
403625
95194
141378
238121
62976
345048
269713
288468
102947
800754
1116270
122428
150022
833089
1028277
1308159
325688
78664
1109796
90861
243784
827877
84186
677730
733193
23308
295154
236432
108767
177589
1978958
1085225
75976
73610
1021382
585352
1039687
1208439
289161
416172
2223332
1263144
221648
198692
1312649
408004
287359
190713
760381
88749
874856
107036
308773
117218
240039
31085
139027
47200
126189
69362
207029
1236387
622381
366655
697677
86991
658034
221181
226625
74289
1041797
41555
1029230
132743
1141159
72034
1180757
1172925
84218
348662
163825
58188
412617
123271
110794
461770
581619
166886
107263
139532
340539
107675
112673
489238
435656
63888
145084
36621
587047
255533
205221
635668
214967
164740
1635936
97906
2630823
80080
1808460
729802
704187
156957
270348
24068
490071
128959
1193233
1619666
295836
425856
188716
35725
83671
405717
1579695
619179
1604298
211331
177591
568344
351303
228977
1216580
1254521
672287
176933
44483
711782
712381
222077
176213
1085717
353208
159965
265240
230833
1027917
83016
874704
146841
618405
1464856
30885
85899
1260622
79498
135994
898521
1250524
1783610
178346
54632
1261306
110937
1133207
900359
1103476
1594367
354417
1836590
1785452
2355148
1735027
329120
673073
1515085
2039489
594916
815123
756332
1675634
67151
2237155
106332
35873
91778
177571
403511
896626
1829114
1400830
258852
915573
110702
503241
83670
69283
1333388
132323
1739310
68003
631120
1874158
69253
296771
188730
202509
1044250
337548
216035
393202
84419
712452
430906
1039406
118232
65884
72354
396035
1302233
96635
139512
123584
112414
50237
99801
1121617
369568
234730
1273195
2274458
1112616
350999
613405
139178
188814
978769
2146651
1696602
755909
364147
549343
166213
686555
683476
535856
209846
535660
98502
665963
1448890
196528
1067754
810288
203263
209767
184093
496826
256026
280113
435235
1477950
3204588
831695
1215881
498300
1709205
716866
1758142
613534
1544348
343387
817108
791407
290615
1313207
240077
1058223
148879
47349
117746
227458
390287
739945
1597150
532477
2743156
371526
87678
988933
1265562
330703
345685
1151411
1523297
560651
780801
128568
1338179
989762
1753174
1212069
1582316
559554
1253942
56973
1544718
1147270
1702200
530204
280692
533761
339156
1567575
1150477
150346
1894129
847579
1238153
894347
901950
57714
332478
400718
176917
1285591
1924096
868271
214977
320003
419306
168050
691304
2336534
715676
1127681
336128
204136
826198
775132
83087
1495068
1014078
166382
1076000
316604
313538
354128
736955
2226798
267402
251899
1078533
210893
918852
566904
1731366
830541
380179
158615
965420
353048
1063694
91555
1105141
2304530
299468
2124175
2202590
324393
2209260
1027683
1899047
97776
1114008
209970
2030497
364251
218781
435934
369930
153123
1252560
488989
925181
323686
951865
383955
2158639
1074088
1267065
2501829
309031
419840
1683377
746213
559540
1629008
2067937
189797
1907163
955165
1372159
884984
1228520
181523
1384193
228267
855180
844224
100226
948612
1832366
585709
2806772
1721510
1355602
2087910
255478
1001426
2590222
951979
1670679
1214997
378595
265653
1635641
632372
1612565
576957
1016335
607706
830429
660635
2166650
450807
2701058
873277
633553
187257
443140
581743
230082
940749
2791610
422072
1381745
316829
124044
517305
472614
1090065
2227627
2465576
942433
1251177
72463
814341
167797
212408
613035
1435220
2149763
309792
61412
148423
198239
140785
91256
484779
227303
381877
623277
121947
445345
99260
993787
216583
151397
199887
127767
61574
1271912
826823
1909254
302566
2270206
1199756
635978
1730105
313061
528434
1449488
1306383
1621247
285696
1013739
51935
309955
109985
284879
89413
818271
763872
363340
77566
242353
149401
287029
86363
1202571
1025310
183405
231098
1223160
807137
646635
362682
1590028
51704
1426821
983221
970175
2159647
734598
406050
559590
1106617
2919558
427964
411820
84103
53535
78031
189502
689395
702033
361513
1031251
1070074
161757
75278
1354515
1626910
93153
119471
479634
140510
170264
99333
621737
778267
110628
943155
1195138
1163479
273888
542784
1497352
812122
183976
215362
624447
1021907
375741
44026
378841
345145
318151
492117
149343
144024
278265
337141
417213
130266
414782
81724
1318981
129139
295992
642048
85190
329807
77016
394407
90089
589314
576992
331811
1039820
246230
79542
44647
96949
418701
148904
336599
554593
326408
61944
130641
128780
108919
136604
966747
1107249
177091
1132438
245283
1142215
165309
481835
38039
763373
107849
296878
45096
141720
67830
949494
962241
971370
179603
726937
28137
99020
45486
108302
95005
136835
44717
26247
20796
71270
209027
1389904
211388
480715
838579
349926
1092650
487454
281151
1865154
1085729
1196881
242033
125407
191911
2239609
127227
2264612
202258
911028
2214248
174415
1924805
1473085
306164
1172301
505064
775453
368728
1010867
351875
333494
1006839
245172
324479
173680
991713
447516
512747
438239
548778
1916395
800725
841718
1182774
707515
204063
1770900
1313904
1585032
1703099
1461177
600254
688635
450996
937133
728069
1068263
131738
732172
127834
517358
393523
104167
120235
842898
216626
221857
656795
665699
101222
471051
163787
234322
517328
836599
327958
162779
434697
40309
330212
391014
1415050
625644
333208
364516
569494
249505
984978
371839
78935
209393
35198
480498
56027
665869
231588
256732
54645
1854013
113101
66970
117751
306861
306432
843651
639899
667923
1154522
294659
53829
262773
1047743
918668
126379
935321
1134338
524789
442896
138504
446096
545553
175875
126576
340904
177042
85018
466451
395359
1393865
380015
286166
160361
419583
303688
599879
690333
