42940
526260
34064
5210
142
1013092
40891
195669
186871
12162
659835
186125
541
72791
199126
8
1869
2861
5
77
63085
774562
1148778
842486
784299
825429
78209
387
335
1417471
194651
717692
796814
72032
189674
72
70
481831
370657
753
664661
80111
468133
722314
229372
2050533
5857
1584
7
306219
0
2
358572
489710
976880
137125
9675
130082
776327
466420
5
3
104
0
1118774
75889
83796
785139
1448714
351326
778531
102
111246
1021
788166
1545
11559
306964
534762
77
74153
23337
1021210
134614
2780
51657
5113
732154
445853
268118
516229
197160
203511
432660
101695
840814
1798
15144
999902
3632
650
66350
825864
973
269166
486020
76902
344079
1683
784940
778849
758647
7
451
332
0
206870
208268
678170
1255486
371
1161417
197914
431
198660
17345
4634
502856
3628
1335716
242399
375533
302949
2403
69895
783282
1562532
257242
99106
33038
1385
24688
1306216
52
184602
476725
227790
77310
27686
960
482546
852
202296
786420
459287
490
504673
786453
12472
71322
777645
93117
667638
66
88
505050
69202
75669
36416
249600
14756
460242
30436
101349
1974469
9018
502695
891
249163
178280
683187
1418043
589595
641473
227543
5929
106085
44
470143
72349
144260
1687
823746
3852
3341
0
204280
10102
299956
394
93
0
1112
71
188420
0
2
0
23
387
401054
869806
240967
589834
1396
212123
51
976899
29382
852802
30
136982
65
73014
207442
838727
9952
1488
478503
181833
16373
295759
517556
1642591
129134
1095487
1095
448778
2303
786694
921
2633
13
2
70768
0
3
56
400
10514
683954
61204
112
143
1423
3
41683
487535
829534
69534
65
791547
350053
686896
74092
652581
25616
680672
1
155389
784823
5
534
1125269
480250
1062
138835
4709
201106
96
20652
824
533203
1253627
0
544647
67
4482
438818
269
1337105
8245
555083
2269
278274
786318
605
478011
63558
915655
72
413569
196550
143591
633305
16010
171
188498
782932
306499
80
247
211862
579341
1615696
796
918
70718
5560
301
5991
31897
480637
154121
1596
0
315746
77
606950
755199
612617
194814
453891
1311
285560
49
5916
1089
4049
455346
16532
17543
25181
146537
3320
350593
261015
659429
31440
1399
30277
1630393
2473
0
979
470258
283800
181935
479912
144053
1118023
4850
467392
527835
502184
235139
253537
758
2318
259693
1097
29515
180833
13
253819
1213
1000
1072
606364
10806
2350529
814736
1228968
201036
1665
346
802188
33087
69875
195557
15143
562018
303104
784749
478767
196583
10492
469859
98
4515
1066667
1918
423655
5013
64815
184527
4100
56714
1576263
40
16078
54270
526596
71874
72964
134
773191
182235
622262
680510
30
689676
548
883
980238
247362
187190
8257
510636
10878
924575
195862
503904
29836
641411
939
1702053
515
99928
37
1464206
777592
115350
816162
469519
283868
44
1441
1841
39254
471740
459302
1602403
68219
1326
202767
71349
29027
942
555460
15
30232
284
3
205626
9535
73362
182080
236837
638
25614
973
578773
335867
12106
787486
544322
34
646333
202114
65093
548146
63487
47
1374899
809133
392982
107
266288
41061
540381
29779
370
687222
9911
112
26943
1466516
697776
361939
1302
80766
822809
970
794537
4668
13793
718254
73017
493353
382215
19575
65610
18496
7181
196007
122
991650
609
1444482
796843
189517
779261
640494
311104
844884
373957
99
544306
474493
375387
797129
52
9978
72994
437577
19588
65387
93906
781708
8
189265
1167854
1385
728834
1086193
354016
1324462
185295
27704
799991
546669
873114
766
36852
478003
195630
200666
140042
413
199235
11500
1063
0
135598
9597
895662
1017
768178
264807
526417
587102
2689
106
751618
1381
31585
1714111
184907
231
14101
1598
472973
548900
684425
72203
28975
414577
193074
152
789197
76419
593221
96454
515084
1177
2215
103980
169145
682088
197
469279
743283
105029
57123
1288
477198
1457491
830878
186981
763717
12080
789300
6
29366
1
192370
4565
71659
288414
28499
29998
370382
338
461009
1615277
590146
885
113
57879
786313
71881
100896
818036
1632
686377
48
74684
16432
193972
15675
1100552
777834
543094
694
181809
109611
13952
782863
476906
811194
309889
30
551098
840161
750880
41
543308
71357
188250
42674
689967
235807
1236795
1407
32171
75202
53
770094
11
781528
14772
890858
30915
189717
840198
604636
245321
4940
797200
772749
98314
56784
57649
2868
21660
24979
1329479
34075
575376
707
74
38770
27
497394
94685
881282
1531703
1748807
13662
782938
198020
732197
4475
1952
505775
1445
525978
806094
22337
933
84
456
45402
255654
646359
25
827
177892
0
763139
395277
815778
713716
806
773428
643591
470296
72469
33234
1058410
1549194
39896
10353
606820
85478
1197612
546812
816638
200865
111692
716463
4320
1484079
588523
10928
1284889
98100
10819
615124
3489
210307
781641
470211
1410
469401
2648
277385
267825
1203
94
868966
922699
272345
3539
1324
9108
110
459645
217592
175202
1840
4541
36116
499787
7272
942
60
470858
787252
7
905545
30333
0
1517544
989517
46455
55458
1055841
2625
10284
300087
196487
905
476924
294064
447
202751
455
14
102
42
71662
146
226328
832
43
43359
1038
91426
192849
1
514021
679683
185
543140
0
188339
42
0
51
239601
815
72033
69707
104
470334
189088
4
0
55
0
272368
10587
684422
1358
151436
69
247328
128
389185
793619
28078
145258
180967
781355
803822
1027
164
198627
630852
155385
445986
32908
1084308
132890
25879
6671
605538
34766
929
1184
10136
672596
2439
644482
87
534
425612
66750
312900
532177
687063
195833
813081
488161
646055
756761
1779055
408
510838
76
72126
134
83399
963
351
64366
574665
603250
71721
33
4080
39
286126
70364
266577
255
590418
598553
1817800
141434
766796
3312
845982
41852
1221
1342
199914
1653
252
1546
683710
15739
479601
788442
1072893
86172
595995
704310
15054
54
7063
377262
874223
59662
740447
198916
742
1025
906953
626151
198294
770348
34161
693104
166571
1061951
727109
856070
67191
497281
1257719
186403
480
228981
60740
0
271815
472016
1534888
10939
201621
1775
17422
9903
68
407
1190713
6494
28389
49
782603
13
2089
1268834
671692
422
56
197506
27912
544617
0
281454
551600
56
0
1587
71710
2451
509248
338429
5030
1455
123
361
1090944
40
137
2089
7
4
0
795833
403
997
6538
753803
5022
95484
165665
1508
863574
785572
283005
543256
215085
200574
1607
3768
70897
1780
1061
501362
2077
9
2202
5918
196771
195348
1385
9707
7517
70
