274715
1049741
1615117
1175410
451994
1082907
124125
936152
2294275
2723824
800504
59862
1869063
328246
1367414
744353
1000564
270676
114163
180384
143732
624255
669810
1274097
573253
824467
2185206
225796
407187
279604
1078826
280003
2307482
98003
1569278
549238
2882367
1846223
1803331
774297
623180
1829028
2205686
311300
16751
161360
1979620
53349
256087
976098
3551
1101042
289802
759170
61664
98777
980844
1068086
1247449
48627
370509
428377
1167464
39106
321296
539865
1291464
1032821
753508
443450
127575
270724
386727
3092562
1082344
1618900
232905
176642
162167
37346
353182
95094
930773
394313
266735
142799
296532
608767
159317
1379182
719556
107225
1031347
803896
1825091
1241524
625379
876040
182801
94685
1006714
747207
1527378
68845
726128
1133544
2188862
1255179
1110814
85487
1685724
410414
420227
1213242
339942
79
142696
43461
416968
792557
1328700
489792
1840936
1046233
55152
1203138
199759
397333
2152699
313646
2672594
2062814
368561
142606
2022100
327827
995326
246431
2545590
478683
236160
520720
1818675
135625
1504873
1184488
4761503
33003
615567
547077
1190921
1720682
1049847
1053308
1045060
2619185
536764
256339
650882
175319
3389056
639992
1555501
1017271
1410056
1056641
1749555
652450
4137531
1602880
1506284
1997512
1387119
150092
1384909
1722362
1804124
425799
1592837
7615
79517
59578
91515
256006
1479983
1075948
2308919
611703
1287592
12880
1988273
236208
1373929
472942
305371
673180
8
1050031
1541335
517021
855719
1252755
554227
57965
1216
188479
2086
1091375
331675
52823
383099
5308
753065
3039
210034
308153
4275
96226
1355816
345370
0
56656
1164627
159495
659677
1253566
969472
1058018
2193825
425949
696759
127785
1129303
314063
3353314
1087087
1323181
91493
435342
1339748
578902
497227
793337
175171
32014
416969
1232121
2665
158589
813800
961266
1485879
334054
41075
296948
336728
