4904180
10200926
11141968
6362023
11705158
10039071
7551667
5042178
8421457
8364135
9461303
9383369
2794506
7848769
9249181
2579388
9260980
8660092
8116420
7466902
5079853
8411252
9868259
9591587
6458379
8375700
10076138
9762126
6118511
6182437
6677217
8815392
10621029
7972368
10810037
6878196
8021868
9345253
6541165
8374988
11539356
6404327
13055462
13388000
7326196
11289947
12555875
7828292
6870177
7528606
5598284
1780244
8729258
5208622
10741010
4913223
9900502
9272737
11868920
6513055
5614717
4303252
9111849
2824777
