130833
189631
148894
25947
22694
1055982
24626
60533
62623
291988
435732
496608
5875
781595
94150
3345
30772
96073
14225
27778
33062
862558
953770
982130
897847
853704
31489
8247
2618
1257181
53301
191506
821633
77123
134916
9436
235836
478025
252699
502701
202464
200832
396907
899835
51775
1523202
272364
732725
12874
524120
3950
2501
447506
482230
901952
446264
131443
67209
878086
166463
9563
15111
14064
18348
1238911
336382
32674
1019483
1001354
388858
742533
33029
282130
15521
830405
22799
85150
517669
461359
19167
301486
66085
467757
97251
17842
171294
85018
748828
111747
448353
650783
127627
153231
88124
368127
845533
72676
138412
1009474
7129
55113
64969
831697
109567
41343
162133
64053
240655
125071
860911
666739
380266
1700
199416
10626
5346
171195
134884
817108
969770
20312
884575
53975
89234
38191
22993
40215
148928
57802
975640
146796
144895
255640
80793
18891
476928
969418
257464
232256
135695
391902
215563
997847
97016
318562
264010
56244
318524
125964
9789
420863
177633
614288
853547
147751
9769
216879
809099
305699
269956
796189
44474
274641
34452
75307
119128
76121
239293
94886
596063
48385
186372
44227
426508
1957331
43482
512709
60848
93719
6068
413153
1012455
406689
439657
363850
224712
49415
9738
114275
499370
1296886
58910
406035
8381
10858
4379
375714
78167
335544
46369
244012
6555
99766
44464
33382
6023
7105
12036
4226
17094
422836
1438209
172664
464263
11350
448568
10002
829131
100764
301902
22963
290379
25568
292363
385393
864885
130500
205349
140031
679082
20554
239277
500689
985379
200187
758299
16345
245941
24215
906314
309858
7488
171371
2170
80258
21456
33788
30274
43959
70451
281088
262413
27517
5621
217650
21722
269252
590491
688462
759613
8230
831882
818215
958542
37815
475818
133719
428243
211244
115477
827680
2621
132365
1036894
229904
45771
127665
60582
218679
9553
117533
106658
72302
884616
1478
538343
36692
32897
216840
14855
678201
108288
636988
23736
369311
817557
64578
154105
135177
1005220
44098
146466
147689
554458
295355
122086
19013
33114
1092376
506720
19623
29499
378906
906513
1172255
71537
392813
102312
51094
29233
274336
31471
223659
99922
41118
4510
93802
17907
273061
478452
407882
171681
249670
347505
187442
29654
86963
33305
76606
294279
55414
124834
79848
838355
47352
699675
285096
343051
104396
112313
37126
1859304
42196
1840
8779
126099
691901
210919
476954
26569
890742
21363
433921
870394
191432
177768
200943
89709
96728
170562
93713
66478
67550
23092
119712
116691
15208
141161
408286
70186
2078704
781272
743725
316544
229295
108406
1012488
245567
10167
149971
122600
383664
250790
807270
412795
113701
86288
119301
63378
26995
1502572
13332
227412
84395
5643
192985
94367
139740
1338004
9884
253595
122406
497811
17587
118247
6035
306487
115336
885002
773127
24268
158393
17082
17059
414212
188349
642328
131043
377099
144991
1025122
40924
297864
53378
336186
28256
1744501
34743
89225
28919
1020216
683936
42696
832183
118393
453596
6079
34949
21140
21391
510137
256808
1665340
21555
115176
65409
347063
59140
37581
532749
8669
36899
44127
35411
107640
131669
500065
141970
95367
36995
30309
14330
494477
194910
139312
905742
768706
15358
279504
162094
91719
156389
140896
9614
1057057
757154
374255
15668
287554
36519
363744
62884
92629
436747
76398
27319
255499
1069610
458533
660812
100613
169736
696583
26986
821293
21671
113107
583620
35628
209232
286952
43068
35129
254210
149841
93378
78681
907265
21493
485320
839659
456953
875234
353165
317862
749517
121382
48542
1162341
118919
614505
801789
38061
92434
101779
257349
129204
92318
112632
810693
170662
198573
924547
21411
266945
729683
151724
1443671
66479
208370
950823
261696
820238
36903
255973
476194
84777
220949
165284
89770
119548
123819
365327
16378
342539
6933
325347
127781
692120
92516
285620
759423
76469
25584
550274
206834
328418
2125726
199594
29938
84639
24227
247368
548952
266177
266873
104615
148961
70873
25786
1032231
132355
219637
37009
455480
328618
14596
564697
180277
314124
15209
249571
1060505
138721
118090
12778
176182
725488
1466712
46466
558075
152847
851169
18805
105805
11443
244233
8311
102972
247694
63786
60566
156157
68549
208587
1497477
550246
13127
13166
7633
796920
20013
103745
666404
268727
429908
208549
125067
136259
78322
66886
380754
837313
488227
509978
40441
327713
186090
364343
352908
805234
303237
31908
407679
732455
529901
92654
516376
324544
8793
66772
279769
159590
435962
23367
116884
115052
60819
644610
4706
736349
248431
401441
576243
239537
704326
807433
191804
61697
941890
1193270
94260
401528
306707
35042
330088
96773
991760
59984
380705
38325
31446
360255
43204
222588
499650
1056144
1013455
1802325
124097
821534
27177
556978
85361
19036
195507
87345
604251
683643
2818
29635
42296
179431
24690
193914
385966
41518
5587
7105
15539
1099146
194271
838261
492661
58192
806105
261703
183931
13355
173086
518728
1573526
23755
131598
528056
380134
639531
873875
911706
142930
658747
303455
59973
946376
321267
51755
1018228
597887
50575
721931
35558
209709
804665
119169
49390
119308
28284
414776
480357
347687
210547
845385
1238690
651177
55055
24140
102425
18470
61565
128718
302411
6729
61147
37883
131147
4885
103265
249646
257726
1308433
14312
644010
202647
2948
1303183
929716
292437
210072
739797
9878
69966
207767
85695
8702
294529
337669
43653
104152
34590
6911
22373
10893
631485
143979
23632
27681
52332
23187
63836
118820
140870
94781
499609
389286
63780
594470
2803
71713
6742
6919
5880
101150
6828
28708
388896
16632
111123
196540
12107
23358
45098
18173
467988
128348
620816
8333
326482
9720
100586
9619
199166
1092064
16904
552004
66080
758024
855188
397470
21995
23325
332212
97485
404924
237076
1042364
212180
6490
15870
228504
58215
52850
114413
53816
493606
18122
483210
10751
10624
232422
144994
314889
498028
910726
25306
781071
237801
338419
803865
1558718
80577
503875
4776
328158
40202
631722
12341
5363
119299
259582
518689
22289
45280
119569
64529
624778
32056
179774
28649
535788
372630
1922406
219306
676023
272402
1009393
71339
140206
13041
114944
66017
36517
207471
775685
113623
180554
852318
843143
596075
793639
284371
251425
7503
91945
157219
918802
6612
313095
24229
273816
328016
431201
194878
35702
477037
161600
436761
221296
1129438
905032
832745
54902
227050
924568
415405
43741
270041
320704
4108
112684
221136
1565981
101145
136532
46988
100020
51880
38568
299976
1087732
22326
54252
13101
1310456
4883
18977
925416
253597
35498
39650
37584
88383
594834
4789
94183
654969
35759
15094
108391
107120
3986
150732
596389
6966
68563
8642
4347
1203826
4548
61967
333391
16448
8124
11808
1197153
51350
68736
71126
779927
55565
64255
122961
37986
1509729
202725
487291
597969
199497
306080
13009
37531
81611
7662
25698
221959
12277
15966
253689
35151
238501
101694
22267
37005
23501
17585
