21891
386645
32386
8603
46430
260078
37575
808744
350913
1010044
17140
304881
25751
9380
342968
21327
9333
300273
97075
225626
275296
146681
283617
138169
23936
284294
3330
15439
416135
544631
798569
291664
1328452
141957
391067
6175
32401
770623
971810
34481
4678
342421
242911
11530
63440
587826
369619
2611
30487
325214
27076
537793
13654
9703
6028
277603
27595
379181
838986
5418
41908
176398
5343
4948
4326
125
7537
790660
949
313460
370
1057
3393
190
94194
268403
227111
2575
2400
837
963
484
480887
1671
4121
28059
135959
73511
273591
4768
132962
22864
10179
136802
142053
6183
379038
1229
1683
21057
43327
421925
1138
208341
47715
416796
911666
417444
434015
4814
419237
18772
3058
409979
9511
2360
1925
269764
2863
278815
198152
131585
455782
393035
1689
4321
286729
4866
277761
427557
1301465
70283
18268
14
125671
138544
14922
126858
338174
404158
410105
11439
8084
1798
354546
11880
1377009
21056
281750
115390
441365
401049
530640
615362
361709
508126
12524
161602
3988
2621
187590
252240
199266
104881
802215
28986
708891
260882
566874
143682
166420
273991
228929
3480
372785
12341
271684
26749
301138
60009
29158
57823
124112
560574
444082
493477
981615
36331
612
119323
1263
1618
1353
20538
29239
24338
2781
95830
444495
77949
2763
18538
9092
4244
203761
335182
204804
539494
1267
4496
117397
285
70367
4227
57016
3181
2051
1901
278448
5898
787
5574
231406
284275
47963
166148
2343
23016
139568
34662
342327
12510
744970
14691
587748
44358
3399
1220
540575
960
11265
26947
90163
26917
3538
175215
46722
621
226971
499343
441840
898
616104
3809
10446
14690
1290
46451
3295
8598
1005
293912
280505
254319
4705
287709
888
177166
2101
6583
819233
129
764766
1243
722
4054
207661
1431
109165
8692
2386
25885
277394
32494
3319
227
7993
2987
677017
5788
68719
110992
1397992
449688
138203
7584
227863
405353
140840
231820
322769
120343
955390
769
8
18440
2690
225918
168
97
266931
3470
1057
14593
21689
240070
8366
8900
11068
2878
660
172363
773
925
271833
529
309665
2334
277423
470471
33895
202084
19204
2081
254885
5875
1063
6088
10165
1246
7284
10394
52438
3545
2932
3291
96604
117160
6007
53303
75016
5604
216033
256
75792
73986
10646
7812
883609
2165
433509
164945
85036
97324
29925
449
148332
5427
10978
799560
3057
2458
653
2057
54023
140390
171149
251888
211628
1839
22373
360445
6567
26274
413048
55498
639129
4078
510
180
137473
126080
1359
408227
55513
23608
196092
2011
23926
1505
545495
20707
400575
53723
392
7152
552297
2790
124968
6096
444146
572801
10817
1330
204165
1911
495231
76
50542
416631
49831
272356
41599
1102666
819306
242830
59780
262860
973366
3028
454494
309843
762107
2279
800052
1247
693
12
127582
1911
483700
444724
181942
11604
62329
5393
396388
3895
5028
319862
10985
4779
1282
27
1210028
2099
133673
30473
17585
1756
73
1162
2527
1075
377002
4186
1205
749
242911
1134
31780
13093
86343
8741
58372
358649
2943
9406
367169
162066
5627
198704
406441
719098
262342
6850
122584
4515
162635
9110
380879
337038
142717
145583
127723
546040
73025
1534
24363
915
7080
274473
362152
324
300910
3747
1348
124093
6240
180053
26673
31769
152594
534312
971682
365390
586612
1585
4246
269246
1382457
475982
584206
224310
572234
282607
67422
205787
28581
16716
269365
1825
1003
17
1462
1527
372414
368636
558560
128951
4685
5865
267632
1789
69686
134320
260610
20158
288990
301
512283
131407
505571
894264
182295
83184
273901
4270
631724
118425
45041
280528
4752
321876
2426
28924
15445
12186
210459
137328
276604
297614
99064
18589
1931
388003
50152
280944
461281
33831
496923
12469
24151
3319
559526
1389015
533979
921999
940
266148
21052
14523
130412
273506
440592
12367
4530
34768
29214
61739
68190
886088
132952
18491
2636
7256
284645
403357
438284
143877
409934
1090
956659
132881
138482
10629
147645
302855
205243
1106632
677425
124073
550844
444125
326543
2220
168316
16
380331
13316
455092
31882
183699
4926
2192
162357
63719
1533
128459
47647
538880
380950
418722
1028952
276170
1198
409669
12800
221192
397754
965415
7929
21769
17059
169721
488433
280300
6429
969847
2027
134241
5874
70528
288914
320090
502528
836260
485328
458501
717026
146453
230066
1085661
130853
1004659
158300
126040
195299
1090562
70414
700409
83298
80155
18867
69314
136315
20094
397274
443052
152103
249583
495853
11766
1015
84477
220351
419457
28319
381194
136302
20434
10095
166154
535744
931963
395796
138030
316940
682
170443
6013
5987
250117
426363
995309
61374
680
43226
59664
453400
956
5301
31203
10851
56523
948
359993
1141
239587
126314
94400
43702
314
80120
832663
4658
1086679
179523
460279
31619
489044
450152
30471
6432
290104
686959
576053
6661
394061
1098
19608
11387
230517
3195
6743
77094
228902
1215
143941
7145
285
2713
68119
858273
5247
237157
9627
292600
273966
188771
678842
19034
3598
288378
6244
723065
132431
37527
2458
319169
320626
8577
24239
1812
462
519
2344
1447
2230
95567
41459
146898
5194
201
954501
700494
887
3789
108536
1678
4684
731
164832
298667
47017
19092
399479
7608
11651
164271
585446
291771
943
61239
3558
1148
24
703
144
201958
107962
96093
207
228899
1118
935
258190
4344
8625
22894
1150784
249262
6445
376509
914
2774
1108
3445
4859
7889
23447
134074
347144
10101
473
143
927
10344
42318
305107
54510
268876
2643
551
2455
1899
22503
10604
419244
26719
228
4
137493
798
86734
118998
1417
129144
11570
589
124838
1339
334105
584313
183950
122065
427096
894
4776
174
742
212
3278
7
421
5156
2113
91913
783432
8164
226763
409933
12111
277999
8804
163980
800216
2811
313982
25853
22492
2655
759219
3637
247708
2351
311546
593537
29864
28599
721223
18330
2526
497909
658780
226923
440600
2182
43063
5555
23412
115887
125315
233010
16509
2882
4917
6806
603877
317622
341522
20096
280738
4237
310033
122729
294864
1014292
578851
70295
72758
177878
121689
13630
309553
2111
389592
1229
6711
361650
167956
140401
412919
10869
20987
244321
234215
246673
366384
3823
223708
287696
313945
9234
29
22641
1
32033
86749
1313
31877
1391
27
54155
830
437707
7577
3359
365949
22
303943
1254
30877
121567
10353
1412
793859
24789
203
5791
2821
11923
5376
247054
289976
24509
496203
154
4766
8367
89118
10316
418701
2667
166696
530993
2992
293168
520036
23110
2443
387809
137616
7520
278014
12860
39464
3701
10393
10603
305880
15345
17594
546672
