25833
80243
54158
25349
52146
87689
19813
592274
16237
116720
32020
32978
17926
21014
35280
16247
3507
51889
554061
9090
14144
72854
52877
230785
582908
48125
59228
119574
50452
755638
506709
125658
94977
71895
219152
9489
260591
1018182
1200831
318320
491088
43694
173586
38093
102674
213351
364962
89698
17328
53395
19230
8167
23246
253803
36620
77491
152102
660146
31752
122735
4971
83748
30407
4700
78547
2658
125112
4020
34716
576784
16334
67547
29382
9071
749253
10571
7724
22801
10395
31427
3500
16587
262308
20882
14620
118658
36280
292319
29585
33304
139864
163946
28320
234358
232527
500531
34474
1415
191622
613667
419532
447221
646274
25886
23522
55109
46775
70011
23684
46798
42031
112084
2110
492811
128762
37258
627776
347114
38877
228195
433099
355062
474012
234465
45665
128475
185418
28365
122363
771383
916329
217589
43537
29429
24738
231508
129129
154277
261220
76155
52754
6050
17407
92323
225726
691743
91472
136429
251232
543065
29717
663071
272372
492541
569832
1329071
90980
312674
29915
21880
576697
47357
26554
63695
162121
346139
671114
257413
73549
94984
95417
153811
18917
168004
146834
457200
96955
168843
70791
46067
174941
227486
157336
533410
246229
151906
178045
280413
77376
123208
129309
33934
10327
76345
258754
11024
61042
285025
833922
75073
14212
52943
51762
17269
4724
8934
14783
515618
11041
28598
12436
51476
28471
213873
20231
77837
36969
3505
242355
1838
14891
12971
8577
466823
158025
153889
8754
24019
20025
112365
702547
43484
266316
42952
763702
19767
26908
3327
135992
47323
25203
299574
4638
308813
3488
633667
606751
21122
646494
119692
4841
8860
24969
79863
28545
83876
12977
26573
104303
76526
2966
7499
5091
9003
10177
560993
40869
97934
4684
6495
625276
3108
6700
25401
46847
9429
388095
7393
250800
15361
4291
4148
12915
26510
14484
29604
183751
14255
116817
11683
87940
31246
5292
2866
12614
16419
748150
9985
14748
291517
37818
15505
21279
6959
596
33502
17717
37602
15453
236637
10934
106082
20615
28548
55329
55898
13157
67261
63474
6704
64194
26987
73906
18734
12712
23914
3118
20282
305303
72550
114115
409989
13076
8264
8772
11662
21259
13542
9302
10491
10020
15842
131629
45283
14843
227775
68012
5808
22110
52394
824815
153355
27528
34770
121328
130735
102191
231822
41933
56936
132678
347930
120322
237385
64033
1436
165930
28352
181603
99240
33534
2233
24673
20685
48702
159769
52771
157358
407408
7424
500608
5802
111103
13175
338434
21459
168522
17050
723
61525
20124
5326
29996
173427
4451
25348
12174
2389
637190
5866
83338
8662
204668
394883
1440
83842
1018698
23420
464781
44360
16315
176646
11956
171077
597791
16101
74336
6386
445160
31190
19599
472987
3483
436995
1015852
156203
595297
42517
652381
223876
78288
58624
22213
22555
492416
60001
55124
34910
69004
15445
23122
552193
11826
135921
220380
19027
164383
34496
8917
11997
30720
11894
10087
5181
479829
13356
136284
43339
109031
41160
8185
12254
39975
4697
611117
15203
35547
11532
86713
4619
467118
34110
24975
53096
43584
20563
62939
51100
217895
76547
159746
761533
134633
36577
219652
156025
53543
78026
272606
216629
513340
68601
76937
28436
123414
157674
20028
14309
40507
6861
35607
3006
90378
26771
329863
19308
126526
7366
43810
201714
12622
60681
84021
31944
331946
62425
350518
429924
65731
84770
719785
442255
482568
20404
190243
26325
87676
203212
12625
9827
125330
9284
5070
1988
84876
12245
10702
5319
77226
20499
59948
9158
345443
92295
178741
76940
45763
663837
10525
10108
18080
161268
318751
27560
322598
165726
207890
95594
321776
85339
66726
779801
109435
551669
17066
1551
73312
150379
13443
76975
66205
412305
108993
10541
45269
25303
525439
644995
23417
139620
12619
340287
35482
363672
35795
906683
111186
1070118
1918
27157
562782
57369
28952
255771
9175
290690
130011
257979
92074
133101
4528
853408
18616
85039
2372
10108
670469
32171
492286
184421
179776
44285
475749
114395
217957
6909
70157
92208
109662
1108834
46422
8007
726038
848898
575388
20422
117235
5176
93182
13552
403386
284388
17118
19308
32746
48819
60308
20130
31481
11371
196713
538590
348308
725931
65812
15927
47429
13717
163612
146506
181976
41572
35158
25978
80458
769059
31938
53104
1158282
5376
2926
38137
21961
312303
161303
101428
1170780
94765
224055
160010
57741
159925
703130
82265
79954
150871
40895
19467
146050
79142
194497
30513
360409
93062
22007
221148
392725
265241
20808
24633
33722
9336
23158
13982
11493
267734
154000
328634
575713
407671
206935
7844
219502
198514
18734
313319
39549
12427
22735
53431
622614
146935
103068
29766
445157
37653
9507
30452
99535
21317
10317
31903
150262
24146
716087
175264
58162
26974
109113
8062
91689
25308
16874
27129
543678
106482
318544
226834
79454
236707
336888
174165
57590
476331
413694
468590
626450
19786
117642
32671
145837
196858
117609
23899
31016
6643
44057
47408
86378
31358
75931
65435
112358
59437
15450
6180
39902
52806
6442
17347
8595
10022
10849
35589
5137
49259
16643
217887
62503
74505
10808
4212
71984
2069
9480
31012
84772
25334
27332
804652
207656
45763
94757
46986
305244
545165
22223
22325
237715
9656
16304
6208
100387
10971
22361
2027
22236
29085
48141
4464
66972
33174
7894
5276
16803
15178
2384
30268
29879
137085
158779
4782
14829
26648
9307
7073
242594
39329
25996
54685
525197
7951
92387
12781
8912
4738
12337
4800
2525
42484
24313
12723
155114
18909
1936
14454
37050
61884
34032
55586
241941
15732
32960
154741
66367
19963
7069
10842
239818
16748
19487
35306
37902
148954
13574
45556
9161
8465
7265
1731
7167
8448
306295
28965
32229
9979
269828
11891
2307
3883
60359
13671
25592
963
9383
5619
6456
71251
53978
17416
128248
6277
66951
375355
183688
14935
18033
8683
419660
205743
68177
6213
373717
69890
23450
13121
18138
261777
62717
6650
75903
15962
215396
51443
354864
13465
33812
37469
428228
28781
44195
216816
57369
499130
36408
31082
15042
45757
133576
235072
291806
77140
37380
23395
146680
173592
42414
627526
192780
68043
31959
29265
51100
122972
32557
44163
73039
8537
66629
10223
109563
50381
496630
112903
624473
391546
15653
51437
235670
8936
96044
22161
461126
98286
13103
600
8845
337964
755661
4481
37917
10700
1392
5110
5357
312093
11053
4134
31320
22117
488660
34666
89248
162877
596507
19700
67651
80556
393
6735
16579
15827
5852
741075
59578
20609
371462
14859
47256
53109
381252
11053
496881
67608
74878
5179
12227
19122
68004
18505
24795
171216
35947
57894
32887
21116
84414
4170
62567
12114
15624
23050
61875
21137
11040
47991
19334
11616
533619
29783
52886
24396
92440
22431
440502
43107
14529
77575
217324
4073
1327
28431
27403
13372
35221
272919
208249
201746
160640
875785
15204
10183
60138
79346
165976
13203
47540
130598
41311
93004
39504
311908
1125628
37032
52207
202711
26166
233089
60119
131627
104998
15654
22509
37413
4630
591
3151
12981
1495
2958
14024
79106
1015678
41655
20998
8176
76765
33694
4010
996
552949
410360
10957
60565
19158
25783
35895
16026
72851
20992
627
85238
4645
9918
9034
1741
388910
2633
2738
10478
7344
7121
71311
24098
475847
46560
19903
1871
67296
42239
100886
887
6212
7113
129535
495341
5490
105505
39252
382382
32648
15049
43673
74027
124659
39015
8371
27
61187
352
25225
230203
23345
54544
144498
3913
83875
61864
3731
12146
23255
143358
349741
69029
537214
53351
11453
8894
54944
81792
293285
10905
97173
23117
147786
23975
98126
8224
213622
33316
1932265
30477
317396
67027
862224
23950
219986
13217
122964
13154
326367
316841
30293
17957
36222
10007
166194
760954
6877
10395
343186
152533
146217
37808
52391
7586
14800
123959
578810
20700
82210
14133
466587
16334
16219
7857
50641
11344
124805
74470
1077705
40832
37427
18627
48966
3707
1777
9833
3931
1463
30001
16541
5338
13129
18164
5218
14011
10764
31157
5993
7094
365
11364
9559
16026
57217
115293
42425
8244
121292
7345
9934
41811
1307
11188
5153
29071
90750
5416
9464
21892
566
71115
378596
51225
19865
25143
201019
103613
129754
59303
19621
687620
16941
425482
42051
14254
4675
31647
109850
84133
11010
88647
6672
254687
10278
29426
46807
65604
11456
30425
5188
20426
54452
18425
18235
14413
25661
14402
49447
76868
37211
28657
3257
11470
9093
88260
55663
28106
2223
2266
7622
3836
61319
3878
600031
418500
167767
2723
9032
3166
11520
312024
9470
86051
3426
964008
189852
48106
20336
17032
9873
53255
192339
11936
7986
423471
21559
9609
17091
8589
3521
32351
13312
7838
3270
7206
343900
20297
252229
40409
17786
14939
13132
12927
1694
15459
4969
10065
10888
126272
1633
13402
10195
21706
21322
2096
3458
6992
7362
3426
3617
12735
1207
3815
37425
111236
172675
37837
130608
426323
12275
14768
5175
214082
174832
15312
4646
59655
31724
795564
131225
28903
10905
36185
190811
360408
51520
29361
966
18239
4574
85646
7039
51688
15825
59970
1533
55768
18170
154022
8759
908880
14696
214226
97287
254782
73680
21983
1259
42771
7227
25858
4676
11290
36
8667
146409
29787
45651
46206
6391
149862
7874
747239
576213
229827
11142
4868
209988
42338
616227
14905
26661
853118
981691
32106
48730
4208
17000
445837
6927
174462
183781
35080
33350
14027
591211
59337
217798
258140
57852
38537
10643
302813
33658
576465
2218
73617
1114
1453
5153
11350
638
56675
271828
175394
5887
15059
25409
55529
6970
107572
163439
18184
21478
12527
26817
1002390
63469
33421
15051
44579
32725
5326
11810
21779
10586
3622
19000
61706
12138
6872
8748
11650
7890
5720
14859
79315
37182
3164
17584
45296
202177
45409
230825
30105
569691
182366
16645
24824
12275
212484
52909
952965
888486
20566
5706
55131
22576
61716
476260
227297
90204
51961
14651
593291
21037
341142
13613
49011
86892
71858
40682
133765
46018
86478
57744
1381980
482
193021
16977
10256
29248
430778
307883
861876
20615
48953
15293
13641
8203
2705
5157
36066
40815
24377
10246
178294
5983
7419
217333
16180
8493
28055
53843
12853
111172
32597
7511
68574
12600
98193
2355
445896
44767
63878
21131
5729
5491
12179
21158
81729
1889
37382
157877
13777
3076
4900
157
7254
7630
430547
231533
155570
267201
6997
10614
33410
22082
9529
359901
1058606
256484
576065
16140
133740
21772
444393
234981
344313
29438
3814
5051
24941
401952
4665
335
16192
884
1008
125178
9232
197147
4004
606292
146352
439062
6924
12569
608292
35533
513983
2419
51541
30452
107431
23760
192294
6210
13074
6964
11147
860983
171135
107855
1020442
138558
22360
17771
38183
1114
171755
1907
5636
55230
491001
1060
15943
119640
11441
8883
22349
19195
89607
66488
125150
814764
30009
17842
5308
28654
40115
411768
364002
30448
7636
335382
81610
309002
135738
23386
29647
12421
38124
127807
297378
191870
7499
19590
86901
16893
839020
378504
27664
266446
132609
59313
1050987
43058
117062
42267
31117
252225
351023
176656
472514
36980
30860
129742
42121
427456
901216
499539
101860
156227
30923
26165
229235
102475
697246
35575
822595
44136
88974
68487
49877
309470
1717980
31270
62050
12742
2168
18890
25383
7922
575117
122408
846130
9494
11351
7018
55276
3188
53390
1043
272482
2445
2137
39743
20461
8398
16628
3882
82613
51269
8515
302
80373
14300
147560
34420
782072
22126
47559
878987
90034
19816
151830
96914
685957
18435
225695
186624
179164
57835
396485
181887
65446
238531
12142
27382
33486
8811
50731
27416
137526
374225
15718
3931
16839
30140
113599
90641
20105
40424
7633
203376
583313
780374
52056
14807
24340
216522
73766
8424
23382
14602
23450
21531
18378
2412
20153
25968
1684
17132
3415
20253
1003423
481808
28785
57283
35590
19167
39827
5795
446805
33494
3758
49945
77897
57127
15653
17802
41813
192048
9781
20191
25485
56014
6792
9729
3463
2140
12062
3374
4676
7999
3682
18049
19410
32001
4281
7178
14495
4579
595113
576292
21834
23440
9483
29601
7428
40317
35185
42255
110699
50089
5060
12807
73085
8781
6047
5954
27367
61190
1547
4845
11009
2870
8044
241374
37865
214608
11079
1365
15328
35919
146842
2602
27286
18131
94167
12522
3357
12126
104183
20441
35138
21642
233248
8023
265739
12597
50174
3128
75957
1768
20813
7010
1548
122857
70745
13248
272845
369639
8965
50331
67710
239649
163496
71567
141169
12337
133454
111175
973401
17946
72655
8883
504461
22451
34569
202076
748880
4155
107781
32407
381647
350860
17224
21967
92639
62617
25755
18344
45060
10863
18008
19241
77947
50352
211030
224567
220984
88312
162112
98953
25300
57533
308823
576408
672625
84828
726827
261181
174250
53469
318942
18086
48408
8737
77519
9398
182965
16699
123130
130468
29909
67412
74906
82550
386404
67275
28144
252770
148467
40088
7384
513359
14669
10529
54721
24030
61754
210854
2726
32334
29858
38782
2569
15095
98768
5038
98311
18069
277447
14889
10760
1543
906770
75425
9608
7079
40179
23847
72681
577848
513139
40790
29879
3969
20695
46214
109648
14651
56885
24316
91711
120357
43111
14912
64813
6038
68161
16333
277136
51254
117332
150376
114013
9807
91786
36476
85513
29771
119688
34231
112917
155317
88466
27002
18846
63128
22324
726352
104937
1708173
126462
545040
12810
259372
701097
94065
197631
586880
215972
35021
28991
47767
48854
458489
53817
38427
90806
48304
60984
143993
313459
109609
1831130
63709
283463
59265
431584
112778
249119
46768
131424
1183710
187231
466170
28160
43838
76645
86270
249485
210728
60813
523031
61399
49143
7000
417421
85952
134139
30796
46003
600518
659684
657866
171018
125805
17047
19478
208008
23042
5156
2881
133559
112747
8308
187437
29781
63777
259250
129981
102867
16335
34283
17291
4377
8455
11345
125037
5676
130505
335123
35305
11509
20949
2953
21653
9521
314107
24040
5198
32534
119567
165959
6730
650368
258277
194632
585310
699661
28540
49799
13963
267225
21469
5008
81032
18618
16745
6796
18783
60928
270419
107494
128672
47433
10983
8592
242055
39291
17174
80395
188301
30896
91792
16123
24806
185473
69312
24494
112555
225457
237491
206126
421639
75602
821042
8138
10595
475455
3469
2182
19298
25939
346350
303223
12605
183517
145442
163860
6779
58448
1132465
68218
313588
63798
1070725
12477
149679
172146
202495
13219
214466
562309
46373
11115
227478
137372
126339
655180
25738
92301
9790
10162
11814
131713
462222
641653
221036
142093
39881
61848
10571
67815
25358
8795
99785
76093
33790
770022
121240
195723
96606
17310
30664
14886
162790
188769
132746
97120
81197
7742
23525
4852
197894
1419
18310
13838
8609
9983
75312
278617
13739
68804
138031
27489
371831
348242
277651
130244
538427
26094
54939
43174
195584
112892
31243
45471
45948
201693
736085
198611
205858
8824
786937
8006
23265
6377
19785
6085
71628
11493
60300
80568
170989
15720
41375
15808
19403
517676
24844
12033
32460
221042
1032663
108942
272466
897452
379293
86555
17043
8126
432514
66051
867813
10304
36760
87827
2007
7037
346130
37011
100116
126724
15329
49503
47152
277183
24608
150431
559769
122923
216698
155205
1105731
1072691
193727
348382
54344
470838
116850
110766
480237
26676
756308
35661
3863
3318
12495
2693
12331
31890
39838
20585
6893
83676
360704
445110
414867
122965
47542
96692
7751
41016
22436
25298
3667
17734
241540
2292
20306
935502
22978
13515
18093
42958
268480
42469
4866
122212
11181
4310
5143
247639
184741
138750
31863
421344
92120
10251
113196
71867
38762
246524
26500
549
6939
40231
422559
13336
1774997
30671
22525
102907
67679
79788
549457
16236
63219
60861
31756
1191
10619
7369
791
7749
8037
20206
659872
55990
607130
43378
102005
535343
78426
64695
969977
207672
1181417
39715
53606
27633
168813
111587
52404
270613
55056
28300
65878
2531
42388
18052
598038
148492
546790
25817
4892
32372
122244
8065
115465
257760
11078
174041
26995
9948
12231
21427
103738
45279
103393
115815
28637
143845
95209
369537
40951
41881
109724
64204
902081
139741
1137404
364383
831644
22560
716555
2567
4693
13086
40733
80522
691574
118766
753348
284727
619872
24016
365265
12082
144519
1338777
224865
65310
35594
15409
15839
21897
268770
108365
107654
25925
5338
1810
5335
13645
594444
47079
117738
72699
2252
6328
12749
3407
158345
53134
49685
439085
64273
79345
219857
78990
62955
18668
414444
97793
326050
2930
3117
3497
50169
41555
27138
8530
138601
185043
90532
68385
293657
14548
43670
4235
22766
104977
8523
27152
181394
36232
9692
86947
11453
192039
76486
53495
118025
370196
286066
18048
479974
93509
76773
470323
610421
59973
271153
70122
736048
480361
112423
1740935
306642
30033
69662
45994
25222
129670
56835
19420
345417
30147
49216
40501
29490
32150
100425
37972
62719
161292
201710
73111
1205501
18190
353818
150775
879318
1039147
445109
125917
636338
10874
96039
60933
25656
47865
21848
23456
87088
36051
287980
71616
367293
26226
34446
133578
890212
31070
122039
190035
23159
100222
311030
110065
4379
27547
68340
98627
174286
1092647
195115
49407
3744
11856
9963
21247
50728
3733
9155
37124
4827
131138
411715
60157
41876
328639
23987
23378
24202
7008
76401
550490
1081536
172548
45186
39671
442809
21282
142328
30098
223524
533191
71511
511425
817437
4198
95339
24375
964094
24053
238694
6474
541296
3170
223663
97043
42094
6458
34630
223902
250325
126500
227897
203392
102256
394078
410794
1011965
50457
167781
151688
81665
248740
652641
1241015
634276
23732
105714
252106
59409
90931
95359
164538
20930
55659
414880
85802
54916
374399
444302
61785
811724
120372
278668
48314
210438
703419
291034
1438015
189668
93898
431929
54868
217119
298138
525496
284234
314407
173494
49449
96289
165356
23511
91515
309053
18140
230662
42748
64595
92787
144131
370937
62705
43250
205887
44382
529213
345633
24290
41587
62678
838616
8322
492461
88956
45840
233583
122849
112612
766826
22202
129147
3965
31012
77533
16282
8438
216834
27111
23774
34461
23511
13631
220782
56637
68248
6492
58863
367816
298365
826077
128720
56100
53860
386835
91900
299250
173325
556247
508292
150479
301665
356616
30249
138515
168389
449225
21014
27443
56974
33458
31244
43313
42944
98819
18054
50891
781212
444874
398040
152473
326479
221177
876664
1350665
9350
11918
15698
72074
493952
115536
60208
40125
165802
812618
29823
22247
5576
11578
10920
41301
4568
23734
58565
112818
402675
92453
38210
602996
30785
39940
13079
48770
115446
197749
54500
555173
310056
125972
5727
729165
133773
30083
361993
776864
321142
44212
743139
43243
15375
8448
27332
16937
322
13336
24968
26607
108193
106399
16327
70144
69512
2981
21429
15605
21520
29559
77125
96506
78223
9139
4295
56661
20922
93030
270933
84336
21887
8392
18739
6829
217315
2344
636737
11372
102320
4282
41224
186228
14676
14893
35675
339847
37927
25342
10399
9635
33450
8962
173732
9622
69191
217591
1583
113677
3434
103243
18218
73543
83962
93585
311168
192303
26215
7248
59527
16565
4367
2369
4486
25981
55625
507540
215104
46904
258116
11808
164584
218488
38237
1591100
48987
397926
50297
115196
16690
285822
70478
251688
30133
265741
422507
66946
4235
305309
5702
247303
91830
371904
161398
855661
120247
188093
97825
358767
62438
75488
60467
280134
20770
348397
30556
510024
5739
675080
114113
251728
18498
692276
175764
131736
59934
1227733
200569
57403
55538
217640
519935
101192
32834
831607
101513
12504
9902
242540
23126
285528
33537
185703
174579
175163
4426
207080
53709
206352
49712
431351
413232
1288
134239
4305
108284
110349
40336
295508
56332
3363
227091
27078
55364
63444
28782
26461
26602
72625
81551
14337
18830
32074
31338
159452
38918
5665
11503
46251
29450
133482
63368
54704
23112
5854
115931
11155
44746
125869
60036
489594
37692
594552
419757
206312
387160
455710
17227
18004
9200
1941
238916
69289
100030
75826
29327
55104
111243
32232
247905
33055
152966
36329
469144
36136
26965
14133
190977
715651
96914
182205
950728
149684
150028
53650
33846
13861
9497
7914
28403
1942
14936
224952
71037
55353
106939
46093
579692
30806
46623
489731
264965
510818
140011
56171
63392
77288
8393
415340
50744
90453
54057
41245
8272
32611
54823
192394
705793
311828
172614
67329
953617
49207
12279
16081
23200
239682
5758
93105
5179
16025
3963
11757
515752
16531
8287
12966
3962
14089
17645
20342
18902
9921
15363
70024
3812
58068
20326
17603
3195
18157
6501
155575
7503
234195
13929
28871
64160
148462
751569
83100
41260
188084
37933
247981
14779
304460
80572
96376
61589
33484
2566
26854
19136
46455
15794
237376
302860
1146304
229715
501720
4804
542828
20180
32110
11986
58974
8927
5130
10742
61653
66169
245165
42105
385689
42783
21680
6628
31950
107596
24026
12463
25521
205773
11098
49921
9334
8986
476218
12189
363975
387031
1070697
6315
34335
14274
74633
20275
89969
9722
12903
2778
50279
2237
62636
8152
677071
102756
155972
3609
51094
25336
67444
17781
27097
23065
8994
7369
364922
21850
594227
140275
317050
177602
8461
13818
516718
18238
78656
8766
52997
7930
17265
733171
14566
17754
29655
178255
51974
30647
24629
6194
125936
9237
5296
5927
9286
502
26383
12569
31459
8092
5383
1397
58496
2285
1090
691
143727
1349
15234
16285
159262
2972
6088
16606
227719
29936
23910
1281
19130
6769
60848
5857
30266
56405
118124
8133
8483
6751
6458
11991
9071
22072
250957
26172
32567
41830
26321
13233
68605
51847
22032
10083
27809
2484
10024
27055
55845
1335
22345
361958
637456
11858
57375
5501
27985
10977
27672
92104
450444
171432
16761
473431
11964
175416
15976
7843
18122
91544
14814
2778
81691
61440
7436
26122
34686
989
9984
6168
18619
18710
6852
5729
22834
37963
5912
18222
82684
6371
26299
13086
37517
88300
135464
5787
115939
308873
154112
21989
59387
147959
49339
36442
117026
45103
3012
11342
9388
904
35050
6775
1840
6353
2741
64393
27679
31444
19109
29045
234399
36967
26306
7841
66411
3531
147905
22592
822810
2318
73173
212940
114376
20300
5922
2576
339503
24313
5558
9588
33487
3956
2307
24436
180078
52566
27300
190203
53398
25005
8540
6450
8575
68358
5872
2317
44112
7754
248484
499335
30731
4077
620416
32599
46580
17636
13160
6
263220
9261
11793
1953
30198
24274
11342
5242
24958
70578
9437
14845
188305
37786
42097
43883
46610
141184
196425
19190
231118
23409
4964
125395
49538
89068
30631
3173
7215
19192
87974
8659
258390
41491
261487
15902
73202
4346
10542
7495
13099
17853
5331
1053
12555
105367
8505
5099
13555
7390
471877
23340
124858
403113
118093
6622
18412
117884
170986
27340
107712
465820
69428
15062
83404
60383
393257
7064
270687
13242
271377
17796
33405
6980
217157
94218
19364
224824
27302
15900
4834
13202
4006
59977
34593
21581
9109
17669
9080
42439
88242
22119
6267
12186
3317
2309
6175
1669
8846
5711
23398
3747
4840
613
11272
18731
6027
1332
9052
25490
1846
4227
243941
9640
120819
225496
28364
285996
146255
20069
18619
71775
211159
28564
150749
250389
158211
68956
82248
362575
94672
43681
40961
3347
11846
286253
303615
5532
355620
31680
20475
89555
28517
165789
30138
109528
96366
371496
484963
986948
11583
45879
79382
46162
480107
31735
355635
123924
68903
13341
83278
139986
49113
119849
108894
461959
17734
8939
195826
17638
12498
691283
1599080
291529
14439
8385
96472
59910
43242
73902
116134
196363
2857
20388
30079
17990
318252
318600
220206
125604
44185
34576
968030
32394
80704
135869
15926
4036
8348
193764
4161
18589
317842
331123
129506
372099
5848
3595
24124
6637
16423
295673
243396
17626
419731
8356
54465
16330
400876
486623
102370
150018
13242
61691
302614
202719
12237
6115
959277
43831
6786
62878
43656
80605
24182
455015
85320
145359
17460
7128
10680
163141
313810
2332
130360
14701
297090
8256
6207
27412
55401
4246
64626
66317
538392
19068
6792
9658
214630
27728
117184
13400
27711
6148
70114
6169
44320
310646
44235
91763
34244
8262
33015
99776
405733
126863
128551
518625
306662
30214
261833
76397
47040
519870
704528
101168
52401
15481
148242
96531
286034
27753
159299
10312
4120
28684
13714
99328
796856
71312
20957
18123
50419
48059
175100
172563
381829
20848
208752
58190
120747
119115
1458526
110122
1781964
67186
309666
40617
216481
30393
99310
269350
21731
21861
791844
2734
34316
26072
54755
268685
71711
220109
59230
199171
55480
30427
151611
469599
697097
207654
217567
6653
35432
33544
28864
16603
206394
720931
86034
32210
10130
7716
103714
6084
141284
41828
41533
8219
7667
9247
315954
20423
121441
103926
48280
482840
55892
2238
36369
14604
797274
99492
54548
70220
105428
117571
109439
12409
185740
64225
158768
514052
366945
40523
215724
18177
138184
21461
378860
10917
55751
81606
98907
9911
41710
68328
415640
394443
25751
2354
62601
57178
228332
33525
53813
51205
22896
203654
47798
82626
21191
318561
10437
929135
186805
242960
1263
532550
4785
1533
8320
13255
343935
104027
29118
184477
3665
3081
6760
14170
21462
51337
394199
23641
14013
12910
138594
773375
43016
10573
21894
16136
41686
19012
344945
11429
86527
15287
205474
80493
3427
11469
17319
7324
9620
247623
5006
9669
22290
8724
20083
19541
29653
11014
478518
67895
26510
11661
6833
54687
40132
15512
6837
9513
12829
242585
33408
157607
9316
4564
10181
32139
61416
298557
140630
193163
13909
58867
34026
55144
30445
495560
99938
16745
12553
65705
187695
56740
302140
47453
14231
303212
36639
33338
199
10614
513375
193607
633265
117249
87921
2993
99217
18673
2909
2345
12613
6406
9277
18489
7935
10413
30278
11028
193411
40280
95100
17440
28101
41720
168207
54104
32810
37497
428789
106609
970620
21783
82579
19293
195584
372988
72832
12051
21069
14465
3568
323659
31326
56780
118215
15543
2941
10071
34215
41411
12847
3531
39057
38905
51554
48812
326154
209979
185948
33623
32957
5665
41748
40867
187041
545762
107560
264240
22711
38212
109439
13270
676364
19568
96561
8907
76648
324048
225771
19077
127012
68547
86754
8595
285118
107979
94248
18077
37841
34887
241230
415630
6193
15592
53
33984
18609
23209
20475
109056
32086
7777
8915
181031
22670
24527
290387
2456
33929
28113
262664
127913
29653
28286
326483
13916
8658
20982
172114
113686
81116
151667
43245
36047
8217
13506
12943
34434
141270
35610
64914
54417
39977
101570
31839
84812
142472
14177
61219
33089
25067
105372
178908
44126
38855
25950
87252
99167
117708
53787
36719
135737
