28755
65387
30191
20926
11256
58309
16194
500078
13247
110441
37402
19779
19468
60370
39070
14529
3208
5765
418538
15716
12867
57081
57116
150467
495268
30636
40404
87428
47012
734878
426727
66828
50369
36162
127185
12949
219960
735991
1101534
232967
434224
75423
205001
24542
33458
230492
170577
61041
7076
24897
32819
13933
18611
204611
18850
43621
116170
537736
27316
40682
10811
72191
24838
2823
11243
3198
168917
31573
33168
502125
5570
30904
26427
10694
624905
3850
9623
32234
4754
31845
52793
3071
225317
16677
9304
118348
9942
266381
23945
17033
148573
89648
15131
177614
151729
451790
27820
3506
176463
515942
401051
348175
498000
27658
7947
32705
16276
40556
47405
23883
32654
91351
51654
428122
109942
38328
545629
247995
24751
310125
394435
336631
323173
126218
39766
74858
176900
40760
81974
644078
746907
184567
20093
16906
21016
184207
99694
107790
184859
59783
43661
6275
14399
69488
225265
586077
40917
126867
212664
390590
17856
377662
234103
417491
581015
1032242
79938
218224
26614
22811
501276
93649
24973
46657
183094
225600
471993
266916
155775
83141
119348
144061
23595
69365
103538
444154
15620
140562
73310
77020
160513
186965
73735
511948
222373
107672
62409
185864
122725
95081
134686
26471
14747
23229
240421
3845
47140
196578
631472
65594
23029
57277
41253
18670
14639
8222
8371
414810
3483
16538
16678
55706
56075
138553
20166
37396
21545
3376
165928
3380
8944
15613
35772
366675
163193
98243
8862
62729
27713
72928
514102
56931
295034
28329
495568
82041
69046
2342
55881
35773
35413
201052
2664
261308
6674
487120
517244
18892
559898
44447
4304
8209
7456
72715
12550
67197
6001
25682
58464
7621
412
11519
1985
51812
33638
498317
35302
144812
3067
7304
471739
29417
6362
18612
75332
16018
276839
8465
244131
6730
7282
1315
3329
20704
8225
17437
130460
7225
154311
4548
74536
14604
3606
1616
7456
14646
620724
25911
18314
266101
24904
11633
40122
27693
2890
30152
21446
39285
39471
211642
38024
34259
3153
27912
19066
26293
25312
61572
12099
5152
38174
22686
126803
65052
5212
30747
691
19894
280532
61907
172842
284932
8786
11485
1238
26906
5252
17330
14493
15512
16603
27493
77903
77113
10821
81702
22969
10808
18881
26035
731212
106478
25537
21674
128555
101785
107536
149695
27852
16457
110034
239300
115543
214979
20694
1380
86455
16581
121949
67459
18467
14505
20664
9361
50477
110389
33162
113889
296482
16658
492885
5535
174601
17224
352733
18314
121555
12201
617
93260
16397
4528
20066
157978
5132
26593
13068
3462
530548
1562
96886
24080
114057
362069
1764
37672
893902
7757
429085
51844
2887
78761
12148
71112
551063
64424
35556
5356
369872
17735
22430
379125
4670
348408
800580
99785
531596
13457
545723
180590
41910
20404
16296
49448
439696
9260
45822
23892
83085
13551
37242
417545
11253
161843
196568
41122
101619
10167
14180
89496
26737
9505
14404
11149
425489
18227
92630
104086
80727
31394
12427
11669
22585
1750
532070
22471
32432
7158
43820
4319
423360
10489
4803
33782
24896
9477
117722
33006
265554
41375
175215
632393
125533
73866
133161
158882
22731
122953
149982
86222
415688
60425
35915
34154
32521
99899
15516
15230
45246
1767
4491
6762
94329
11283
279405
10627
53533
8323
51447
166512
13262
30477
99238
24232
286689
28079
312838
377440
46436
131063
595259
324007
457967
39877
143055
10905
114091
99983
3445
10076
67287
9108
1233
804
58688
4218
5928
5511
19556
21903
48801
7641
294478
99726
189215
26899
39794
539116
7653
10292
33792
143761
195930
24789
241555
175795
186440
47059
351243
58842
46480
637270
153641
475124
14457
5497
72175
70166
16416
31454
75572
384523
85282
1417
29935
14348
397416
602657
26347
73504
12967
223009
23071
367119
21565
708426
83538
834461
2821
47044
495191
77837
14508
223833
6200
250687
80121
228561
89126
46705
3473
675541
18284
97859
2131
19647
356432
47729
444485
122720
165596
8219
362298
93532
199093
41047
94498
118940
24880
957716
35978
7919
604023
695444
478003
14055
123484
9684
67754
7736
324674
222309
7481
19175
27853
89284
45574
21031
31219
40499
92680
475345
303289
595880
45333
17737
33901
45807
148884
108883
147853
34069
13954
10395
110018
614668
22663
22596
901582
85252
3221
80094
4955
213519
133952
106171
895284
53753
154411
135388
46759
184767
592634
110047
76187
94333
42066
3051
110313
78294
178251
20413
183401
72484
11167
198945
288160
205313
11514
30045
33802
11575
11605
61653
9363
217249
174332
292595
514190
266686
152052
6154
155502
226402
26078
201402
37938
34834
55650
35621
616751
77366
38446
18117
353907
58542
7409
52569
90775
20006
12476
12343
153997
17063
590351
160114
21540
42105
71015
6286
36698
11304
13990
8696
504085
48630
252388
230769
95165
226431
315487
129767
33093
407471
370879
419215
454523
24789
134723
16914
96754
168416
144638
22639
18923
22512
20669
47418
55804
39324
77470
84125
139673
41022
21119
4028
48588
50019
12388
23535
12304
18337
9414
12239
15155
24432
11201
170620
58714
120226
3700
4377
64885
5491
5208
17838
86998
8729
22757
641420
132813
52539
67271
45885
259328
402785
49374
22903
189204
22209
31699
20203
117211
23705
22278
3912
43629
32744
49912
4168
63352
6369
10349
2174
42426
10738
2234
41794
39359
112684
106030
5496
12592
28303
4263
27012
175614
19932
98631
43946
439715
8533
50607
7537
6726
6731
5593
4604
9835
41035
21629
12862
107331
27790
4904
17457
32661
67793
51230
59878
261287
2998
58946
82986
93844
24419
22317
17621
214738
12704
10500
56296
27696
80183
7414
31788
7001
6560
9739
4399
12314
3611
241693
41096
31722
36888
208291
10
1548
1469
34386
9546
17180
1604
5922
2558
12680
65375
60837
7014
64288
7993
33464
324961
84945
17383
49252
8469
245198
197277
33747
7972
315589
18543
20775
3173
8217
235086
62754
5551
81809
25423
126652
36159
200252
25764
19548
89031
318950
11885
46985
142302
34454
375417
35179
11042
15699
47940
56804
294255
229676
97680
11726
17407
73202
136294
33539
340309
188276
89640
37635
54847
84618
178451
22600
71617
30557
14511
47542
7017
64019
53909
379507
31270
573255
242399
19009
6908
202032
8249
93292
6308
414761
89663
38441
2506
6247
289870
623838
21100
40010
18408
642
4562
9610
265171
23593
2986
19618
7056
362281
33722
97169
118666
496961
9242
46534
65676
729
4567
12261
9335
9195
632893
25777
10850
211765
10456
43986
12738
376588
56739
433833
57800
65526
2089
9767
33684
36775
18456
39000
124108
32510
52057
29983
8211
67139
8337
35089
3834
10480
30317
36438
18946
7760
45517
18178
6392
405872
30304
30040
25696
35302
17458
404768
30198
11903
50009
104396
6831
3263
11002
33224
6510
85760
275758
175503
147095
131380
725084
8819
3893
59556
81041
97653
9054
54429
113083
52567
67173
33712
131085
890844
26162
36953
161018
19256
255276
118748
66979
138308
20914
13881
34972
13948
687
1028
11441
974
2947
23939
47298
816394
51856
31534
7492
14888
9947
2059
900
498605
237076
11771
12835
18219
13953
65746
10870
50221
10950
2157
3220
8057
15211
53279
829
278610
2138
5355
12879
2197
8897
73502
15253
395050
3666
6204
3390
92407
39750
63380
1170
6214
6873
57136
464544
6139
82432
15053
289262
10231
17128
46967
95718
121689
21265
18446
1246
43252
3177
12774
210650
15677
61519
132949
2922
57680
17221
3315
4599
12056
146963
291020
88662
446527
56793
7564
2016
5841
50501
204081
11216
120343
50270
104738
11115
67793
3737
122313
21166
1557253
39998
265668
41413
690684
20683
139260
7927
48181
13848
347266
280688
11442
10836
43737
11945
137057
638296
3491
15078
289785
74579
117078
38875
54512
7944
18739
151668
398605
20718
51508
10776
354802
14379
22423
3330
30821
8001
114222
91923
802912
32674
28170
21285
42272
18189
4572
5518
4200
4275
21060
8980
2675
14117
23156
5458
14727
10662
29946
8190
4535
33472
14535
19714
28074
55218
71450
76054
26770
105421
3710
11525
93184
402
7054
6641
17509
27137
7483
5159
2096
2589
39962
307706
21104
17551
8639
141572
49801
142112
28941
16986
610214
17374
409013
62824
39318
5370
26665
102454
46913
3990
41243
4458
259262
8690
39766
20982
55686
10302
27451
2537
8098
29374
18072
38033
3318
26638
5907
17347
76260
76403
17855
1787
60400
4374
48677
9341
26199
509
50494
6873
5070
90938
5502
539940
304020
149212
3534
13508
9811
3459
276499
2492
117680
2203
782172
211427
24351
27620
10965
20209
50556
175737
6963
4915
311835
1650
5288
8866
9011
1493
31525
16450
2562
7304
3053
272799
4989
187531
68372
13617
24790
2514
3125
4232
8445
1216
15070
40509
76834
3666
23809
5387
18371
17737
3666
1347
4199
12670
5864
3884
15759
612
3029
41801
102787
99230
17452
103641
333959
12407
25609
39043
118699
150458
12263
454
95674
44468
635068
101168
13787
39818
40654
166223
248806
39175
32550
3561
12143
4037
35541
5881
45269
34550
40714
3100
33274
13261
163931
17608
681259
11040
88411
155555
177185
117334
22784
2083
40650
4599
20155
13
2256
971
6579
204636
34717
37694
62367
4974
98400
17077
639353
498285
104017
3557
1642
157949
7167
523656
5336
10622
666656
768838
6973
33028
10634
15601
401662
2818
163075
136412
19615
21763
4065
444610
57123
137124
233884
48740
24699
14360
276342
19644
518341
2512
58908
305
2285
3122
18592
523
49943
218267
88422
10233
11091
23555
61887
7606
36172
98673
14942
25626
15639
25498
803905
29682
30688
13690
37302
18337
26276
7810
19678
13608
1252
4341
52353
16487
10057
1890
3309
13425
2839
10730
69708
12684
7547
4943
66633
108419
29237
150057
35877
363194
119398
13673
15034
25518
119311
31130
742956
725815
25156
6541
49827
4657
10986
473009
102886
116080
55947
16417
453796
41698
316961
18080
33163
69541
76239
60724
129646
29379
57940
22242
1155720
3333
190657
3948
17852
19955
371445
291998
636317
22410
34885
8899
9296
5409
661
6282
26240
44517
30673
21672
149113
2778
5148
170531
12139
9464
24610
36421
5322
55300
10876
13486
46812
9818
113976
7740
439936
29307
82751
36010
4035
2286
6429
16543
60609
3799
53263
119475
37305
4418
4780
1264
7798
12181
378221
159979
112449
156582
2910
4333
22148
26598
8858
331706
779733
219684
496923
7341
79683
19764
233384
234797
287634
24743
6242
6714
19049
356901
2437
1489
5103
2201
1375
93927
14866
127508
950
463003
91481
429599
4525
4281
521220
8771
453751
260
57907
42297
130029
10544
187935
8761
8422
2140
3390
672533
123260
47941
796682
53933
13369
5515
40952
2834
98598
2873
3199
37185
470650
3877
8258
86756
5176
5022
10299
70200
76134
60658
114449
662953
24884
12004
1740
11422
58212
349862
267909
14400
12054
269925
68483
241010
139578
11178
19182
23111
58841
53040
226341
162967
7533
5163
60768
8165
679913
352969
39728
143819
90832
34416
848984
25660
82318
15416
13063
202855
221593
187232
475916
37195
22135
162018
19413
247368
747671
434696
64232
111302
11110
8667
186154
83099
607723
52869
693570
51835
37224
37247
48935
253636
1406976
42339
38045
8759
1641
49293
28058
1825
468849
44339
702852
3722
4504
4117
4747
2158
38668
572
240084
6819
1689
20468
18758
6271
5091
1233
113544
53154
11283
406
30970
7529
90854
11533
688500
13421
62654
693554
45374
19523
89292
25252
591537
6681
186681
198229
158830
25284
235411
109579
86688
206582
11794
32083
53779
3985
10426
17163
131298
315533
9554
3011
14052
10007
89276
45846
4369
4492
38557
171621
476365
659161
20329
43213
27498
182118
49814
12134
14718
10466
18706
19780
20214
3398
15092
24363
7448
7113
8299
17288
803497
431214
26012
29552
21699
14976
22499
11333
403905
31652
5913
64976
71985
84432
10488
12619
39773
170291
3416
3598
32966
48312
24157
4718
21558
8045
5162
5593
3236
11743
6062
7454
22395
18253
13026
4389
13748
5983
516541
463411
17136
9601
12489
5344
4715
40887
23778
31196
50763
56654
7289
14360
41508
13572
3870
1448
17405
33037
575
939
3358
3807
11070
228835
13053
186324
2623
581
15301
14195
111738
1760
10969
7418
64628
9846
1221
3599
63501
12959
37539
18353
143933
4804
228150
6187
33496
3829
121806
5624
5326
1537
1095
153057
99467
15624
258852
350315
49332
19348
48995
173990
125911
75999
128881
7979
170254
125131
741281
19084
65133
47804
491595
46228
55400
224089
471771
9046
19424
20062
285923
268760
33949
9083
78013
83427
19220
2660
25194
6471
17791
20019
40322
100310
77606
129326
137626
41245
75674
46940
17791
23769
272760
361250
609502
60495
632872
250564
120160
25758
326165
10665
62447
10563
32590
20201
145778
33141
59119
52967
15541
64723
37132
40262
368349
62467
19930
192476
150783
49822
9662
467153
13454
12377
48634
10325
56557
172708
3925
17507
87276
13712
3520
3728
62339
13631
55435
11929
200031
13014
6272
2770
685575
58896
4091
9049
35487
30487
53765
534170
394084
42580
25029
3889
22953
39618
48813
11021
45306
22042
69058
84756
38194
16726
75300
8492
84298
8425
219536
117521
117564
35886
126724
6649
76061
19253
72222
25948
90582
51265
75793
60628
101168
67584
10159
59680
22034
641386
52558
1419457
114016
376739
13735
156752
546427
81672
177620
518633
207767
48689
18600
21785
11131
419248
45382
19234
38468
74350
49973
88969
206643
176676
1528067
56900
237607
50846
366508
91111
182342
43464
115292
907557
191216
342959
53024
30539
53314
121763
230691
105449
41557
422481
59846
32052
5054
347607
119030
81168
45431
65325
452349
499909
542495
130051
78357
58604
9036
226761
18863
6303
4592
111638
83797
4527
196122
68319
66534
259773
60649
55521
21038
42341
5193
14655
3460
24811
73546
5895
122527
238453
38537
2024
3992
3891
16248
13034
327457
15095
6442
22905
109404
115473
4723
535399
212463
206590
525462
544815
10616
45814
25858
159576
25572
31545
80432
2298
16648
13899
3328
44436
240021
81869
66589
11890
11697
9404
135804
37636
46485
110731
188475
16369
58278
7771
15006
198237
34894
18375
89951
240762
239435
141641
392841
44145
709355
11106
10857
444056
3522
9540
11239
24389
278270
257590
10086
220227
124243
121920
8686
76535
857481
30966
252026
56270
842209
6847
116635
166261
131436
8542
111041
422943
38458
7726
315667
61515
153891
623567
22614
75474
5182
20010
15324
44528
450838
531963
305209
130800
23539
44545
5544
40643
40003
19834
102193
66185
12870
620469
131923
189879
125071
35242
30719
23087
140113
136019
97153
128688
46264
18517
19636
9646
219388
3353
17064
17556
8315
10621
79628
205740
10624
53801
54076
41580
260828
257781
251544
106758
311408
36404
51181
29398
190702
62964
23357
93996
19711
143063
520635
178239
140811
5199
623235
11267
11241
10516
3754
2137
34142
23215
54269
71455
152618
10121
33596
15700
15034
412004
11405
6349
27197
238143
859343
50646
240206
560566
333520
80128
29363
6393
370848
18530
681858
9903
17713
11258
1191
4914
220394
40534
55508
66413
13693
59838
36486
257060
13355
152695
429971
44581
109363
107226
857465
796905
137462
346900
87330
328989
96731
68936
370897
26494
537096
29131
6631
1928
18044
32777
12480
44621
63917
8674
7556
45114
296385
431975
382520
95723
83697
104668
3283
35632
31148
9408
9936
18216
210016
5235
9712
749353
19239
6239
6532
43880
234427
56491
4406
75800
6873
1903
4560
165115
171631
89183
30521
446912
77695
10574
72853
18593
14530
218165
12756
797
4359
22398
310259
11597
1391786
3999
65063
75926
32448
69793
509830
19395
43777
81462
9894
3797
6541
1269
1405
11897
10148
12811
364769
29627
513714
14730
95248
367325
55912
98978
749135
197861
918069
23230
52673
41325
115105
72941
42180
217971
77564
13219
60562
5610
11381
15555
386376
69977
488520
20821
2828
28189
79597
4114
112449
273943
3855
121558
35099
36865
3990
6274
98092
13587
92665
108873
22762
97063
65454
300685
22994
53075
25531
45015
701337
84676
963503
298231
634958
17550
550307
2867
282
9597
29935
23142
539054
102711
605969
190057
420035
30594
308867
11468
88447
1124252
200387
42729
34627
10147
21596
11167
214689
93609
108597
28604
12370
3462
3273
9636
468156
34805
67640
50022
964
2462
7086
3105
120618
34470
21186
353924
38747
122146
154282
85496
46011
7985
430177
53476
277894
6384
3615
2345
36514
22277
23490
39935
90760
162481
50241
84925
240035
14214
93537
2524
13773
47426
6063
15522
115668
43842
20109
98547
21086
136168
70948
106833
78962
340141
141445
18916
444059
71226
46931
351631
493087
52230
231752
49497
550823
407169
87429
1407879
274628
17267
101014
18830
36808
70610
36220
19640
349618
18396
84856
31134
37902
28832
53361
28655
129001
174169
221374
62948
1020146
21842
280126
127175
676931
825574
322410
62376
611140
8896
96598
24037
28815
65415
13733
16055
57433
25636
222239
58435
251276
45381
22028
104966
672020
20043
109653
168309
24338
119699
241441
122975
6585
27391
46757
68717
77088
862969
95471
60879
30719
18024
6372
71946
41061
13437
15635
43790
5153
56418
413503
94284
22759
229752
10921
22828
8364
7515
41825
400431
764058
157485
21433
28325
281509
7912
121562
29727
183938
359488
81544
396554
644256
2403
32398
14663
801937
27252
157128
4448
445237
952
159341
130385
28731
10916
57282
167369
254350
46099
185026
152945
87068
291851
338558
787850
77638
94041
146961
45744
261791
569293
991604
617269
26328
67278
165377
30381
129344
80172
123073
12862
47584
416983
47147
35495
219342
230092
56164
617701
114975
172914
49544
198765
545109
196116
1275444
129308
135110
448226
38632
205577
252395
560779
208810
164481
77234
37409
94460
95142
31965
29819
147519
32170
163286
47816
89210
128611
84294
240804
80456
29345
179250
20168
379477
262530
20633
89957
51913
672535
33889
382651
43586
40882
148340
87278
86690
624159
33527
81932
14166
30468
37426
6578
16210
157782
19011
60266
36960
20738
8473
191908
81342
95692
12793
66239
367741
267438
701487
97309
70330
32972
299255
110052
246783
132540
504599
453837
156120
281080
226978
41487
83605
129465
358385
6304
32838
16022
22575
25066
26237
20108
114428
4413
31089
617324
452443
306296
104344
290593
241192
745981
986258
16367
5598
13817
58868
492384
58030
28818
90956
83586
661591
35136
16402
3359
38588
4529
37643
28426
23340
23550
56802
406183
128191
84081
437651
99053
20877
13654
60825
40135
115529
35959
374108
259893
53860
3094
613736
65333
17171
307685
573305
320867
26304
614882
57261
71192
1541
32198
5875
11782
5676
77495
18049
48344
38847
13846
66345
28588
2324
8849
30498
22480
29125
58759
42655
20681
5134
166
55857
7271
133615
237882
67703
20403
1981
17001
10377
166350
6870
545051
11262
58861
3576
25011
209312
6985
22918
17927
276666
26949
29752
10549
20152
37721
11228
84627
16817
51136
185541
6505
63157
6208
101151
21856
49154
96176
86829
301879
178193
13196
8035
35484
20304
17779
2851
1607
6529
66233
509919
103947
47734
279688
14773
63016
241853
20205
1197991
21031
426973
36421
138259
4780
211497
37907
238673
18220
228956
419009
64172
8682
196734
10029
164247
16956
336252
183551
682991
61992
185401
74895
257550
26652
31750
34100
256866
11748
280757
20851
464328
8674
590411
71147
201911
13956
599788
143225
135007
38741
993210
90918
63305
32603
209772
458615
29812
20804
739058
27537
39886
10262
217161
10969
195187
31668
103748
167933
160764
1470
173225
15733
192115
55769
300076
293404
4619
88729
1994
48517
155878
45883
192621
101909
17141
206495
10288
28408
12385
35327
25683
13564
8169
93656
7256
11585
20871
43028
119548
29148
6190
12781
22824
28550
125140
71448
11540
17349
5736
94691
8498
40118
142370
45130
454889
63596
447855
389994
139242
316738
453741
20518
13621
14660
2904
163931
50885
103033
61110
16502
45201
86260
40599
207920
31046
106668
33809
415020
32069
38801
16072
130159
586185
108962
125690
743571
186265
69191
33702
19753
32697
7693
30852
36908
6916
7671
180664
51192
36229
80319
54693
500243
10118
29372
472037
225824
449359
80143
25931
36383
35319
3238
360237
43686
90379
45603
81290
4879
87521
19384
101687
607214
216876
175708
30375
775531
52814
8976
13292
4476
169443
32745
74367
5570
12353
5427
5777
454305
36086
17459
6855
3463
36880
17469
53408
15010
4674
6974
72798
1025
63202
13490
15828
29957
3321
1728
126089
10392
293387
15038
34514
43879
41376
603251
57612
31126
99517
29919
197648
6090
200440
188378
86491
95421
22683
3089
30432
12847
56300
53740
193122
230438
894725
186497
410593
1845
448413
77960
44308
8389
75880
4665
20688
11010
29514
43193
242878
17737
265160
47189
23157
28251
27865
37908
20239
26191
35901
110450
4526
38754
12487
18718
458713
58562
243110
293171
925860
1397
35337
13870
43984
8792
39190
13675
13470
3199
76769
2659
89801
14804
558424
73808
87054
4087
97172
28453
64527
6343
26028
8224
3567
54394
312266
14198
468856
103583
169648
127783
6546
71923
433493
14764
79982
14155
17168
3979
7998
606313
6080
10977
18098
154896
99470
67590
34498
2559
161499
38791
7471
12828
14532
4174
38410
26149
10174
14200
22279
4959
37344
13577
11590
43
116884
13924
7353
6761
108237
3448
28793
42653
203432
15217
19949
4679
12914
1971
36425
10598
32838
25999
68790
17076
4964
4344
10593
23230
14470
6231
184549
7226
83114
38983
22553
9959
41256
6901
20667
70228
40662
2060
8903
12136
52506
1905
46122
206871
607435
22991
18866
19045
15876
3079
29936
52306
410954
130507
8349
398080
8208
118774
8577
6892
28819
44010
13235
1048
36919
11610
3006
19451
19966
907
6380
9111
18234
3865
9401
5137
11194
56168
20058
12816
57222
3621
24832
14383
84203
63378
98501
8807
40690
264377
112269
8034
53169
81606
28816
21556
152815
52285
3448
6064
5553
2780
35091
8571
4560
8260
3779
41009
24250
29248
41541
9970
193504
15139
23058
26683
9858
8809
54548
63999
711248
1643
86222
230046
47975
16874
5724
1601
228553
13377
1521
39134
28214
3894
1973
12949
116485
69725
94933
160976
60347
18765
2826
7052
8612
66312
19654
471
55094
14424
196992
428987
17416
6179
489328
8435
80486
12080
17576
258
224795
2127
8128
874
29970
17798
11850
4359
2357
51781
16561
12742
128782
43950
29603
40947
31695
61816
116159
14478
244616
18552
4278
70254
64555
43576
12501
12342
7953
10140
78573
11999
168361
21847
221854
10659
75763
2814
5038
14114
4967
6322
9606
1051
13169
52781
8537
1051
3997
4414
382364
28510
66624
329043
128294
3960
7592
124158
120791
24053
133352
344151
88782
9541
126497
38897
327016
11335
171372
3129
240756
10686
41500
13017
180171
83119
7223
210073
11214
6696
2104
7212
5394
33380
31644
9367
637
7660
7859
33337
132712
16182
6703
10147
7613
2907
8707
12358
6924
1951
10166
3269
977
27
6030
5750
3419
462
16771
9374
2524
938
238419
56376
88607
266125
59345
270312
67750
26995
12304
28007
80729
24655
123085
203389
258119
29634
60015
318793
146729
3899
47265
2946
9464
209921
201164
10832
316573
18987
20539
32924
29023
127627
15290
73719
69522
348720
379420
748521
5659
19659
67470
20451
416230
17772
231856
147001
71453
18085
100292
112711
95121
107965
160331
371743
14622
14838
159187
10758
11374
570810
1374385
180165
28576
5684
48141
10939
34041
66102
76525
208141
35381
9011
15069
31349
242647
245684
106076
183538
73343
12729
911323
27851
99971
137170
10365
6592
17087
225025
2206
19526
232330
192688
161674
217481
21255
1916
21918
3202
14456
126640
168719
8798
204952
10082
46200
5030
360078
333482
115451
43598
19646
57963
264130
160131
21580
4706
758559
45224
3051
53158
49859
56454
13209
349137
123746
104035
6520
4844
4064
161241
229136
1273
106919
14697
197565
2781
3587
2729
28893
5936
37121
32421
404625
4917
4806
7190
167471
31636
124094
11821
9047
2262
45515
11726
30964
257223
29014
54075
46720
10804
51930
74295
325496
86572
71500
409049
264866
40923
304860
45920
119272
422964
480822
76507
71798
16282
80593
84547
217461
36242
52737
6170
4346
21397
8231
46369
611593
101667
11035
14276
42593
74675
129608
111772
277505
25554
240776
40775
86823
82354
960495
51646
1496689
60009
320989
30506
131059
30808
33128
295829
42880
7637
701509
5212
32237
18899
93294
286034
37247
208444
112594
135171
46689
30547
185155
412649
536044
237181
133601
5482
18410
45890
61348
16389
130436
586612
75679
84016
6150
11474
38003
11550
63555
48969
51718
14370
11181
5748
266884
30068
79501
62386
37868
423924
43589
1942
38611
18666
637419
54319
53238
15253
25988
73373
24907
12270
171320
61128
57226
454524
266944
23807
160169
28613
97588
7834
358295
17658
31941
16434
77174
7059
23489
44766
406617
321566
20905
7571
42329
35957
177310
26650
122317
54846
28878
150748
40627
58842
11478
297687
16091
718483
152707
168727
1924
495969
2764
38374
6119
10580
386415
33981
21317
127395
4216
4964
7211
5915
37087
38493
301493
40086
23164
7086
160142
661965
23716
24376
7685
34337
27660
60131
193685
29442
75291
10872
207767
108413
11217
10555
11461
9967
8991
201739
5660
17642
46239
6357
49607
14127
19676
18312
399771
19986
30121
3406
22337
25861
20304
27507
11587
4549
7921
133232
29447
151081
3395
8212
11745
12908
6505
225263
92084
154399
9775
92578
30703
50380
33359
385695
85944
18813
14139
3362
139095
32789
265568
65124
8359
216743
51633
9855
40
4617
400520
188658
505378
113074
73577
1785
77096
6643
4356
970
7555
6636
8449
7136
7751
13683
14732
9021
61236
28663
103557
24677
14579
34322
173878
7844
13071
61188
397209
61699
874197
17993
62825
21715
49680
325028
72193
23391
54732
3832
8985
193259
30170
25987
97085
3639
9320
6998
28375
35073
13063
5281
26152
25806
34672
14747
294035
224475
143385
44110
23345
2470
47792
56666
144333
442017
118423
251653
21529
93008
78553
15046
535076
39062
44777
14341
58815
276727
182614
4869
126709
20708
53270
4654
265926
84087
55421
20418
76319
24578
181134
388032
5112
13126
781
66669
24305
12903
22393
110322
21502
5743
10104
150700
42368
23796
214399
2021
54271
44837
219976
48511
33131
11168
357835
5409
8577
10702
43184
108915
68115
116106
28081
83651
15549
9374
6376
9134
138895
17427
24744
64585
50859
47718
18584
58776
105880
38473
33496
40858
29511
34840
209155
23188
41327
9067
89575
66328
95684
32791
48344
91513
