5512637
4749439
11035010
11510120
2492891
4535786
5618100
6474379
8692729
10360604
9489085
4426851
3867617
3530179
7741054
4885982
4361637
3752967
9482597
2372086
3227974
4366553
5771944
5434488
2211155
5440082
9776759
7312091
4087850
2886845
6321562
3448216
14419303
5307959
7111727
4339255
11495604
5792533
10758341
3200752
11656946
8909518
16234622
7590448
8556426
1337091
10895496
5007780
8591200
5368996
5424097
1853232
2796225
3165395
2657084
1676109
8719737
6605173
8997262
6534216
4773209
2565111
5985601
4445136
