35082
12497
59841
8084
3786
21721
4166
67729
174083
31007
130466
41858
4939
4805
10068
15485
3719
14090
75989
19105
2581
79235
300860
35312
71085
8803
95128
3804
11538
145842
60857
51359
71043
72504
132990
225860
55620
176697
122779
143039
133307
303407
59935
137473
9716
144339
56756
90583
8812
3979
2655
15101
1932
8073
36710
4451
12695
10473
10345
8312
1816
6074
125248
23476
16797
88757
30940
11971
419933
32570
489156
23001
90718
33687
27348
29952
29787
15202
29288
208992
2563
22553
19746
6665
5766
17025
14129
105143
8003
138650
287394
7080
94667
117249
393156
10708
71322
22417
67053
262573
26029
363139
247988
722839
155607
549639
231121
81187
46921
17595
28567
133739
3438
32015
19855
16343
21596
267505
13569
84490
251828
43988
69165
5302
105889
54963
28025
16067
141927
57196
164398
25295
102538
51769
68723
202906
127439
146085
29405
56883
24975
25028
152295
176786
21298
27204
46429
3548
21190
56928
37189
291366
103309
11181
78234
7872
24717
105465
36980
119772
94278
7760
73135
82457
224701
186901
556304
123974
59767
18813
42245
24597
84365
69870
108450
76353
12910
9847
20921
6412
9977
4231
778511
163731
33864
22402
83538
2813
135008
13307
51205
98033
20407
120863
32437
30291
380125
740282
24671
46846
4346
46935
5594
16891
32097
11434
13667
250153
8366
5097
3759
11089
2141
8961
120785
7285
4948
42889
46258
3544
26834
1852
177120
306942
10441
46043
26405
30119
13193
54374
8791
121986
310421
162504
402853
2918
15350
17617
4681
10655
37443
1405
8165
5725
3542
2199
5603
6466
163179
17130
11280
1783
6507
15310
19137
80336
5211
835
10298
2990
80704
18845
77539
11412
10774
15458
16909
32445
3002
14024
361878
3273
11622
19579
8845
449715
1827
6151
31833
15468
11037
2061
714251
484449
4428
6381
568373
9260
15918
5300
26118
200976
7397
12930
13564
11933
105536
11483
41092
13733
8722
3979
9317
22903
9227
9348
22653
14483
1391
3299
40727
4155
13041
800187
18282
24542
19388
16048
133523
190274
117857
2298
675660
1240
10598
6032
4133
29272
28363
42794
5265
10269
3562
4296
6124
11285
11330
1872
16698
11270
15453
6278
15590
14474
15856
224818
7996
6112
13600
2819
101196
24845
67780
10296
29925
3091
406450
1539
24142
9754
425204
133133
208065
97351
26171
675
8558
5832
11024
103546
27979
17433
48778
3713
23247
122588
383495
447724
29547
6828
27597
78900
37034
32604
148135
393436
25776
26974
4110
41957
62760
22471
27223
28844
20462
68943
48338
193500
447306
4129
9635
7794
34468
24337
1464
39438
405040
9247
18987
2878
1873
249093
59761
9780
643917
58933
60788
50471
288546
33019
57288
717364
8842
334688
679015
26870
79639
871540
93819
233392
54454
28062
33449
40221
91093
13399
3667
21503
8741
26584
36007
34312
348349
8526
28966
5820
125377
7301
3898
6636
7114
5842
2271
10471
17895
9626
18486
7964
9121
11455
16318
2525
11310
18171
11048
967
16399
12326
4443
9333
196828
697541
34238
20584
10612
608
4078
3235
112365
20888
5774
5057
768279
77049
28470
24414
1563
29108
229961
11750
615969
42004
3900
3916
4337
6302
29281
40641
100302
148853
2991
5461
73899
52796
16056
14852
17543
22353
23318
14299
10385
117557
167379
10668
84405
49540
34985
7302
52252
19807
53632
91986
124874
26920
19970
33734
13893
14275
13643
711730
93098
11935
6809
9159
44480
27286
27381
5187
73223
1929
19237
579635
255192
2815
135596
55649
50398
28856
2239
11289
39778
162670
210497
9993
582167
46063
10664
2089
76288
851286
37385
29717
21862
3422
21473
8193
16650
6655
146268
66930
292525
11075
104678
4876
132089
84812
3238
292714
6264
103065
22431
10130
16659
22588
6721
39970
53682
638211
11149
3518
10020
5193
23420
152958
97029
87247
15929
17442
61111
35246
406096
27852
196711
3565
47925
18773
266217
80158
229871
140029
24360
62346
25857
9056
17310
11846
85669
446613
167275
34135
8325
1422
7426
16893
122935
20315
481686
13269
21276
32214
24048
65306
11464
11787
183899
13699
19865
38497
452089
21638
61332
20885
123222
150452
3340
10282
379495
8014
12221
61923
38623
25549
18589
22088
501735
60143
225086
931
643958
27161
8028
53206
4130
186373
372054
25379
171964
12431
23838
35357
9378
116304
378975
19196
43805
63466
11103
5829
39563
23778
93744
57419
81001
42098
40573
18704
456249
44063
456615
2721
45333
16798
8438
13848
13047
64182
29276
15929
105722
7546
25340
10184
35674
58634
11555
712721
12994
118002
7691
5838
3232
7212
23426
99328
286986
9629
4175
4161
4465
7791
3266
21829
5256
437
1454
814
4864
3917
749702
15281
24570
14131
8450
2597
153302
5787
102894
14586
32839
130859
1354
17312
1979
22430
47781
366622
429048
7542
2509
10656
10047
4498
91524
4225
157269
3525
910
6993
10733
23825
110295
14629
650023
2321
94583
18917
807686
51119
48283
5709
7542
3538
284935
138661
126435
277719
224672
74739
14573
6108
86041
111108
58861
6976
5028
8236
7320
397797
18170
34420
685154
26841
55475
54396
31764
58617
2843
66483
24672
15653
4061
3928
25698
33822
24648
220335
16904
59845
50263
5583
33576
19580
9938
2905
28314
43371
16960
2345
6606
14556
10606
3022
19882
21067
26155
14123
8452
5102
10974
6742
240919
28997
42412
3409
3691
3281
3886
11032
3795
102748
24400
215060
20697
118982
3861
6993
6287
7477
13619
2815
84381
17097
2566
12228
12949
28852
14664
157503
13626
28654
8375
2620
801394
13168
27980
1068
13416
9556
128186
16934
2164
21192
84396
438494
22390
33363
42397
1391
8230
7929
3847
34234
13100
13362
1157
2387
1817
13150
24624
178447
6094
27147
15897
307480
23703
16792
57104
310018
350921
95130
12433
24456
116452
14101
76269
101622
11099
16427
37894
165102
88312
58833
814379
1356
81729
88042
10523
6158
113949
66290
1746
3326
2103
288976
90499
6347
92565
70583
14510
461116
69649
295717
28170
126622
28212
160508
79872
363643
139680
122418
14114
41455
148423
211806
8720
5158
3720
14024
5992
19349
14037
20504
2687
28549
14594
16454
31389
4319
8413
16945
42389
14747
119917
126400
2680
574
1708
2895
22085
690829
32107
61882
5020
3848
10116
21695
9456
8012
6433
1638
1095
475
15626
4208
11427
8619
15993
3387
536
4365
4463
19619
236668
13851
16421
127661
109515
6732
31020
34795
160808
14839
105672
43087
64963
2396
6719
9824
13418
10914
7648
93711
3663
1212
28501
9521
26698
8854
74522
5814
26713
31700
199771
25989
3455
2786
18362
2119
3362
1741
20624
56045
63730
95961
58956
28093
5040
3438
5019
654
9865
29540
13623
58844
9002
33228
855
118267
234686
272683
11021
39504
4523
8247
6109
10613
9641
34435
6547
13524
1537
138512
8254
9597
37967
619089
24415
10716
19565
788512
30135
23345
9837
15754
6442
4801
3059
18180
8059
42242
27007
99213
586722
3979
21833
5541
50068
1134
1145
3708
16341
195762
3938
8342
10411
557597
13203
6582
20325
7147
845
4003
463808
140717
489994
1407
7570
4533
2278
5786
7215
1170
17176
26883
23663
3258
20232
16839
66742
35901
7492
478
11384
5211
1562
4489
3238
8017
30979
490939
69625
210385
104475
2289
380951
665
6075
3272
9319
20436
13513
4609
978
24705
16520
6987
583571
3602
179345
64990
20011
28618
14589
33637
59546
7926
9200
16153
27319
585379
20240
20559
14681
33821
13406
3800
222371
103769
101930
34655
672493
12135
213087
3542
19181
8831
57163
12982
44890
11084
44368
5644
7089
85637
115474
345263
8009
307267
2569
59449
6771
47262
64572
2630
55788
14734
15805
8305
12623
2949
15773
8920
361021
2770
20493
1865
11066
433
25087
1318
366001
3363
5452
923
113393
12358
27051
72065
166833
50456
11769
10880
73597
46077
24551
131450
17749
23608
551
13734
4430
4602
7308
29486
25763
8102
793
5837
5612
9022
15735
8417
39501
10529
1568
9431
4507
17704
48578
7941
27554
56119
796257
125800
9642
42688
9917
45990
29559
310144
1430
16553
10610
27540
1407
481
467355
13833
7803
2786
13856
565
2819
1971
144656
2702
12532
7072
71772
113649
5601
56637
136809
3536
1859
10560
42428
9769
25458
39906
631467
21565
2391
2744
10746
34500
99014
535340
10066
152329
147662
4413
5737
10094
5165
7866
15443
1742
9983
2900
16228
32243
51680
590525
5469
20049
46414
99429
13508
10876
3788
6585
11090
2721
10213
9383
9227
94762
143856
39850
21059
4955
19480
1880
6862
2223
2419
75826
10641
4583
114651
483
14367
4352
48744
7315
25230
36177
33762
144786
1586
1966
444193
23679
11184
9662
178023
14349
5958
102799
18772
33328
15166
19722
29611
5852
3364
4384
4130
18609
23745
1465
7340
2956
17322
27801
18012
5006
8627
25435
23889
8746
379495
5682
15318
28563
21366
2608
3435
581
5355
5440
17028
20535
34950
10143
6149
2797
5150
4548
117223
27413
28076
20529
27220
68647
24676
43685
57512
8159
27582
54560
1777
325918
24575
11502
25769
31650
4973
57732
29047
2630
42550
16920
226826
8689
1342
453925
24997
1585
1922
5435
4982
15406
176748
684816
24802
554
18515
104133
33864
6711
32726
414385
7652
283542
112904
26365
300769
14539
175592
14676
10289
6568
94348
6389
15564
240
19422
30845
300
263
689
2881
1801
11164
2986
5737
1752
5427
11771
1866
14883
113701
9544
351740
5530
284438
718934
1632
19097
30424
46367
11271
23442
79051
22377
5673
35145
8901
4074
73113
1377
9404
3353
3578
7752
29511
17113
4622
8415
14744
21292
215030
21698
116494
527847
262918
28600
386959
85654
9683
32425
811075
41195
33419
151488
7737
8217
7014
53440
35767
34853
28858
20655
32743
269848
18529
32092
46629
31085
10747
33611
54783
49191
41484
15570
8903
441062
119044
26499
3988
914522
23841
50529
17293
21902
10287
41778
20434
149920
26780
1430
3698
3312
4131
29355
2845
58877
336616
411607
50153
75617
7974
863
8632
25467
1809
50134
6427
23747
6950
20241
1536
441848
8528
30931
3615
35567
9363
10959
1557
123682
52759
19418
21875
29634
18454
94928
64134
13833
32197
183769
289751
141789
16146
13490
1376
22658
7985
1834
818
143311
242015
2923
9728
49248
7158
3138
32792
23020
941
236321
4404
441952
266183
48561
32685
3581
4379
4378
7793
4138
35037
8131
267360
136137
9725
12949
1564
11036
10319
21316
7197
4808
14126
2651
15940
9790
19578
5469
179814
7170
34375
54706
300091
530466
67974
35185
4385
41144
119117
4103
16916
2046
4041
38002
7666
632575
8604
143647
13114
7720
29538
80625
72035
40769
54495
18790
61990
567377
18685
34750
221968
43908
93416
376200
52388
70809
102421
41724
7525
147947
80871
553091
624928
41635
360172
65282
147834
412585
588262
65602
277947
162089
186787
353475
32651
674346
61713
15499
56571
12474
25400
78253
159913
152725
98981
102784
79775
803841
77486
74594
53337
42902
16158
11098
220092
4831
28693
44305
201668
28942
56430
2983
33639
21175
30480
98416
42675
53165
6415
228
39219
11345
1909
6480
309089
90136
3828
19276
16729
16891
17655
1246
13727
4877
991
4108
104417
9466
21252
17899
148710
9860
322
5907
977
70149
15196
22469
3152
292945
4503
11243
371425
9237
227805
127201
4650
423666
12634
14732
12962
32833
1051
1487
2806
35780
10530
714
12599
9112
2944
6721
6388
149557
64501
7017
5525
4939
1756
7923
1358
25325
5782
111880
6550
8711
27088
27174
1536
14109
11300
971485
4529
9215
3695
2203
2152
15767
3121
204719
32764
12208
78279
17906
3235
746810
12935
2090
6266
9184
14500
11872
5397
39096
10837
1522
12573
44665
56931
17332
11691
21064
14777
19315
9023
8992
476213
31976
4572
28280
11600
177387
12955
21041
774
58193
2274
11298
12922
16651
3177
17327
5088
34798
2641
12904
9965
4704
353714
17605
3996
180076
11659
633983
2882
54942
6511
27425
859
1194
12672
2604
5055
1341
2444
18364
19475
15445
3538
206572
6503
682260
5929
22675
52135
18024
2492
35504
755
14195
5784
70200
44814
7215
5742
37811
8752
10836
94
3817
3285
8158
12701
10557
6208
8096
950
15057
14156
31728
5695
63803
97407
149021
30745
21091
212432
9408
16778
49513
5999
5465
32267
231615
8792
1435020
8874
31069
7483
8009
154037
168155
166706
2622
17738
12535
40609
19284
305558
108655
248161
4778
700
71759
23517
32292
7377
6322
15496
221071
18293
18830
83999
9754
8820
645166
810049
655343
8622
42775
35868
28111
125210
45258
51529
132549
11769
27125
2670
161440
9391
22830
10372
21152
6091
14928
3224
7789
3235
57971
12957
74045
380029
21257
6439
156481
84364
20190
7396
19075
17114
34382
112636
41528
16738
266827
2080
5124
10521
21157
8040
59254
2992
234697
30338
29331
7391
626541
5139
13586
75780
53843
34424
14525
24468
53254
8412
98169
15276
81229
312268
34788
6638
37195
5920
23716
11193
14396
142812
40280
90781
30395
19741
35252
3920
105027
17308
64241
29348
49340
5123
40253
16931
68175
179616
48269
18447
189323
8802
81370
364489
148767
123371
211869
266133
313176
198493
13862
32812
18059
138757
69456
11097
36512
19150
25215
13044
136519
24550
114262
757774
429066
157877
2433
16476
261535
24726
215131
12957
53913
87162
18311
51786
62070
104667
48750
151751
39752
119059
8989
18587
41149
158409
170785
10464
57558
232311
14183
88727
46338
354641
33525
29099
122410
11000
16162
3761
12915
84283
1178
95116
18931
111320
10950
7964
704341
5512
14483
3747
93155
4421
2680
2967
10626
5833
27557
11773
44345
5908
13400
11252
216287
7135
24293
35459
151093
2349
12575
23373
387410
80104
512804
78823
53257
393247
44794
53923
9120
23001
185590
57825
646423
115647
2395
7521
4163
29829
11595
3481
6200
9895
4372
582171
19713
21857
570889
21437
215997
6139
4385
6587
3925
10620
147244
15135
57707
36500
709110
11826
5213
62919
98246
37243
768205
30286
36681
22452
100862
22132
257709
3415
18354
7449
14739
32062
18987
34955
289281
38183
261544
8390
56403
17874
7198
223850
104825
36151
33705
182444
657109
2617
4815
10873
81949
43841
136064
464259
333085
4037
21448
38427
809861
3330
8907
4146
226
4540
6240
3560
216630
6249
184002
14480
83869
8544
76855
838107
13553
629222
74511
169326
22427
10387
86237
12135
8944
128689
53166
24128
3246
20744
25831
22714
3983
3400
240015
3278
100990
38107
67689
807015
29356
15972
443274
39203
32901
5178
32810
39841
624506
80673
98288
250633
165704
5986
272567
71627
384141
130197
257088
94274
6746
14977
35781
18493
242739
2617
281083
12039
11075
12737
4228
19104
210617
6163
48985
73721
95704
12737
14019
68041
1612
20831
16099
3666
25860
130442
437732
6771
20631
98929
27645
802772
24379
53265
326602
37496
96567
3097
24763
2688
5757
4702
23876
80438
4518
3203
62037
1222
2618
13665
13267
33184
8745
25740
1798
10835
751695
33717
67162
4036
39705
96465
57417
6816
273472
3793
356582
10432
154039
79279
115666
3744
39193
12947
21490
25746
116329
93276
346451
13722
341159
3000
2913
5500
15772
44869
14257
8276
700679
7386
20374
22881
12248
21696
5851
98339
9158
8721
77604
8766
86713
146404
448261
167390
36239
10971
27230
34094
27493
154014
28559
3023
37124
10953
62350
99698
30221
347325
56716
52438
40593
1200
374524
94265
34707
229888
93187
6097
9127
2674
1524
6965
458329
205641
34133
87053
60937
9816
26380
120103
418889
25226
52286
132948
55989
125374
48836
75061
181290
227509
40741
132856
2803
59190
442866
997
12929
14277
9148
46619
6105
5205
120377
17937
137137
47104
21651
127216
9132
6691
12477
7018
20819
8264
13207
3916
42722
15361
16786
15412
37400
572831
24927
33926
182449
130947
1079096
131055
30109
13476
156503
28512
52101
4940
140723
6725
52595
4620
294953
25539
16470
114583
166855
62623
286601
563966
199856
47691
13992
14093
86064
1892
14470
30552
33882
581474
13314
14334
10574
11210
26295
42401
3638
488752
28932
126361
40394
11653
11544
367647
803670
2201
12407
22352
30631
56287
11816
25597
15185
11059
12593
13761
56423
162557
21791
28633
16553
27073
13411
92336
9570
11513
22102
641233
24125
160346
4876
167655
11082
3247
378116
183351
9700
6893
4122
24622
187992
94148
20359
425299
16766
140349
37536
60158
47185
35517
26609
676755
186677
23970
32910
34200
77127
245165
152746
55360
28396
54107
393295
358061
25177
65631
211437
9608
11068
1774
39653
223018
22295
128732
563746
19886
567647
3910
7543
23313
524828
15419
36390
7070
28414
36048
234066
7807
36814
115395
69397
659733
51797
7426
23400
5542
24494
91551
819857
60558
151388
30332
12009
20543
75964
38358
559021
26534
315504
18866
289765
11466
83757
19206
33015
300846
3595
72995
3735
17645
2145
8579
28814
710995
95239
4063
17268
70840
76802
1499
7325
545439
14497
2933
642060
30373
135211
36342
53595
19063
10751
3280
310202
129788
197272
147379
321048
358523
51052
69046
267178
1417
12131
31719
564107
864349
41117
71528
25087
30186
561877
1374
233656
12490
3491
47931
1149667
5948
30115
28076
23243
22493
8421
152600
135299
213207
30983
67444
545267
71165
114553
630130
109978
59939
31984
503210
42966
53848
662967
18678
519061
43753
123182
43987
125313
12756
22640
23657
4126
94975
15354
66027
182512
99771
24256
10797
187348
24578
11869
44315
510315
146154
34035
282736
66989
14743
11188
197757
398222
55773
65989
43415
360518
29145
69706
32101
614153
28829
194884
17982
15151
8858
61136
75134
1231464
55180
79979
21175
19825
20433
106180
15924
133891
806376
101683
186082
17872
39166
6253
39786
17387
223183
36017
46602
7418
18143
33811
4568
27552
1237
14732
10944
210407
14959
13473
9841
2593
57007
23769
53079
55267
2629
178995
84992
115711
79931
1126286
399010
96008
3120
34879
204890
76276
148089
356903
32013
13980
11713
72079
6436
21275
1432
36298
5741
24006
15231
154364
37370
40911
5220
52700
98882
18684
62898
33719
65833
84929
63321
231489
2811
519899
326548
687949
31646
155347
27363
108719
19901
58735
31794
219329
4924
6062
15701
14024
122
9496
16218
33505
38520
4721
5264
12168
4259
3454
17042
17077
14268
20986
10353
12095
11717
18897
465454
46841
125400
18026
19252
308618
70706
6612
418
45305
39250
7606
14343
14743
4061
16524
19598
4827
4338
17118
30808
4292
10935
40078
1448
4522
6574
9998
1296
7357
15828
23823
13526
460
157914
4695
23448
11400
9089
1558
1427
6375
5803
18171
1774
190636
5917
102589
13791
6026
1196
10632
12595
17574
507
26248
9047
20024
15911
344060
11925
413365
3420
175920
45600
5894
15458
49282
10923
7472
3472
59132
102
12620
295
49955
17130
10392
1382
792
702
1585
3746
393893
5696
22508
778
15148
71891
21733
8754
96545
67596
98741
5479
980
70384
28052
2048
43509
56728
392373
964926
15040
371419
151415
9629
10026
3094
23352
76468
22398
34557
21026
383579
3443
3911
14842
27446
158045
4770
7695
309468
62708
10432
26197
172265
45087
80945
370582
36914
98065
78679
770374
282913
13895
4118
33457
17126
17799
4325
16698
6947
13221
7184
4796
12403
32449
56110
27773
40537
1971
1725
4209
5306
13554
4652
88509
19315
383
2280
2217
10817
12802
190746
31753
51340
4743
4031
7111
8638
20965
2875
4198
1969
12384
13399
3401
6266
141208
42381
29590
4463
6574
2152
25302
33745
52521
9900
65406
35037
4494
5233
10385
14175
51432
172526
32889
750577
112280
3146
6558
91348
15824
100135
12580
3694
16885
1009
73286
2437
830994
2672
30032
2768
21325
38397
34498
46035
29154
65172
110116
16548
24563
31453
5342
24873
53083
109157
131926
35233
6818
10298
8944
1737
66337
910396
56134
186223
15109
17467
2989
438308
3676
322459
482817
25775
53809
218440
42790
118503
98086
306069
166524
52923
23928
43414
8113
31598
38476
19990
22006
73874
12349
6821
15432
25454
15589
1162607
7301
56524
9287
24313
6590
114674
40784
59970
164940
25101
13023
2476
5074
12797
249
908
10471
65697
54990
6869
10286
3358
130268
2010
31067
3611
22303
27448
352329
3790
277540
14411
15546
8289
19909
17911
17388
30877
61700
241354
402222
28632
32920
41339
20970
49934
5112
29654
13979
32829
4367
37820
12510
18665
63214
22602
713491
5361
24676
33125
14095
3432
2424
2088
11711
1700
1268
56586
31954
11116
19230
11413
32393
3682
29484
8898
18905
110836
9041
9601
19339
12528
11862
7966
6533
8224
24871
12159
37511
19659
17759
1753
41306
25142
28750
7256
6603
6806
113178
37757
559857
81067
8581
1894
349554
8134
512615
15402
169873
102763
42835
12266
23811
32280
16656
4343
14092
4105
303421
15240
40430
57866
88328
18371
16138
13009
17271
2190
30896
7420
189
458
7935
4294
9078
13722
219694
7093
32322
19848
536746
23872
4140
5634
47191
13567
4008
2794
16281
4828
29684
14883
32633
19924
4645
8732
10033
11819
33169
83516
109841
2220
14143
3829
20533
2279
2005
101164
49794
7517
3389
2110
21875
2362
132573
34658
53233
14082
11237
12113
5363
23713
139335
4862
20249
8666
8249
10805
11369
4400
21891
3413
50471
9167
3187
3686
15772
2917
17708
157841
120620
6690
11039
8204
10943
22459
14309
3679
83618
4035
3810
1710
3980
1610
7388
4685
16866
6205
7276
1535
23548
3347
11455
23404
3513
4911
348482
1229
10250
34097
3931
4255
13055
1102
22058
20924
13980
218685
39846
18868
56072
111789
21910
100304
32559
116027
627225
1691
28939
16475
98560
16825
22911
4146
9544
14202
38205
184
10633
3201
5164
1142
8442
6036
20393
13304
8002
5552
1617
5204
20463
10198
3719
4720
53943
9889
4555
7276
185422
83985
2022
5395
19395
3120
4520
11027
864
704
10176
103042
5763
20236
2106
2570
9650
20516
7954
4264
24830
1928
13504
11934
31837
1472
25362
10212
222061
22483
110177
38351
12831
40065
183164
11621
27400
204
6485
2764
3838
684338
10254
16035
5472
1390
4282
12722
13774
10836
808319
14316
42441
70385
10454
28111
200992
340075
7031
24698
3926
970
16166
1816
21509
398027
45005
15812
6293
3779
21796
6513
17975
5549
2804
343494
53675
3610
6423
14188
2694
21441
35533
21282
72613
1449
7636
15629
116337
37015
50582
122415
30925
453775
12979
201903
115888
55109
78544
151625
33398
20842
41897
47259
101385
7645
4465
855
391
2900
529
204
3132
11274
17497
374
6122
130
3845
8214
7165
4615
3634
50554
2134
18840
37255
9608
3560
35094
5987
2591
7767
4383
10707
6766
2666
3301
4628
2108
3296
575
1505
7663
2956
59336
16730
2012
12636
6570
11387
15671
32885
131309
172725
132465
3306
178208
3900
11514
58233
10115
62259
14488
13959
25139
22255
67329
20948
8760
38577
142666
17160
267221
139366
12328
32692
20356
19273
18955
86903
34201
41364
111389
55786
22564
281745
11140
43187
154052
415160
17046
117570
73385
189460
135795
18435
94768
7206
10909
620
6039
8463
4270
13836
13324
88019
12652
38426
56801
294003
30263
3567
18271
10589
5608
34871
722306
832603
110115
33716
80171
79873
19151
47903
5921
57882
334325
781337
5403
200128
11956
10803
19244
12116
20683
122413
921765
422939
33626
168944
133932
116951
29921
130521
29264
101951
78896
4149
10786
798206
27416
98736
77889
3033
24790
8689
78846
28926
5426
88088
20242
40924
79812
4048
22151
23964
10745
188787
53236
12707
103945
19308
202485
20664
3861
414160
67233
157905
69242
12664
1064
2954
4271
38770
8998
5976
27235
13957
32839
13229
65167
289929
28879
4303
30080
268706
12284
35425
27056
10223
66675
7823
149323
21255
84909
23356
12028
279337
46113
112034
62892
228166
225973
14821
11945
102335
282040
179280
42650
18149
59684
47390
7408
148351
29530
225353
198796
18996
11272
28530
34704
6231
73324
25679
174077
181828
40564
932468
7204
21960
876084
23517
100569
125283
508946
30112
322782
91186
103423
256997
20389
406420
17955
265350
307291
352276
33908
58903
10692
83900
19728
40418
13233
19882
6931
58625
155109
417017
66327
398872
19312
16725
166881
36536
77234
143879
4921
143849
4805
10254
14999
5691
3161
7974
25601
5850
31660
9926
6331
8330
22812
2533
159014
23972
2839
1481
3573
13732
36453
2627
21760
13056
5837
9235
640
22442
12829
29062
4363
9811
16387
4691
70577
3677
25440
20631
14322
23290
16465
14886
2431
42948
1270
12068
7355
58361
4871
4637
629
43677
3832
5598
8260
154866
50852
11969
6610
20161
22418
81354
17072
67956
15777
302390
2667
11859
98957
216632
4239
17223
22936
126533
7495
4295
17806
64125
49414
129946
4903
83730
3067
3580
2547
3667
10473
17514
289
9609
11453
15996
123883
13669
14959
17565
29629
4444
94314
260022
559820
25923
2709
57301
30922
22051
535
166917
54480
14049
6820
47520
5133
24297
5296
114801
3724
133331
5241
149325
6048
17383
14242
41931
12129
18427
3794
11269
6866
10995
16021
510
10975
17475
21246
8624
11738
1808
5267
8099
6337
6200
59144
829
10069
8324
2283
5116
2702
28098
221770
10227
1439
806
6349
3213
70467
182863
7455
18067
24719
51544
9655
2722
15961
187261
245759
335982
98116
4408
2440
7806
6819
4087
3772
13342
8768
2976
9041
62549
15278
21510
7104
52813
5942
31028
30169
25133
36963
208209
235579
21596
25227
662
1211
48766
13198
148440
46431
12299
13085
2347
811895
46062
105972
13334
183128
5546
24181
9654
12484
3984
11094
11074
73319
36629
13440
63164
215892
34995
105105
183257
119229
19122
50214
10885
62977
118252
14790
155459
23720
47665
15200
101258
69973
674557
17018
141686
13022
23611
23937
8066
19651
1654
2217
4306
13757
17469
1850
42825
43606
150744
26168
52279
16468
31474
4116
88858
6052
7878
139974
22074
20000
20078
18214
22405
123499
10051
53488
4871
17259
27906
9917
4186
1563
9943
40030
51297
21588
200000
8770
9410
7661
3974
35926
187271
16274
85391
795213
14446
10094
12113
58232
125489
12969
66843
63661
4428
15273
9691
20558
34899
40983
29894
92656
4738
49649
77241
28048
162332
54089
115377
36858
110610
73687
67141
58562
