10
82
9
0
45
19
55
87
17
246
16
18
0
42
71
16
1
57
57
13
2
23
12
79
53
119
37
0
79
92
85
24
169
1
4
4
130
103
187
37
72
76
49
76
2
28
13
108
46
96
1
52
2
43
38
35
86
45
102
11
45
65
45
72
4
1
43
59
37
63
3
39
73
0
72
34
1
26
7
13
13
36
70
1
4
7
1
71
37
44
52
5
6
5
89
45
6
7
11
45
39
97
48
22
40
60
152
70
23
12
17
38
1
14
39
30
47
7
4
79
131
51
100
6
1
3
1
58
15
50
84
65
14
1
34
12
60
3
91
44
113
4
35
40
110
89
147
60
56
8
100
119
42
52
83
114
76
87
0
2
129
0
20
86
96
38
67
18
67
20
23
120
5
48
119
36
29
53
60
45
13
80
8
7
43
15
148
21
5
10
108
0
0
1
52
6
64
60
24
89
0
0
38
1
37
12
1
57
0
3
4
2
101
56
10
2
0
9
52
1
0
4
13
36
62
12
2
32
23
48
49
12
30
30
85
42
0
38
91
18
87
42
61
4
0
26
48
0
59
11
72
64
8
65
10
33
36
49
16
32
2
56
77
39
7
105
45
8
1
1
120
36
54
12
31
1
52
1
53
39
0
53
11
14
4
5
47
39
45
0
64
2
150
103
14
54
61
27
11
24
66
12
105
3
1
0
1
0
4
73
9
0
1
52
17
39
35
7
16
0
38
13
5
33
5
35
67
1
25
107
28
48
0
10
46
0
1
1
6
2
1
3
50
3
8
54
65
20
4
6
64
21
2
42
3
3
120
53
144
9
17
60
54
27
66
1
18
51
14
86
4
1
1
0
8
3
87
4
204
37
48
33
67
15
129
14
115
11
36
39
26
1
5
56
3
6
12
1
53
0
104
47
46
36
6
2
106
63
37
40
57
144
0
0
20
11
52
0
63
69
4
52
14
70
128
61
62
37
108
5
132
46
160
5
114
0
16
9
23
0
52
34
53
62
138
1
52
2
11
109
4
0
7
1
99
2
41
42
4
5
28
0
4
0
90
7
2
1
1
0
7
0
7
3
8
25
4
1
115
46
0
88
58
93
95
9
12
4
78
44
155
64
1
14
73
36
5
37
44
2
0
30
80
1
78
2
4
8
41
41
8
8
4
6
144
97
81
36
5
69
152
40
200
2
99
36
45
136
47
42
54
33
38
1
36
0
9
34
117
46
0
2
49
0
0
59
15
41
126
47
43
74
65
97
78
68
92
3
69
7
12
109
0
55
1
44
5
14
20
34
27
98
114
0
83
38
45
81
114
66
55
47
5
46
10
197
17
95
1
49
54
44
13
1
69
44
0
12
46
14
3
193
14
104
10
0
138
101
223
49
50
1
67
12
77
0
30
19
21
151
139
9
139
67
107
7
49
0
50
0
30
71
20
15
19
14
4
0
15
13
6
108
120
201
45
1
3
38
24
197
152
63
2
15
73
167
8
5
105
2
0
60
61
41
191
53
59
57
77
64
22
19
181
5
296
14
17
65
156
76
174
69
72
10
13
19
80
67
61
52
110
0
1
10
11
53
65
120
180
25
51
75
59
34
201
49
3
61
2
17
69
3
165
42
113
86
4
4
37
0
40
4
24
3
66
19
18
5
5
13
19
38
1
13
7
41
173
10
61
7
39
79
68
19
108
89
130
105
105
22
93
1
131
49
33
9
3
8
94
0
34
3
123
100
32
1
8
3
51
70
128
0
0
6
72
86
3
66
2
123
95
39
9
39
5
31
37
0
28
58
37
28
7
0
158
30
1
38
107
0
1
1
115
146
1
39
48
0
37
19
92
40
28
65
40
5
0
32
37
0
2
9
10
4
1
1
41
0
0
2
63
6
46
79
5
0
2
0
3
10
4
17
7
9
0
2
3
1
62
60
63
9
5
35
50
1
2
35
27
7
1
1
41
6
38
4
6
17
8
15
10
0
97
1
62
43
52
26
27
41
3
1
0
1
2
1
2
13
1
50
18
67
35
66
10
12
101
19
75
40
81
34
143
0
27
36
62
58
49
44
19
28
85
12
21
50
65
2
47
26
53
11
26
39
10
0
27
0
74
82
57
88
3
7
124
18
127
164
177
12
97
3
59
70
64
9
122
0
41
10
35
2
91
36
51
113
29
19
41
9
37
6
135
115
0
73
3
52
57
4
33
46
0
9
1
14
0
1
7
0
26
17
36
42
53
8
125
82
0
0
1
0
1
150
53
8
11
4
0
2
85
0
110
18
89
14
34
44
70
0
2
9
5
57
46
0
43
1
14
10
1
1
42
1
