1231568
3243797
4717155
1584287
1778333
2138734
2817175
3795947
3157371
5767858
3372859
2706758
2295528
1234811
2534847
2910708
1601642
1043347
1439064
776510
1193691
1637148
1854725
1835697
1531337
3331276
4326141
1939715
976247
1826441
3063208
1041290
3631231
885983
2723273
2522526
4869697
2884455
4737045
1761110
3406985
3761184
2888078
2515687
2011683
2130258
3936125
821360
605880
2523161
413001
1318576
510261
1142024
769072
1041573
1653441
2116152
2296218
2345116
2201039
1655100
2400580
717197
1650628
2182279
2661231
1377448
1348257
1183464
1607854
882828
1881645
4557836
2477729
2094271
176340
584059
1816179
1240436
420271
1471866
2384992
807232
271301
1367759
1779396
2032794
561386
4430888
2472488
1292155
1593696
539437
3331542
2335509
3496054
761276
935727
1397062
3943399
2220639
3265194
1005395
2767890
2508552
3438626
4181989
3512884
667275
3643222
1624410
2273075
1786052
1098730
154524
1647485
690445
1024842
1381976
3227935
1340330
3959289
1649430
1480822
1610419
1789679
1280642
4777027
2492800
5296162
3972736
1443317
796047
3433405
1094672
2021628
2597703
4407188
2718787
2076951
970328
3372914
1537991
4144734
2202086
5830809
1720363
1732880
1753486
3289336
2240277
3305305
2123182
3814604
4584092
2406509
2007390
1547718
1170389
6012631
1355481
5535108
2400716
2306905
1792473
4259916
3226556
5600410
3340832
5379302
2634815
3033115
1522249
4255335
2988430
4305883
1653518
4456377
553687
1103558
1512926
1510980
1639616
3951352
3385524
4937965
2483383
2171938
691770
2786417
1653113
3134255
2629509
2344136
2047478
315158
2413729
3295154
1141241
2718886
1353752
2330021
1392677
314684
681231
705312
1293920
1719529
312772
1369289
524490
1895784
705808
1850033
710856
1203288
564643
2300145
1647647
344985
379872
2236701
1626113
3425222
3779674
2570160
1655121
2803279
2135929
1567667
1154866
3550841
1989744
5308034
2491185
2422719
1463349
2952953
1873198
2983837
1213538
1865235
971531
676661
1827440
2423287
529013
2625629
849140
2176112
2251372
1191796
1513139
939689
1202783
