0
1
0
0
0
2
0
20
2
2
2
0
0
0
0
0
0
0
0
0
0
8
93
0
1
0
10
0
0
18
20
6
17
0
1
111
12
5
73
14
1
50
5
0
1
47
0
1
0
0
0
0
0
0
0
1
5
0
3
0
0
0
0
0
0
0
7
0
30
2
99
23
4
0
0
1
6
0
0
0
0
0
1
0
1
8
1
25
86
6
11
0
5
0
91
0
28
1
0
91
1
34
29
166
1
141
38
5
5
1
61
0
0
38
0
0
5
13
0
18
117
3
1
0
0
92
6
0
15
11
3
0
0
5
2
92
2
0
1
5
0
0
88
29
0
13
0
2
0
1
0
29
0
1
37
37
87
14
0
90
3
0
5
23
91
44
57
62
1
0
10
0
6
0
0
0
0
5
1
0
0
0
168
69
0
0
0
0
0
0
1
0
0
6
3
0
98
165
4
0
0
22
0
6
0
0
0
6
0
0
0
0
0
0
0
0
0
0
0
0
1
0
2
92
0
8
0
9
0
1
0
0
55
25
62
0
38
0
1
0
0
2
0
0
0
0
0
0
0
0
0
0
0
0
3
30
0
0
0
2
0
0
0
0
5
0
0
7
0
0
57
0
0
0
0
68
0
0
2
0
0
0
157
99
80
0
79
2
0
0
0
92
0
0
0
0
0
0
0
0
8
0
0
1
0
0
0
6
0
0
0
0
0
166
0
0
0
0
0
0
2
0
162
0
0
0
0
0
0
38
0
0
0
0
0
5
0
0
1
0
0
0
7
1
1
0
0
0
0
0
26
2
91
0
0
0
48
0
0
0
103
2
6
0
25
0
0
0
1
5
1
5
0
0
0
0
92
91
3
0
3
58
2
1
48
30
2
0
0
37
0
1
0
0
0
0
5
68
91
0
0
0
2
1
0
59
34
2
37
1
0
28
38
0
128
0
6
1
48
0
37
152
0
101
142
2
9
161
4
7
5
0
0
5
6
0
0
0
1
0
0
61
99
0
93
0
0
1
0
0
0
0
0
0
37
1
1
0
79
0
0
0
0
37
0
0
5
0
0
2
51
150
0
0
0
0
0
0
17
0
0
2
178
90
2
0
0
3
17
0
160
0
0
0
0
0
0
88
0
6
0
0
92
0
2
2
0
6
0
0
0
11
0
15
1
0
10
0
28
0
2
92
24
0
0
0
0
0
18
158
0
0
1
0
4
0
0
0
8
0
0
151
93
0
2
0
0
10
0
0
2
0
68
0
90
4
24
0
0
166
4
0
23
0
0
0
0
1
97
0
183
1
3
0
39
29
0
60
0
0
0
2
0
11
0
7
0
144
0
0
0
2
0
48
0
50
0
0
9
0
89
5
39
0
0
19
29
0
97
4
0
0
1
6
38
3
3
185
113
0
37
0
0
2
130
0
140
2
0
0
0
14
0
0
31
0
2
0
99
0
10
0
1
4
0
0
39
79
0
6
1
0
0
108
128
0
91
0
145
0
0
2
0
66
50
0
9
0
0
38
0
30
92
0
7
2
1
0
0
0
11
0
5
1
0
14
88
0
96
0
0
0
0
0
0
0
4
0
2
0
0
1
0
0
2
132
0
61
5
0
0
0
0
60
80
0
0
8
0
0
0
0
0
0
0
0
0
0
167
0
2
0
23
0
45
0
6
0
0
46
0
0
0
0
0
39
62
0
0
0
0
0
0
0
0
0
0
0
0
0
2
0
163
0
0
0
157
8
0
0
0
1
9
5
2
141
7
1
4
0
2
0
7
0
0
0
0
98
0
0
162
6
0
62
3
5
0
0
0
0
0
0
0
7
2
104
2
9
85
0
0
0
0
0
6
23
0
0
0
0
0
0
37
0
0
0
0
0
0
0
12
0
0
0
0
0
0
0
0
88
2
30
0
21
0
0
0
0
0
0
31
5
3
0
24
2
0
7
0
37
0
0
165
0
0
0
0
2
0
2
0
0
98
122
0
0
0
0
0
0
0
1
16
3
0
0
0
0
0
3
9
0
18
156
3
0
0
97
65
0
8
1
90
0
0
7
2
0
8
37
2
86
166
0
1
84
0
1
22
1
0
0
0
5
0
0
0
38
0
55
2
6
0
23
2
2
85
120
70
0
0
2
2
94
0
0
0
38
0
0
0
0
0
2
0
0
0
0
0
0
0
0
0
0
0
0
0
2
113
141
0
0
0
0
0
0
0
0
0
0
0
0
0
0
0
0
0
0
0
0
2
0
131
0
0
0
1
0
0
0
43
0
0
0
0
0
0
0
0
0
2
29
0
0
0
1
0
5
3
0
0
1
29
1
0
0
0
0
0
0
0
0
1
0
1
0
0
0
6
0
0
23
0
0
0
27
0
91
91
36
0
0
0
0
2
0
0
3
5
0
0
24
0
0
0
139
6
0
5
189
0
0
0
0
6
0
0
0
0
0
1
0
118
0
0
0
0
0
0
0
0
1
0
0
0
136
0
0
0
0
0
0
68
0
127
0
0
0
0
0
0
1
2
2
0
0
1
0
0
20
0
0
0
0
0
0
0
0
0
149
1
7
1
0
99
0
0
0
80
37
0
0
0
0
0
2
82
0
94
0
2
11
1
28
0
0
0
0
6
153
10
1
0
0
4
0
92
39
23
0
150
0
80
0
5
0
0
39
3
0
0
0
0
0
10
2
0
97
0
24
0
6
7
0
0
0
0
0
1
0
0
0
138
8
0
0
1
0
0
0
62
0
0
0
1
0
0
1
0
0
0
0
38
0
0
89
0
0
0
0
0
6
0
0
1
0
0
25
1
0
0
0
0
0
0
0
0
0
0
0
0
0
166
23
0
0
2
2
84
8
0
0
0
0
0
0
91
0
0
0
0
0
0
0
0
0
0
1
5
1
0
0
2
0
0
0
0
0
0
0
139
23
0
0
0
0
0
137
0
0
0
0
0
0
0
0
0
0
0
0
3
0
0
153
10
1
6
72
0
0
0
0
0
1
38
1
0
0
0
0
5
0
1
26
0
0
0
23
0
0
0
0
0
5
0
0
0
0
0
0
0
0
146
3
1
39
0
0
0
0
0
0
3
0
0
0
0
0
0
10
7
0
0
0
1
0
6
1
0
2
8
0
142
0
0
7
1
0
0
0
0
0
0
1
4
0
0
0
0
0
27
2
0
0
36
27
1
19
5
0
89
3
0
90
0
0
0
0
0
0
36
0
2
0
72
0
0
48
0
0
0
0
0
6
95
105
0
0
0
0
0
0
7
96
0
4
1
7
8
0
5
0
0
38
0
37
0
0
37
31
0
0
0
0
0
7
0
0
0
0
0
0
0
25
0
98
0
35
151
0
0
2
3
0
5
0
0
0
0
0
0
0
0
0
0
0
0
36
19
0
0
0
2
1
0
4
94
51
2
91
0
0
0
164
5
0
89
0
0
0
0
0
14
40
85
0
86
22
1
0
1
0
2
2
24
3
1
0
92
0
4
0
108
89
3
88
0
2
0
0
5
0
0
0
0
0
37
0
0
92
50
1
2
0
0
0
2
0
0
0
0
0
0
0
128
0
0
0
1
0
0
0
38
0
0
5
2
37
21
44
0
3
22
90
2
0
0
0
1
0
0
0
33
65
0
0
1
37
0
1
1
0
39
0
10
6
0
1
11
0
0
6
0
59
0
31
0
6
0
0
0
3
37
0
0
1
0
6
1
0
38
6
1
88
0
21
105
8
0
0
38
1
0
0
0
3
0
1
127
0
0
0
0
0
4
38
0
28
0
1
120
40
23
50
5
0
97
1
3
36
6
19
74
0
93
176
36
9
42
6
119
98
94
95
2
12
113
0
145
39
1
35
0
1
16
6
71
4
0
23
160
34
3
2
1
0
0
7
2
38
5
84
0
0
0
0
3
39
33
0
0
0
0
5
0
0
0
84
1
0
20
0
5
6
0
0
0
0
0
0
0
0
0
1
0
0
0
0
21
0
1
0
50
0
0
166
0
0
5
1
121
0
1
0
23
0
0
0
96
0
0
0
0
0
0
0
5
2
1
0
0
0
0
0
0
0
24
1
0
7
0
0
3
0
239
0
0
0
0
0
0
0
30
1
0
5
23
37
156
0
0
0
1
1
0
1
0
0
0
15
38
2
79
1
2
0
1
0
0
139
5
3
3
0
88
0
0
0
90
0
0
0
0
2
37
0
0
0
0
0
0
128
0
0
68
0
103
0
0
0
0
0
0
0
0
0
0
0
2
0
0
0
44
7
150
2
0
93
0
0
0
0
37
0
0
0
1
0
18
0
0
0
0
0
3
0
0
0
0
3
0
0
2
0
5
17
0
19
1
12
2
0
0
0
2
0
47
0
280
0
0
0
0
50
1
113
0
0
4
0
0
5
0
89
0
0
1
0
1
0
0
2
11
2
0
4
0
0
165
165
153
2
9
1
8
8
0
28
89
0
0
0
8
0
0
0
0
0
0
0
0
0
17
0
0
6
0
0
88
6
0
2
18
0
14
0
9
0
37
0
0
0
0
85
0
0
67
0
0
0
198
0
90
108
0
2
0
1
2
0
0
1
3
97
2
0
1
0
2
0
6
2
0
37
2
0
2
0
35
0
4
5
20
0
1
2
12
4
0
4
5
0
0
99
11
24
119
75
12
50
0
1
0
0
9
0
4
0
0
1
10
0
28
166
77
66
0
0
96
0
15
2
0
6
2
0
2
177
23
64
0
0
0
2
0
0
7
0
22
6
0
0
0
94
4
0
0
1
2
0
0
33
2
0
0
56
0
0
158
2
0
0
0
8
0
0
0
0
1
0
38
0
0
0
0
1
0
2
4
0
0
0
92
39
53
37
0
50
1
1
0
0
43
0
129
4
0
0
0
94
0
0
0
0
0
189
0
0
153
1
92
0
0
0
2
0
0
0
25
0
159
0
0
0
0
0
138
19
0
0
95
0
37
0
1
0
0
7
0
0
99
9
70
0
7
0
0
8
0
37
2
31
145
0
0
0
5
1
6
88
90
0
4
0
173
0
0
0
0
0
0
0
47
0
38
0
0
0
2
164
1
150
4
9
0
0
5
0
1
3
85
23
0
37
0
0
0
0
52
0
36
5
43
165
2
1
117
0
19
0
2
87
163
1
4
124
86
0
5
38
6
0
93
90
0
0
1
0
0
0
157
0
0
0
0
0
125
0
1
0
31
0
0
0
0
0
0
4
23
118
128
2
3
24
6
166
0
0
65
0
1
0
0
0
0
1
2
19
0
0
0
1
37
0
0
11
0
6
0
2
146
8
40
0
12
30
1
0
80
0
63
0
1
38
84
0
0
0
0
0
0
0
10
0
91
0
0
2
0
0
0
0
137
0
0
3
12
6
0
0
0
27
23
0
0
0
184
0
3
0
10
0
6
117
1
0
3
0
2
81
0
89
0
36
0
0
60
0
0
3
0
37
6
0
0
0
122
30
0
0
0
0
55
1
30
0
1
89
16
21
0
6
41
132
2
2
0
2
53
1
0
1
0
38
1
0
22
1
25
1
0
6
0
6
6
0
0
0
38
1
0
3
0
0
0
160
0
4
56
39
264
6
38
0
75
1
4
0
84
0
1
0
42
0
0
0
0
21
51
98
28
24
3
0
7
0
0
7
0
140
0
0
5
1
0
38
0
140
3
88
0
2
0
128
166
0
0
0
0
6
0
1
0
0
0
3
5
14
0
2
0
0
0
0
1
0
0
127
0
31
0
8
0
0
6
8
0
0
0
0
0
90
0
97
0
4
37
23
5
3
7
121
73
1
0
4
66
7
13
1
0
0
35
94
0
35
40
0
0
0
0
1
0
39
91
0
120
0
0
38
151
2
23
0
0
86
39
0
48
15
0
145
7
0
2
0
0
0
152
0
87
0
1
6
23
87
128
38
4
0
43
0
0
0
4
212
0
2
0
20
0
0
6
185
40
0
0
0
0
0
0
91
2
0
144
7
112
2
36
2
0
0
54
37
2
40
43
52
39
1
32
0
0
0
121
173
0
0
1
0
98
0
11
0
0
87
295
0
1
5
2
0
0
2
12
0
0
30
183
32
13
135
0
39
0
70
84
11
147
2
133
2
38
1
120
1
2
0
0
88
2
37
5
24
0
1
4
2
2
0
127
42
11
46
35
2
0
4
92
28
15
8
67
0
4
4
71
0
0
0
0
0
32
1
232
1
0
19
25
0
13
0
51
98
7
28
0
2
0
0
0
1
0
0
0
0
0
0
0
0
2
0
7
0
0
0
0
0
0
34
1
0
46
0
1
2
237
90
85
0
0
2
1
0
69
0
19
0
0
0
5
0
25
0
6
0
2
0
2
0
0
13
2
86
37
24
19
1
76
1
99
0
126
4
89
1
7
0
25
2
62
0
5
0
0
0
5
0
0
3
0
0
0
0
0
0
0
0
0
0
0
0
0
47
57
60
1
1
78
1
0
0
0
0
0
20
0
0
0
0
38
8
6
0
0
0
6
0
0
0
0
0
0
0
0
0
0
8
0
2
0
0
0
0
0
0
0
0
7
0
0
0
0
0
0
0
0
0
0
0
0
0
39
0
128
0
1
0
0
0
0
0
0
2
34
0
0
0
1
23
0
0
0
0
0
0
72
0
38
0
0
0
0
0
5
0
1
1
0
2
0
0
0
1
90
195
0
90
46
0
0
0
0
85
6
62
0
99
23
0
0
0
8
0
0
0
0
0
0
6
1
0
39
0
31
87
130
4
0
0
0
0
0
0
19
1
0
0
0
0
0
23
0
0
0
0
0
0
0
0
0
5
0
0
0
0
3
95
15
23
0
0
0
0
6
0
0
0
0
0
0
0
0
0
4
0
0
0
0
0
2
0
0
2
0
0
0
0
6
0
2
162
13
0
0
19
0
0
3
0
0
0
86
0
193
0
1
0
19
3
8
2
1
17
1
0
0
0
0
1
7
27
41
0
0
0
2
0
0
131
1
6
1
0
0
5
0
29
98
1
38
18
4
92
0
94
2
0
1
1
0
0
7
1
0
6
0
0
0
0
2
267
0
0
0
0
0
2
7
1
23
38
0
0
0
0
0
0
5
0
38
0
0
0
88
0
0
0
0
0
98
0
36
0
0
5
0
0
0
1
3
38
96
25
6
0
3
5
0
0
0
23
1
61
37
0
12
0
146
0
5
0
0
0
0
0
0
0
0
2
0
0
0
0
2
0
0
0
0
1
0
0
90
0
18
0
0
1
0
1
23
0
23
1
6
3
0
2
0
0
18
1
128
19
2
0
191
2
178
0
31
3
2
79
0
85
0
0
2
0
91
0
1
14
0
0
1
1
22
0
1
0
0
0
0
0
6
0
1
0
0
0
161
1
0
0
5
0
0
3
23
0
6
3
0
0
0
0
0
0
0
88
0
0
0
0
0
0
0
1
103
0
0
0
8
0
1
90
5
0
0
0
0
0
0
0
37
0
0
0
0
0
0
0
6
0
0
0
0
2
6
1
42
0
0
0
0
0
0
0
0
0
0
0
0
0
0
0
0
0
6
0
0
0
0
0
0
0
127
0
0
2
0
0
0
0
0
0
2
94
29
0
1
40
23
7
2
0
97
0
6
0
21
0
0
0
0
0
0
0
0
0
0
0
0
0
86
0
0
0
0
0
0
0
0
0
0
0
0
0
7
31
0
0
5
0
0
0
0
0
3
0
0
0
0
0
2
23
0
0
2
0
0
0
0
0
0
0
67
0
7
0
0
0
6
38
37
0
7
0
0
150
0
0
0
0
0
2
0
0
165
0
0
88
0
5
0
39
0
0
0
0
0
0
0
127
1
0
2
0
0
0
1
37
0
0
12
0
0
1
1
0
0
0
1
0
0
0
64
0
23
37
6
119
0
89
109
35
8
56
0
2
0
5
32
0
0
0
0
0
0
0
0
0
0
0
0
0
0
0
0
0
3
1
0
1
24
0
0
15
0
0
3
0
90
0
0
0
0
0
0
0
0
89
0
0
0
0
3
0
0
19
2
42
8
23
0
3
0
0
0
39
0
13
0
0
0
17
0
0
18
0
0
67
20
88
0
2
2
0
0
12
0
2
1
0
91
0
0
7
135
0
5
0
66
0
0
0
1
0
0
2
8
0
1
0
2
0
0
1
46
94
0
0
0
0
0
159
158
0
0
7
1
0
2
0
2
90
147
0
48
0
9
0
0
0
30
199
97
17
46
1
0
0
111
0
86
2
0
0
166
0
1
0
0
0
2
1
2
0
84
0
0
85
0
0
6
1
40
0
3
25
0
22
1
0
98
0
90
1
0
0
0
22
1
0
0
0
2
1
0
0
5
0
0
0
6
6
0
3
0
6
0
0
0
0
0
6
0
90
2
38
5
7
0
0
40
0
53
2
2
37
0
0
9
6
1
6
1
0
10
0
0
0
0
23
38
2
166
0
0
167
0
0
33
67
82
87
87
90
30
3
107
7
53
62
4
1
1
0
14
0
0
0
2
0
0
8
89
2
68
0
5
7
0
110
12
0
90
0
0
2
0
0
0
19
0
0
0
38
1
0
0
8
0
0
0
0
0
0
0
0
0
0
0
0
0
0
0
0
0
0
0
2
23
6
0
0
0
0
0
0
0
0
0
0
16
0
0
0
2
0
0
0
2
17
0
0
0
0
0
0
0
0
6
0
0
0
0
0
0
0
5
0
0
0
0
38
88
0
6
0
0
0
0
0
0
0
0
2
2
0
90
18
24
26
0
0
98
141
1
0
26
1
22
0
1
0
0
3
6
0
0
0
29
0
0
0
37
0
0
0
0
0
0
0
0
6
0
1
0
0
0
0
0
0
0
0
86
0
0
0
0
0
0
0
0
0
0
67
0
0
0
0
0
0
0
0
0
0
0
11
1
1
25
92
191
5
0
0
0
0
0
1
0
90
0
86
0
22
2
0
0
0
0
2
0
2
85
45
5
0
0
0
5
0
37
0
2
0
1
166
0
0
0
1
0
0
1
0
1
0
0
1
2
0
6
6
6
90
1
40
37
6
10
0
0
0
0
2
21
1
6
0
157
0
13
2
0
0
0
0
0
0
0
6
0
0
17
2
2
0
0
0
0
0
38
0
0
0
24
3
1
0
0
29
0
0
0
1
0
1
0
0
0
0
0
13
112
0
1
0
0
2
2
4
37
165
0
1
0
11
33
10
21
1
0
0
0
0
0
1
21
0
0
0
4
2
11
2
41
0
2
0
5
0
