259246
1376467
3393923
1631971
1048569
1139942
418848
2607014
1710431
5473228
2290035
1559442
4817785
1648783
2094160
2067355
1084702
158450
1500633
73041
250118
796660
1689006
497297
853230
1122769
1766596
1195723
998922
2522476
3761043
1606025
3234993
950238
3703318
1380471
5644915
3153149
3814429
1551056
3143647
4038498
1685607
2325112
1460105
1187899
2396546
263869
633873
3593422
1147897
881384
267444
1341707
1001535
1663710
475183
2422488
4212634
1219533
567653
1450259
1775909
1314980
848773
586359
577174
1000459
324636
1016507
329626
728028
3086668
4806125
1469486
1349380
176
710413
1860486
1061856
2372
292767
2493921
1508207
20043
941350
1053813
944725
1270481
2371876
1385094
429415
1778642
290145
1088527
1180745
1897917
99075
2160791
1368072
1613050
410936
2314274
735480
2346914
1698665
1666442
2635604
2900696
73509
2227616
1919691
2445118
1742396
921332
36755
412213
314911
901714
1639920
3555993
576047
3382218
1107587
1466242
496112
1568352
1585134
3279330
1194109
4544404
4601098
796090
11384
2045551
1055620
2181484
2451116
6595313
1556047
1434337
1661226
2830748
739355
1500862
1945849
5723526
1942687
2566484
508879
2076888
1844541
2611228
876804
3050878
5262064
2349273
369223
1059958
1316862
4935270
1368821
5055623
2790967
2026105
1571548
2961434
2617167
5624701
1730212
5064382
1542158
3208830
365371
3205425
1526251
3449606
1461849
3762604
1335814
369243
209397
782348
420637
3157697
2719889
2408339
2636254
2455935
98393
1138661
595786
2275168
2063206
2520066
3395234
649170
1066660
2145618
4498594
2921593
1435088
1071091
844938
4712
254840
1545908
1240991
426800
2665
995628
110506
1461239
713582
638234
57180
791974
715039
2146248
235550
17665
88030
2713445
1014184
3552399
1492385
1866157
1127297
1831929
1862174
2711750
192638
3036517
1710186
5548731
1837250
2440501
156730
3095427
580739
3726088
1563054
441983
792584
487759
1005416
1205004
110257
852006
881211
2131767
1311323
2035307
764953
695239
1421229
