284838
264150
710497
9258
97708
242228
429508
787484
224935
908942
323946
707710
24370
299796
165475
2167
15279
357811
322461
75160
464466
144264
17933
739114
191467
789109
158400
222544
260223
470233
339973
538207
567666
95747
232131
10663
416456
852805
1345737
78936
774620
749156
107465
115578
3239
300840
690268
119335
75825
419516
24028
789806
75446
349583
108680
8638
12946
467885
928637
1009
312302
552093
277814
5949
36909
598
282571
354055
66417
397618
10988
99030
21234
1927
471397
463185
167368
77016
54701
2257
174389
482
469103
1051
1644
40073
88621
401509
229778
34564
458203
17733
11732
443048
442411
425700
155690
30789
136635
79150
244440
506714
320117
317093
28414
594759
1306981
605725
267419
47160
229913
240037
14599
238661
259181
63
335368
10352
161733
49907
372626
65023
260355
3990
1037
541953
27549
81392
261175
315544
338537
4495
451
3119
355
378606
263351
228641
87831
306057
539446
398387
533382
227194
407745
415899
1116330
230537
477292
5198
400501
813464
774061
349466
572349
1127532
303942
376808
80245
280
1188925
19237
605970
842764
1095739
89821
360489
558546
664826
53615
272027
310316
15011
18033
282841
7566
24712
290573
249841
65885
28746
435499
75401
88422
715256
273637
635027
611258
86492
146501
23579
463548
1464
43
78901
9936
146284
406326
355575
76914
77470
1876
43875
21999
24954
225108
2278
789574
75349
688
516009
75350
90923
302479
33807
52520
8318
31711
165627
3951
338
225484
75398
7906
34304
723337
753
515
482872
235483
620913
24481
82157
434085
807708
360359
697710
83300
68810
261723
866014
77352
315924
244778
117
331139
251422
3825
296201
233624
1096218
462386
444006
4802
5596
8955
26904
100114
298773
36537
76821
408863
605574
142280
95452
1161942
380924
27270
12868
8741
901679
1021
500400
29508
41083
424
2581
15758
683817
1485
76796
296653
222001
40084
134
42272
78868
78408
291160
225840
189520
474827
1472182
813192
56217
186828
601774
4803
20603
170289
18152
7781
1175223
481161
396
142424
43850
24260
118972
1883
172
75477
31583
282634
202416
530869
227023
31518
79268
451881
18648
3893
173163
8172
102
238
490693
18
139963
985069
21709
13684
0
75617
498109
107647
21645
1129
47586
1485
30582
170759
293582
160611
207991
596392
251405
16551
75947
74653
301579
197437
15594
0
201436
237089
599564
305798
655485
1052
386163
315528
138904
240863
475989
26931
10218
31706
87642
810793
743
692
16444
2602
270712
230005
861993
308721
950265
2082
305741
357998
228537
188209
799572
298345
743980
20921
516
17148
30563
7624
25786
115108
212130
3840
23522
8019
628718
459817
1086605
270487
281138
243226
936
401618
501766
291852
261290
2351
316955
649303
289995
149
317551
512
464203
114
367244
223076
18015
664316
197715
312808
934905
519527
397507
304158
903878
88610
767627
462679
887824
10423
770390
672
210955
207
11860
197126
912321
392543
273270
220587
234088
117679
445661
2370
285818
608274
31697
2434
54865
950
1029674
2988
550176
426
234
25734
529
134
69227
808
666848
845
18527
61662
226
92
10192
2537
24944
75890
311785
464466
17335
628
229895
262366
535239
382827
377391
322863
377016
63336
31929
227144
205418
138445
694093
526090
2421
115157
911985
4203
9969
246608
33800
28995
25802
4187
441793
459317
228220
195071
32796
170244
17251
222446
31699
731496
284221
205899
740160
444874
567239
700531
29822
143466
578338
329299
1011310
53804
880115
133709
305855
892298
104540
21789
463495
225883
898
523
7992
206694
33006
302596
829084
49423
239992
46079
129379
33438
38140
58859
6458
688934
282589
19397
653103
307479
1216304
1067873
254902
33732
354905
17100
369679
76145
13539
399020
77985
227163
172570
98217
100146
225017
714704
604472
503928
432224
964778
699
707665
3560
89705
738143
1179240
95350
501862
305372
108021
79193
976986
1380023
4528
1026257
498
544
423427
679349
8152
212
554867
647490
5536
337536
288880
87462
12191
930279
134986
471321
13855
2776
1103121
436493
1596435
974
19599
554355
916666
187223
57842
191418
390413
275981
98059
1209679
472154
196936
1137347
439414
809470
35495
315306
10855
304298
5
447073
4250
378577
75855
1056
266386
11445
26971
340314
1805
143716
362931
320705
2161834
111660
190863
34916
63358
367745
920058
1168415
416239
78239
99326
862649
515312
24651
75240
1250476
467104
248041
282673
465775
404342
580173
777656
605902
315594
552255
379603
59249
379239
741830
284489
1732379
263976
244849
541045
1271722
387458
1205440
384244
391775
62415
224109
46453
301797
443689
342847
566815
538521
764
511657
822
322251
110019
214013
473678
703028
417803
201105
13405
450217
508988
1331422
275145
66931
366937
154364
315012
513424
12174
83764
968539
1205722
301766
791
1362
64083
2004
571602
1588
150050
26958
300110
125160
237491
22915
87807
440305
167779
570150
2368
92386
354753
28101
961685
250087
926874
90891
430565
362862
765836
41753
486825
550326
910959
314289
418047
433663
696877
446
438327
1954
1040
81017
24808
46503
108367
106183
15632
97433
426424
650808
64094
212787
222703
476143
673495
988140
417007
1802
29484
19449
299445
536849
8583
294773
33121
326426
392052
101309
37973
253940
55099
166221
131951
878
177708
372337
31485
376919
102144
1378
1331443
473371
12268
700
154640
2000
24926
2929
458801
526205
150
11310
770838
189297
66001
283637
918140
5790
255285
303895
400
44024
593
25111
6
795
301537
30504
771
9
297
468644
52342
149967
731
2962
1024258
1973
318252
494446
32441
467162
4027
1144
26589
21682
44581
170428
301052
179381
44316
43733
73935
606
485
489374
90506
31365
34259
109025
403120
716
4271
2931
238674
39570
1357
56
276815
23986
96276
24188
401
250524
124121
197791
197921
98836
252053
7977
614436
168207
454537
150801
423370
90185
17281
2362
1606
59725
93038
117
45
226356
5292
251347
353225
761742
2595
4735
32136
731781
471653
465948
570755
25888
704310
5105
1149269
623
138415
577
1105198
92532
76704
90449
233996
475102
586813
233727
740215
164932
486085
31822
182263
47531
557052
225470
481443
154052
25935
200
265692
1302
596780
97681
169771
226986
458884
107870
450388
113252
219930
1488901
985538
340762
306287
793932
460378
262216
785975
128570
1001145
1107
1025
250526
860739
82798
389218
462678
654177
301375
2342
9326
273885
1157
472483
11167
486977
407058
543
237241
10381
77597
301688
913
24351
254560
334
106699
537289
237552
33
50658
12556
2
220627
120605
4000
225208
251080
71750
400710
84664
61717
1164
712061
473344
3340
505162
32944
462023
437592
88182
313
272
317547
8909
624986
625818
799458
566144
130802
22147
65423
847
231069
527922
12839
188835
7900
679795
465081
1092
23388
237124
300130
449516
466931
1426669
