11406
69956
34866
6199
27529
63656
20291
400464
3382
114825
37782
11431
698
36661
23364
2963
164
3503
452956
25071
9865
64549
21968
152819
436345
5922
14988
94708
20541
519700
310666
59274
25064
10473
117174
25431
151464
571096
990054
354116
371424
44762
124160
28839
98285
172183
99937
169796
521
1872
5800
30483
10345
272468
2642
30436
112140
437236
1584
21607
11297
118762
11561
14951
234
0
80116
8821
17232
396654
238
21790
10383
93
557085
202
27
27777
7819
38974
7550
11043
146007
20234
18134
99079
29993
278181
14035
9457
63198
73374
898
180095
208955
346198
71285
7
212121
456371
272919
303059
484251
39128
17755
9446
20055
53812
19799
14767
15209
103064
10614
326815
94692
22193
432960
309634
22620
161723
183261
409218
278608
62066
38678
149212
89697
55162
50978
484178
797967
157416
40953
15655
27642
111032
126682
76964
136723
53413
105934
75492
2769
145057
155091
515998
12698
107629
106056
377766
45275
457510
89947
474570
423560
868703
39848
381318
32539
83914
423592
95229
18422
29194
109863
383623
477749
185503
124952
79232
127681
107691
17811
49380
92742
301976
12571
118239
78035
30175
276533
145770
38647
356531
131741
97495
83824
139698
119054
137768
123080
12284
16119
21328
244721
3271
59411
301336
594481
29369
8861
102026
27455
69
9597
20704
7956
437234
7947
46928
3580
26333
8702
249364
5907
45326
1060
1428
235377
5683
134
18310
7764
293637
140548
130375
14944
24877
27993
92721
439689
19875
203679
60545
571222
13722
13571
8862
6296
100788
7148
344774
22959
168834
1440
399535
457821
38593
411925
21399
492
4229
1010
101870
12492
65672
577
10246
11599
1013
5193
26888
683
13957
6877
380086
4002
100257
8833
0
543798
13
20204
28615
51005
5038
257358
5183
149363
25997
76
2
6689
11517
8450
61722
192086
10396
120376
3573
57592
82500
2923
3858
912
4672
543756
10811
48247
201554
9882
75
13437
6085
8
22114
14881
12208
10597
179088
23538
18784
4708
27916
42422
25419
4273
58767
17860
10526
6188
20015
34797
28651
6849
29547
172
2630
212465
66851
92171
252304
7206
15297
14136
35842
2896
18431
37789
129
6365
34471
74722
42157
15112
139265
18458
484
20493
29453
674232
120155
11589
25135
150150
64217
88417
145377
13160
6033
90877
302315
40574
261873
47392
2809
64862
8833
120171
62115
361
5813
11429
21423
66221
100401
33737
107158
296064
41257
323323
19626
101377
104793
270102
14715
266149
12817
3968
39897
9287
5785
21579
111519
4637
93762
16987
12
483264
51
77633
3277
115460
257358
65
35175
812702
6906
261995
76142
31
175871
4284
113260
361432
60300
138677
12878
326035
25805
14340
261242
418
193094
810505
98158
417957
14107
468445
195323
63535
5368
10382
11229
313838
14622
28516
10696
34084
5588
13040
271277
374
69921
193045
13303
129469
6762
13657
14767
23776
3325
76
66228
261096
101
114525
45344
33298
45641
8898
2705
6127
7215
410742
58623
70333
19353
53396
735
334717
26615
12550
14010
29294
15533
41657
22498
167641
61930
58860
608959
111692
25247
197866
150931
60549
80189
140485
253084
517285
74367
73930
35976
29412
42170
30229
9179
13701
17679
3321
6549
150427
21589
184966
6221
153359
15302
27894
268560
1947
35346
45345
11006
207301
24600
170740
298149
127095
115118
553709
365484
462914
9626
184975
6248
57418
167399
18629
6672
97055
12326
3446
190
78439
13630
9271
11089
42653
10219
55333
1
209439
76028
212755
20021
31682
428426
517
3272
15362
108755
172499
25902
266373
250941
167185
4355
257296
56696
112928
602097
64233
349707
7667
24327
50556
194571
2786
80896
93626
402260
175276
27554
30861
19456
448126
467626
22238
49576
4448
302840
11100
225784
15265
667251
86481
832588
77
18007
376647
161084
32104
99135
2732
312920
71056
189627
87962
60523
25487
634393
41578
164173
13
15010
437400
52238
246011
166594
72830
27217
404922
82823
144470
54
44276
74988
124089
759044
15866
9531
566601
622089
463239
806
33349
15855
116690
42235
248471
348653
13316
41067
22424
38783
10419
8413
116520
9873
100900
369975
358659
491885
17580
25600
31703
8418
108412
89287
113260
42345
9265
20497
74919
544793
32293
47163
880332
12842
0
76639
0
334021
114858
113370
844091
75438
156537
38015
75354
115331
358558
99678
145840
104731
41554
749
92681
77876
109579
16217
340326
115344
8922
113315
401181
154521
21098
3631
32359
178
12786
44720
2039
121661
210666
305820
409332
246819
89437
292
222777
189010
78439
107960
15672
10289
6879
13186
450548
171751
73918
34407
270966
4146
24363
6925
57153
7552
0
18172
266360
15368
509874
141826
56498
17591
101896
733
28231
62534
5927
81958
330223
43740
220841
149475
38244
160839
158422
63895
48021
184268
314625
378065
548206
14541
167611
41
158986
80295
124178
18866
46606
10857
55234
42001
116981
30674
84923
50137
87643
29092
9998
15591
630
21811
5725
13922
8007
6071
19
21459
2271
3513
145
217525
29849
64592
3183
30
128872
3261
1191
25491
63790
7590
32277
545112
176284
106936
98566
14589
323277
264483
7102
37897
369408
11734
11332
8873
23173
22188
84312
139
19102
11696
47287
1005
58349
4000
3801
43
7664
90
3183
22797
30600
37982
109010
0
23462
3289
310
18698
54546
13459
27552
101657
432236
34578
6214
8073
22439
4130
6634
3641
6269
51655
32856
4420
93619
31621
5233
5750
21253
32308
35856
41970
236840
2584
52204
154011
92278
21192
5786
4135
81791
4847
10040
35194
40331
60534
8445
5847
14895
16869
13111
54
25984
8616
274931
6351
21389
22637
174443
12
4795
1939
23234
25685
23862
105
1159
585
16728
30668
135543
10579
112594
83
26464
251158
75126
17238
29155
16097
356408
214735
23136
4348
280002
11935
11308
447
498
106770
18971
26
53969
13257
129773
32340
362781
29689
57191
30234
372419
6214
74693
88975
38977
364009
36333
4386
10030
16151
68626
198600
82679
92519
29556
40987
91552
158416
26614
405799
198866
42612
34983
13142
30654
43159
27960
11075
47215
3636
59843
23057
100874
66128
384285
4446
399486
56997
75968
11066
143848
20830
169596
10875
272566
52996
31918
0
0
376143
554237
5450
9033
24572
76
6051
300
245040
13067
141
30363
4853
249273
48326
174684
98891
363586
40967
84274
129994
3289
14906
27886
38
1603
524611
8748
17074
274843
9768
20388
5174
262432
11721
245506
68035
78303
218
15020
35442
24607
16084
12058
71021
55372
33501
31709
13678
139253
5297
41241
17801
5766
12833
57239
6815
10408
60893
7247
4995
421947
11930
19767
15474
14124
4711
287303
4814
20019
6449
100557
4512
14
16962
21682
8229
65635
284679
97307
224152
100173
611346
263
416
40035
77806
88182
43251
88032
27626
34014
142336
22412
228700
680117
78981
16966
122893
34081
125787
54186
59228
171776
3498
22443
18178
8872
382
123
18569
18
16529
18284
39915
816111
7502
12374
7168
9003
4237
1449
0
384433
326377
20310
30985
11783
61593
32755
11986
50520
3301
8
1645
1389
7477
25239
99
242470
8575
535
17975
1665
18927
49107
966
414229
6192
23059
3990
35911
77810
86028
12
6189
101
86890
439229
10746
51677
30292
163428
7926
3731
44706
35829
58275
34876
10420
30
55490
2728
65615
88520
6747
44113
130724
7327
144936
14583
519
20024
10089
122575
184725
132294
391104
62155
19500
3849
5377
99315
161048
28164
73411
25015
138958
8643
253697
21801
112440
10122
1537965
24115
300606
26170
692555
12928
132352
4867
119811
3383
227507
216494
25265
27460
50572
20226
128117
567255
12
19030
195788
64263
114304
27571
115115
12224
169
93577
543429
9803
39720
3970
272849
12746
22240
2602
75521
12647
64138
41974
806148
13512
31289
19746
47523
281
657
23
394
11
11242
9548
13
8555
22897
7204
13389
17
8530
0
0
49
22535
10931
30637
35063
101732
62475
16621
49171
1803
9575
30880
4581
22094
558
88191
8825
5563
22725
21
58
95355
355547
38009
20627
22087
206105
30627
43516
16292
15311
376396
7671
272150
35105
5379
44637
38305
131392
32499
7435
88860
6201
129231
22799
27666
16963
96654
9717
25133
1203
243
4546
17472
46499
9
30291
2788
13765
31206
62614
3407
556
30776
6236
30568
8709
10574
5041
15637
13487
4151
44787
116
490288
188284
90829
18
2562
91
8880
226986
12462
166223
20614
726030
200315
30465
50098
24345
17869
33747
165356
10614
20325
258170
2244
426
5614
9441
0
23465
8166
662
9302
18457
341991
14670
54327
35085
11401
19116
2864
1522
241
12492
95
5125
19316
80256
3853
47624
5240
43101
17845
465
86
27362
126
4623
5821
14708
676
10772
68069
94624
159616
8908
89561
362006
49937
14688
971
194649
68723
14381
59
46004
44810
572234
90641
3230
7623
25555
177176
320230
53308
15870
3787
24586
20806
33859
11204
99373
19053
5394
85
43319
291
177528
3254
721281
12589
92295
48034
203060
66195
14368
125
14979
395
25183
0
11
0
32494
183107
18928
62396
80424
20811
70410
7276
447604
364547
163509
5326
2313
52551
6400
431901
5086
11352
631815
795199
9422
7337
3259
2813
282171
243
176245
77674
27324
10798
477
526953
49661
203517
150946
29359
37816
43061
283320
32985
500456
94
63035
18
354
3410
21140
689
38905
262786
127273
5422
61123
25981
55740
257
33878
103764
5009
17072
5114
6562
806742
52789
39483
5731
68670
750
8140
5179
19308
4478
9
9120
7681
9111
27434
92
5859
8487
1984
11891
106479
10374
3816
17396
42339
97675
28987
119821
13511
489869
122009
6558
13780
3038
250808
6538
675013
647497
55162
1973
49377
30
42550
320985
112990
34652
33021
25200
486208
51494
335692
1387
47820
57704
70181
30743
180129
25265
99415
15566
925841
103
91912
269
20142
17118
326547
239605
659270
3819
34624
6636
11
1062
805
81
88547
45112
25285
706
63584
9029
9122
155738
3484
5751
9873
22798
5564
133465
16796
22505
77989
3313
145597
10001
353171
5271
39787
6252
1159
1441
11846
16840
198791
7945
21179
160069
505
7056
13258
1
16262
4312
304664
131935
74981
229027
61
1069
11464
150
32694
239387
811277
134870
371559
12406
134210
3244
278879
212151
246580
533
1378
12846
67316
254984
122
15
18168
19
42
47601
9369
84515
112
422989
50106
413538
877
14553
426290
2089
376113
9123
33593
4232
153769
11353
130914
232
4176
8469
9879
649973
89288
76850
837691
162534
22735
44
33318
16
101849
0
11581
7333
303862
76
17046
51398
4940
63
13422
48472
50182
109235
111104
732785
16777
112
461
15934
76367
296722
354413
329
18203
214769
23955
191744
150555
44504
7676
12689
48606
171553
193595
105942
658
4483
55108
9787
640756
207408
30564
118233
119708
35991
841917
20374
113255
11194
17799
259131
195683
137448
376124
33911
2593
141890
14756
337058
695867
377394
101201
40502
5632
6791
227737
44745
493886
22451
638758
50702
74622
67802
38818
187765
1316776
29362
62349
7404
3844
4305
10390
134
563458
53229
570112
13838
11
14725
33
32
26861
363
183019
871
5341
3863
7429
4869
10566
2861
78639
39523
6033
677
14958
5566
74302
10727
656480
26278
40344
637765
35426
28604
82229
138525
527318
445
182310
140697
130223
38841
343086
139595
184207
80242
6036
11577
35314
6303
11693
46905
137968
324898
1610
487
28366
10118
72425
43210
6230
5591
19965
99145
508911
637043
16276
20
28563
96078
65102
5471
8688
32
10560
11355
12844
3486
65122
25701
3888
293
927
819
807339
261995
24264
53102
131
61235
14026
8707
260157
16125
655
74789
103414
10631
38
9617
74540
95376
942
10
41342
34558
19429
5212
5810
3780
3
5796
2020
5673
6986
3160
9399
13539
6
7994
11596
41
400319
497097
12537
1961
12596
9937
14397
92783
70289
42
90609
35369
798
44747
41817
73295
6370
95
64378
10298
146
0
676
135
20
96306
46032
235440
0
47
23223
35589
45032
6438
21924
33297
55668
11926
242
55
133217
37423
6490
27883
161333
10
180529
5364
26271
4
24290
16
7913
9584
64
64744
92873
4852
183309
303393
23301
20570
83857
199163
54455
25576
133017
5920
193339
163929
548769
29777
62019
8194
381867
4976
124220
206059
439901
13
21905
15105
175032
345189
7571
8410
51601
99683
42330
3508
37870
5478
1
19490
16666
67443
105079
293386
163468
24551
179719
77483
30243
24159
278595
508831
486878
42272
545116
155132
137715
30956
172978
28853
92777
12578
27038
8753
156950
5848
42045
61953
20367
39539
16868
17623
277928
12851
9937
109601
127787
31305
378
315969
12262
27262
32542
21676
55241
98606
6668
17890
9513
17792
0
2587
39708
22
55019
15753
169302
302
4357
21251
704970
101696
23809
19963
44081
0
33947
353925
532854
32565
39303
6205
39742
5730
113461
10831
87428
32262
11177
64745
28986
24919
80018
5012
56561
9004
292405
66492
166463
64216
114058
76453
37070
12719
48757
23329
92665
25980
74531
63488
88169
48050
11226
52641
7874
413386
33580
1126301
107680
333158
3650
270542
435238
148019
80026
403881
97059
25978
9312
33400
7491
305191
146672
5876
27350
25895
75057
61843
338854
129498
1321767
97985
144362
150342
359671
117533
139687
33866
136020
983456
256325
294438
4623
64017
29735
68376
237037
187015
62436
444476
61166
17501
6112
272208
41455
101772
23483
49517
520056
441273
415138
161256
19508
46166
21173
206016
26506
880
6559
173239
183201
189
140223
19761
34492
199586
87739
34205
3296
27724
8910
20022
127
1472
38613
20693
151163
184158
26318
4929
6
3597
40578
15892
307519
15738
4475
35183
98244
112364
9489
425212
196883
128586
397932
455178
25887
28094
116
196564
3274
67
78249
22
6513
12932
8499
27063
198331
68350
51454
11385
5918
6529
184129
61371
33638
89014
182115
23995
56302
5788
31675
114486
50939
16545
132862
200839
78890
193021
284077
49745
687403
10861
10831
348359
4616
10000
49571
34248
213610
150367
12943
211607
169391
155708
765
26052
784316
11303
184069
53088
862763
745
199727
91028
127807
11501
205788
365719
39255
8640
296264
187975
129716
516476
24023
53090
6
50156
821
92411
366078
247270
248728
234491
15383
117278
474
17478
12281
3612
48687
128904
9630
541377
93728
348086
32051
118
40804
487
72638
115130
41082
158685
10364
3714
23576
3735
192959
468
3939
20324
16613
15923
58541
168992
21777
30306
159544
57987
370122
175258
97024
61423
418264
9484
70856
26562
155530
52152
43889
24406
30893
215968
459226
139468
212249
852
559073
1640
8988
28808
11592
110
28388
12773
71932
89914
85589
11014
15581
5572
37132
450261
8171
21291
19694
211828
713785
38007
279370
617345
235272
78666
34013
34562
292135
14197
662314
13893
13263
527
18
9595
293777
66032
73260
96773
727
46880
17282
130876
7269
133954
396156
104621
41140
84617
861670
820907
120307
264627
96792
243294
80660
129042
275749
19350
608707
30558
462
964
13430
151
7623
43606
21000
85936
506
98982
228658
333221
301002
121706
43446
130690
173
68552
14131
532
6618
29
96463
47
18037
730125
7077
20842
16
26439
312588
8394
209
57409
14557
18122
6172
189396
194904
36751
31325
321039
130556
2565
115016
18846
27823
186944
225
0
4899
64520
216386
58
1397647
8739
32120
45603
26308
72909
500477
19093
74510
113501
785
1161
1354
158
117
11181
21355
34732
440914
26329
421526
19559
63353
428943
121890
95921
699281
98198
777065
1482
86511
29001
121362
68486
33719
220032
25036
57559
16912
4265
19679
5318
446004
130854
406258
76434
16003
42579
59284
55
156471
209009
5369
92219
32425
245
238
183
120612
19626
73104
90536
21635
217583
56510
225102
45607
34090
100599
83435
651483
44720
757616
284578
640494
3884
500608
153
16
3491
62283
20977
544445
70325
617696
251282
467195
14770
324201
8351
74219
1140996
82487
32132
25816
4493
1783
21701
119267
117187
73188
23341
17095
29
6858
8064
497961
61990
86489
132304
33
93
24339
17964
75888
38497
54125
241117
4767
42386
207265
148726
47261
6219
296766
13228
192400
18
8470
11820
47854
32347
26921
1052
65958
152344
20814
25579
129220
27187
27429
38
2249
93590
3104
14860
179165
68009
18547
53179
34626
139088
36217
57252
23744
246089
182660
36008
344423
44542
40532
445538
340491
40836
268907
93397
663045
326061
28981
1270834
200919
19837
93434
20751
24951
39431
31257
25872
337444
39465
139467
3802
122
18383
47453
45244
61624
119094
163553
41654
902612
38278
178154
209431
604047
851174
330969
169768
497168
614
38329
10421
3329
22546
9033
30826
16588
6219
188610
44084
226328
16375
38480
57639
605540
20960
128915
94169
22754
140818
195021
181912
21076
40474
49186
52142
118056
830622
76759
74812
133
9224
419
42256
48901
90
2636
17494
17838
158966
371397
104988
41734
176640
31182
28002
1666
10226
45105
499498
706551
129652
31223
9387
373019
5406
180804
32729
187072
424883
84990
280417
628084
51
79393
24885
770959
33799
180668
3724
487893
161
72039
42240
34316
2294
56881
155187
163473
96622
149897
163965
96587
308829
230208
751642
44164
45229
153632
51142
170316
576756
1067069
499657
10253
7149
162493
13527
146670
48797
128321
26062
20195
352532
55480
26431
188750
332550
63262
623849
161179
297405
5235
170819
595233
141537
1117024
66000
118787
373653
42069
217983
248376
555556
263836
222616
171672
24429
138711
60317
29891
22716
182568
38949
101840
32028
72141
78365
131442
379976
35897
35744
142775
37496
449713
140146
12966
56915
58470
659556
8498
332632
26747
37482
283503
58788
72468
550361
23661
46368
6299
3695
16975
17122
10067
91674
20644
38721
42806
17716
23182
204737
25608
72894
4365
68657
151724
159903
697098
80245
93872
19732
252302
87634
353140
153277
401024
373975
107581
291481
323867
20149
96287
35824
245414
40251
27120
21472
15014
56215
52801
1351
64384
1109
46791
683021
354412
137549
199283
218922
112979
639311
1232498
5713
2868
11953
76171
240018
189129
32689
8437
42457
604156
9226
53919
0
9846
6093
22825
7757
12444
46374
109950
216034
47271
23611
426749
23088
4562
4239
109876
109146
188539
74995
597202
264704
44121
20861
468340
76358
37844
294620
454266
170418
21512
545036
19304
16069
9
47855
3794
93
51
35696
12581
32183
100640
18473
56878
219
3185
3798
3584
4305
6380
55058
24714
14658
22559
40
33503
7310
181693
185928
116647
20683
852
15314
287
96246
3225
486012
16282
50597
20105
15892
149551
299
35375
29057
261645
25518
13290
9536
1708
35526
126
190853
260
40573
201658
10658
92955
200
35200
35820
56508
41202
73511
209594
170713
38947
16271
64477
36
25
1166
3322
81925
65888
305013
56866
31991
114037
9152
34766
132960
44184
1183872
16085
343075
23529
91716
7974
150844
43900
261159
43864
206099
391628
25827
12355
166432
16029
183174
13
175644
91840
645097
111190
119543
70388
322645
34182
69053
48266
141001
22217
191646
9902
390143
114
442264
52552
108776
54216
604462
204814
69857
68681
1020148
110314
69323
27060
113331
457472
53626
33249
593509
96570
7928
459
164559
8777
233203
2514
118528
158188
84419
224
64002
13264
80941
42547
394860
402833
267
166939
8911
41547
74765
115843
151242
133369
7875
64922
26355
17896
8516
60162
2
12878
1857
71169
9918
52906
63338
16643
169170
51681
916
12887
14705
12205
87495
46146
16652
25911
2613
56920
156
61769
45481
24437
322747
113145
560037
298095
196347
263198
298471
47485
5444
26849
23628
75623
12773
64761
18292
8700
1608
210378
16919
180951
23246
58213
26444
318293
37323
4512
21121
121428
504239
81673
127227
821741
137018
190878
14323
2437
13932
1150
8975
11660
188
15449
100034
44255
33703
55466
53787
477820
58504
31896
318716
268938
195601
101213
56585
59471
98427
11455
258651
74715
47902
70707
42790
5917
25161
13777
82049
523970
145409
150839
25478
777548
61304
163
13277
878
234849
712
139285
1464
8339
51295
0
331330
3182
659
2524
729
6523
11675
41401
9456
15
16071
38033
105
58338
6319
14872
3994
3940
11048
53754
363
227265
23722
40601
39472
103191
527808
36814
58834
192451
39451
164774
11838
193305
110763
99002
43367
10091
8850
4628
302
10910
23370
258548
167906
915733
220328
259758
755
281239
8159
31228
591
10437
28
54850
4600
33746
62020
292573
5468
510242
93532
25784
6220
76033
95007
19035
7260
20590
172510
18594
70622
8731
16642
355921
6305
372899
206504
805702
90
40918
36916
33291
7521
40229
77107
39350
339
78525
19
77015
3865
447235
130473
76970
4211
57059
3758
68416
133
22991
31
0
7355
274583
44873
341888
94889
133170
192417
55
30053
242656
2059
30531
4212
8663
12
1297
528919
78586
283
7702
68043
116916
19295
34961
72
81973
18116
4850
2331
18543
3180
21781
8555
12735
40211
4155
5901
29322
11036
3857
20
37975
68
26
6698
104799
17
14202
7708
70121
31826
26610
20968
740
1995
28957
3
3305
9684
100518
4662
7160
37
13494
8601
18235
4
61669
3442
28336
40874
29174
10186
4390
5455
34992
27332
6097
36357
7
11619
118106
12
23748
269845
386533
12140
9640
4430
78924
1790
20842
7674
291585
105010
4553
388130
163
167223
3339
66
29774
47577
3656
138
15421
12369
122
73873
24209
8
3399
10876
23250
4060
18924
1632
9791
24851
42958
10569
98136
63
30367
7525
23865
235412
94565
7278
109082
179135
101607
7213
106780
150099
33070
73295
47827
60561
236
823
5798
0
57934
16
1750
5784
4733
41101
18601
3773
17331
18191
171423
7096
23279
5570
49121
11773
36345
29243
592802
5090
149061
205753
99648
457
7835
12
75411
24176
6669
27048
46810
9136
2584
41421
146348
41564
50051
126032
65311
12264
12192
90
18197
35727
3695
1
96045
5505
106285
257726
29530
501
388430
40641
46626
9786
165
19
270559
9
4958
0
13793
12286
9214
9208
70
26007
77
8752
142001
33234
34541
100420
17434
39676
57447
16450
172814
27663
18913
29843
43659
97502
33092
624
147
21938
74546
8809
168026
109
250276
23702
53391
3720
59
11429
8547
5501
645
49
35413
103288
10037
4
7523
3625
462023
4292
153492
254809
152252
30423
12754
52014
113063
65769
75219
382228
57454
2291
103090
46461
264925
3473
313381
10
184356
3981
14147
0
172756
128315
3378
160663
26025
5321
12126
25236
14377
10411
30076
26879
7843
17815
4
64445
26207
21333
4524
7235
136
5665
888
0
3988
72
27660
127
414
37
13016
5865
16429
3684
15255
81884
1027
37
167713
18996
84002
205395
35503
241851
46178
14040
6436
8566
147635
19722
98172
146237
112288
9614
64374
257506
76736
96
54439
5
3931
115245
193722
29
254961
15364
24406
4284
18040
151845
22204
72933
105954
212837
294550
797016
40
13790
18035
28471
494588
5507
279833
60114
48338
18124
129875
108511
72961
180761
65514
279332
6396
20706
193680
11786
7249
439225
997063
231716
16284
14000
67938
3269
38092
47819
128211
134827
9954
47000
43255
28752
220439
270999
112400
110205
47818
121606
602455
75629
56416
208343
73
47
3959
187171
12354
26770
170705
296530
69490
158169
3014
24
35407
4031
13461
139175
182894
8583
294059
13708
23314
8946
214775
357695
140147
26483
13437
118114
219735
125526
2320
3920
753452
17212
1372
31489
17560
99190
2422
389165
55006
102171
926
27622
113
156965
254855
21
199065
5426
129479
18483
637
75
68593
6349
44849
50432
411915
349
233
5267
73504
19782
85827
12505
82077
33
79207
5121
18441
170440
12191
20539
5132
8930
39253
45212
240960
101165
44491
313258
256699
50837
340651
36013
31496
367138
421915
4810
28210
13180
78037
100267
211086
23028
84091
472
349
53536
28885
90258
572607
141732
15163
23436
33893
59558
139125
170250
314417
17897
214707
2839
76852
69911
1056024
80311
1367860
44170
308544
23531
91002
4907
28959
219720
41118
1753
653442
565
15768
36491
25003
140390
55818
144676
92498
143103
29032
19900
84767
399112
582611
136942
136307
125
27562
34695
33561
18462
207653
463330
43685
33767
3783
12569
112769
3593
57688
27803
47139
5056
20577
2740
245039
20356
96324
97572
36602
322744
64523
1051
11027
12367
574624
54811
115519
14182
241
157631
37602
83
88311
82011
86738
366200
103298
22177
127037
7319
210097
19112
217612
4615
5311
26295
96123
2443
15486
24216
235387
260860
13191
23337
10862
28632
198693
32340
30161
14539
13445
100910
35243
13724
20579
202080
21063
700775
192069
235058
9209
352647
193
24319
3701
15116
196190
94073
37619
157960
14684
249
5695
388
6367
60329
422421
20986
5622
22091
61661
580773
29134
22498
67816
43370
6504
21692
182283
5138
17212
70479
143784
85211
6321
7510
10259
68
2534
82716
12314
816
4583
8
13639
22113
74052
16347
244941
55925
13109
0
21459
10882
56584
28017
1079
0
12446
201314
64917
127688
16
0
5343
12434
44349
135579
138242
44037
17287
62288
12527
64750
64100
264806
96207
4973
7886
58
118840
61080
221410
56445
18738
161303
61055
3068
20381
12347
431674
168059
553124
117964
172527
2
111954
22554
22514
24
11431
6563
21691
5905
18565
26555
33816
2982
83949
26343
72505
6581
7937
4526
143428
2703
7614
60930
292736
56566
696931
15969
16264
76662
125706
344181
96256
11950
34755
13196
9816
292700
25777
11684
68029
143
6083
9863
19781
22070
24387
34
14784
120470
4381
5115
136145
192242
138011
50879
737
778
26946
16784
175076
300692
39393
150780
47561
22552
155793
2744
610096
41261
15026
19939
43012
256753
133845
8289
99898
126730
89079
5176
274360
101363
52128
29219
15691
319
151097
303018
10816
4584
32
65199
8726
19920
394
61062
9574
9781
4456
110692
23897
22830
336823
43
56435
21983
76374
36291
27856
18021
314000
23756
12599
25112
60490
79345
91784
139591
4821
80773
23282
12183
5992
72202
96029
4088
12051
15754
36832
79524
81039
133841
68124
12143
16257
27544
12263
15982
172781
35020
32789
23415
48055
90389
50780
18987
21296
24105
