3248892
7432148
7038091
4226096
4270655
4696238
11855857
4495309
6454396
8125318
8005549
6105365
3823387
3951423
6124574
2004482
4997302
4855685
7141910
3220651
4614982
4485647
5982213
7673165
5934278
9604101
13081785
3978708
5167236
3599072
9211191
4249365
7320473
8681898
9829208
7188139
8436936
9461855
10276569
7673620
11895512
12859896
15691544
7961544
4883056
3395702
7407766
3821962
6444845
4410008
3754535
1305890
2935465
4180778
4570192
2430574
8821924
5336385
11739059
1517230
2073943
3211420
4742841
3836305
