41667
95772
172646
31779
65482
393065
256702
331627
352735
502731
665252
239857
51553
88283
53643
66814
77558
1041558
164373
155844
68624
195956
341112
560949
435590
1275193
928682
129686
107451
368893
352231
166705
298658
431826
190363
376636
130307
504692
95510
331671
309569
1186383
183100
306141
91539
899883
179709
171467
131892
1133522
80913
453897
33184
84171
104003
421285
123289
137713
867460
60296
64355
22563
90931
117946
12013
105244
96565
328473
538285
121148
1174187
599046
135745
34644
119229
84823
89921
66100
841847
281148
839630
63526
127801
37398
53448
47028
180808
194726
182720
520924
891522
60989
214339
131418
744827
177684
584234
204272
139576
766424
117129
342441
247437
884457
379087
1119619
1735414
369170
115847
74109
478233
67186
43316
71862
38924
86629
37239
920987
63546
143281
835192
104747
862324
28370
158146
121334
164190
100724
152520
166985
331266
91902
748365
230649
138530
782545
208107
166538
858666
913803
115406
67195
441227
408078
361158
96079
780660
35002
339747
219250
585113
492410
434130
74169
837821
35392
849686
174483
241700
570486
323468
445519
212596
584620
869105
362384
681887
232592
538210
110047
362108
515495
581307
113329
129869
133508
872215
28136
466053
43119
54643
29565
812095
115955
291317
49614
904739
32552
100976
32721
766236
912933
66638
708643
277480
205993
429506
750251
221074
75894
97807
411423
126537
83794
57690
40779
69203
423698
94001
71837
458635
23260
192403
81761
165399
855270
47964
113838
490718
75352
83150
18678
233236
317720
566602
235546
292992
366703
975614
259479
288687
141786
539021
351375
834281
301466
37630
74557
84855
91643
257993
16206
831128
60616
34529
31249
25562
19714
212972
262438
424223
83846
180272
41370
96475
194684
37561
103508
177189
90143
72198
271841
325015
41173
179909
175129
762361
851514
45543
105779
660469
79760
181609
578557
54546
699184
447415
12290
143650
85061
40932
31942
822623
462483
56877
77071
612771
298137
117432
663283
103059
292235
867912
341304
227820
167058
636379
177110
193982
47211
362829
70078
457550
64301
260190
140001
232876
20893
80869
38441
101900
44345
127090
1005824
334000
71271
366829
22543
197253
87413
197496
28653
777832
28312
755184
85394
44018
82542
660894
240660
30966
37965
112806
50008
135397
69411
116510
125385
515730
116620
89091
63919
71240
56731
66596
527712
92429
20704
112115
45010
281587
200109
223925
293092
81722
94752
800585
28505
881464
80783
529250
536832
411240
66988
112463
6727
24414
26816
484257
1095520
172392
178620
183002
39402
90517
102288
966524
524182
977502
101834
127265
437642
118585
272361
521564
1023999
197830
99745
18657
389660
731670
51820
78814
536971
81334
138331
150823
278770
564612
67942
458943
111135
86139
897537
42172
70789
314494
49828
52427
72605
331863
819369
184737
27407
821913
69334
294747
680406
427230
675436
376312
1595539
1237414
550555
1198336
146147
464401
1073070
249527
222860
187983
82545
198482
58362
422207
100670
26396
75656
103119
93604
341204
607438
531357
101864
55849
41500
104179
25304
49626
223539
58043
906221
40317
406328
844738
50293
57507
145246
116976
615848
83139
208871
116518
79691
71571
413438
836735
119562
48809
58952
236337
794748
49034
113597
75620
18521
49222
58345
291048
171372
89162
288820
1542689
486490
107074
547110
106868
94861
270328
1572651
769801
407550
97760
219757
52189
92577
341266
201085
135407
156802
56318
269177
707901
115439
105357
590305
105813
193691
103688
184035
294546
167100
83259
758788
1023747
102275
100118
170895
1517725
235643
478310
254759
395878
183902
495797
356372
110758
101863
264007
740033
57409
24763
174724
160577
468520
440397
1126129
202956
980709
47539
59108
649997
775848
33693
206784
770839
951142
244390
218145
140359
705862
400221
494766
710343
711521
438037
849682
27102
403101
886967
788363
166389
269493
83031
301191
1139638
400970
152588
1007383
464196
749667
105270
618930
31341
276703
195247
32394
549427
1039594
492660
159224
76925
119529
110276
90545
929608
276069
678633
355990
128825
517359
299599
29859
720213
60478
145973
698523
123169
397557
323430
385243
459173
290575
28588
860951
201716
673436
425956
618788
670027
116823
143022
445429
54257
60247
90378
738601
1628492
225847
175522
425533
213742
1052322
118375
606869
90022
671502
179463
1204456
162233
60319
274183
135104
53007
981706
182619
439037
227369
610267
179512
970008
343807
336576
836967
273392
407700
1061074
636561
148568
544114
848306
122386
983469
200629
940126
415372
465189
36966
951436
212802
510817
898704
68266
947347
1013212
404989
1442886
576143
246377
1243813
195158
364357
1370171
777296
897664
856891
316983
284460
397889
199185
1131285
271122
708157
500058
668055
180947
1382712
218895
1149186
140405
334368
89112
128297
194974
93668
474045
1669966
187830
569388
84046
76708
161441
303131
234366
447126
1341694
231707
431890
26391
109022
43490
70954
116462
636025
448243
124722
52249
53878
107583
94898
58834
202516
118895
20616
165771
51654
47503
90510
748285
136973
101196
70669
108600
10471
419602
203422
263114
189367
1519559
426035
82479
462938
65174
336224
284815
429143
1306521
93097
53299
40492
199301
20673
52335
16590
239689
33566
65190
32862
105657
56005
172846
54957
904492
242673
72633
73573
911768
176398
181222
92393
394324
36667
1202145
333747
676218
389821
292755
137622
167473
70057
1211199
94599
370608
47945
21976
75840
98659
399744
378705
109761
705151
185184
94815
86194
882035
97808
18242
72909
93211
47201
126126
38109
103727
119468
65938
656731
355511
939764
128778
79204
443776
169446
108627
16573
243348
691007
80272
37590
136505
35640
233128
33440
122220
37046
209534
60166
85189
52202
121992
34670
421886
113061
166958
29808
57264
42444
63773
406177
22794
254961
291922
409054
629782
158100
95604
21043
44760
23995
47309
60248
271564
69035
30952
48550
58944
66321
59572
291993
272259
61044
747237
38068
875763
151621
420882
26868
498372
52965
194569
56764
94393
48518
435620
480354
515045
135324
129045
4328
33973
15435
104846
88005
47850
44083
17112
18404
42364
54728
479017
174011
200340
152266
110674
367856
102964
200055
329216
491619
463792
41695
48850
217449
441583
51015
1741597
220773
573828
995564
58912
1450838
386728
232738
835928
224058
168306
156807
67762
353694
202944
679878
53772
100613
157079
385872
268850
257790
93807
453112
507874
480510
133336
428655
108623
190457
1124125
1070345
1047514
675194
1082573
367170
217695
376433
811937
344498
240891
25482
105773
76529
192162
56681
49891
60632
105199
103761
111244
97533
110110
24743
205957
63615
146991
330199
102407
182684
100161
115836
55849
34894
116263
826609
133023
235887
97257
122911
114651
95916
72465
61565
76270
22177
43446
13029
237932
76068
154312
29986
905629
20828
44322
45402
65617
93937
412703
51693
183933
855462
222913
37860
237482
502041
459598
141452
271593
949526
264087
25502
83444
202285
111353
73404
107056
180385
77639
38972
277539
58721
1013314
94811
395065
60476
116357
156970
261862
151690
