993649
1329811
414802
80704
724690
3755579
1665702
1763035
1121563
1053514
1541420
3333762
795834
3480163
2984946
0
1413102
4181776
1740497
1333389
2639555
810975
2124225
1888259
946464
879984
1299131
3267751
9523
1952211
1477363
633411
2727631
1405667
1681044
1793690
799285
739212
1367692
2299900
1846857
541317
1541778
2290429
1667611
4603606
1264172
620228
798329
895152
390948
0
1793727
1584097
3356313
68782
1416903
85654
4505405
1707605
61
77265
822446
68810
927244
1866260
1900794
1325197
2717271
2368194
1599362
621394
3117543
1590917
1592359
537980
554907
1399551
2740225
530005
1434308
147500
2764059
1405581
902496
535748
2354977
1657617
536880
1663706
3252815
1517211
225039
16754
973331
5978969
1720181
876257
1482861
723881
1610992
796865
3235124
865830
2679599
732882
2323763
3125229
2525991
2657778
3054900
805748
1680288
1747115
1666290
78872
326773
276002
1623377
690127
24088
3256738
1050434
1055631
2404578
1553117
2129387
784072
85262
2602173
3387856
3667200
1939454
2578
1393967
1609307
3032569
1653255
2874269
1343672
664805
1833567
1988608
370220
2187096
2037612
545219
811676
975405
1638290
1481403
2853252
2519743
1181259
789070
1176879
3790279
878257
1873859
188352
2958530
588867
4208440
2054299
536952
3027837
445858
1853176
3866425
2525360
1273644
2243880
1183643
535459
5270027
2189927
2151821
2150526
1798620
81226
3194938
2315800
3909131
1523197
3459438
2418218
3120397
876679
1330056
862379
2391715
92801
811485
1314079
1347155
2187975
3287707
1346218
1733198
78880
336795
908759
212802
2940928
68988
89718
1998
68361
985020
943340
1789313
1674215
1234353
2466087
1010279
795502
800128
2784058
3583788
3265546
1148227
69114
1062528
70922
2336744
2074780
1532031
285410
2634576
2384678
618650
1712186
1418087
2064419
4771422
1521520
805726
3146673
285994
1061291
1055444
2147958
544071
68969
76689
1330409
1545193
68906
1328729
1589899
1099624
1659929
81835
528835
334932
17741
