2528
18997
47156
4128
51912
643
203039
263538
2022
1479244
5421
704763
914
3593
59371
148609
581294
171562
50801
8
77930
181239
67803
510
83486
608760
53
214783
68510
206030
349321
4702
688438
187254
63854
189
189646
535547
346767
720933
12667
573171
5429
537240
580084
845597
494468
69160
190745
262096
25382
5315
0
2071
2023
793529
1305
86540
797452
95
253865
377048
1254
1223
3452
0
581275
1937
77
169674
233
26717
187916
7
48226
4254
4
0
2
162
1
0
190288
3281
357635
7949
2078
32751
10143
772
308531
571362
72586
185649
4516
67940
863880
43
7893
14958
190514
814363
1522
71200
615768
136319
786898
254228
72328
31
93921
197972
116
68397
6
235
231
6197
183878
201900
131328
250224
259665
3326
1256
4118
65337
36692
68595
583886
179016
6130
187421
0
62337
619
64298
179781
903475
70150
184157
1252
466
54008
848043
190921
1061665
32
74077
249790
258980
220210
187748
255600
62403
144855
3045
717245
4030
181915
624534
13136
3149
53271
799126
254698
530146
2270
1294485
3001
31052
252039
28297
26237
306374
513190
80927
581373
589982
29708
3956
202455
190461
655343
730355
624587
322709
65856
1256
68072
3160
1102
412
436
190266
241
1255
224314
75662
1717
2696
54
41
29935
100
139710
47
8004
792
0
17
1
1608
1938
3309
25
137277
5
5463
540377
0
1463
1627
793264
691474
190961
4645
238
4387
1903
83597
77
587956
4893
246032
1302
3220
30
69776
13
5610
188982
66529
68130
107
61920
149577
165268
594
3812
143563
3312
5163
703
48558
1117
6424
231650
2367
1494
1009
254691
609860
2
26
279949
9459
823038
1
28
797056
1
917
0
77
0
44600
1433
310128
13
1160
23623
136511
188
0
182982
26300
1259
136268
4
436233
3845
1060227
264266
187333
3558
230280
911
772
69601
584346
322
449684
3177
2
0
5945
0
0
26
2
48
1
1925
1570
5
1168
1242
67155
711
120
1
62727
0
1
14
158707
0
136686
263754
185360
229991
3271
13
1906
450
124
66804
364716
869
8375
494
4108
4403
311
3066
173951
1101
1866
327
215306
1809
131
0
9809
3006
598569
1223
869162
324
246600
187262
2065
119981
20510
919
70918
507061
96488
801960
1418
3357
0
0
465
186141
214287
3329
217499
67
67830
350283
67955
3223
955382
28474
235229
211376
7
0
186389
36643
135220
15066
1514
6784
1720
1040
201171
2185
809777
1041
258792
2678
9
2865
812203
353
20806
138076
259458
800389
455
633
69425
0
426289
157
790475
544706
9351
101462
0
513616
773066
6016
24505
425868
513077
1731
347165
4023
883529
444
280662
9
0
0
952
0
612159
98300
134036
188704
16086
503802
257093
1474
1096
328534
5936
210706
7
3435
868393
1745
2691
178
7210
1267
353
0
3593
0
255647
566
320
17
1
14
7265
0
182448
1255
164022
314
1255
57
1103552
186511
3338
898656
92064
72591
371327
177
5582
68710
92133
193125
434417
135250
30272
3367
378410
607707
69502
1806
4878
0
19
595737
289807
99164
314605
188860
23
434
184772
36135
4820
5586
34793
246887
1134369
207663
753896
3306
93095
7782
748854
12454
1116167
196562
221993
792239
4109
486724
2716
27538
186383
162
1
3112
9334
26
796002
506000
938877
11552
0
4
81976
101550
11590
64144
495301
53617
665970
3
4627
180708
432164
822003
438097
162005
79783
178023
795583
1
524
41469
1379
143765
2
1475
540130
2775
885460
1742
36910
72900
48148
431
6414
53840
238415
610753
468660
791845
916
188292
3352
184415
251597
1250011
69115
800490
2693
63
1450
2909
3293
69302
258474
1496
66435
5182
1948
180537
12
867344
20
24501
28300
633
216470
353210
386572
223490
6092
186468
280951
656
345586
353
173122
289684
6556
323239
319061
0
869651
73426
449856
1747
8855
354
256381
0
21
903343
70034
6375
254174
3419
3522
670
181833
4292
134506
176168
928953
1284440
2131
26
892175
65706
362725
657069
925228
687
3416
540622
5833
52945
77452
0
804844
30
11
1031
203
354050
381738
48001
465696
256490
446985
441947
1285
5740
1348923
275000
849061
2752
2099
652
462062
188001
390455
13130
83048
14197
2435
133076
380593
188880
284080
325847
30068
1015
71636
250
68309
57191
218603
209060
256571
349050
543
67778
187673
522366
1057936
108426
205374
73303
3266
898627
4630
1351
359660
67151
852898
30268
190
4537
1843
25028
3312
66
5121
67066
24304
173501
71672
3459
17
3318
187622
68313
163
47
683258
28693
580156
203
544354
692210
435356
285926
193145
203933
315772
232321
279238
71302
412437
289
188295
3708
3935
1687
592508
3367
1
67783
689592
68190
31314
58
6
1022657
4296
30030
5054
488018
29177
24028
1008378
549
140
68963
1797
367529
189006
21875
59
265698
260648
1767
25267
0
1765
0
4514
0
71577
218918
504964
330163
6797
2455
804129
137730
250
3411
189863
576
1529
374
225891
185117
186378
3325
62129
1469
22916
193245
1136430
106421
37816
29636
5360
1257
89
510
42
1
829
3311
142201
13
686
265
4621
69
27481
137
76553
207
1301
254956
147
3304
0
623
65
102
604
1659
336
3310
0
0
144
66871
59738
23451
3034
1
186
3856
171018
1347
2511
598178
75264
3310
3421
0
44
67815
182555
12
136038
2290
2373
0
3317
5
727200
12657
434350
171116
755025
2
451
0
51
0
1412
6
53
1114
164528
11
654972
186421
126904
1013474
3623
631170
189275
187825
467619
71415
733653
4121
27798
12653
1115968
3364
65996
1278
28126
976451
162
1477
790157
1469
375928
185228
246431
4453
258469
551
6965
25149
215353
186397
7810
62534
10901
65
260978
3229
127949
673312
305525
3413
71779
0
164828
192379
19431
630967
364039
13440
98249
36899
3468
72338
222745
238
413120
897
44
71518
482
210
257230
187584
189273
2385
583706
185925
606124
2537
3400
1699
75244
3434
1778
439
2470
189318
51559
186352
599152
13579
5
3317
177
71373
103
160
467
0
61458
1356
597121
67802
2607
1117
989000
147594
51
164849
196005
3428
3351
72124
246960
28283
1684
3243
188090
3190
116672
1318
70356
4606
192761
68574
49
766978
4796
1599
188128
3376
604
2620
517137
34502
4880
3504
49856
1962
3710
488622
2362
27044
