146117
586561
181629
133703
443359
278454
654457
1276462
226803
2291698
742452
495908
78809
286885
722590
110725
214943
572308
666445
78586
297891
405820
279979
798316
726723
1276859
97809
195377
628815
1130715
1180592
332701
1660783
242528
452681
134206
980417
1001873
2266263
348204
667759
1148877
503002
642617
306917
935765
579075
379427
282331
940849
141140
446077
92777
252580
194321
427334
333506
671773
901494
163290
500471
1033897
618307
160280
98514
66165
713438
512879
117210
536273
33055
163469
249237
27354
934450
104533
94142
325184
76781
104305
253199
56633
802711
48508
52634
199919
127062
884425
277586
302145
681677
125257
222975
190985
460825
692952
505148
115192
211802
548809
598296
941271
565168
699229
428585
759287
1446696
789201
515581
167260
628614
350616
139982
469302
309506
48468
595739
483559
73270
459273
1010283
439614
712602
202518
77935
117112
352625
263267
439718
869668
1417815
368179
90461
65447
54350
451663
797524
195943
638263
644338
1314056
162429
510647
131240
1100917
627141
1648217
624936
495325
444742
796548
425996
741434
697812
1197706
1344578
638501
624919
143917
138635
1469395
142912
440084
749447
1032361
301919
1190679
521954
873367
234141
454798
703725
87338
300682
1251506
541177
301475
789061
469092
170852
196116
816915
125961
575454
805531
886454
1270307
416928
208932
163470
344036
124094
66793
61409
361346
78479
119480
852176
776244
283790
193535
102936
124043
65996
196288
152474
226943
590894
71635
61530
172625
124018
375706
260613
267432
175590
53519
30201
351654
211493
63047
86653
140195
461393
500581
378259
267466
176420
389676
440272
600857
110111
678924
240091
652076
357137
140251
172766
1227986
238287
605910
339303
705879
280288
53483
612226
620417
26924
681620
278991
925270
111345
219080
122863
117709
96282
78422
492529
488921
173851
54030
686028
872854
247870
288328
1083142
473901
345353
63520
16532
939906
63931
739903
57307
139210
28692
334904
29363
487829
142068
77693
612805
332237
286217
68303
301839
210848
167000
885911
66004
387176
187411
1741744
1019642
209963
653543
831288
383143
218770
592756
431580
64598
1042132
110759
18639
47010
54055
76335
118567
281599
109063
58497
17544
387026
344690
675047
517745
180882
314090
127473
67640
89233
176254
84507
84766
153471
999138
30438
400275
1046693
258427
325782
24708
58313
468417
109444
17043
136148
65339
21921
26165
247358
468806
335270
153727
793231
494971
52554
121646
90723
874158
541599
70210
23396
283682
183075
1249855
691447
1451564
66453
705234
490124
477285
336105
580892
24594
367170
104207
175512
875002
100436
68122
74633
28717
96256
188242
578435
173866
1621481
86378
706180
569772
439393
296487
1241563
232743
1324896
58582
77723
204852
198313
122016
81326
592927
125366
87646
214570
26045
808690
56041
1344469
605002
782357
389261
11272
237924
985633
541849
556476
337460
686568
1021939
62757
142057
569684
90713
917674
50271
692236
592063
193101
501911
81781
1218157
1001488
314037
924364
451422
1360541
289430
1408252
377176
1496655
80845
1220283
15561
289145
47297
173112
50233
806410
821979
712867
572206
638910
101967
474477
36685
144196
1346816
273710
87227
65307
54454
1260383
92413
470719
227567
233329
88482
58686
25848
54243
37352
1008402
63568
162591
76936
55818
8698
439785
32769
131996
79444
132561
385459
166540
161035
724888
291964
339070
1056620
651178
760848
598203
205934
53684
178823
386536
164284
1305221
1029564
409950
232810
192604
508274
413266
506352
288934
123317
83675
280526
755352
79335
1029769
91536
127344
209335
177795
491031
229146
240408
305667
735335
1963671
798853
953213
472580
178689
523243
1876021
686007
1558028
258785
800217
445058
311110
1627287
373855
141590
354872
444364
83336
107924
403208
37396
372068
765248
1490936
242926
139889
78580
402078
194620
363165
280656
384505
821780
1177156
48885
768923
331839
1198259
1132057
674076
424131
877735
85229
1419773
114529
228529
959330
215044
502189
94192
257422
304418
160344
878243
429502
371723
863552
781468
27709
183654
212457
445069
1180703
1216240
425209
722186
267823
195711
460630
692115
2139927
582094
963681
59429
129745
784742
667372
79586
243465
785497
341902
89700
432064
567355
324951
40391
1718414
244486
654938
21540
36287
923542
618172
1891430
282087
351855
93538
971402
114769
512382
82265
315751
486765
146938
2059429
1208119
63180
1437909
771230
1460780
78458
445658
28787
620636
14020
532730
401605
537826
291444
122407
397484
351820
82956
278474
337939
581378
914751
827796
2455732
412721
164705
487462
149189
588160
1451007
1888216
742245
124134
363880
424471
970606
509158
150188
1096574
127395
113992
571514
286674
458350
972420
443093
1023586
693934
991959
735946
265639
639123
1506080
366134
2441398
290076
346317
549085
1124654
538372
2149113
829307
1189188
304666
241598
429180
435161
843654
835190
502197
947062
160260
218238
137035
378021
714993
903596
794712
1400810
483037
415848
94116
769069
1155218
1992435
570923
261507
721849
109590
513807
749743
136462
786071
736346
1219128
770439
51590
150092
147691
64182
152125
68462
462009
196034
622232
246658
344558
99182
164080
261813
269452
584074
81655
77283
941407
342263
1682711
393930
907234
288077
703384
1006915
350157
571804
1136333
959432
1259407
767074
817327
280437
499358
351778
843907
146356
496744
262795
86979
121001
212994
70476
225813
150467
708677
1295445
504224
320906
209313
386580
520411
842039
1125378
94042
82447
348425
595607
1234819
101038
540338
193481
1104413
867812
220376
97929
515285
65270
80521
150974
51133
447604
723314
218380
593230
207977
154580
1507687
938967
133350
104602
573221
117406
192891
74581
1055366
977215
105767
96358
737035
216846
105231
384603
870115
526969
115360
631526
340451
238655
39149
89265
78253
142478
125859
290323
39537
106032
95411
54669
313961
80900
133657
75496
883732
56982
626394
533613
88854
62874
43520
37622
81994
93742
186943
415172
255244
255928
17907
57030
98987
260623
68475
831881
382038
249295
72874
201939
337226
85610
89664
650078
590637
244790
57014
70788
202244
164888
395948
183299
43146
281857
311541
30605
76732
18035
807068
264573
624015
264491
512924
308617
484987
27495
80273
49829
166845
31643
22548
12838
30056
298348
684955
135606
432331
666660
201126
432002
390372
245900
1547032
113343
814124
302866
739469
199725
2142565
93527
387518
90912
778531
1025739
254519
264090
805046
48330
319309
266436
852861
504412
833573
163745
591684
177205
352140
206687
104461
421570
336036
68615
372476
183848
893016
656730
1101098
254182
312656
80773
738822
359954
585689
1182513
1910384
492712
757967
431124
495485
677870
913653
142148
876843
67223
178833
314207
609572
102978
760522
136613
745814
479716
482831
132727
799282
106867
381656
279435
1046754
820921
57956
571514
22476
417433
852655
90211
311581
403946
43210
234307
117278
457992
81866
65838
322039
36272
480568
184144
524432
191776
557677
66209
1209711
159129
19587
37100
113774
177287
256215
1355248
459482
154430
258494
118410
81813
101608
706670
130317
959161
208558
633301
524557
205801
426345
671696
85940
170416
188086
284461
368351
407590
171450
296660
40555
245928
176039
218986
296990
206425
268392
