331570
984861
1526171
106672
1504669
2082333
2821432
1623167
1542316
633777
1929807
1122814
2957072
604371
802407
97721
115952
2245641
778132
1019001
876183
54193
2203602
2101853
1681964
1262374
4138260
1375522
58434
912708
2132437
1296957
336111
3366426
1334801
825474
1163345
1444368
1380044
2273952
1876605
1661118
1510679
1140498
1636729
998958
1164663
1553904
2637263
1508235
1569177
1365329
194750
1622191
950371
656674
1288505
1894755
2030496
204643
1020706
2341
853447
150658
228572
1071726
1618242
1237227
959624
182208
1590800
1348921
1504423
959625
894714
787139
82675
109405
1584215
724887
1032235
872614
815923
40439
260996
174597
175614
213631
737846
2867937
1593290
59793
2863480
661732
1991886
262222
1503085
937371
1394647
875274
1973068
1005572
1198677
891569
2726577
3135524
2356622
1316938
1039311
128512
1740865
668353
1448617
1456807
889862
952922
851659
1390872
32132
905145
2860499
118422
3008235
825522
1435549
1433075
794206
245564
2086729
2976713
703956
940155
906380
795736
3307086
1407100
1236689
2338360
2362998
1893499
1984405
2576014
2881628
275995
2340474
270971
1563583
1430671
820736
400810
1751003
1286093
1350191
870041
2184780
1969151
1710726
1595701
1525611
1606468
2421900
996778
2342938
3975319
1549163
968601
3037361
1660315
3018417
674988
1439837
1681652
1548647
1058296
1592020
1528487
2678029
47002
1582575
162583
721752
775615
896780
445116
2758456
776863
945625
153747
783995
746025
927269
1516624
325034
3014515
1400069
2194149
793715
2178579
759683
35037
798592
2348752
1023553
1564685
2058351
146178
168749
933177
680910
699402
1003374
11387
809925
196864
1141131
2188609
947023
84265
1641209
185946
123309
17549
1177825
753934
2472828
1129586
2777830
2055828
941604
856028
770300
1614758
2145861
1756379
1528612
1599188
262627
663873
153966
228758
182993
760965
1703114
832986
628971
558619
990307
81238
1557070
1397012
1054788
137483
248632
87185
1574324
794018
