4103318
6881461
7090200
4468883
6089699
5902156
10988029
4634792
5785770
9528727
7146557
6576451
4623598
5100520
6824567
2143490
5726016
6242322
6759318
4466253
5504518
3276769
4345118
6681747
9189470
5321788
11946137
3804802
4743108
3748432
8714107
3755142
7988615
8936779
9063799
8816422
8482901
6996442
11338057
7234071
10425350
14530199
16019078
6760379
4651185
3099109
9348330
2390295
4801581
5618346
5200083
992087
3160854
3699334
3651128
2444498
9484789
4761440
12744927
2392927
2629158
1037959
4577124
2491361
