1269458
1558303
2166437
492471
771252
1371071
1364349
1610079
907308
2694956
1749301
1115210
1309405
543555
1410982
1149426
675318
575329
958990
302345
645653
532882
741227
1324212
403415
1389736
2540928
785422
512617
559309
702860
652053
921892
383375
886910
1700629
2171377
1696704
2825895
762540
2658699
2105469
1301110
325389
631581
629616
2235570
720665
90353
986071
145869
1042024
668525
480187
209769
309141
759530
1823635
1687323
1114069
1504834
587272
2089005
463363
463514
1237080
1667415
924739
572434
704372
636291
199923
1182764
2537447
798686
1682507
212182
196910
1050172
789859
204671
491197
1162062
681391
72021
657393
1074203
651754
454231
1564166
1083268
545175
899933
520533
2123926
1083616
1863995
55951
358071
1121118
1884791
1197526
1231365
608430
1057043
1194245
2158380
2224474
1670099
421860
1800848
801342
928992
1088813
576836
71335
749148
13076
879587
510518
1618488
700972
1564901
1034200
320818
931657
628536
1003187
1676117
1442768
1974447
2213138
816937
216235
1215103
450211
795297
1264384
2573576
818668
717911
596181
2258745
1677425
2105814
995353
3388159
1105799
1212354
721311
1550305
1557189
2172576
1354943
1976649
2246481
1172127
756760
722737
381353
2991738
401521
2875364
1556802
1817487
1403052
2280314
1372064
3025101
2446287
2046847
1017651
1449285
947028
1812643
1176150
2041358
996381
2560069
68428
752405
687054
1270251
478365
2230808
1602536
2265502
1551023
524027
286911
1193342
976063
2091187
894629
664506
786365
356056
959529
1909054
169673
1013098
971754
1274182
604059
26608
333303
672877
1029938
1313832
53779
697142
163972
611886
548336
285490
303180
372359
619656
1045901
1123231
81758
319688
1372107
771717
1534568
1861413
1337962
876292
1728045
749863
1418991
293650
1091947
1131765
3037763
1826556
1917636
1198264
1808474
288519
1379733
326761
581833
882712
63566
570664
809502
1249120
1005134
527220
1578826
1520562
825481
889551
726929
2643263
