3703281
3876828
5322312
2714272
1730672
1466849
3760184
2469102
3692778
5216921
4338462
3526110
2030811
1070927
2723905
2202377
2547593
1458203
5277625
832748
2035495
457144
2242699
2071803
2108590
2962487
5568056
3294915
1745168
1735608
3615519
1420454
6717932
2039376
4129082
2159419
5434583
2795607
5821554
1992069
5381019
5480396
5385974
3378507
4280754
1903503
4743440
2176095
3038123
2076357
2082901
2343459
933004
1304033
2137658
2009345
3904449
2415493
4379272
2937035
1508916
1688927
2594240
2320700
