435448
1242848
2285066
261448
1691255
1517540
3844339
1304784
1761061
1058756
2528069
1762574
2253829
774518
1617804
565442
823124
2928595
403482
1875112
1170661
691691
1849342
2040143
2241892
2297323
4317733
786841
574675
1456817
2337059
654004
978592
2243650
2965831
1173512
1579850
1812965
1655215
2291088
1917870
2699026
1970205
1510695
2122178
1086710
1276147
2455629
1782324
2170153
981050
654989
666338
1390128
986591
854780
1919881
1984681
2799077
426274
1291355
169234
1318957
865078
420111
980582
2417878
1343840
1853689
821616
1614493
1438702
1277365
1701655
1295943
1142920
1028364
284254
1933766
928891
1139622
1394622
1084113
397690
1102441
290722
737422
764961
1064579
1984802
1588112
150253
2570165
361062
3391822
1002333
2286412
1654549
1025309
1347627
1753440
587777
1600491
1472954
2119966
4700794
3508866
840607
992250
369314
2001233
376007
1772155
1716053
1246737
645221
1787229
1380011
310389
797454
3135016
1193852
3647373
570015
995241
1544482
1387770
665084
2484188
2672911
1509335
1353772
1325222
1676902
2847018
2012324
2824732
1861317
2953710
2820227
1995517
2397673
3052916
1051173
2843738
496354
2298394
1560904
1167928
1729548
1516947
2404112
1946839
615025
3241866
2579002
1962298
2270229
1749315
1722679
2828284
3010897
1844460
3301556
2140515
2764250
4157941
2576275
4607567
1404790
3292287
3041932
2241230
821685
3186450
866306
3292769
325656
2040189
448061
520872
384884
1106205
757060
3207126
1236791
2064896
262295
470011
426375
1899553
1483505
900583
3474540
925972
2269454
1168047
1747038
1362959
279866
516054
2743739
1343328
1231440
316443
449884
542259
1103744
373358
919541
1653730
343939
585900
197089
699333
2132494
1070960
538008
2049628
238076
281334
197019
1086362
1226240
1960378
968490
4648092
2689287
1753502
1677965
987182
1374190
2371056
2856838
3610672
1736760
768047
498792
330334
592288
738305
356288
1575328
667702
320062
469070
1507736
394822
2036718
1385835
2081212
944354
584978
564385
1853582
808436
