6996697
4958360
7954964
6184708
2357057
3649165
4738204
3565669
6239664
9204886
8263917
5086586
3053635
1892883
4625206
3570087
3138650
2676400
8169357
1446506
1829598
1835511
5091312
4984527
3018220
3887412
7790759
5954063
3780915
3093168
5693643
2298926
10264154
2693352
7006904
3861724
8886445
4942109
8647873
3828173
9442010
7522254
10926299
6362332
6710714
2503905
8724871
4226280
5749379
4025760
5743139
1693419
2393413
2542337
2220131
2528015
5207263
5749389
7342065
4810564
3705146
2247072
4127772
2622346
