6144
10378
22173
5712
3460
14367
6473
57982
48227
31890
141749
68388
3633
5817
4125
30574
5236
11628
31120
41823
4771
75340
228044
38664
168136
7774
113382
5107
10188
126033
66512
50610
32111
81287
37587
231761
58408
162295
46212
174039
227257
283794
57721
98491
12674
137499
107454
48367
9716
5019
2817
14603
1757
7310
20401
5764
10028
10001
11908
14797
2204
5042
92250
11041
7758
26805
27919
9967
370520
39373
476683
23109
63290
64978
33876
49095
49713
6212
30207
80747
23076
18197
25727
56038
8566
12845
25167
164780
15028
133191
211698
6942
179544
38767
359346
13446
73600
34556
32368
313034
80064
251761
223388
855678
82349
533122
294081
85735
30223
18664
41243
31898
4399
49561
14249
106843
11689
245374
10200
62082
177817
52410
88156
4047
17174
84633
34511
12971
39661
61551
162477
22073
32840
48748
80594
197585
77109
90512
24048
17708
25658
18988
145628
181435
15287
36685
42022
5272
18455
62281
50142
275976
23156
15066
40901
11283
33210
121996
33102
128247
94081
4767
153317
91820
168445
241831
589157
137814
41095
16267
50546
12611
110957
64516
76485
119109
8969
11774
65128
4971
12971
8027
693896
148458
25215
17802
183634
3779
72994
12095
23532
64955
16237
51475
24508
22922
440830
744813
25935
55748
4940
66148
9515
18593
35024
7936
14489
314347
5602
934
3894
5895
3315
8017
35823
8785
12753
49334
25006
3519
44802
2612
126096
303139
14720
43188
13078
27720
19070
68410
8546
33787
233548
183730
407934
3431
9915
35014
6596
12573
24608
1900
4249
56186
5302
1635
6010
3670
124986
49676
11108
3897
9368
9707
13806
57219
4449
742
2106
2851
43234
18156
13467
8517
22001
21317
12322
27879
1727
4570
278462
56908
9803
14708
10080
399101
14322
2628
37269
10783
21949
2759
727297
460962
6941
13931
593262
16765
12591
13779
27752
204477
4859
9573
4152
56883
29293
15875
45792
22433
7459
3076
21528
32402
47886
6479
108508
5257
3558
15806
39585
6847
6542
801814
14047
24640
13657
7773
153578
71393
57206
3636
746948
2178
4570
12681
9890
65432
63965
56676
5594
9205
6043
2188
8148
62378
9716
1416
14722
73101
10204
4282
12468
9120
20997
203644
11445
18434
9314
3425
161862
25995
64729
9589
82143
3679
469091
5402
16116
15273
380978
121471
184718
19461
36057
1407
9434
7413
16625
119863
97190
31564
89099
5453
27089
36670
434400
467269
22935
7134
21327
76871
19969
23426
142613
450407
33993
21301
2901
50626
75574
29239
34167
35145
26595
34261
233189
206900
372458
8831
13351
59596
35490
27968
7577
33527
301743
6283
15148
5889
1844
219747
73433
9218
809599
8624
46714
64316
188357
42852
59886
752409
24508
351616
710419
30292
96887
874603
119671
161981
45466
31871
12446
24443
110035
9534
5427
30873
8358
19676
36335
43800
384136
15687
41802
10634
17575
18645
5740
10618
6208
6669
2372
48301
23477
20097
12435
7633
6925
14031
3455
1458
69941
108708
6264
761
15007
3074
5289
8639
177703
714512
46093
16942
14884
975
11376
5244
101170
7904
8993
5627
769198
55265
30708
27650
1908
39162
161439
15067
698016
57711
2251
3736
9620
3603
3883
86496
19578
96952
3496
6308
102662
9005
11580
20186
20819
38992
30120
14331
25441
22270
19379
7945
68243
40565
38170
14507
105534
12064
53268
68090
160188
12588
17705
55186
14449
9341
11530
713197
18890
16378
8543
3971
36347
17322
24925
6006
114569
1419
17655
635248
220494
3666
65276
28987
72704
26307
5602
10972
41816
96768
249527
8692
573844
36298
18987
1920
71185
808198
35589
30908
13007
3379
12523
16421
12392
7775
134087
68088
442776
8915
122341
9570
122634
85793
6395
322772
4225
124682
14068
11330
27161
28710
7802
38212
48304
657107
6388
3316
15229
4857
36462
160749
11339
94424
25331
20140
77155
50548
468700
23924
137630
4535
51591
10408
258975
100653
177605
73180
38684
56188
21805
14327
15397
8733
131658
483901
231640
55482
4083
1315
9661
9826
215124
23633
590197
12773
9580
81999
22040
91794
13851
4571
164377
26275
61499
36485
566123
22667
46571
14327
131666
83089
4050
10699
450090
5592
14481
173625
44899
24472
12995
31139
454948
57854
182485
1499
673402
24630
7183
42586
3573
271077
477967
17548
102687
22621
21887
39724
16742
138725
391525
16101
41152
77542
10328
3439
45654
16792
75851
45409
84240
59772
78050
6710
488601
41866
568733
3421
51123
12801
8205
14614
20591
70336
36689
20635
90339
4506
20997
4676
28768
102322
9606
692227
14301
129601
6231
9882
3101
4976
67973
81053
341228
10696
5749
6520
4431
9620
3735
31509
7408
1172
4970
1429
3827
3794
668102
65582
22347
13040
4097
958
143635
7784
110712
15014
39797
144518
1208
6009
2804
25160
109778
236034
434354
58794
2618
3643
9142
9561
13795
1885
96376
5600
3139
7349
19455
10549
49936
52015
667634
3056
15970
27720
807696
46831
143821
5676
14963
5863
188980
92094
61073
365313
140588
81649
13601
4992
111921
28752
62231
38826
5480
11136
8251
551829
19622
40194
679689
29250
52908
43136
30930
110242
2049
51711
21495
7441
4634
2634
29608
44489
10619
282280
73692
150902
48653
5629
31215
24105
14456
5398
48332
40732
15818
2301
7882
21553
8029
2157
7569
9232
34211
13682
5496
4997
9577
19697
276824
45384
34061
4107
4980
3772
3811
5569
419
92086
30274
210568
14436
102688
5739
19195
8939
20562
15420
4830
92892
20899
2764
17328
16275
29267
7088
73387
19236
35285
5672
4048
802054
26083
17766
949
3321
13935
76385
19430
3357
27321
64187
398360
20347
41090
88585
802
2893
3011
5567
49018
13656
14274
1345
3113
4243
10310
18099
123287
9589
101179
16226
313980
22337
11985
54538
212810
303587
13924
16623
29822
124148
16298
139818
120901
12998
53824
112332
153255
43441
80149
850416
2624
110850
59781
7562
8514
127144
83357
1476
2400
9876
312265
36609
3663
16898
66771
21145
477931
52664
183016
41252
117559
23844
136434
122225
361374
213165
51016
11332
28054
63572
201977
6009
4249
9578
7484
7215
18810
30333
30473
4714
44768
8409
15512
140192
3098
18070
8768
28841
13075
63899
142180
1469
1263
674
3405
21895
683025
41070
63053
8676
55262
5632
45704
26874
12022
12297
4002
3169
734
11344
6427
5428
26182
10649
10908
1117
1203
3214
33964
231692
6814
7214
64460
192356
10047
25271
38516
268116
12817
97869
31751
40857
3794
3762
3557
70051
10026
13071
109755
5194
3210
19903
5117
20379
6031
33849
8446
14014
26989
105686
21207
2488
3066
20860
1229
36643
6705
7344
56668
46513
10415
77899
27640
4325
5298
10261
630
5543
14076
74096
16555
17299
46871
2542
130294
149456
247944
8850
9596
3656
6727
12486
9182
13231
53866
9231
7619
927
137762
10294
19918
32042
694614
22187
8700
64026
695804
81015
18155
10124
21442
17260
4523
3161
28592
1976
63864
26527
34844
578947
2770
59428
3066
53312
1685
987
5209
24705
161229
2644
18812
8368
590500
63541
5423
14120
7875
999
5209
404472
158232
418930
10398
6748
3901
2181
3247
1695
1318
27355
13979
34361
12933
25206
32551
18664
15731
14745
1303
18834
6874
2680
8091
3698
5471
29283
556167
95891
145516
46496
2882
419314
810
7256
31654
15006
67275
10167
7839
7425
30822
11793
2945
603276
8807
178223
22539
37460
46499
12697
43621
18840
8896
4191
3306
42928
644992
25598
23291
16934
19521
11549
4964
270998
118235
104105
34096
694599
9299
232112
6352
21723
10130
63023
11082
81990
2077
30005
55711
3956
94486
21822
404758
8341
254553
4006
77406
5711
61458
71718
4464
51523
7054
10790
14603
18474
6181
15041
5681
379302
2564
28961
1227
14582
653
39549
2917
334758
9942
10905
930
40781
6478
132311
47266
99614
73305
6885
8534
74371
7731
29820
183587
20659
56130
1234
4018
6542
3972
7597
50605
26444
42699
1542
3538
3682
18934
9086
15686
49532
4226
6907
9540
6628
11944
25925
23070
15569
102292
797058
139871
16619
25926
15805
23997
48083
211433
3963
22619
11338
74694
5597
1090
366498
8514
12746
3580
6004
994
2721
1845
164426
1034
59972
8954
27616
45062
6269
58838
88010
3424
1971
9862
3117
6975
30768
36775
697489
22022
1840
3487
4728
3800
48599
557627
5319
162696
57680
1569
13514
21118
9140
4170
18401
4843
62868
4595
11495
70974
12463
639495
10121
48876
52044
117936
32714
12032
1833
8452
14855
4113
6102
10623
6894
8478
71031
9208
34407
6337
23981
2508
7507
2115
5632
84394
12600
59304
39918
1098
12709
55542
49783
4696
20506
5979
45850
58775
2887
2917
505793
41051
14753
12062
80403
13980
64671
23165
6123
33576
16818
15740
32356
10026
4678
3656
4611
20868
26270
1946
5998
4825
14467
14587
17060
6492
5176
24981
31592
4225
388978
5028
20640
34408
19186
3345
6621
1317
2546
18029
12511
28889
37461
14107
5379
6437
8177
6192
235925
27146
35349
26338
25112
80027
17218
32639
68246
13503
35688
41810
1728
418606
29488
9111
23149
66687
5000
19442
24947
2344
44156
11293
202238
5042
2478
503388
14647
3795
5202
3698
4369
27702
268084
547117
27141
728
14922
26633
39212
7486
58299
353020
8278
207175
90408
26571
202174
21482
161487
8029
6469
5581
17785
9191
24815
608
29170
30003
614
521
1440
3454
3747
9384
4865
5242
861
22536
7145
4242
10945
121684
17597
402315
13443
343703
745081
7586
11275
92498
73198
9236
34530
89768
23438
12420
28182
12093
6766
113434
4164
7076
6870
5812
8163
34473
15706
2039
8765
9501
37349
53821
29295
137821
570353
287950
44353
358235
150116
10307
32015
806629
50319
68865
127580
6575
7328
7372
16808
36257
45868
26836
27358
44887
270438
8291
35832
30004
21624
17522
23180
68958
48615
49490
13827
7615
434202
69848
33769
5427
934992
24584
35580
28262
25697
9056
39620
17193
77405
8252
2505
3794
4809
1401
32533
3312
65619
428823
486317
60387
96429
7385
544
7103
32675
1904
63550
5961
22964
10159
63623
9627
486066
11077
31052
2304
32998
8238
4972
1161
81148
21587
20467
121952
116295
6179
75891
87797
16453
46167
132279
304173
77892
15329
14807
3372
19082
4483
1968
2156
155748
210866
58122
10073
62875
9655
2938
32057
14665
1826
303180
3887
331272
282322
5841
19343
3708
11569
7886
12803
2836
33957
8890
300444
14910
7623
6503
1018
15935
12124
65187
5914
5692
15390
3858
24661
13519
30211
4623
263729
9125
38655
150160
136213
472348
31997
48836
17928
46112
97047
3904
5817
3139
5069
88595
11329
751931
7213
15884
9938
6785
23069
83147
63956
36449
51848
52561
71241
485505
34493
23250
219873
29309
13598
269533
100262
128857
111350
97859
9366
181557
69747
550137
623689
35211
283374
71246
247860
419246
601770
97009
266426
102179
151041
268966
25048
710840
62314
15438
61659
17784
26557
113187
157638
208690
111042
103874
56030
787627
72515
89110
58643
61141
23793
10665
154483
5442
23164
47429
72451
27307
28974
3660
54485
12620
33437
132054
43810
34709
1800
870
24912
12630
2187
6362
380144
154621
2124
15851
16400
26060
17223
1634
6090
6373
1790
1737
20824
14640
30963
27458
80265
9153
370
7106
1466
57577
6920
14373
4068
319759
5666
13447
466328
11328
163262
56821
7586
439723
7368
11263
12880
47744
2058
2093
4463
56018
7604
1042
31636
11685
3223
24656
2418
35696
111814
3938
17308
6223
2271
9585
3600
14071
10888
119793
9881
11556
31243
23950
1948
14351
11397
1009421
4862
17961
3073
53500
12211
28832
8213
307374
43949
22987
105301
19023
7025
779646
15457
7260
6167
14994
24189
12203
5897
24979
11128
2004
8797
63495
105142
23790
23952
22198
24496
35475
5651
8741
569868
33991
6120
31538
5604
150944
2989
14581
1018
138120
2969
16065
11644
21926
1625
111037
7646
25887
2328
10592
7158
3771
372384
12142
2569
186741
7293
628163
6024
79762
3825
35558
2977
1604
63136
1894
7456
3569
4379
12756
71717
5187
4577
200525
7350
697259
16821
20414
51097
18878
2122
42433
812
10370
8561
77832
4947
14080
5493
28936
1531
5248
117
1665
6355
6859
15555
8326
7485
5160
3169
20461
6752
39456
11684
78794
104829
82016
44096
22132
58936
22356
27487
59560
7302
4271
72936
221044
11392
1491816
1198
41107
8029
10740
115196
239094
98715
2167
20479
15603
62438
15580
220460
26997
256180
5668
730
46728
112075
51029
8640
8702
15646
159891
16296
17760
37436
9073
8646
753422
822938
760971
8936
34313
43865
66502
139576
47782
44441
92577
9749
49933
5093
126234
5973
32027
18289
63901
6364
11659
4481
8007
3737
74289
13328
8918
241890
16521
5675
113725
115124
18217
7284
9393
16177
48086
29813
99630
16821
149508
3284
1835
14127
14054
14759
30937
8083
213552
24899
39258
9640
692053
6513
29730
33298
10317
49668
14972
26778
54965
12550
62903
15814
52361
443220
57346
9403
32276
14543
15690
6471
40278
138184
19602
23044
32571
12639
46509
3431
101215
7860
47093
25272
75227
5146
30623
27380
71627
26124
11364
19186
41233
5890
40146
293929
276359
114708
253378
269000
269801
184233
14543
21740
23709
76533
38224
10161
42913
23496
25511
59543
129717
26693
132739
903370
461349
68065
1511
11235
202103
35129
232406
19906
44363
104878
24932
58411
22013
95000
65942
141798
22557
163869
6591
20725
29142
92731
90065
9192
68266
277647
4758
5654
63665
370406
20167
17893
63107
8618
10588
6130
7887
66040
1115
50623
23429
115328
13853
2306
712786
3490
43035
2296
27206
3247
3203
13370
7498
5014
26363
7329
60214
3992
56172
7332
200047
3822
72595
36739
134179
2696
14900
31059
531167
65644
559282
97716
65147
467269
47308
59271
7244
24964
167936
66465
583236
122126
4163
8618
3434
52595
13772
10742
2948
8148
1931
633281
15792
24379
625758
35934
204297
3790
5180
7180
3759
6433
75020
16335
77875
57206
717203
13526
6887
31194
52712
33671
814436
27106
30462
20437
173077
20468
322889
2950
12881
11844
29108
57778
9420
52514
249079
31450
347760
3855
51508
18967
10496
271286
112667
50167
80822
172738
681378
3577
4144
11810
74325
42033
106176
484865
361019
7580
28220
22563
803716
5453
17529
5530
1619
3966
54855
3688
232641
9421
164928
5162
7480
5263
82991
794946
17796
603873
68660
137013
122439
12980
125531
13672
11488
200313
45303
15283
4321
10429
33401
12053
7310
4471
210212
4040
117432
52171
82038
807795
10812
13781
410874
88355
25929
5049
56731
47241
477642
78601
171332
249043
190034
5817
292379
43377
412478
104732
271428
81180
2390
18311
38573
78626
202265
1502
293104
40531
25082
9393
12248
33427
151604
9069
30551
39972
114838
7570
12364
29775
1719
8361
13258
8480
59133
157014
399704
15127
26415
106747
22994
801701
35734
87645
339427
53189
127075
8691
70443
2838
7320
3236
28595
29018
9621
5897
80176
1688
6175
18669
14902
40737
9847
32452
3396
22715
769875
41820
83168
5397
33859
121251
50988
7267
323020
4910
334897
8500
220312
76835
78309
2409
81308
7638
22657
24509
145617
88165
231778
21590
322038
2825
1763
4562
33578
4630
12534
1677
696359
2256
19169
19167
12803
27574
7296
9514
6070
13524
87563
12743
63530
73775
516084
72807
24355
11781
33747
22970
21586
183760
31229
6182
46895
14890
84984
106689
36460
439231
23296
42308
24670
1805
408729
8609
39265
132610
16669
4040
7561
2800
2515
6321
521256
248787
47504
95106
61846
7737
19874
48710
340744
48638
91508
97555
69550
128810
49786
91225
167396
320550
25527
71375
6436
59574
523489
1775
16457
28784
12365
44403
3170
8525
72840
17747
141757
69607
10351
206725
8299
13197
21249
4780
17818
8437
12172
5712
44313
6500
22903
6383
39739
534021
20265
38436
205120
120852
1212817
76667
30669
14984
233548
18874
83373
6196
70181
10425
47733
8123
401653
35236
8933
36172
106527
49665
306617
595225
107104
52994
13624
14424
133402
2281
8962
36719
24356
560885
78120
54756
19659
14104
26926
50753
7877
593737
29307
74260
61402
10618
9822
377148
802057
3156
64166
75998
31578
53104
5124
31553
13285
4817
8225
18385
80774
134263
61688
38440
23536
33321
21408
12982
7097
15006
16882
752599
20367
156194
5543
133345
7128
5864
247197
123314
9662
55806
9631
25964
185938
63806
20844
500086
20598
130724
25232
38784
54747
52556
28069
679376
199372
14830
38807
80465
129344
184962
162041
36925
32245
39399
376541
362646
11698
63332
176273
9371
44589
4725
40341
203861
29153
179411
631244
31277
467992
5372
6200
20740
604872
11093
68748
5203
16346
34934
258132
13248
66182
219791
79710
690055
32551
6019
17174
4184
24938
23001
733428
52652
132291
40126
14946
32165
121381
46777
548808
31445
264496
28454
274384
13828
41278
35196
14437
293824
4487
141009
5836
11975
3277
10603
45022
731316
117731
8911
6570
72658
68170
1796
5778
543576
16396
1471
597670
27441
141489
36448
46651
8208
7864
2154
373678
59863
148439
150158
291350
511509
53658
23889
368663
4404
9969
19411
478080
828639
41639
48272
31369
35434
579685
2237
222806
54129
10580
47165
1169301
6814
19811
21636
29864
29096
10233
89806
166513
176026
15757
57225
476982
140357
95056
648610
69240
55817
44043
571967
76602
104620
696296
19087
602831
48658
119815
49055
166062
13727
22044
18690
7927
112799
5543
69040
164731
93459
36085
12195
178267
24013
11801
34341
562641
112369
43100
369922
81626
12662
16450
184354
509980
74508
129261
49300
254369
36566
94976
43647
522563
22864
121413
11057
7949
18184
46454
71518
1274911
58487
76863
31635
20631
19047
118159
11898
194455
764237
130390
207475
14804
48233
7805
37391
18267
189935
93525
55541
8331
17515
30464
3381
28462
2236
17971
4513
147516
15107
15771
16071
5337
9567
28262
42452
63559
5103
170816
79579
126780
65586
1143903
404282
53707
1543
35888
82650
101195
105384
264138
42959
21230
11397
55041
8178
13300
4693
29526
13695
79266
30567
74985
33307
87867
4847
38717
139426
15760
47617
30823
112902
84043
59082
311016
1905
490920
348394
628073
34983
124890
21746
126376
14853
65962
21606
245727
9564
3758
15091
9387
170
15433
17919
20228
37054
3671
5569
23322
4999
2239
14443
22916
11683
69417
14208
16377
15100
22639
408353
62297
188561
19767
29065
410584
134894
4633
1032
47537
40218
9082
10219
14053
3728
10659
20664
6377
9116
11031
37034
6785
14025
128337
472
6568
5472
4785
684
9626
19700
33150
5293
1120
119481
7186
27805
8705
9967
2084
4427
4496
2301
14859
2262
130961
7927
20695
12699
4981
2260
11887
15842
19492
1855
40974
5295
27547
12369
218481
21049
462678
3884
103887
7168
60426
26614
52780
8076
8743
2382
47759
696
12885
874
64230
14036
7487
3082
731
919
1373
4741
341887
6246
39033
1571
15898
64679
17673
18482
67746
95529
124916
4444
1296
53096
35277
3095
35450
38955
433797
1057226
4566
376255
168515
8493
6963
4227
27464
34160
26449
49374
11416
432580
6975
2119
25937
26078
66796
7386
6077
215925
139218
6855
38131
123615
22886
14154
249973
67595
117266
102208
681187
262426
23094
5488
45159
59739
12111
11413
12892
7899
9076
15979
3313
6001
48971
14907
49372
48013
1093
822
10846
13908
11374
54978
7603
12592
667
3651
4224
3181
28666
201011
34041
48320
4494
4073
11460
13936
72185
4639
7197
909
29556
27664
7431
6869
70565
1450
34518
3462
8014
5173
26901
11643
71239
53890
27820
32337
4172
5538
51026
8762
72136
44422
26307
741856
213471
4830
8900
89448
13197
21756
13903
3786
11461
15698
69744
3036
855653
3669
31120
5371
15431
82973
40709
35105
24641
50796
206265
31455
9621
33296
4308
26759
34899
133815
178333
28013
9714
2505
8813
2828
24299
873890
63499
85075
75869
31519
6705
396096
3547
252066
412048
39427
160506
186799
41818
54641
13456
204835
118507
27896
16036
52824
12468
30166
19307
19691
18684
102877
8200
11112
13589
14713
6107
1232727
11057
76629
6781
14500
4655
39051
42985
68339
180167
38057
14772
2411
36206
11689
367
733
8264
57188
46676
4579
16785
14810
88841
2837
38319
4596
114310
41052
404789
2708
341873
56764
43493
15016
32201
12796
27748
32555
46117
322205
327138
31930
45940
56484
23430
47318
3542
24711
14151
34550
6785
34457
8330
14842
64826
35774
742392
8153
75896
34299
16608
3589
3915
2949
8877
1366
1326
22798
45522
9736
25892
8488
37909
2824
6367
7432
15886
26847
9562
50319
39344
9004
7596
638
16603
5878
38475
7651
13896
36395
15674
4788
64154
20574
20069
8475
6849
3420
24915
47340
554432
85728
11928
2929
431561
8185
727096
10924
161643
193032
48520
10908
15427
41817
32317
3241
22227
7138
344201
13766
57235
112004
153475
28027
29237
10913
18527
1659
41590
13421
374
981
5869
5673
16840
5536
157506
6141
26421
22413
625786
31906
4062
4823
48846
9256
6590
2644
11946
5610
35148
67609
34500
19027
6995
4619
4136
22730
26444
45926
117851
1909
11288
2094
13538
2392
3362
47742
39268
1236
4994
1849
62802
4898
69656
43729
127632
10454
18498
13740
8662
20812
75188
6657
24353
9061
11174
10924
17081
4246
15321
2376
145264
10103
12014
7072
28931
1468
31071
206731
205450
7651
18596
7404
14925
36099
15246
39679
59109
5861
5983
12253
3369
1497
4890
4974
25207
8513
14166
1928
26081
3632
7935
40415
5171
4591
360652
1077
9754
31442
1102
7182
3670
2139
45217
19144
8361
156788
49834
12084
44143
129704
21390
102824
38881
109949
624825
3041
23782
16389
68604
26948
25739
9770
13580
4682
69319
1867
18643
1820
8858
1640
9099
5990
40927
7184
6141
11666
2227
10207
16173
9031
7780
3970
28905
20219
5058
62470
130903
91523
1763
1336
28651
6587
2408
10985
1892
1794
28096
20627
5426
24762
3163
4233
6557
21654
9073
1999
31074
3141
65337
7843
41054
4054
4653
11797
189540
15963
39955
40604
17672
44913
172774
12259
34447
515
8987
3346
2547
715401
4212
19580
4180
4311
5312
18428
18844
20300
808194
18020
10148
66732
18193
43467
150036
214143
4196
8143
1559
1941
23039
2117
29064
440783
30787
10838
4190
8475
40532
3902
16360
6559
3577
182594
10006
7013
8285
20879
54902
30248
34696
24092
65090
1483
11531
14132
110299
37966
21596
178217
86069
416460
12219
163236
127229
54730
99117
120664
26083
20503
42733
52870
130703
7455
2903
775
922
612
950
391
1807
7173
16001
888
14190
193
16669
4648
12523
4931
3551
65736
8864
32976
36666
10861
3663
28755
6684
3052
9977
4149
14281
10501
1781
1489
4480
2553
494
727
1725
14595
4745
18772
6381
5640
10010
2479
18237
12121
17071
131138
181612
89695
4446
120580
6118
19862
21295
20012
80376
15740
22055
39338
62572
85001
5139
8446
28597
89879
4260
202189
191137
42064
41546
24258
50636
13556
9514
38681
24154
31824
16802
31022
278306
11455
5214
142068
396221
28846
156912
68458
181567
88228
13838
12088
6422
10140
878
8144
7636
6553
16591
56475
116150
17738
49563
42368
265591
54846
11197
14870
13267
5931
29789
730655
817150
173142
26345
115057
38708
24676
57758
3720
69279
368943
791313
56890
238868
38004
38781
69295
10888
10576
122813
923837
376228
34355
165549
129311
85191
85239
125855
53389
48817
39255
9070
16464
794616
42704
132050
35381
4198
32083
12949
104822
33217
7676
61780
56347
72337
41403
4484
14890
26812
13479
97265
32861
21335
133003
17489
117769
32517
5071
480961
66990
157254
78311
52230
1744
4234
6890
35341
4288
5283
21762
18281
39218
15896
28550
307494
28350
6269
119985
145269
71011
32871
18632
9641
130309
9969
125373
24416
11535
18957
28675
192135
62959
83696
69249
316257
215943
10460
35230
109726
315379
158881
32281
11243
61543
42320
12350
73115
37260
170793
147232
7753
7331
29753
36047
3026
26659
20622
110622
167814
44448
838784
12320
38869
887387
28431
92082
145305
589586
104464
311318
113568
117664
229062
20841
393194
18045
343475
209891
241771
45736
71660
13500
117600
25046
123857
12307
26520
8129
14082
155071
382394
22357
319402
31174
16046
140013
113144
61495
125387
2794
109114
4581
6581
9375
14151
6890
22600
31358
7776
25176
7174
6542
8139
110711
1033
119255
22063
5862
2393
3392
15097
35477
5262
42489
12308
7379
14096
263
18411
23754
43090
8886
66805
6427
4774
46984
11285
25484
40655
5597
26928
24413
9504
6532
50730
6916
57597
844
131436
7264
1650
1972
4179
4825
23130
10427
142511
66234
16998
7461
51170
13931
76910
6784
38169
5246
247178
60328
6531
13932
75663
6793
6600
16647
140043
9844
4610
13624
3862
44423
88237
2741
115059
3561
5223
2877
1551
8701
19684
621
5628
7111
15943
13363
22030
7997
25989
34494
3625
13585
255376
648805
24935
6359
67205
38494
20738
839
81403
56026
8184
8199
102865
7686
22553
3644
63073
55290
68259
8080
87332
12952
13358
27739
57881
18635
55199
15998
18475
15402
17537
19954
431
15325
11678
27881
17007
12647
1866
3543
14329
4449
5126
46980
1111
12531
25405
3269
5358
4197
37378
193984
8808
3050
882
6140
15447
49344
121548
4601
3050
38529
18547
11151
2411
33424
219730
267659
345924
97419
3184
1270
8686
25469
10200
10753
12799
14136
3156
10340
9483
21097
22142
9813
10119
4110
18194
20478
68100
16010
193062
237348
12259
17200
1157
52087
36894
14587
86628
44089
12724
9607
1991
814035
18484
80052
3374
177444
6485
75582
11079
7100
8781
11482
51062
61737
19551
11913
113689
255933
51962
110130
258333
117645
19498
84675
7877
20628
37114
19894
152104
10914
39303
15836
177917
30902
599171
24714
134172
11734
14631
112241
5821
15894
1851
2177
8740
22626
28297
6416
49376
5044
141219
53713
77984
18071
17877
7862
23420
6954
7478
28335
30991
21149
15149
18100
14283
68438
10309
54901
4159
22682
36314
4538
2438
1766
12319
33631
52715
28393
199547
17974
9170
4499
5945
27616
142253
17922
63126
805287
4505
7182
15876
41543
83633
18927
62392
44837
5710
11007
13246
19589
19158
11435
26003
21985
5264
27874
110397
31472
105697
34209
69991
31034
18926
39603
23695
24747
