648116
1320410
3497719
1026365
943975
1301221
723250
2595060
2218159
3879412
2162783
1874893
2175179
1072353
1989260
1647402
825109
619059
565890
146470
690355
573360
1210451
1195190
849091
1092206
2967167
1575469
732277
685908
2344438
872824
2717055
335974
2030684
1080490
3268683
2611997
2833215
845591
2047077
2918822
2689573
1357098
1129459
1162480
2792597
479534
599491
1618159
310814
1021408
336650
836345
692308
714640
1007283
1305708
1514081
977174
949797
842372
1528481
565698
299172
1220305
1291312
1192976
389007
985876
808299
417056
1249864
3564906
1312569
1702238
101198
259610
601832
555510
244541
710466
1884715
564748
252328
823853
832013
578358
475337
2181323
2087179
539874
1399733
295292
1643082
957309
1898529
490292
648530
434541
1488792
771962
2468453
360895
2428155
1739333
2348197
2849021
2766491
192306
2569240
1176597
1216182
1585892
673867
116538
763610
294973
527424
967655
2163221
869576
2107322
1069063
633587
1145029
1016152
1000730
3493081
1414742
4039123
3133941
637790
208508
2377371
643245
1156633
1230131
3592449
1634384
1112001
796198
1750055
546975
2148515
1031577
4696581
494427
1528351
803691
2067043
1193988
1898413
1472071
2523229
3820771
1338250
1377546
528655
687577
4982918
1127575
3308347
1367903
2014410
791896
3283738
2271510
3920153
2607969
2633899
1839425
2334410
793896
2455748
1440747
3462208
1116630
3236838
402966
540988
652980
444192
1250102
3173404
1932804
2857574
1582561
1181035
389666
1744615
766134
2072052
1624394
1335112
1542604
201029
1187814
2598231
996192
1553062
905327
1971765
368013
174485
458719
473599
1146491
809578
258270
700183
314730
945133
295943
1190307
345960
258090
357475
1799522
777949
131451
201911
1720646
1281135
2517280
1927555
1650939
1354277
1611723
1435412
1159559
468889
2421663
1137449
3349184
1001554
2005571
750183
1753172
988473
1307141
678254
597192
717780
454237
1006022
1532315
409807
1104958
579224
1460691
1882062
542673
1043850
742906
875279
