137278
604410
139980
147563
507636
351766
636880
1152367
330029
1973760
707001
456102
96449
407207
679955
111069
110406
489112
672664
119907
238322
468462
219673
840699
770918
1227184
128979
151281
566897
1120519
976889
255382
1587292
263790
450028
314537
1072626
945746
2124132
433140
582249
1213312
402636
625485
267587
817473
449979
369653
324828
1083836
205774
557537
160507
427451
268508
297866
357660
665264
880329
121894
465367
1064650
578991
171428
92704
35048
605732
538741
100673
436555
83279
186657
246111
31225
925738
56816
71359
260041
113977
179866
132665
63450
560992
120352
54623
183361
230248
951768
231744
310882
764370
143669
297032
208328
567029
624256
563482
83110
235629
546521
587654
925754
573211
704955
486128
674474
1470303
780677
410770
126934
515309
332574
78778
411587
313927
93473
646580
536105
170578
331159
820442
487444
900963
184029
58410
116606
327117
335596
339238
783140
1377407
419221
123597
120401
128108
411741
835282
205520
733133
567017
1254077
261187
530501
187929
1037356
674441
1757813
622933
440334
380501
795265
515706
693962
641850
1104237
1415816
618733
623902
104859
117422
1462162
106375
474953
819145
1041005
388833
1202885
460363
811716
295229
612806
683513
162886
240368
1313318
526160
253064
749276
465580
160931
321294
834660
123797
533288
614173
610398
1211535
400614
174675
172415
348398
97555
55398
65659
361438
130230
151078
902356
796590
341016
196549
74790
127903
137440
119231
159111
138640
640460
93301
122099
170311
101644
327519
314800
268849
217776
78289
47305
353011
160136
113183
66223
208215
308452
558945
388058
192013
119036
646956
430024
576351
144655
488094
367577
760228
192544
105414
225790
1020522
251042
591396
374714
683641
212276
56368
581578
611738
138800
688894
554379
625185
165718
168304
127446
206044
98249
76609
504387
467876
174625
58994
585658
844344
183469
349164
1257038
412438
285864
58507
42697
903078
63235
829899
76018
137679
33707
260464
32949
548908
129537
169397
649174
260841
240919
63767
213772
299205
179587
687856
117373
343259
240371
1798348
1044264
294896
572436
788380
358689
244653
722099
484155
124278
1000668
71495
18740
56146
98084
28499
88768
304738
72570
65701
25507
459392
339199
562778
487434
173193
317564
198247
41670
61083
141194
63000
89550
97258
875074
28142
312045
1012440
271459
324406
81987
54849
414168
101681
31342
86741
70174
19480
26803
238811
472595
299998
105502
886756
489604
62732
201365
71782
958870
471040
73040
40521
203084
161925
1267680
623680
1502488
74751
588527
593109
434850
366850
607002
22939
457152
123759
228257
937655
212490
99036
50112
48556
110554
190592
695622
222708
1767575
99723
614207
615439
425936
316007
1109565
229409
1406906
119289
79473
237797
214305
167652
93668
482924
123346
100276
194389
28849
861407
70400
1384802
629036
765712
359857
26018
223995
902710
556540
540156
260046
707214
1124703
103205
196921
498528
95785
891596
59407
752028
458681
149120
590366
92308
1054759
1103615
336394
856434
547228
1317011
295226
1324156
360235
1367635
39596
1286751
17812
294093
53169
144347
54087
756395
847925
826182
589896
780393
104026
433554
46846
224407
1320131
161892
102567
102282
65582
1166543
191243
506792
166079
328753
167944
29310
30663
106308
79326
1020599
68766
162621
155007
97553
13223
453654
121411
112949
118335
217871
410109
92782
159652
563021
291532
286575
969895
491647
733585
652550
157357
81053
180401
617625
282832
1471153
923771
291834
276931
237875
346385
415740
469165
269181
70049
55661
268994
784700
65432
939333
126182
216766
201098
157521
511930
186961
261077
270293
671349
1673132
901111
769997
497269
127112
577544
1814247
766998
1603624
218065
1094006
446627
232854
1624492
296939
148334
280054
445707
89547
149511
389066
118174
319856
773962
1370098
293180
117622
87057
399372
274568
339940
274345
422657
784579
1116723
63356
796329
296965
1283754
1116970
819182
432745
796087
140936
1103913
123242
243315
996914
183731
395950
113556
213771
234098
217955
774215
626341
338547
826951
842793
25783
283719
171319
492382
1101461
1410186
357908
811028
404507
297511
376284
636322
2254710
567825
1020181
30245
171093
753423
649845
68133
145016
861356
350628
75976
415906
494493
358839
68548
1794049
199437
606020
41086
56108
1041305
652312
1867358
366236
319299
102880
966738
123426
458433
75851
303030
436188
237185
1964329
1251272
103463
1547666
866063
1387869
96099
506751
28435
675186
21339
517008
322796
494864
235783
163066
394605
406846
111913
325593
200448
554316
870108
780132
2562903
314495
215292
414504
187657
483512
1485727
2104618
744530
172246
283968
505921
972428
419784
175538
1165625
74495
97321
585085
362052
543378
1034433
473863
984207
747749
973923
585894
288536
730321
1575054
381948
2505751
344289
363414
510815
1241738
621193
2297124
763814
1250871
414280
339728
323975
610819
841658
848176
467190
1069788
140135
157511
118767
336635
493974
820540
917502
1315921
700770
445410
124982
758688
1013968
2008059
353780
225520
765744
62410
437592
683628
182552
968923
695978
1263857
704879
31876
135993
199076
50036
160619
68274
572119
132246
619717
229473
343867
108582
220029
282054
191879
555354
79760
165073
635718
344456
1600427
381788
827624
209036
608998
1079429
424499
456285
1160097
805253
1430693
747903
809701
284556
671985
267319
1042086
264977
382006
186317
105504
99617
212131
85949
205085
169935
620565
1219601
474539
204606
234947
318091
547273
871063
1189891
72698
57278
337974
674666
1011782
129248
581670
107104
948908
924485
259247
211021
484972
38027
95753
173868
28198
291511
772581
295240
611986
170660
144040
1656423
701590
150921
266983
721304
136722
310385
130392
1128550
899066
109067
81270
645136
165919
212357
406283
940760
467354
83449
733594
285933
230503
27018
56883
51412
75537
127139
185202
74215
114999
102928
49695
254592
95550
68355
127550
855251
59543
598888
480644
150973
108501
81618
33995
67721
166850
198825
416039
352398
280807
18265
49287
110342
246515
68120
797304
431108
162944
50964
203230
352528
95694
73171
483448
532697
399539
142910
64732
221347
231482
367214
210597
44962
345115
328064
40015
100426
39816
787353
185281
705541
189989
449141
295971
504773
43050
117583
81072
138171
25021
37501
80987
64139
264568
472604
128578
466836
476717
148918
334169
408511
266277
1517564
92968
845969
299487
659750
174571
2010739
113676
415402
103664
693995
754835
201526
205976
673528
94412
526998
413107
792461
551820
864034
159038
610630
178288
390566
252522
147349
481413
325988
132207
400363
102642
843100
586703
1091214
316969
283513
102697
704410
446942
601253
1344740
2013137
474423
709574
249439
514870
627950
886853
112051
812677
98778
156511
299798
649378
144819
832914
198090
797203
347299
478687
103569
681154
75582
394630
343614
1022243
883599
22852
571123
27819
561854
801492
65533
306329
326223
30862
176829
59701
341369
66990
92341
346086
37476
416185
147806
423473
218880
558862
62003
1107830
173916
77360
56609
139138
215212
311962
1225773
460530
114381
380751
149688
190792
182586
575611
84749
778422
242117
704490
468155
249271
477857
600093
77705
167515
141429
326438
257739
297711
198760
283238
55337
222903
315854
188587
238002
250075
134656
