958844
2289524
5347061
955286
2749217
1847311
4062711
2653182
3132507
5922671
3772122
2606858
4179435
1259167
2455149
1740448
1486342
3825217
937098
1569782
1652006
1202549
2602546
2272173
2755871
2780608
6762509
2678182
1095660
2352422
4009557
880014
3173020
2448814
4263624
2339076
3823753
4995675
4766792
3368488
3805806
4702542
4499729
1802220
1998550
1785685
3888931
2449760
1519640
3815029
638676
1363324
1312272
2057559
1277310
1627160
2664538
3135478
2264833
1045846
2543579
1106021
2291968
822994
643700
1138531
3701336
1715387
2558677
1614073
2584603
1810003
2812153
5166421
3113845
1987186
596500
893176
1887002
1234871
1528943
1639254
2692967
775010
1565552
895022
1768105
2033165
794544
3313705
4616804
842006
2713353
775378
5099458
2045313
4091885
2538614
1302932
1864375
2473350
1457744
3290968
1692437
3946245
6534265
6220774
3866847
3376358
668908
3943479
1293826
2638692
2380825
2151543
831925
2364264
1798494
1067884
2131350
4199449
2619406
6103963
1064412
1567572
1980923
2108805
1421078
5142696
3740380
4991244
3280256
2053993
1425855
4766213
2482572
3430428
2838467
5379902
3562193
2318704
2901650
4205203
2112422
3445650
1865244
6464362
1894265
2593325
3654782
3336459
3687018
4618128
1982162
5731087
5027916
3385230
3512219
2080863
2806677
6497195
3323177
3608854
4352127
3120097
4049327
8104143
4973706
7257975
4476542
5943912
5578737
4468490
1453445
5940817
2295991
5426767
1149104
4572523
509007
827547
1038321
1771489
1558274
5713948
2902733
5457389
2162469
1795034
502233
3004914
1866680
2823903
4161949
1412473
3702633
462451
2852748
3579541
1404623
1870169
3059503
2574854
1979176
248043
1227048
573182
1691729
745754
1249928
2999435
379536
833675
524912
1873590
2650107
1642667
852764
3490403
752107
817708
726428
2819226
1348564
3421583
2429476
6059353
3004993
4267015
2782203
1233651
1765965
2799092
4553536
6620921
2944922
1836385
1297365
2488763
1135913
2530288
966654
2144179
1038152
877806
996976
2629568
402203
2353286
1403645
3120404
2499694
799411
1325776
1978742
1181420
