3670920
6168679
6258196
4009153
6607633
4886585
4640591
3508702
5528397
4804588
5198217
5331904
1795363
4577714
6295348
1410015
6590442
3395964
5402204
5048194
3044734
5064236
4545960
5528413
4139599
4683621
5587318
5544116
3485109
3932197
4135876
5430031
5951921
5546064
6436514
4077191
5523421
4703656
4309045
5014153
6729728
3796595
7249826
7163385
2385400
7483374
7463284
5015329
3142581
4586300
2811233
982978
5315112
3584020
6531969
2968360
5668576
6319784
6955887
4369621
3894584
2472771
5466990
1277729
