857850
1313597
1410069
848850
221072
3614019
2154689
1632204
1879098
1220915
1971942
2413990
420579
2619096
1576072
118446
2740999
2547087
1467162
1375640
1069085
1594721
1885416
2095687
1529715
1187948
667209
2455427
87463
2330679
1226104
283459
1640067
1216401
2315741
1857487
1268904
688233
1802144
2230914
1367809
701280
1328202
3492243
940773
2507796
856045
1891436
679716
860478
559099
84099
2347870
1358021
1365020
973948
1980865
1329618
2780873
1392078
293882
240097
893702
262555
2233332
3256503
1197016
1183200
1630459
553016
1359839
646392
1415220
2105151
1948748
961520
717274
2105685
3107051
632567
477282
338516
1769234
772214
423012
1298536
1719844
2666990
163713
2126137
2726919
816518
999427
717363
979502
4481935
1614783
704013
2126433
230185
2241369
767201
2387763
749223
2741152
301198
1699398
2025340
642849
2376187
2956964
807317
1054276
2270805
1355811
143157
1395490
545487
2099958
1466507
604971
2851254
1203095
685211
2861342
1321104
2094040
477227
524192
1851915
3067519
1517506
2971224
1258584
1541038
1379182
2971263
2508456
1956383
1114687
912719
1084880
2032859
836843
3347062
918132
868788
1746931
1302451
1339570
1860167
1227935
2574585
1132939
1089680
326570
2958999
1099281
2156076
677178
2278039
1108389
2831034
2119011
853547
1065016
440771
2465577
2508479
2565570
1992037
1614343
804036
1218565
5161641
1854216
1009596
1079996
921588
114442
2763957
1509796
2676096
1264246
3486365
2328764
2552954
1138826
1195508
1472074
3258770
224488
820075
217613
1825423
1210496
3330910
1237194
797459
278824
771561
172171
1019706
1727959
144696
259379
783279
109132
1315412
415654
2337913
2680866
573010
1894084
398392
1199812
418481
1727194
2314758
3205860
790490
1370631
995437
1321964
1454039
4127183
1289819
674891
2535450
3234723
508478
1463449
1740252
1268160
3678353
1924032
759761
2131540
546518
1612607
1348158
1451606
866714
955642
261153
663230
1555625
780483
1490889
1249963
2091896
1845797
274442
238308
446562
139365
