0
0
0
0
0
0
6
425
688
332
684
61
0
0
0
0
0
61
2
0
14
91
2
32
235
34
149
0
0
15803
42
4574
17512
2
1
17642
179
63
7
17573
34894
124
78
34
21
29
2553
126
9
35
0
21
0
0
0
1
33
2
29
0
0
0
1
0
0
0
1
0
18179
0
17823
0
11
97
16
153
0
0
7
4
0
8
10217
3
25
2
0
134
0
0
3
1
4
2
17790
1
87
137
2
322
4
80
92
18277
15
17792
44
2
0
15
9
3
0
4
0
4
1
16361
99
34
16931
29
149
0
0
4543
1
6
34994
3
777
3117
0
4
2
2
5
0
127
0
73
0
50
17947
0
73
133
0
1
47
83
17812
2
1
3
7
0
59
26
17998
22
0
5
43834
9
198
159
6941
82
21
18
47
255
17282
0
5
0
0
9195
0
0
34
18310
2
2
2522
145
0
1
0
133
129
2792
82
676
2
149
18066
111
128
0
2
0
0
0
18
29
13881
0
3
0
0
0
0
0
2
0
0
3
0
1
0
347
12
1
30
0
17814
8
76
0
122
2
492
12443
0
0
7
1
0
2
2
0
0
0
0
2
24
1
2
1
0
2
0
1
3
0
2
1
2
149
0
3
0
126
30
0
128
0
0
196
0
254
0
2
18091
0
0
0
1
0
1
16823
17882
0
0
244
62
2
0
3
11
0
17
0
110
2
17790
43
1
0
16
2
136
0
0
3
2
0
0
124
0
1
18236
39
2
0
0
17030
29
51
0
17998
0
0
0
0
8
0
10176
95
2
0
0
3
0
37
0
25
0
6
0
367
2
17169
3
58
0
1
1
134
2
0
1
2
328
154
1
29
0
89
17739
62
3
5
0
0
1
17
4
2
0
5
0
2
2
9
17809
11
0
1
20
115
3
1
100
2
0
0
11
3
136
0
29
1
0
7
248
309
0
1
1
85
2
0
114
82
6
5
2
0
91
17891
43
382
123
3
24
391
1
8
225
35
17818
15224
31
758
17559
22
16449
338
2
1
0
1
17848
13
68
0
0
6
4
3
5
4
0
0
3
0
2
1
2
0
0
4
2
0
2
0
2
127
0
2
4
1
0
0
0
0
33
316
16289
1
11
17948
0
151
0
6
6
0
2
17134
0
0
29
0
136
146
0
111
145
27
0
2
1479
0
2
0
0
0
1
12
4423
0
5
0
1
8
49
2
59
685
0
34355
8
1
1
92
8
407
341
122
129
3066
0
1
25
4
16966
0
0
0
1
0
3
1
0
5
0
129
231
2
0
50
2
23
1
0
0
15
5
17867
0
51
2
4
0
129
18228
75
0
0
0
81
0
0
6
165
10
40
1
17792
41
159
118
0
85
20
62
0
22
5
49
0
233
135
14998
17848
1
3
0
9721
216
20
104
23
24
179
75
88
183
5
0
137
27
11232
35456
8
3
37
2
1
1
5
0
101
161
7
44
59
0
8670
47
12
17846
291
0
0
2
3
59
30
24
303
1
29
164
18051
50
82
3
35072
14022
127
0
19
2
29
4
54
5
20
559
43858
17773
9
0
15306
0
0
54
0
174
159
1
0
94
161
6633
0
17939
349
2
11
116
940
1
1
47
120
16027
1887
15785
41
36
14
988
17875
36
84
126
0
17279
18
7
1
1
12
34
3
81
17692
30
25
17850
124
160
30
0
1
0
8
9059
243
115
0
127
2033
3
0
142
2
0
1
33
0
0
18224
0
129
0
0
2
2
0
130
1
14372
53
2449
0
1
1
129
225
369
0
0
0
0
2
128
0
1
0
0
0
0
0
458
5
516
36
0
1
17542
483
65
0
2691
32
84
7
16
10
3257
40
548
61
36
4
17818
0
0
1
2
149
0
17528
571
3
7
118
101
29
0
254
1585
0
6
0
0
0
17848
17932
2
116
10
0
17639
38
129
0
91
125
3440
0
133
1
0
0
99
0
780
5
24
0
29
0
13748
35
81
28
1
0
0
0
0
5
42
340
17819
143
0
0
0
0
17760
26
161
85
33
0
0
51
54
34
50
142
0
2
18163
3
0
0
0
0
5
84
81
2
16
408
114
1
1
0
0
17
0
3
10
1
0
0
0
2
2
347
26
3
4
121
4
0
49
17794
7404
685
65
2
153
29
129
223
20
0
114
390
5
17814
18205
0
36
8
0
2
159
116
0
2
0
17839
0
0
8
210
39
8
1
17603
2
99
239
158
1005
11995
17336
5568
94
130
3
17786
0
0
0
2827
2
0
6
9
0
1
1
0
4
0
1
27
17462
0
355
17816
2
0
0
2
97
168
17809
167
906
1
0
17758
0
0
3
0
0
61
35448
0
1
29
32
0
0
0
23
0
186
16
0
0
9
0
106
2
17092
7
78
13161
7
17
0
0
66
0
29
136
0
66
1
4
0
0
60
0
6
0
5
1
0
318
1
0
2
29
0
15403
81
42
7
52
0
0
30
0
0
2
149
0
3
50
0
17750
9
81
0
3
0
310
29
0
2
4
126
1
0
17867
5
33
2
291
5
1
9319
18169
11
127
0
1
0
0
0
0
2
0
0
59
12777
0
0
0
2
0
1
0
283
11
0
0
0
245
0
0
1
1
0
117
18131
17085
17706
0
34
0
31
15
1
2
0
0
22
0
1
0
25
0
0
0
0
0
0
2
2
0
0
222
17770
16829
17848
33
5
0
1
0
2
2
0
0
9
0
0
0
247
0
2
7
0
111
0
92
36
1
0
0
4
231
4
0
2
129
0
6
53
154
162
5
15304
2
10181
23
188
34
37
4
3
0
128
1
81
31
17762
12
31
17787
0
31
95
17912
76
27
138
0
1
0
1
81
0
0
151
2117
145
0
43
2
14487
0
214
2
0
0
136
0
32
2
4
17789
0
0
145
0
0
90
48
83
0
0
35
31
0
2
17846
0
0
0
0
2
0
0
124
0
1
0
2
0
1
0
2
5
18229
199
0
4
39
1
59
17787
0
2
1
31
0
0
17766
17787
0
0
0
0
36
2
16962
0
59
4
25
0
319
15460
72
0
2
17736
0
340
0
17736
295
9459
0
0
0
0
2
104
0
17273
2
1
0
25
0
0
0
0
2
0
0
8
5
232
2
0
302
10144
0
0
0
101
0
0
34
4
0
0
0
6
123
0
0
0
0
0
3
105
0
0
17741
0
0
29
32
35
62
0
17185
2
0
0
101
19
6
18
6
0
1
33
0
17208
4
6
15676
1638
1
0
352
18
23
0
7
1
3
343
105
0
0
17526
33
0
88
22
0
47
133
33
1
0
0
0
2
267
56
2
80
0
2
0
131
25
45
5
316
32
0
17211
3
107
0
0
1
7
81
0
0
53
0
0
17854
0
6
0
2
1
0
17975
0
0
0
1
0
29
162
318
6
0
16
0
16
0
5
111
0
4
17745
41
57
39
98
25
17756
0
1
2
52
0
124
5
0
0
1
0
0
273
0
0
0
0
1
0
0
114
130
143
127
210
16102
2
0
10
84
99
0
3
6
1
1
6
82
2
0
0
0
0
27
2
2
0
0
2
0
4
10798
118
91
174
0
17828
8
172
0
18130
42
22
7
1
4
0
25
331
3
2
0
1
18036
2
8
133
0
0
17174
17162
4
731
330
0
17182
0
0
7
337
106
369
1
1
1
0
0
0
0
0
0
1
0
7
29
17787
7
241
3
38
0
0
0
136
0
0
0
2
81
2
0
325
0
34
0
17846
1
0
0
8
0
0
3
17858
0
2
239
0
7
164
85
17767
0
0
0
0
0
0
2
151
101
1
1
18057
1
8
85
1
0
153
2
17856
3
0
0
1
0
0
4
0
113
2
81
0
0
4
0
83
8
5
0
81
0
31
0
1
2
0
5
4
149
6
0
316
86
45
2
29474
136
43
0
0
0
20
3
377
0
122
0
0
2
130
7
1
88
0
126
168
4
7
54
389
0
6
2
85
270
2
0
156
93
15
210
10
7
7
17781
151
143
401
17730
99
0
40
112
15164
964
83
20
40
30
16311
4
1067
375
27
42
17517
62
17949
25
15
0
28
16362
0
0
339
1
8
127
1
4
2
2
4966
190
3
0
0
0
0
0
0
130
12
0
3
17848
2
0
0
9
1
4
59
0
15
24
94
0
0
1
0
0
0
0
8364
0
82
0
0
401
0
3
69
0
90
1
0
4
99
0
1
6
0
36
22
17753
0
0
16
0
87
8
0
31
0
0
0
1
0
1
147
0
3
360
0
0
18
114
434
0
0
0
0
127
17846
0
299
2
0
4
1
4
16071
0
2
0
0
4
133
0
2
6
1
11336
13
18023
19
0
45
21
99
0
1
292
0
128
0
127
17
1
1
0
126
0
5989
6
97
0
28
1
2
0
0
0
29
17782
6
0
402
0
17908
0
2
0
2
0
0
2
0
0
0
0
6
33
0
0
5
300
16062
0
128
38
0
0
1
27
10
7
4
2
100
0
17850
0
1
0
1
0
2
26
0
6382
2
0
7
3
4
1
2
3
0
0
17
47
17
10681
0
0
2
31
131
4
34964
0
80
0
0
164
9
5
0
0
2
1
0
17728
0
476
28
0
3
6
235
44
0
151
223
3
0
1
0
0
18169
18152
108
66
11
1
19
351
6
13
2
29
6
0
2
0
1
0
5
1
2
0
0
0
2
1417
39
18099
0
0
37
136
0
326
4
1
149
0
0
0
2
0
0
0
0
0
3
0
1
0
18027
1
187
1
128
17
0
4623
2
1
22
0
20
4
133
18391
4
0
8
0
0
0
1
3
47
17171
9
200
44
0
17318
17197
1
17168
4
0
3958
769
365
214
0
7
1018
0
0
109
376
139
34318
17355
70
131
30
0
0
1
1
0
15
7
10352
20
0
3
303
18178
23
7
0
113
16933
1
18290
0
3
415
9
3
1
476
7935
7049
80
17273
0
33
128
3
3659
1
2
14006
1
0
0
233
1
0
0
1
4
24
1
4
4
152
0
186
2
0
16912
63
2
0
0
0
0
0
1
0
9
0
37
0
4
0
26
1
2
30
17759
0
0
5
11
135
15
9
28
239
85
2
0
162
1
38
155
29
1
9
0
4
4
2
0
127
0
231
1
2
254
136
4
27
0
2
0
0
53
3
54
47
17017
0
0
129
51
20
17815
2
2
81
6
2
5
0
27
2
0
80
3
138
11
2
287
101
3
0
0
5
31368
136
53
618
15386
0
0
16
65
941
16945
41
17777
24
9
0
18155
31
132
4
0
0
0
0
184
0
9
0
0
0
335
17897
8
33
3
67
3
0
0
0
0
35806
17654
8
0
81
2
19
81
0
354
0
246
50
257
18164
0
6
427
1
12
2
29
117
25394
96
367
470
10
1
17840
91
17617
6
17895
94
0
2
0
1
17848
2
375
36
3
35511
58
0
165
0
7
7
136
67
0
5
0
0
28
2
0
40
90
0
6
145
2
18192
1
2
161
2
10
0
0
0
1
17
24
0
0
1
18061
0
1
0
0
49
8
3
1
2
15267
205
6
1
2
147
137
1
2311
27
14774
0
17827
139
89
35
17848
2
0
3
2
93
17823
32
3
0
0
0
21
0
9565
0
224
0
0
0
8
231
0
19
0
0
104
0
30
2
115
1
4
1
25
352
110
88
99
0
277
80
32
17211
5
88
0
6
1
0
406
0
2
2
1
0
0
1
0
0
368
216
135
8
6
0
27
0
11183
2
19
4
44
17992
26
17817
25
21
2
0
0
17812
197
0
83
0
34
8
0
0
2
0
247
18058
2
7
0
3
0
0
0
1
4
1
11888
0
2
0
99
153
0
7
237
8
302
0
2
3
11
0
183
0
1
0
129
0
17
0
0
30
94
0
8593
143
157
97
41
17775
94
28
2
406
1
287
17846
94
0
2
141
29351
1
291
1
15
124
121
0
17814
18228
0
2
6
5
0
0
3
0
2
6398
10
1
41
30
26
3
0
3
0
29
121
81
18165
31
222
0
2
1
0
18114
166
113
0
0
0
47
460
2
18066
8
3
43
17347
29
344
10
578
302
21
7
3
12
16937
17831
3
17317
35
14173
234
1
8
337
1
0
0
9
1
0
141
21
15
153
0
0
1
256
2
78
0
2
0
30
0
63
2
177
15464
39
23
4
0
0
4
37
0
35588
21
1
86
450
117
26086
17839
17815
0
467
17746
20
60
0
47
0
4
0
1
0
0
5
15254
149
0
83
17848
91
0
1
8
7
0
109
5
111
51
9
1
0
1
238
2
2
59
31
17978
8
0
18180
0
0
11882
158
380
3
0
2
94
143
0
425
0
6
124
35960
9
2
6532
0
97
0
2
17999
11
0
96
440
41
137
426
28
20
0
219
45
37
15290
3
18031
121
17919
35
40
1
33
17929
0
8
0
22
50
11969
4
2
6
84
0
38
518
52
263
34008
16976
2
232
19
2272
962
41
955
196
125
392
16673
262
8
4
1
27
74
5377
36
17858
102
1
1
1
17514
147
88
17625
17733
470
379
2
21
39
7
15
97
2
103
127
0
0
0
12886
0
0
24
16317
17323
0
0
0
0
18
5367
2
0
384
7
5
3
35961
7
3
1
83
19
4
4
215
7
128
0
1
34
3
0
10
0
347
0
82
17498
1
0
1
17835
14
17160
39
362
477
4775
17346
2
17828
8
17828
105
2
5
594
1
128
2
400
3
0
30
2
0
0
1
25
19
0
0
40
0
0
1
2
6
6
0
15
2
1
6
8922
228
137
0
236
10
0
0
136
85
0
1719
127
1
156
17819
0
0
0
3
0
3039
911
0
0
4
53
0
0
12731
141
0
0
11
0
1
2
0
4
0
24
2
16167
0
130
30
30
17297
1
0
0
0
15
0
24
0
3
0
223
0
18095
0
0
0
0
0
153
0
0
1
5226
1
1
0
2
9
0
0
0
2
0
0
386
0
0
0
0
7
0
0
19
128
8322
0
0
1
2
2
32
2
32073
18246
0
7
57
0
3
0
2355
0
250
5
0
141
0
1
0
83
1
0
1
21
3
2
69
130
2
1
225
1
109
4
554
10
2
0
34
8
0
0
128
0
0
3
1
0
92
0
5
94
0
0
34
2
2
0
1
129
0
2
0
4
3
7
2
5
0
35
0
0
2
0
0
367
17719
33
0
0
0
0
86
0
2
0
17482
0
0
1
142
331
0
0
4
1
224
0
48
18051
102
0
75
17737
16
0
0
0
17144
28
6
41
17552
0
35
74
0
377
1553
181
0
107
750
0
61
2
36
4614
70
92
34372
2564
35
1
34
0
0
35939
111
4
1
0
2
12
1
161
17684
17
8
343
141
84
3166
2
2
13
19
23
1
2
1228
1
5
252
0
115
60
7
0
18422
0
19
2
2
1
126
17811
146
254
7
0
2
0
2
0
0
0
0
166
1
30
0
3
30
17819
0
5
7
139
0
339
0
94
0
2
358
17204
2
329
154
109
5
18
2
3
3
1
4
0
3
0
118
4
0
410
38
15674
0
1
24
4
0
0
0
2
0
0
126
17851
128
1
0
3
1527
0
0
5
4
1
4
134
6
4
0
0
0
16
0
0
2
0
0
107
7
1
0
1
17848
4
153
10
28995
0
0
20
8805
18019
4
251
260
147
0
4
128
0
0
0
0
258
0
16729
991
88
18
39
17721
4
0
101
127
0
0
0
0
0
1
357
0
128
0
412
0
34
0
3341
0
0
36
3
1777
6
0
0
254
3677
0
781
0
29
0
144
0
17786
34
28
0
0
166
3
17
0
0
0
0
718
125
3
35
2
3
2
1
0
0
5750
135
2945
6
0
0
17784
0
101
867
0
0
2
0
1
114
13543
18
34
0
34
4
0
29
81
26
0
28
0
0
1
0
2
0
0
0
12602
0
29
141
0
1
17743
31
1
0
0
2
0
4
2
9
3
2
114
1
129
200
1
211
38
130
35588
0
61
81
3
143
0
0
0
0
6
29
0
0
0
0
2
0
24
0
17809
0
2
30
15814
18044
0
0
2
26
0
2
130
159
0
0
123
0
0
17738
63
0
0
33
1561
15703
0
0
0
34
33
1
42
0
39
3
1
0
54
0
17790
0
0
0
41
3
26
17723
175
0
285
0
0
16027
0
0
0
0
0
4
0
172
18119
3
1
0
0
40
17483
223
368
0
0
0
1
0
0
250
17846
0
0
0
17708
0
4
0
9
30
1
0
2
88
81
2
2
0
4
0
0
1
109
121
57
245
6
7
0
396
1078
100
16893
66
35
0
135
5
5109
0
0
0
1
0
0
0
1
1
0
1
0
0
17
0
0
2
0
2
0
1
37
0
0
144
0
0
127
1
6116
0
0
0
0
2
0
0
0
2
0
7
0
0
4
0
3
15
0
24
17872
6
0
347
0
1
0
26
2
0
3
0
1
2
0
0
38
0
0
2
126
0
15
345
4
0
204
2
17138
4272
0
49
35
3
15
10511
18070
36
104
145
15185
0
645
0
0
1
1
66
1
1
30
0
5
0
28
231
27
14
4
2
29
0
29
17184
17879
9
2
221
1
1
14228
17
56
17789
18314
0
57
0
0
0
33
81
351
18398
7
30
54
9
5
2
2
17785
0
32
30
0
18178
2
9
18
0
0
1
8
2
2298
6
2
1
0
0
0
244
0
16
349
7
17363
0
156
0
0
348
4
21
364
4
28
2
0
104
2
0
133
0
1
2
0
84
30
3
17808
233
94
145
1
44
2
0
3
9
29
17819
0
243
332
28
17616
260
16955
0
5
185
5
2
34
0
2
68
0
17596
1
25
216
0
0
4
0
1
6
1
99
17801
446
386
0
0
18180
0
131
139
102
8
1019
4
7
11885
33
16143
237
1236
280
11
5447
40
46
133
0
114
0
12974
0
102
350
17778
2
211
1
8
345
1
17455
96
1
6
0
0
26
0
2
0
4
127
3
1776
0
1112
949
17
2
0
2
0
0
0
3
0
0
7
1
9
0
0
0
88
1
41
4
0
2
0
1
3
0
3
36
0
0
94
0
0
0
6
0
0
0
4
0
0
0
17719
43
2
27
85
1316
318
38
17156
35
17995
0
23
121
3
0
356
7
17851
125
0
1
0
39
2
2
134
35
1
1
0
0
0
0
0
17850
3
0
0
4
1
106
0
3
10
167
114
0
75
17798
4
0
130
38
29
35
0
4477
0
31
87
0
0
0
2
0
17755
2
18
33
0
0
2
0
1
1
0
0
0
40
1
3
29
0
0
17839
0
2
1
17746
33
0
61
0
1
17756
17725
33
0
2
0
0
17851
1
0
17685
29
0
0
1
267
19
174
173
0
0
1
0
0
1
134
0
0
0
0
17
17532
0
0
0
37
0
343
21696
3
185
0
0
2
1
17
0
29
0
20
126
0
18228
0
0
2
27
0
0
0
0
0
4
6
236
0
0
237
5
17848
17837
16989
213
0
111
0
7
1
0
46
0
6
84
132
13082
17949
2
102
0
0
1170
17
0
0
0
41
1
34
0
2
4
17726
35
45
42
10
32
4
34
0
17522
7
4
29
0
3769
86
0
50
0
2
44
17501
28
0
66
2
17517
0
329
0
5
0
40
17572
0
2
13
17897
0
0
0
17533
32
1
3
68
1205
0
0
28
0
390
2
3675
360
2
523
377
359
365
5
1220
204
116
69
16
