21306
17039
162708
2502
3517
198160
5085
25388
25121
122744
8039
73240
1831
9059
9611
836
2465
4331
15619
7889
24115
38494
656745
18501
3814
5727
30064
4863
5303
23114
136561
7029
21290
3555
202055
4013
21022
206533
10856
46173
134976
4212
162689
16418
31777
34760
237946
16950
1908
2825
1569
517
258598
26044
10385
51804
5972
1342
9476
248861
1109
532
1948
1331
36874
1950
3166
221
28336
33296
4312
7206
4113
555
16226
2201
512
3874
5957
29565
2582
1074
4397
22531
18071
98100
38789
775145
85245
34567
485145
162714
5681
23047
17345
835625
2795
298
831053
317
7538
5884
806938
33807
4961
23951
17207
6315
429
6099
2408
839
1624
974
890
9297
174533
71368
755544
170915
1914
3802
134822
87425
38859
4172
23981
145798
3412
806799
25177
4698
51007
82952
2984
22890
153034
77383
1016
4050
1173
663
6987
605
25062
2753
5507
19748
80008
8293
383407
26734
188652
7536
117104
1362
73258
16044
117863
25060
1622
6643
273822
10808
9442
1477
41538
91944
25094
91816
11613
59236
15120
4700
947967
12020
1186
32505
27653
13717
501408
795264
434462
14465
67600
180354
10148
2629
6744
8704
115231
70257
14645
2171
298
1012
11447
14041
282556
1632
724
398
1012
1744
105
1082
845
308
297
11961
89790
257517
8326
275147
8947
93972
1745
694514
9337
161434
5122
275533
29091
19064
68812
13796
61331
1308
4704
81358
6267
45189
158866
403292
69746
275117
2404
102442
70320
255345
1074
1524
4922
748
3816
1052
78853
1973
2621
14786
3957
995
1479
3094
10434
2979
77180
317102
415258
29616
4635
91459
63990
11951
5954
8617
9000
7350
7524
17148
826012
1687
2760
826718
54271
20723
106639
31732
221798
5115
7839
998
13834
696198
2657
13136
4271
14672
103684
3418
316408
1951
708
1269
10443
395
52217
3055
17661
786311
5586
1700
12009
2151
6579
87549
8738
24104
9210
520219
13155
60865
113314
66039
16976
38368
870
2941
28951
2464
10164
3063
99906
2167
5929
5207
34144
25589
30283
100163
438692
2287
361
18502
69635
21430
16785
4393
4113
6680
56855
12050
22325
93033
28471
29015
9204
4199
95429
62186
10835
621641
1884
148
3540
83584
19117
203303
136509
9192
532830
2417
7835
14927
9295
1726
119300
69095
2918
162059
18383
349
123595
2976
130327
4622
4927
16828
400980
4289
811178
27028
8996
14117
12671
1551
16462
3169
355
119187
218590
2157
46596
782125
3864
174672
3814
559
115
144
3766
600
11474
45038
2863
5690
29708
5696
802065
2508
9591
4276
6213
2363
36881
588
94435
6494
16340
776
11142
128328
7449
4933
31020
7639
5933
7108
80875
3359
124678
10348
119175
38434
1837
1477
788844
23287
13082
22462
14944
652200
4357
12791
72284
267793
1804
2711
171
2867
2657
53
47680
646
769
638
6592
1115
522
6936
6210
285
1000
4174
151776
56320
13355
52636
233072
2076
61163
2844
450323
184347
122041
24541
426943
2376
106417
152538
457
1599
3765
1339
20962
737762
101229
1099
134253
2321
6038
7245
49446
3839
57836
1465
11510
20929
21103
392
1050
3604
14713
3497
26029
23267
6322
5563
29145
117623
7564
6461
10329
15339
20604
16886
36463
798535
8988
126217
10704
135267
4534
35121
2466
8267
252434
83760
5806
11222
383058
5521
1903
1465
128722
4707
771
8175
10649
1023
1243
181
549763
9469
220487
52144
19376
700708
132521
12682
10011
98662
59223
3822
245393
9897
7828
5404
145080
37161
3260
35678
322610
9372
109213
671
12246
1165
79224
44304
188119
555127
6390
3012
33233
820
41194
36294
145377
6227
7117
6175
238072
18049
76621
8627
24974
5228
12079
15611
146444
185646
101247
2211
30497
13351
1251
2788
2678
7803
17203
163091
185297
37704
2834
1359
31581
6761
300992
128429
76724
92027
786636
633
44725
658
130080
1978
25129
115889
1440
679
2630
8750
238356
3632
58490
4888
6186
294
800579
8630
2233
120926
105553
8825
86982
18143
7538
23574
4755
2602
771792
8709
10076
917
32221
7730
328507
9176
15626
55595
11375
1626
14482
727
8490
328
4898
254
2421
9143
19439
82034
6192
3904
78600
2856
15500
959
170263
95154
20075
19037
134682
4054
78438
3094
23152
549733
14175
13677
19487
8915
11190
16728
28117
144979
25593
25594
16083
4005
49663
8064
10417
219644
163274
418761
1450314
15262
21536
2066
7482
17297
2045
1059
18018
494080
45877
4187
18328
152
11890
11202
150891
1102
297
1222
14517
236
3220
3450
15635
486833
1975
769180
361363
10407
1712
86691
425350
7326
5686
12042
381694
6528
18354
185419
76676
126845
13854
170470
166400
14525
4381
1468
52433
4967
1251
357
1235
3279
1487
111989
1925
1743
14687
11022
325683
1289
16157
315952
248154
7766
4711
10199
28546
75383
113977
281207
140353
3767
1205
6520
2716
2817
1462
1873
1708
3403
1022
357
5304
220
156928
55702
163025
2255
1618
4428
69397
8720
5289
3296
17457
277526
2570
3249
42718
3644
9842
3017
95143
14860
1400
648
872
72268
44807
5351
92766
5886
12620
2892
58547
6824
3110
35842
6511
272
831
966
2175
2113
1636
5385
2917
777
483
159
2117
1176
2558
516
624
292
1554
8239
317
12356
214562
187313
5564
1840
342
261771
752766
129011
73195
123417
85989
7708
246404
19742
27055
51831
3871
1579
1818
3923
33948
131520
29946
347996
11784
299
3005
673
197011
13585
190305
411253
80900
1617
26374
10239
129346
672
125270
2782
3714
42206
12807
681
237570
7968
3532
49542
1363
1159
4810
27099
135381
4346
12742
12522
7132
31775
375958
45364
13113
208760
554353
12047
92924
47833
5025
6387
1014
2027
1707
10848
20009
16097
17337
3951
71719
418498
118297
8444
7402
2744
11917
4599
122553
2069
28064
12999
12340
121446
8772
151918
52850
515198
252239
528226
104499
47442
51127
21576
37461
157029
189354
284521
1874
10868
4926
819
32302
46183
104692
94808
8338
70813
14335
3374
1458
7280
845940
5420
779
308
83869
686
1764
1268
223
4049
8934
94
12536
22908
21
352
1355
1796
499
851
84871
2551
931
1599
1454
4022
892
70519
19329
2873
1433
34197
2230
2881
2398
2449
85980
2332
57305
3668
526
38073
185660
1492
80984
121827
123005
602
1984
35168
454
790
66659
175
1196
2559
2894
4463
869
47486
21915
6393
7698
1427
2943
2129
170555
78801
48088
11082
4662
319929
5777
16649
193053
51349
287837
53058
420
325239
3362
1194
1071
10602
1140
1346
1413
859378
7067
22711
718851
37087
14653
1519
1914
741700
2134
19194
2817
87079
16197
802
18841
123129
130129
72408
5172
92087
17621
25716
4775
519286
3846
4868
872
19838
358
1243
5410
93756
3826
15256
117190
15347
765287
1398
2071
1614
639
168
123030
576
1379
763
29253
287018
697087
240
44893
4774
124880
1432
6746
4243
21041
573
483
33538
14506
69263
5313
4473
29424
4577
1312
169738
47895
1657
2779
5167
6744
4687
26509
116
32175
62
43859
24551
938
1040
92239
3005
17212
99076
158870
30087
664202
73510
2957
391
1430
688
2090
2446
8962
357136
3527
943
2826
2726
11361
9461
17191
9299
44558
66418
18570
239847
12369
2307
2746
2859
430782
8521
250471
127956
8404
82940
3498
7427
60899
259024
13619
294047
11842
3247
5159
2107
120084
31637
150160
1514
10913
785608
617
676
2984
12094
46234
5054
451
88005
2699
53947
70009
201573
10081
16632
39434
229869
799236
7108
1582
12553
1726
455
2025
19776
1666
122223
146493
6227
5183
830
730
331865
82084
2520
255363
974
3248
889
265944
2732
4019
14530
2137
1144
13425
8596
34583
2259
1583
463
1827
4540
16588
876147
281536
60099
1283
189357
10424
3858
10099
3049
51961
8534
1493
6114
386289
3048
7590
482
40262
493366
3502
85645
11621
919015
87216
279635
7624
23818
7591
27777
82922
1560
22287
368
82525
1533
814
30315
76475
26747
2845
297
64460
2971
2834
1768
119306
1834
3148
10343
1285
10763
914
28953
17088
89641
90740
7419
174
88697
69477
839
36946
5735
40710
5634
1272
5602
953
962
30572
605
151731
4958
1305
20057
3603
7301
47012
4547
233193
1845
405750
7948
237579
1152
5725
84953
276029
210411
6692
16064
135096
20491
68284
3555
1697
121
126824
10878
1051
2407
222917
1152
65535
14904
1715
30961
987
1822
118890
3946
12262
966
36186
863
5048
4105
25502
5193
4489
23949
67362
4413
60985
1349
4761
2787
5601
59490
6508
28246
3814
93479
1612
24578
6268
25384
64947
6818
30258
497831
30612
1416
2106
10005
665763
5120
32229
8881
11457
7907
240576
4812
108657
145384
35588
2262
8864
3346
97125
71471
1500
1093
61842
22462
18945
7149
16117
11775
1040353
179953
430713
31925
9097
181
27148
1261
246
526
805
378
5361
762
2114
2619
7215
94166
14984
743
704997
2985
2875
1888
604
161900
40006
6671
332184
1092
102572
715
734
18747
6332
5355
113877
6128
489859
342655
6353
97706
14716
2749
120129
221386
139131
28530
118062
107172
485042
6312
123244
1076
12449
335
143158
2504
6917
1713
233524
583
9528
13150
870
74044
4159
1349
8295
3561
13957
2517
119408
7869
4587
141188
127734
8474
3422
5133
7616
44889
8663
21039
1972
3492
11290
128397
5709
2008
1369
2522
1912
133154
9260
51814
13386
6986
136239
6551
8542
15301
5216
3821
55922
6647
33265
1959
15547
36138
337509
127760
8319
28569
24155
1240
31977
1200129
140781
666203
1534
11532
690560
8002
268312
7424
10374
543045
58521
13855
189433
24505
5315
35460
36788
1854
11410
42452
997
21702
806786
89200
25731
26841
1776
269085
1833
2940
8473
8259
2388
913
116186
83500
467
133269
1264
1681
4697
219347
10934
230364
102931
2202
21382
56994
183890
3513
2323
11980
782053
7656
7838
28210
33806
280727
181162
32027
7695
13282
2852
69492
57056
580
823
3229
93597
5978
9344
24175
2650
15038
5791
12734
2020
2576
19737
1453681
40842
831
2633
2333
2012
1029
84227
1524
17684
107969
176637
1581
46184
188
2952
1114
4065
1290
1912
33666
153461
6321
2458
26545
43315
9464
108258
8754
48029
5226
867959
299
494540
3197
3400
159
501
1885
132112
1331
2918
143873
24426
9371
3461
16486
5920
2645
528454
537
2086
3167
3279
15988
13354
33419
2969
602
3888
364
5543
365
69833
30863
79108
344696
11691
113026
1165
15238
19983
47900
632157
150823
5984
337758
4610
438264
13498
880
7082
1058
62008
3410
102569
88592
17564
1650
2893
5838
3870
990
7100
880
497065
27723
171917
9930
10205
214601
2209
4338
143237
21457
98117
168588
9770
25953
25716
21948
28287
313587
5968
13815
10013
96732
33831
84707
813523
8269
15101
51019
11503
22379
5322
14028
12920
112732
13742
129753
9477
456
961
38119
44154
2772
5301
332118
20650
6588
761
524
763332
142162
792463
14606
4030
17850
629
9960
2570
1648
1097
201973
8698
7802
3638
9421
217715
3567
675955
15317
3137
4847
2437
654868
91696
3136
3458
3710
12801
520529
912
275740
48611
519
3972
38282
1029
297542
9335
96825
5208
1761
479
1419
1280
2734
497
8659
10637
4873
14098
765
4885
8703
6370
1064
20097
11440
255880
19231
255
245210
13746
2465
756918
654292
44462
109607
3357
6365
334
9207
1175
2851
33029
2444
413
141404
247
1219
7384
5897
288881
6814
17460
2441
89969
943
2397
11009
31672
2279
480851
6729
12583
23429
5315
5228
892
8155
2607
34763
1740
8152
1925
432
1428
27074
1485
8881
18416
6154
198212
455
13543
763
127817
2392
13720
238
26756
1148
801
320492
198677
10601
47257
815
984
447
78677
163496
1804
1336
1086
2361
365
270
3256
60335
2434
692
6548
69351
8353
435580
6255
4294
6202
163224
150072
1032
122760
644
9768
1657
20190
19113
799821
44264
295329
334
150987
3427
22641
762
2275
6416
235205
7369
13358
1904
45276
12217
146512
11476
27443
3727
1323
6497
126775
19053
4472
376
106474
734
2948
541
15107
2178
3404
636
772675
68137
27074
449934
135578
9527
596322
7517
141263
1520
63282
95172
2785
1284
855
438
103551
1587
159428
1239
2651
30126
3133
6253
3949
310473
22004
32662
14144
130200
11631
3910
44314
1102
13148
3277
4066
7234
523988
21219
63462
659
1795
53783
1541
33498
1311
430
72411
9981
10891
2418
10736
811351
396892
5203
10823
10842
5578
353653
2958
241427
364373
66128
1854
67784
4357
931
3330
32267
1350
1522
622
499
720573
2892
4131
83983
1777
3087
5137
762725
2345
135927
6806
7463
23687
1541
7705
4530
93141
6064
208724
153343
88806
114541
13811
2665
70666
15321
6155
141765
6343
14425
37446
1072
31858
148478
7270
16776
12736
4760
2883
27008
6635
5627
16223
48499
31594
13894
6151
47851
16758
45438
3942
8169
252204
2051
36092
28918
3536
26027
3187
26972
93902
818853
824
13723
5573
1372
4783
407620
86688
186564
802671
17949
8028
1639
10538
135834
154785
103464
17153
46822
3976
750846
35593
410216
16948
87847
955
289124
458
529
96408
201852
415230
80718
8249
103399
1253
150030
4977
83062
15377
15649
360582
110364
19167
25713
28465
2809
7164
12208
84153
5898
600570
14348
112366
586504
100074
3720
2030
31981
123674
1070
5961
79100
2312
2624
1649
140627
11160
7277
1408
232204
207658
6750
4209
220856
1323
3970
6260
6593
9100
9710
7131
16020
4397
84360
1072
782707
3296
3950
195
9970
4940
1441
97136
226272
18005
13893
961
831469
11423
6202
345
2761
17578
4962
3087
95382
136841
102110
339004
50021
14212
526325
34973
138489
7903
46134
354847
7774
855525
20830
139199
7300
70535
47710
40040
2379
15010
11222
194993
793140
4301
10291
211655
11387
119349
30753
776687
12439
66189
3781
3507
2954
45691
13065
32532
119660
26944
120700
4787
46480
293101
26641
36808
14483
141241
749
3341
913
88630
253994
134241
90872
46883
1339
2508
7241
52953
38294
264992
9504
3715
2148
48548
51219
18166
32711
113703
73548
133460
66091
7945
1807
3239
2152
984
5503
301859
4947
218
5180
910
1391
3459
120195
99817
92020
763
8480
3933
128892
6001
562359
77133
2624
11764
25716
16464
32729
121805
9354
63204
86952
7281
10260
18109
543197
410
97
13057
1053
2462
1194
13839
1295
11554
55350
383034
126007
639
970
16888
6846
42161
25844
29222
41072
7748
787786
707047
607816
83042
223535
26736
10478
14135
7174
3625
1561
1716
52871
19226
5313
11772
4168
1464
7954
9057
25253
5609
212467
969
336294
1939
13676
13257
2475
166678
78556
16605
11366
54440
9730
6868
56604
4045
69887
3053
110253
10999
4246
513
191321
1504
14614
14790
494
3837
4548
47250
182904
787992
6141
28686
58210
75721
27990
2359
33127
89874
87106
6064
2535
68123
2295
31384
543557
29257
147227
762
118140
1903
12003
4586
830
6029
972
3473
70911
10384
338543
3050
3017
8768
148175
8399
1643
8488
463604
5199
375
4334
20038
13784
4836
268773
12217
64899
23876
258322
696978
12402
11089
41902
7935
5109
107187
3534
1965
8571
1752
2227
12357
1919
54922
81935
30638
15949
406652
317528
9129
54549
70387
892825
270839
16939
125940
7073
3657
207722
19177
343318
51482
120291
4998
26567
21616
781323
3524
6960
176565
1583
4268
592
414
12287
1159
1511
42392
2859
758
2362
3694
10516
112606
51114
139029
1670
15448
4348
998
20086
1432
57423
28135
12839
98145
211600
25312
15577
8089
2500
26016
1012
1405
169483
3836
97391
2305
1019
987
15646
23347
2629
2426
12570
6276
14219
244553
1357436
10384
34020
1385
75972
65397
10760
488207
3614
1816
910
7942
423
1643
10725
754
5593
846
1816
517
1156
3457
759
800157
8353
9025
8241
1308
10167
6032
26570
1247
781127
3323
168376
1533
96322
1596
19791
23730
2507
514854
1516
7029
9796
3559
79874
113
68667
20142
3589
78186
120840
6605
2754
5544
1514
34534
11645
4379
7646
52793
27973
5456
39767
95816
11275
509054
11660
27571
772991
91021
300
438646
2055
22994
59058
15039
99657
2070
7986
1778
8080
105470
224400
16160
81070
19548
708
125790
39111
9852
3759
521185
5265
1256
124045
40536
137937
215679
781452
7667
16828
3241
4177
308987
119360
41446
4625
24660
5500
631
203061
3152
209659
4170
559704
10687
43589
1577
2112
419
540516
6390
11941
8003
25662
1448
1718
643
696
327326
64430
79024
31775
4035
14002
202
1584
1536
15402
5724
58298
296
4376
14100
999
389610
4620
18648
217125
5212
3733
6249
86104
329578
8678
21844
20114
1305
177643
4905
9501
5452
49092
17138
70187
22396
25657
2761
2301
13500
11610
630983
3815
319
5110
718
710
920
7141
354965
24256
514396
1880
148355
122220
15931
5496
612173
47010
14394
107061
6667
225974
144050
154856
167692
25623
72921
11520
2226
556474
2639
18789
321343
122949
1152
9636
4535
7572
210407
8174
7596
41489
13002
619433
1925
197415
188295
21424
416721
38798
521084
54112
9892
17170
25120
105532
45421
27588
25557
7079
199572
58719
26974
13695
5234
17375
1828
119407
9715
13421
104218
74026
23772
28489
5186
781246
8244
179849
40312
1414
19258
17778
32174
392582
829
812
3337
8983
18756
14324
8432
16455
381
997
2271
144659
8494
15696
16149
3290
13686
87268
13962
1889
34950
210148
22574
2060
87197
94691
352367
332647
508171
24731
188329
394899
190494
5478
416616
289649
12443
977243
384970
55753
5169
12527
9299
805954
2321
12346
10338
14612
8590
14772
855
3698
182588
19827
264021
19119
17090
47887
4939
1087
8158
6735
1852
33629
9464
106337
807
54596
23322
10268
4432
17716
455177
177098
3205
297079
194162
198266
5961
1615
801
676
7055
798
1027
4877
18550
37900
4285
478
855
3300
3824
33828
35017
2087
8208
5825
17948
5486
122017
159688
13008
3642
336713
3333
8740
42
34909
4202
183
5883
309
1756
418
875
1318
1003
14011
1632
1213
1798
574
254826
121669
531075
5620
122313
289
57119
613
10729
812004
5493
2729
4681
486857
24638
10248
3104
489
38420
351
10693
35614
762616
7945
1005
13863
430834
5382
7250
9651
23629
131845
2857
1072
6453
862
17853
25960
60979
65708
386349
3730
60219
218754
232581
790065
523630
5256
10049
264
10115
379
129100
512
635
1664
1960
463453
9714
10790
4351
5179
441250
7573
260056
5060
198806
349574
533647
3703
17986
143391
669087
81171
100540
1456
277406
1024
56914
2948
10011
5080
14226
392157
5981
36240
5623
408734
6062
2695
1160
164455
656051
921
427054
3859
5731
6179
293140
85845
3628
16823
4154
5300
165334
101333
734199
39876
2300
59884
394503
12106
1744
53913
15191
282
1838
2077
522354
1622
2423
15934
4154
1201
3898
5009
323955
3071
2240
10572
843081
1291
1410
110409
283
7581
628
2155
10982
39560
181
359
49749
3181
432
11371
18391
1055
13122
295950
5247
4616
9776
1991
336657
2132
20256
119977
36143
5192
794
13425
10758
1068
42910
611480
56447
63213
12976
7007
997227
33416
2103
262720
264062
8905
5745
8544
13397
362
3817
21704
1574
3912
34358
70280
16879
24109
1803
76064
3775
10788
9514
109563
12859
2147
5936
172491
661
116804
7413
62822
5882
150940
651
4887
549
850
2704
30395
2729
4680
1961
5814
10562
22595
111068
971
2195
2043
805
4333
2580
1032
13955
51349
9336
2982
2720
34629
19259
11805
135845
1618
3601
187330
3845
786644
3200
91513
14402
3451
1471
56
182
64933
447700
182314
13970
19173
131650
31439
129
582
4651
949
319477
59272
7319
826180
823183
50908
10573
15083
292663
1633
117983
3482
7454
8983
108706
1404
110245
5709
429190
19201
2748
3477
1516
8038
1276
27929
14043
28078
174046
1710
195864
15067
844
119066
143444
311
3259
7399
126
2222
13761
108834
12923
31742
553
29781
14612
271642
616
38511
7923
268
353
1155
3380
146421
759
25939
962
16299
3429
6494
2480
1126
12243
1685
6192
3395
2948
1684
751
8548
373848
30227
59168
18473
6692
33472
1811
14633
5805
774
26273
420
15813
706
1313
2591
94806
462
1889
339
10285
2748
871
80273
6892
19763
22894
8596
617
20623
1750
123753
50574
241877
7722
4576
12705
7280
8137
2868
481339
9302
5350
1408
2502
328448
1817
17778
59124
88259
2797
1326
107199
6274
337821
8790
5025
654
1193
2879
52212
16303
4212
3563
6344
270
793
4744
3154
944
5062
1012
906
529
6833
5377
491
5253
63
258852
156
2253
383
3786
1578
6709
31
10894
2719
209429
6254
11325
687
19081
516
2766
2253
17261
6199
26780
1323
142597
868
34153
1268
4128
4213
1360
157
4429
157
7264
2581
3761
1363
34035
1513
4096
46556
2768
71141
2304
138036
249386
698
550
621
121057
867
23582
14296
507802
508
5570
535
412
84671
136702
61981
1029
1685
3423
946
5392
12756
43942
42206
14028
542
1018
231
11973
209018
9846
100737
21071
208455
2050
1145
786951
1872
816
731
9015
997
18367
700
391638
185410
5218
13366
123
748473
878
9412
507
17388
374165
429302
7459
75906
23131
1128
39829
3566
1934
2983
69164
40920
226
82770
508
199613
4101
105062
5066
5348
129
176140
833
110429
38281
43549
67764
6380
20859
21686
74914
12058
655643
245914
118918
12049
16274
4419
101312
1060
31
827
3810
14222
428
1078
904
345202
87484
7803
705
6951
533
60816
1380
11749
1339
25761
8444
11713
5804
2010
123803
7114
19756
18280
15641
172537
98321
77161
231488
3791
4515
13452
1382
2516
88582
513
342866
7230
1891
1880
5616
897
4458
9631
699
25266
909
192105
1289
4410
27889
12051
158948
220852
1213
171149
6569
533109
2749
5316
694
309110
16152
294776
309336
3398
15145
1502
4176
535847
5841
229386
20059
150297
16999
75655
11503
11388
1466
369281
973
784003
5287
18514
1621
568900
10369
88251
783127
2594
45282
286
6750
9366
8652
276053
14999
42104
454
557
138
98824
36097
32676
28911
2176
311
20318
1798
58947
83032
315043
76301
746
1670
338
73162
4272
747
2846
7074
1706
13801
7203
55249
19967
129842
75181
14926
467794
1601
490
782
20333
2181
6091
1573
1661
9847
36235
27166
42993
140
139234
8241
3752
3231
16304
3323
490741
2144
92011
16614
13351
2626
10413
6449
18914
7091
31467
242237
7016
6183
278
29061
1147
154851
15935
403004
292615
84153
9503
9532
442497
16129
219869
794375
32699
3941
23686
205142
3995
5979
15663
551303
3763
669
159185
4137
92225
299320
20080
533912
6117
3798
73142
51830
10959
25668
4549
77520
290
3061
2830
10369
269654
20935
2021
4611
4837
671
1379
130781
818
7585
47490
7280
336
2819
2446
15580
66473
617388
132384
18068
67708
16663
12088
6853
36568
3087
63616
11924
5484
6368
831901
4191
93475
71108
658997
117938
5061
373340
10047
78352
5806
93648
599603
21259
3933
8565
4095
413220
112500
3171
30997
77282
1254
1193
2640
1875
3994
2126
8945
70101
754
163504
94104
5407
22430
767242
55379
8558
279
4660
1179
1467
21324
448237
9776
2211
1157
3802
510
12231
13905
10510
5558
100504
47165
2992
82101
8562
28092
294418
136350
198358
6584
82286
40201
109946
6436
7875
44468
14872
5711
392279
115632
49723
20142
184689
33841
22592
7906
3606
527533
4087
140332
20756
78042
37924
321592
9406
28041
429028
735487
25826
59404
90290
10525
5411
19181
816888
3794
53537
11761
466
6194
3755
212266
129203
9137
554764
172450
11352
16870
6198
278337
17440
1505
18593
43220
2926
252496
4758
5224
1945
11512
1994
130991
12235
1967
305
994
2196
1484
30954
7532
8898
33113
16385
3199
137979
5183
48645
37021
1320711
4593
25445
8817
90521
252673
1823
75363
8093
9714
90261
616
2107
7116
13145
10130
75311
1333
1587
9079
47685
1233
4978
35131
2914
1045
7101
2138
83026
1011
275268
782668
264791
3203
1005
69416
3488
8678
1717
66475
518
1813
17479
874
4094
1492
31873
60975
858283
410
3782
152
455
2063
235
10132
9543
558300
4251
1086
361719
256420
5851
112424
23812
6458
2415
850
7857
2973
1238
63915
449
12373
9235
899
3863
5522
8968
20809
10232
5889
5770
77137
420845
1295
342
567
1577
4413
228632
960
8631
225322
15925
47186
137172
7371
1773
19436
47030
5502
263
1355
362
36158
624
43040
588
91700
596
582
87847
863
110
4130
265
393
117
110856
12274
1865
67134
246966
72089
501
935
6865
544
3770
1476
726
30169
287
718
956
9848
370
1680
2078
69300
344942
18323
695751
24798
2614
162
3673
2699
279
481
22660
20121
145864
66823
8574
20524
1613
1444
2183
35243
5907
4860
1350
1296
5382
1958
4034
517
799345
33956
293
12076
76978
5355
11165
8197
3674
132478
1187
6964
36370
14472
57046
2489
729858
2668
1407
5257
69531
39
10112
1034
73205
3427
25896
414
9393
11680
197700
1232
14617
1721
1929
3401
5163
328704
104680
759177
15779
4484
152657
18481
18760
203486
124089
1097
11234
135204
262086
11804
263911
15278
85682
1348
37364
47707
152793
68232
2310
3884
14909
409
8095
2833
1040
766
48201
13279
16838
93316
655
546
10544
4606
4712
426
73176
918
106259
63037
943
25990
535
422
9216
1336
17743
4160
341
2144
3579
67164
2662
5092
4555
116689
191
1172
14987
8644
27053
29563
19609
3723
11574
147580
1654
795
20962
536
68072
30002
780
1851
5797
3849
9329
4288
7219
6362
3990
1915
