547239
1153818
2813226
883699
800923
1146403
538274
2140370
1819581
3335535
1701435
1458329
1948057
855534
1602381
1364759
729463
520016
433913
102730
597716
541676
975333
985035
549916
923330
2487066
1212266
611776
636036
1888567
669610
2291711
391795
1631068
1000673
2696580
2169840
2495202
702679
1566138
2488291
2172987
1120745
789347
970855
2267242
485207
607090
1371501
210926
923569
295574
730213
503971
583838
781373
1177385
1242309
799710
818979
732032
1341787
432813
291182
965749
1123689
935226
358883
835836
711065
390817
1115384
3027251
1170161
1392163
88735
209911
535490
531367
175297
574517
1579035
552877
257818
631331
698058
500722
360393
1823703
1682393
551952
1128017
205407
1363171
809643
1436863
363217
518445
353690
1282750
601430
2167761
323283
1819118
1437828
2042139
2421918
2239937
180786
2069390
1009667
1045945
1289246
646411
100012
683211
313804
351699
725626
1751058
700818
1864754
860287
476317
806003
819576
897229
2880064
1135749
3336499
2638328
481917
156455
1831122
562595
956987
953198
2925564
1322086
950538
598369
1483593
452731
1708202
1011159
4020069
413202
1328679
623277
1705360
982345
1543205
1404268
2137788
3139502
1194664
1064393
516752
598411
4073083
733030
2824005
968129
1712167
666792
2645791
1947176
3263455
2032023
2255984
1652235
1831942
788007
2211323
1175193
2701424
766202
2720783
263687
541298
460600
440418
1028031
2646367
1665716
2392282
1292689
1206930
293335
1359168
583735
1698681
1385005
1058078
1323104
156614
972930
2107739
725424
1440318
768076
1574313
351143
137670
452937
388952
985744
708384
202253
684481
300756
708417
299612
1046758
249547
235410
234067
1426454
607954
151082
173175
1433204
924286
2218847
1560076
1204371
1180005
1474394
1210071
943499
412115
1974534
1032868
2750923
828969
1612165
537310
1469739
776837
1120438
546975
573847
682144
380859
806592
1210769
351695
1000939
505558
1114369
1453471
428412
924638
557940
572567
