2204
21364
91020
132
36291
28481
36892
38604
57263
36269
69573
30935
36399
368
31243
41
638
53477
18133
35528
28595
17807
18418
18001
847
18829
69175
17956
148
34917
19405
4792
39401
17434
36419
18489
33661
58031
9409
36867
112237
40984
36396
53325
30242
18536
18080
19171
25076
20489
53962
18820
18459
36578
771
523
45228
36592
72588
3090
72610
35600
31009
377
16089
18393
46261
13097
35939
17854
52833
384
713
26673
53954
17635
18259
17977
36363
52704
61833
17472
11090
18008
17553
35396
17989
18179
18116
18538
35906
483
17163
128
47669
53626
18336
18249
18310
36138
36427
297
712
30483
1353
36855
52019
34987
23410
207
9438
17966
1111
34501
30257
6787
36141
16733
18003
6786
46492
18674
37124
1575
18798
23231
18590
74699
53560
46347
52309
18397
17431
18020
780
792
35394
674
83819
36749
53703
19807
80199
54223
18683
18166
33453
53897
10453
18433
538
48113
18187
30477
1025
27490
48980
42783
18714
54745
67826
940
16062
116683
33653
610
49128
61564
52956
30457
73728
41787
36639
52986
36479
53394
59773
129
10072
24225
13209
33850
23953
406
59387
3053
1159
362
193
35723
36733
37113
43128
54556
5125
36808
18200
18626
16442
19774
281
74875
36160
1130
10513
18215
10244
32817
13017
17980
36704
17902
52161
17573
36136
34488
53891
225
19295
5390
6713
33
18319
22397
45717
446
86105
36796
20733
18891
18206
36599
35442
37057
37147
49729
4424
41
280
19317
54034
18070
18453
22739
17920
53364
36217
40026
18615
36205
48952
19245
21844
53112
36891
7991
