676
2665
6622
1767
522
3545
750
4318
6677
11622
6354
1169
7415
2379
4004
4862
2043
545
1237
1539
342
1780
3227
2812
2136
1314
4475
3552
980
2307
4935
2029
7629
1382
4573
3952
11704
6369
7886
784
3610
6549
5211
2437
1037
4018
4071
976
448
3847
2220
3058
236
307
1946
702
424
7051
2805
2446
2739
226
5465
3859
545
2341
3465
2293
3297
2736
571
2182
4006
10739
1740
3849
203
169
3889
3571
73
1086
3465
1915
55
1903
2029
2129
32
4430
4999
2044
2450
499
5953
2257
2002
1999
1935
490
3120
569
4131
664
4868
4148
5999
4908
6458
311
6664
3692
2351
2457
1812
216
2212
1802
705
227
4895
1038
6213
677
257
2191
521
1885
6231
1765
13175
9060
1225
214
4225
1242
1448
1334
8029
2191
1727
527
4519
684
4339
7074
11939
4035
4580
2213
4284
2917
4142
1304
5892
10561
3325
2117
1253
190
11505
601
5155
951
3994
3064
7452
4007
7936
4672
7878
6588
4832
727
8390
2768
6441
2369
8143
108
1583
1529
2007
346
6596
4151
5688
8537
6114
480
3663
726
4312
2391
2600
5586
344
1703
5967
2533
5464
3085
1730
2912
261
124
336
3210
2205
110
3721
352
1582
242
1989
1205
135
1459
4592
1008
89
31
771
384
9181
2952
1380
2110
7463
4021
2498
1443
1857
3193
8037
2824
4774
438
5894
3557
5676
1906
2325
555
2381
1413
2544
4
3728
3230
1273
4274
126
3454
2878
1491
