1078971
2561283
3500340
1364546
1391325
1775904
2207687
2970785
2528652
4592623
2824023
2001923
2165603
1016851
2110146
2376973
1393294
917667
1369540
573146
838420
1400241
1462598
1797116
1302823
2680499
3342370
1356500
947537
1693796
2483591
955079
3000267
741831
2268175
2251573
3948059
2284331
3867038
1459086
2815800
3252331
2286437
2194850
1555012
1675075
2851311
860551
677953
2316677
392729
1097434
377887
1164394
591758
648393
1281775
1832371
1867680
1697769
1823929
1461830
1945395
570380
1345215
1673319
2150902
1026250
1139952
987778
1277130
879015
1467484
3840380
2275261
1669967
238015
432133
1513622
971074
318460
1109280
2021512
653120
226869
1086376
1513168
1693888
496246
3475348
1984946
1242655
1313949
402773
2983888
2060336
2790658
707067
867047
1210872
3272576
1579266
2753698
732204
2124787
1905352
2910954
3192844
2710034
581736
2976082
1461144
1802028
1500837
1110024
212944
1392709
538410
805955
1090787
2550352
1084083
3339904
1208465
1243509
1136707
1591620
1265869
3340996
2093149
4471776
3340021
1406373
641881
2599835
1033209
1839348
2077751
3735538
1998244
1797094
839671
2573866
1347099
3217084
1953368
4623756
1541905
1505082
1340761
2760046
1893404
2759516
1725318
2956403
3803155
2056612
1401036
1192365
1078817
4818007
1205573
4574258
1796592
1915507
1714474
3343305
2697712
4761407
2863019
4760744
2175943
2492571
1113822
3689028
2430291
3349264
1302407
3591712
438120
880738
1288755
1305924
1236578
3086898
2630067
4129904
2019602
1997500
554290
2255268
1120137
2750892
2033024
1838706
1945185
328954
2109557
2613568
1219377
2434802
1057712
1726577
1287587
285901
496424
496956
1113285
1276314
308758
1258892
396138
1539996
705218
1470794
595731
1025493
483035
1855701
1337495
315901
339183
1534375
1150217
2655381
3051437
1954387
1307803
2222481
1946860
1287962
849911
2707937
1661137
4620431
2180093
1937384
1348240
2372782
1186592
2765757
1168832
1423361
646926
599783
1333144
2016680
369201
2068192
779244
1848484
1912758
951942
1171469
826815
718711
