1209
7757
5508
1513
1324
38109
5769
92574
17857
9023
85168
3979
691
272
3940
4389
671
3667
5819
8416
25086
189806
52464
61755
35843
2533
205687
55831
328
155640
56027
54686
154852
57320
146943
129867
24040
127812
16446
58241
497828
172630
57892
44931
8252
101327
12902
12685
192
3737
605
32842
627
2545
9803
470
5130
221
135833
43075
356
133911
3942
33643
1885
4107
3704
673
515508
59282
428387
45343
2148
62320
11887
7433
5108
68
13606
10114
962
46047
137671
33
6378
7010
33970
213261
1444
47680
21124
1314
250600
56495
130454
136543
75106
6100
8067
71255
5016
218738
278283
823245
13934
496909
375992
63206
8220
110862
65992
2111
1141
49895
2506
31517
1056
88553
2877
93299
491094
30092
172586
182
4351
302811
36537
2201
167849
17961
65786
153248
116371
37111
94503
42435
7482
5679
151379
33449
43030
4648
19067
500390
2634
20711
16102
4755
29926
61903
160347
172193
4035
4763
17544
6319
1465
45964
4031
106813
407074
2499
41618
335087
13680
206401
302563
281540
28951
48860
98234
14592
65416
244321
43733
97297
2831
8361
32432
133
1098
6731
894994
166577
5630
2925
7777
10350
5575
14851
4515
5105
946
68491
22873
2247
232198
543668
99762
538426
1787
261554
945
885
3832
1463
2729
519466
934
477
27304
1235
15
6215
630
3829
773
246448
10199
1166
75373
2790
63230
115812
6573
64479
7997
7841
17266
22687
93
1871
317358
52998
421395
2314
7120
30011
1201
42196
144032
293
4
793
113
73
138972
14453
6335
1812
1168
3018
1388
130286
21836
62568
43
45
227
2533
6753
906
2983
1068
2263
14289
34145
6113
8
7456
375140
0
638
1924
21222
516759
165
56629
5681
2111
13041
239
870608
426887
5102
657
250832
93651
4913
1304
72284
15013
1244
58480
761
4724
5638
58672
94463
1952
975
12633
6425
7499
6167
1833
32538
164
62
35
24010
55
706
799619
6044
13637
2551
11
309724
39061
34961
58
752670
53
1485
329
30104
42981
66769
189627
2926
131539
52198
518
5965
79367
5892
169
7451
24066
122842
7545
7214
6140
225
248725
4186
31377
21599
3156
188079
12677
16187
142
19656
2665
416170
173
7364
6896
73964
275239
71640
7493
26625
1711
5834
2337
1779
332846
37700
2575
247009
4669
2471
55902
361414
162154
15193
46
9140
190972
65552
11682
41472
396543
6695
961
29
36204
158439
6041
10525
15759
1205
39408
124775
239514
185833
2
96474
2525
26829
6320
1190
10358
283202
5639
72
551
32
278320
241283
3183
585398
1908
49710
78409
30810
84995
23483
177956
821
522472
742151
262013
148519
893245
139550
367797
30710
3197
181905
141326
11704
6211
3615
25095
27653
83394
99227
21508
341927
10931
8992
2177
251
625
32270
33
89
2799
238
31343
21931
28594
4717
2191
1460
4346
7
7698
136
31450
1198
276
136223
1527
135386
1638
25167
747837
254889
12698
586
2256
4160
25
106952
24398
305
83049
797731
3873
1197
52079
1325
7949
121944
140627
287127
54854
1218
27
1801
47
1004
11373
5563
3995
187
1802
325162
52405
1823
64627
3309
36548
20043
10522
4379
47062
9234
28522
30394
166078
3470
8392
108861
2218
18774
21109
50440
6095
16699
247098
9070
137673
2682
759979
12591
85251
27513
81
6519
6100
57542
796
49211
13
1581
472763
40053
1249
30089
60
11014
135509
23
23483
141726
12712
216322
83052
479999
83179
1886
6
79029
801313
50239
16905
42509
163
80406
6053
5123
1274
66470
1869
476152
8511
257780
6
198725
113132
1746
223865
700
354757
29611
15673
21603
10258
223
29820
17262
687530
135655
3020
75088
5656
297297
155228
928
132630
155872
11871
181573
14170
449414
22108
125013
12698
15866
4104
193222
251451
22087
132066
8658
36136
165499
6831
135156
135
20398
474189
301904
22219
1310
2831
379
6876
72523
686
281048
753
2014
13564
1077
35228
2839
549
125041
35435
1790
789
524835
20210
39167
1840
371400
317283
2641
3723
349875
1369
9417
50343
77165
2084
1701
3204
454839
264427
14602
42
698083
36962
2021
28220
1257
351709
313074
89187
17531
3598
12070
7030
41
393539
108969
29021
18423
65298
19272
745
12856
47412
79027
317080
154270
78299
48894
5024
482145
34303
513343
824
400525
56406
1374
113037
9761
135794
9795
73309
60141
6278
2961
1800
35999
93293
1719
679895
115342
80539
1361
24034
1810
49835
32775
34256
89658
6664
62
115
4075
8296
113
143351
82162
52
4933
360
670
12443
760703
128378
11844
268
48
3
202988
1098
23930
4771
101265
175111
540
1957
879
2454
33079
334861
643847
753
4565
6
4553
5625
57596
272
142526
2668
2402
2740
763
12017
18089
30997
453167
2556
3992
100
773409
19960
5898
927
4097
680
74142
52304
127970
83138
170179
72318
16956
12616
264650
43584
67669
4634
12211
33891
3093
259769
4734
6200
499716
95842
26982
11007
27638
119451
1318
388760
139458
17316
210
7
6364
5459
11576
589162
254
95771
53608
64118
22313
69442
47811
17
248367
8620
705
3684
13
9
3604
6279
442
89
18018
2011
1599
188
34435
19
486838
34743
938
1
17
448
636
51
9
170583
57679
196994
65133
170417
1538
1181
95151
5974
3302
15
42694
30384
1291
43203
79
32514
1226
590
3192
10026
603
19
841328
10672
2251
194
795
3252
259716
4032
75
2596
127394
308915
13835
12900
149343
0
1184
634
10002
43560
42124
5946
54
8335
1825
18425
1370
75268
2347
6779
35775
117160
459
276
29288
259918
303269
3567
33283
37608
100959
3709
251617
66214
63969
76495
91777
163308
10853
249562
886355
649
211747
13344
1882
4103
143435
35236
505
293
1299
357520
1342
54
2404
10341
57095
478219
225307
26398
9602
22882
109219
64884
148396
391272
319792
61264
7099
11507
23929
55806
366
4991
2509
4191
97
15611
725
32748
14573
107589
34173
8735
9309
122175
29637
327
139934
58875
43531
410396
32230
5
7
352
13407
471803
139076
78075
1257
703
104
43727
145
179
1580
21
46
0
21
27
943
246926
135907
3110
0
8
15374
247102
71772
3354
28
1768
288550
1225
5921
86724
365017
2528
17006
173710
87128
6094
116959
2008
2868
2941
5180
384116
910
85
131184
1468
4294
31729
43698
17582
10423
4426
45999
17674
135
4304
8499
130
3089
1143
151323
58738
28017
1131
240420
83423
1894
1485
3528
253
646
6404
2724
700
930
20917
29
66466
12051
213611
3584
5607
1353
1343
1250
33153
1028
94339
690
2792
30
184913
8625
6272
41048
552009
14988
43352
34515
910132
4598
32
271
202809
468
6
1287
6620
1169
19252
1483
12138
607399
26
134256
489
4607
330
609
0
1959
324061
1751
3670
131724
248664
39369
877
88160
1092
0
1969
516647
310015
579943
18
3001
212
4086
54282
135
3011
6483
10860
24876
604
32386
1560
13861
2672
645
39137
20264
1555
1744
4915
3
1013
39531
160547
568981
369704
149236
688
299298
11
2
30764
7975
5053
136363
89874
129
34312
212732
2171
255041
1877
14128
75824
67051
15158
2711
73158
7554
3026
1655
1873
12981
472950
25411
4683
50390
3889
21
80409
129921
65239
342585
19843
720811
76471
308809
56095
24572
2035
23805
136953
258027
736
91724
4598
220
37178
52875
324649
3217
261283
651
171702
1412
96794
38860
5549
99145
78883
134854
1996
4069
15
247784
1167
81263
1
224767
11795
3490
182
83074
1128
445474
4
71672
117
8266
3425
6177
37648
172769
262954
33240
1943
30134
1702
1608
201660
56623
294423
463
2493
1123
4
460
166154
134052
19103
821
32
8
855
3365
1753
48396
631
46
22343
1594
6
1119
31694
61878
313601
798450
153882
90141
3821
73323
11570
9650
43002
876
14628
1811
81489
978
15
347221
2019
21
18
14
1347
3195
598
310154
76
7345
1017
69633
8044
8145
58666
348025
1741
63
23
5005
1421
60279
140192
556781
53842
65
3660
11
9
76560
236156
78654
311191
68344
144
2074
6435
48014
1815
26379
22309
2085
97180
6030
19690
1906
473280
1937
59580
38693
220358
247447
4331
51
1079
3102
646
671
133250
80543
1994
150973
1438
125183
952
94879
10
17769
16628
2236
128348
85112
1248
72599
4
797
39386
88432
206
3145
1138
94177
73242
38451
79248
154568
246546
649
84204
70175
22941
73280
31693
76252
96793
84013
58124
96357
9246
5137
216
5848
12411
11966
627
2071
388
6823
2191
133113
123059
1460
34836
8753
30
308315
708
7326
22457
9183
4899
94
98
393
31565
16646
22020
45294
23850
3752
15
93
16985
195464
19201
18745
212
9009
23084
2997
9762
13210
2313
138466
9079
226
307429
139824
124675
1415
19505
2515
1106
19576
7
41877
35
23399
81
2527
418165
1303
98
16
317
71
2869
300779
433173
1587
1699
9705
2457
7769
2128
17024
82871
134753
221969
133956
19635
27716
1483
71069
6068
4937
46
9275
45
9206
151
2479
24953
773
3
10
8804
5387
14357
619
595
4
967
32202
2651
619
81732
14877
219077
7291
496850
745371
1697
20
33098
63110
5388
2384
37742
25258
62135
1718
4476
5
250933
0
1081
44
4667
615
15306
4322
7
135005
8982
105344
45765
26515
31561
429128
446546
21851
168542
34182
2681
15791
797647
80296
58661
110909
2629
39
107
48928
52773
8398
4272
5158
139661
118597
41141
64506
13451
19206
3368
4626
260884
7482
16377
13926
2113
541712
2119
826
24
679491
3736
141736
7906
8718
755
9201
53
5517
51
27
4
58851
7
157729
1350
243387
309514
451733
72254
159527
30
114
126118
4134
14
256518
1223
25024
1083
19167
23
352215
25
8268
7
232066
91
11002
2
50605
583
59859
49279
74519
160
159270
70750
2852
14248
85186
276323
116259
3443
886
25
1756
918
2444
231
176308
44132
89
5458
220682
18214
1522
27769
143943
441
384244
630
300187
262674
1105
770
1351
2238
7884
5578
918
9371
5674
274075
7069
296
5679
16
308
4868
1844
132809
120
1802
2295
62
1042
16974
80726
289922
2423
21672
248006
10636
473312
21927
89289
12
235921
276563
834
9590
2355
18
43979
3518
555413
20
52
2860
14
6767
18021
163556
26858
24375
10533
57544
336034
36184
8562
26146
33374
2309
207003
156871
105004
173052
180121
6742
237077
27968
412818
160657
6831
164372
161092
355299
310212
476282
52551
447211
144519
49770
84507
4400
698097
56445
127509
177621
11732
6521
266534
21464
166662
153351
38360
98146
786711
38370
42811
77407
64074
3061
2498
365604
483
1241
26332
26040
37551
8939
574
245235
5667
8730
169648
261701
41848
30
65
45055
135443
199
39784
269441
40505
162
30280
6165
90827
3983
174
786
4260
15
3473
48108
0
68392
4250
37740
27
9
748
80413
17129
2347
100538
837
443217
80691
4588
144510
137803
361855
59625
334
312120
5633
20980
1931
20238
768
5200
2968
4075
1600
817
81528
2312
3098
32209
39244
21903
35853
130145
767
3398
2633
32997
2121
2420
131264
81925
385
473
40616
2121
14
50359
2999
492530
4477
19234
119
2366
5318
1999
25
200305
103535
4457
265691
5686
10
766587
27826
2409
1720
26239
39
2085
4
2692
4012
239
853
238457
35256
13724
31779
24147
10834
38147
1581
40678
245720
1472
3530
19816
3781
45948
727
11378
698
251960
3742
27779
2816
68852
634
31420
184
824
1147
649
4025
1907
539327
3783
5117
147743
135886
654235
83
247969
1744
2766
6
207
1830
1689
135190
265
1049
6216
11744
5723
64
35350
10822
730347
3020
9180
70609
84103
711
251103
427
2796
2244
29810
4108
3931
97
9551
636
2344
1
141
8
135721
19897
1147
2866
6290
592
9277
2215
38906
1255
117623
104059
11237
1700
26312
55227
1840
151994
35772
29010
1914
105303
42192
1623
1407031
461
4295
9382
92253
48432
329351
162419
1132
16312
6582
2315
405
107364
1923
281763
1221
38
5388
71327
6641
5306
1645
4960
128889
2691
1517
85395
4773
725
688322
800151
267601
135269
15138
25015
76368
137010
27191
4552
124203
3828
20065
958
55357
630
1757
83093
2959
2869
1021
535
160
45
13930
226
30511
412957
88662
40329
63312
14617
3498
770
2914
32957
15555
1201
1550
6028
84244
28
639
4739
1852
2499
74992
80631
16386
135798
291745
210
556884
4200
1616
41712
39552
52640
4625
6187
250335
59670
52261
56077
16466
250972
2641
2002
19837
3173
34259
33
6853
311560
16673
4721
7303
7766
32962
3138
273009
11738
1735
10948
129364
1149
110731
7601
24455
10708
5671
9797
55597
4202
6785
231496
141043
60756
225038
165317
291806
35557
32516
11623
5462
153361
6849
134947
5031
15596
146417
16490
11071
10736
112425
817031
262037
13665
13
1153
412141
249278
245944
45833
5540
261375
9150
54683
7275
91472
121807
64810
15805
310856
637
20140
5697
4272
90690
1720
252946
491361
28653
58
246081
151138
16334
2311
3707
3072
4899
5082
1129
182203
246
6520
11841
54176
1139
1
739099
22351
8150
213
57848
13534
1661
3127
81816
29886
32251
2763
221474
39547
2431
4927
247064
3633
20545
23710
267102
2797
82486
6527
340825
59789
368952
145363
35314
462004
125429
70485
171
7495
144944
56953
367785
108868
39700
161
1939
9226
33454
1019
948
11
857
595121
13838
7205
143357
28602
13848
2
961
2447
869
1218
59524
1300
23444
247593
742046
1217
51
2244
4460
167953
648453
4928
17777
7154
386688
444
41302
96
2416
135349
246029
37420
5429
39000
71613
165834
351057
3568
7294
932
229
86541
178010
27811
57169
119164
704215
5804
82953
2749
88919
24865
327732
399048
537862
507
64746
34826
623652
24022
9259
6570
0
0
618
39191
217812
1692
216516
4654
60199
645
46414
785874
3605
230503
63631
115198
36115
56689
25501
3387
7423
138772
135435
9348
99
6474
17972
34654
11
54
283126
81281
72711
38099
12749
798251
1794
5943
305444
152187
19591
2832
20557
37513
576701
67020
129603
189936
208139
6789
263234
4642
392013
139774
402644
50931
3405
2571
130150
36873
504882
186
250020
8368
1789
3
1401
245841
65992
1299
6096
196952
354701
1579
572
7026
4249
153797
2938
2415
3622
87454
229569
33501
36227
45396
8312
890297
203070
16547
81782
138223
248589
2656
29442
1005
2
3689
21690
15802
482
3484
242657
30
16
25915
212236
48624
4098
12116
244
2413
982623
44535
153794
1923
25052
210000
17973
135877
169502
82741
444819
74136
321511
62799
151369
2008
185132
1620
2895
6264
390660
118095
43623
2686
275092
909
2715
3337
242485
244
55384
35
533535
1371
29075
2149
7202
28537
1338
890
1162
24995
131084
57
10652
114911
152413
83403
8871
830
17214
3991
285621
56555
22588
110
53740
283
28097
29213
7727
449554
908
20867
7276
391
426948
19
15894
192631
2354
171
133
7783
4879
418
284481
168127
18181
35773
3951
2
17683
34858
375226
2164
113451
95603
54962
83622
10454
254865
134714
92117
6866
4370
57917
368585
382852
44
25482
449
7115
18974
36097
1193
7955
3188
73687
241620
143621
262753
932
5486
2213
62
134138
535
2466
1675
104144
7914
799
4747
145450
337840
811
89126
265777
40016
1167415
138251
58139
7250
344592
4142
43016
721
28381
2982
122863
39229
336045
97870
724
94882
14363
8442
526228
610098
34031
33083
1654
84244
58080
290
3124
43185
32196
262853
2154
4581
5805
79
3423
233696
5823
277329
20868
13090
255354
4957
3732
540434
800010
16
1696
14165
24620
59960
436
2234
2495
242
653
9361
21002
20816
31612
6857
2430
160399
3214
893
2249
6595
107
550453
5120
130898
32454
10784
2389
656
521170
14449
165
18
3932
80896
256517
39374
3527
275276
4628
312784
6269
29067
129121
16233
48867
410548
64106
33638
157989
6133
17975
655834
341519
127826
65410
20890
810679
151378
8595
55408
70255
2529
6659
193
81517
253018
19888
88896
465144
102781
353567
40061
33279
14359
142312
1388
39315
2281
1677
10695
158631
5685
70395
76827
75429
712939
35174
16706
2912
86
114427
43964
257180
6728
114334
25586
111
1164
159748
10682
592340
3625
226196
75800
341255
1173
67831
247517
156846
43283
5437
41922
771
1729
3091
212563
13280
925371
209313
4164
4482
161766
115653
887
385
411641
7573
171
153516
7671
146718
28248
22517
1879
78895
14
363605
48983
113632
96868
184020
545278
42664
9480
520201
5
1333
90277
332870
706465
66302
17851
7410
12043
735674
4
68330
10799
1610
12990
1336950
1
1560
1271
149726
5246
2320
8196
141551
256199
42216
66433
341240
295870
157759
676172
15137
93542
101199
139265
34086
34078
707283
43020
192626
12627
225764
82460
43434
207000
215880
75237
5175
137740
2892
54297
157666
40318
145084
139664
18768
48768
1829
45082
1155424
110117
34833
171249
322022
3981
11974
56444
537936
42367
137728
39212
327602
17927
45697
136518
563449
17586
63907
62367
392
82382
24896
29533
1050597
192723
92215
19947
3384
61883
169808
923
160073
829893
71427
71097
13237
74836
2103
42535
6043
306867
140666
159275
57795
60295
7112
238
169119
432
4007
384
363621
132631
10529
62431
1864
7248
8653
55895
29736
352
145591
129677
93683
55670
1105719
316336
53314
160
176642
66433
49149
118740
237726
14975
3825
4881
12905
18094
7826
10
43609
744
7521
250404
9687
57565
41048
80171
21525
72511
34840
9266
4198
62992
105374
122226
299804
437
357580
436394
755546
223959
56462
1685
183820
39018
56763
2421
91494
3126
203
13585
775
171
114283
1546
4797
28024
245
540
3586
135288
1552
4742
36205
51335
38124
84
28700
42384
226574
295656
38214
58098
4243
7259
194739
67824
3065
1495
37086
141497
2030
30711
60512
63
3799
6177
56607
2569
17139
93898
976
1808
69383
22
7081
462
479
31
7314
167485
143211
10
439
9433
81382
7813
2094
34
139
46963
303
83
56897
3632
310608
749
105790
58571
280
16296
53
8973
15920
1553
82347
55441
20689
746
195305
3321
563540
5165
29864
7909
127660
8331
18216
23
1886
1075
16638
125
272
38992
26701
1276
1249
1474
54
0
80640
104
317773
41485
37873
1055
83447
124977
841
1895
9125
90649
133773
1898
65
21199
40831
303
140467
21832
652084
850884
2258
312140
253514
1512
2733
30129
95918
10431
30461
33612
2071
106533
983
1403
275586
38697
72598
27
1368
382888
25278
827
115398
113604
147541
78875
208188
19730
115316
16679
822598
275308
7398
5
25830
9203
1262
234
11419
16625
7883
4674
1211
928
22018
2964
12161
20818
1155
3
17823
5046
58163
4900
306
9131
13
1621
0
1488
7810
50707
75596
68465
1144
1332
1539
1133
48070
2348
1721
640
85606
241519
4807
2740
4535
1560
6097
1307
12084
19
139160
1142
41162
12903
696
48723
29545
95
149947
364
37204
69556
5331
698637
108913
5481
5560
5412
1181
2166
130519
35718
88
669
9253
364
776305
983
6725
5198
6175
51559
21272
6789
9118
117857
46549
3460
7390
62004
1782
57992
218845
53138
156063
12760
2307
162
171368
13854
2312
903520
70234
4190
14767
35255
8264
436402
438
294820
478952
112096
84262
29809
225400
10086
6138
94329
45009
173287
11791
59261
764
3058
128074
16066
102834
55853
581
40401
3856
13527
4518
1206719
11458
6396
0
1543
1539
87068
65840
27575
52103
34422
5642
14135
2707
307
122
1083
39416
6327
23706
1641
13496
34987
43868
1855
2927
5750
33965
19008
207941
1658
174719
26822
30861
99859
24817
77644
2323
7399
10483
350415
116158
31899
9517
246627
54361
78587
1932
10163
3507
17124
1274
9735
532
19
46250
11883
736985
2934
144751
28049
107433
930
600
1278
1289
2712
958
139853
253647
2853
39172
2243
163820
1101
2521
152
1917
63859
5193
30809
1565
7326
2779
12
66
22
139516
18
12820
40118
49253
650
14216
3582
197551
37370
237
2970
4762
208238
420047
253191
100604
307
192135
1165
254553
1277
159487
317135
95401
2721
38359
10182
34418
33
36637
32009
67841
1109
104320
78631
233048
16276
37343
2993
4262
43701
40834
5962
12
130
2833
99
2219
173
344726
10
65967
2766
446790
3071
892
1157
13874
1845
7476
4364
30705
3347
1262
95100
18025
162
17
6
15
4956
14
4617
46471
2241
3240
32840
1688
49747
584
12277
99408
33
6834
676
392
1140
16442
14778
258848
4440
90448
3251
6243
3812
6661
2333
92509
2259
787
1974
32799
903
2850
32123
105156
34616
13
1
246502
886
946
380433
242730
13628
31812
772
5329
1245
639
1967
1818
509
38
57
9
1123
121
654
52482
932
431
665
168982
1525
3097
145767
264
694
514817
1053
14148
26194
78
2152
2004
47
36591
137790
3643
10990
75737
4185
9925
198590
144078
71514
17919
122757
611398
837
107742
2459
160247
12046
198
109
900
953
246824
965
39721
53
9623
1088
14710
1909
2885
81236
10
503
1282
4260
50882
6027
783
2520
74598
2084
1814
1454
309645
49561
20
0
156509
80838
8345
1681
141
73555
242495
32612
87254
93478
1459
1240
1139
142
5347
43
31219
17029
12416
795
6043
2
2789
3172
12210
1141
617
7861
13090
20855
23210
1875
10018
0
10408
1537
13888
730865
625
65792
2421
1106
4
189531
5892
43843
805053
17988
41421
7600
21660
13553
372245
193132
7325
451
731
96
3367
46
246740
336004
229728
2971
5007
6475
245867
362
31350
225
1199
260548
2058
7815
5656
4854
2407
16430
93434
46846
254778
1
7032
618
30367
22041
22230
388042
28170
306442
47
15437
18379
53320
44032
59296
3426
2166
31104
254016
163084
68
100
2222
125
1
6
0
204
4211
1220
96
3520
420
38925
133378
132793
83
8723
31880
30
41235
30744
49
633
4744
10624
39085
5347
228
6041
3188
23
5061
1714
10
1846
2395
2594
3504
80404
8795
6827
1
19843
6
32521
4578
162498
30404
194036
24646
181
170448
40219
1408
81895
5362
70824
909
4618
129374
3241
13896
1395
3652
38594
85524
465
85972
156450
3748
251125
22437
614
20
5652
21798
2242
75479
3421
1323
83799
1238
274
171857
399114
1478
60331
7289
395957
3455
4136
28705
2526
632
127
2247
1943
31046
29610
4284
44672
85268
37896
29858
119496
11573
465
5798
71
2846
6295
743556
789105
264828
1822
298951
28544
5447
84451
2806
94926
536952
648135
39720
199776
47269
47412
48950
59655
33341
124830
844249
300751
54321
224661
203347
167435
85333
163551
247841
3379
2432
2387
89702
799519
711
252896
18977
1304
46319
3999
207040
18607
82622
13322
30627
64176
12994
44
102
29395
23922
44493
5959
36088
60203
1650
142854
254
235
121453
3393
281259
51433
31259
252
1024
1213
34463
1849
1414
10220
139331
140922
43612
14161
339498
92909
322
115827
112966
1131
604
3976
4493
77286
439
16068
4763
3641
3889
2656
392417
120920
29200
87706
160732
377381
3424
12636
51649
288695
178513
14790
2110
201886
26904
114005
2569
1863
116124
139363
9959
4738
4361
142652
180
10458
92384
53550
151150
127351
650829
135811
12032
836856
19106
18426
128276
208125
70170
221889
73201
18133
448667
4139
592119
13842
300539
257321
292519
16706
41845
28149
13769
39433
84469
3710
171057
10289
38949
140957
485155
4606
231480
5151
45572
16360
5105
9358
202305
1597
53840
3133
86
7279
320
1619
30898
8106
4119
17104
5193
2643
12033
67849
7632
8725
920
47058
842
59
15565
17184
1697
1146
716
301
171
35
34423
81918
19465
1351
19802
19
80960
27320
1441
26156
113416
663
39390
21322
827
7879
21010
74
2272
11
12856
183
42149
1
807
80131
12614
29556
314194
16197
669
289
8228
1046
34510
6403
135885
55326
466619
6030
2545
3498
90259
1370
53225
4512
416504
39671
3324
14917
32175
21041
48597
2632
14598
1130
188
250
19
3
3487
0
600
2162
4661
3
4671
2800
154741
15863
8
715
17346
544622
76934
10
11903
141879
5755
1
21014
122819
13904
8205
34226
1141
4
74415
43888
5925
7702
4109
75593
32517
2079
246730
115837
3830
2704
48
46428
1101
4388
17139
67
3922
1651
16044
1587
2200
0
619
2525
2
0
74943
5416
81068
241614
80775
109
937
5010
12278
4825
3
648
135587
1598
2738
291544
27
5
248913
1006
6219
2272
247402
316110
41736
150844
276589
372
6
4266
136610
1286
7611
10964
4533
418
1415
4288
36212
56177
94251
2228
41714
739
5562
246604
49688
49556
71963
1009
2302
154
36
18515
3560
6856
246300
671
1239
3112
801075
92470
3736
2203
274107
518
95139
21891
1509
25
34153
31081
46588
55817
81109
38130
92936
9539
232118
343625
53997
3391
35544
37
54147
59569
2339
100267
2599
9856
18120
50732
214343
649510
7155
137942
485
26516
66338
1245
13035
177
1474
1549
22506
128492
30
4827
909
312091
4646
3531
2092
16960
14861
8891
39
4
5008
153968
6192
1004
1880
54111
116419
36674
323619
1455
18577
16758
7
1259
1285
1022
2006
243328
8221
91127
132776
11336
609
400
2879
7373
504
4007
790251
3356
181
42606
34692
32398
42027
88806
47687
3952
4602
23461
3671
16811
4234
20058
104658
3454
1694
63311
2056
19819
36014
31318
11302
19853
7869
7263
5307
