42
1066
27766
2086
573
12737
1245
19723
12788
39516
29575
465814
35888
1676
12225
83
963
354
27871
605
4
473316
144
188668
3364
32437
7
30343
5763
12451
38159
10544
12031
200101
205275
4634
479827
947330
603921
3333
191
3664
90121
29198
28672
1818
797599
84350
249
40099
168
1449
26
34241
1448
34
436
639426
1415
237
1370
2359
444
28
9965
480347
238
18
909
150237
252
2391
482214
0
167753
2
1
314917
0
802
1
3
42
6
7
182357
10319
554022
1
87
382
9909
25456
183673
16740
4691
13
18
23
3495
2467
11317
2652
31951
2
674
2
4
6
0
10355
20947
0
198427
20893
1270
438
599246
1087
10053
30585
43451
480159
10651
2
792
567690
1281
36825
9926
1581712
375
95
606
1499
211206
109
210317
10705
447
2207
0
4725
9
122
1092865
97
133
9479
759927
3449
223490
187233
674291
326
341695
480856
2318
632
25377
5428
64
4276
24
56886
600392
469989
1391
558
87809
4168
86441
4546
34461
2261
824
9223
29165
1561
24590
29067
123
7289
12252
756476
253
9223
126796
119
87382
826
172
87
383
31298
0
675
566374
800795
40382
89490
1372
143
826
19
182
1445
783038
558
1568
9283
6
2469
31881
1187
983
1454
46
601390
6
430
45
4
10677
85353
89979
149
58
214
552
648042
14
1479
4514
792779
3
353
11
1515
35
334
514195
2
190683
1099
708233
522
775
24979
87419
3
0
1301
7214
498
3661
157
9847
388
1395
481021
0
162
277
6
27
10
1475
22
0
786516
0
0
28
877
1274
7633
333
178012
1
2107
10
337
77
124
9798
2626
0
571977
0
1413
405
0
0
10
12
163167
1
312
15
147
1
40
4
6
38
18
1
312142
113
0
0
152
9
1391
1
812
8554
85116
1394
0
253
0
6
560
112
43
1
130
30
146
24471
6
0
11
151
4
41
580
0
8
9628
162261
13059
121
33
12347
1055
59
356
666037
7
56090
179
593
7743
206
1415
7
1214
398
601822
1462
139925
33874
0
491243
14
9263
11
26947
25
2
13679
584
183108
11101
664098
10696
18
12
1
5140
8
5509
497
12962
90
0
17
19
0
39
40
1100
39
81
0
3535
1
14
0
572453
2357
1
960
223347
361
3061
391
0
266
24
209978
136704
231
80
244
623347
77
3453
183635
4
20964
775456
172796
18598
373
200366
29
251
68
976
396
223637
69
19
0
187156
9251
1552
198855
53
89826
596172
16
20329
1098
56
0
25908
447
100
0
198294
437
467137
17719
14945
183
1245
19
24
1231
470
88
9391
39
179
241257
597844
5891
24643
234
1281
1078
18
46
9694
373
37
342798
376
25723
37008
5278
186
6760
11393
479606
681748
2253
1424
50
9313
142
87270
4295
185
0
9647
287
798
119
9844
446
559927
412
9652
497873
1521
14668
33346
890
19967
238
10543
6
218
464371
789185
963723
597539
1420
5398
331
1289
107478
20
2
75
1
0
546
1263
0
76
658
1092
559
463232
1
208940
101
1497
0
107
100409
112269
14
2022
181758
10845
1109
479229
7203
89232
456195
10614
172617
2212
130286
212
525939
1075
0
173441
24263
6
37
1201
666521
285
220
0
46
26859
11690
448
1095
13
605163
27015
487636
0
800720
183888
804147
204
581
1167
85241
17
12026
21
576943
10711
590655
206670
2957
1
796217
3449
81
6
83
222273
1123
423952
185149
29683
25
482567
180958
12586
0
270
331
1002
513720
5492
0
116989
797628
7204
84
483840
24602
475080
147
181720
2015
412
47
217
19826
89193
5
25336
253
495968
501489
116255
87408
917
26
234
55
1127
84761
154608
75
455
90
5161
154240
5
1680
851703
1
0
2082
8
599513
337642
4058
895070
1139
173993
222
8
5717
197115
13
135335
177719
87361
1071
176027
4979
561463
5288
44917
87763
8408
9562
672627
25045
596
221
24824
4450
24752
0
0
9942
3573
20425
35854
454211
4583
1
1608
238
33
10114
4885
927
261
158
861
29725
1591
4770
10205
483039
1
14
29552
83691
221
85498
28943
52
88711
196
106
17
110
6
397
6756
0
24717
12661
453532
7214
183770
571556
15128
9892
19
1008
992
442713
316224
791794
56
2208
3
134189
399
480664
1
124
874
0
1544
172008
85840
47
15
799
481374
907
490
889
7
23
1
139
426
0
6
10
392
78
31597
81
26254
2168
8
2472
24527
1248
1592
655
182
17409
121496
66516
484834
1990
0
782806
196864
3
53
229520
2
3
2
94266
261
108
0
19
1367
1400
3
149
20
813
5
203
0
84
5
1409
89
153252
31
173
352093
1264
1447
7600
3857
883
397
783179
25633
2501
41
558
22
118
38
0
1455
10655
123
151110
304566
0
6
7
2
1598
157
6786
107
4876
5975
4828
24985
14
111
9680
1171
5
0
977
5
1449
309
2
315
205
152
24
67
773663
18
1708
160062
9983
0
337
58
182
868
478
0
13
19
12
118553
5117
4410
365590
1
58
9925
927
13
228
2
125254
1415
1452
1
186979
87684
407
0
85407
721
24785
0
643
97
9
1710
783097
180
8
1140
599506
0
561
168594
6
475845
20
0
0
16
1760
1462
7455
22
221
1
10816
2
73
214957
580133
899
599
468993
87
7
130
2105
30
20
5622
0
1322
308
792719
184543
69292
9393
71
58
32
86847
17
2
2319
477
85050
0
4
518524
150756
0
10115
5
1
0
364
191631
17
166
945
1653
542998
1448
306
170059
179655
81
331
513
4
0
321
451
1726
110828
317
3
868132
0
1104
512
11128
4199
190311
64
248
0
2
0
24303
1613
455040
527
87709
1522
6223
1149
25269
1627
3926
71
83550
1949
3937
8774
41
1319
4202
17
27858
87
8980
5539
199176
472
30
22
5
21
1756
248
0
2176
481518
0
198
1371
9906
10106
13
11231
1
180
339
320
1229
471131
420
3947
1
9
125
28381
220374
564
444
301
6
575
22
1983
2281
1
3
463
1258
0
560
3
0
2
26
546
797190
63
94
0
138
3
1394
0
27
781320
0
38025
645
2
86348
12
14
8
0
0
1383
1273
0
5
7546
11
39
2
2351
10
10
1142
743463
516435
0
3
2563
221
2354
0
40
0
567819
30007
241
7380
0
20502
60
299
26246
196674
81906
0
0
0
197
0
9571
51
3
17
2585
0
1918
60
23
9193
858
478398
15500
95
766052
4803
0
0
68
464589
9106
189
5614
5
155674
2
26417
289
2025
19
1783120
1054
579546
51984
796210
48
208948
1419
1101
409
25282
87
0
25
3557
1
149587
158808
3
0
570321
174291
177727
6044
4070
844
228
2
451775
5
4505
148
9635
1
7
0
8
0
4124
577
1111131
1789
35
11
481265
883
7
13
7
0
1786
4
0
85648
4
2
18
5
0
0
1
24640
278
38
308180
9
313
4288
124
4
312
47
76
0
228
0
1111
0
22
227
0
0
79
575610
1062
13
25
96
1517
1
1666
5
194191
0
2025
88559
8924
777
1633
8174
179756
0
85610
0
9831
2
451159
89489
25261
15769
4331
11
202099
15
59
192
0
7
4155
79
304
6
1263
2
5
0
54
39971
47
0
0
10
0
2592
4
38602
19272
88171
75
0
6
0
203
1
205
0
798545
5033
658
0
11
92
5821
438804
0
0
25097
0
11
6
5
0
2
4356
0
256
90
575719
99
9149
3535
0
0
9
403
0
319
1
115
12
10038
73
184
1936
5542
115
3
11
1075
8
327
182
110
0
314
317
40231
5592
533908
1194
182329
555
4212
0
21013
42377
103
0
563722
293
96
1115
7149
11
1139
3657
362594
3715
1008
26
2077
559
4948
1474
979
9
78
24
3
321
564914
1641
366968
482
249
1480
43774
97
109
0
55675
347
178
1
12
0
22
568079
111
772
102939
0
6703
984
10521
31
196
18
0
227
31
2389
16
147
796197
799265
1470
0
87
6
191530
2
700
804
0
7
11
785558
357
17227
176543
173973
1
3343
139316
126
60375
0
2027
0
15
0
37
0
482053
603160
10242
0
659
14
53
0
547
213
10
14118
1
7
798572
4
1506
18
26466
433
9
25
8
0
0
75
81
3
0
24
2
13460
0
3
1979
0
0
31
43
183408
12
10878
207
787279
183364
418
4
482134
13973
229178
39129
276722
185
177729
494
82
61
7
25127
48
0
1
758254
42
266
267
47689
13
120
1328
698
1194
12119
300
609782
9
148940
0
496
4845
36189
10860
539528
6010
782
14
152
1612
0
12
448
9357
117
26
370
14180
204
184279
12
1
10
252547
10
6765
96
19
60
4927
56
20
576726
567985
24595
964
1119
34
12
0
1007
0
1978
281742
2
0
0
0
23
1160
1211
39
6572
2541
4
1
1051
3659
393
27
210394
10058
31
0
480434
203
165370
1978
571520
10
8
62
65
2240
1
0
0
0
0
196
719
597
12
195101
180403
27506
15
5
2719
345
825
163
172
2137
354
0
11370
10
1
319
1427
796198
12776
715
799350
153
1495
10
61
0
205528
0
0
0
97559
0
152
36200
23
1
208
7
6549
725
742
963646
56
193
0
441
472
10826
613512
0
108
132331
180992
2621
46
0
3407
51
66
1681
653
359142
11
1
1
0
796536
10437
332
1433
1907
77
771338
4845
172295
652
3
17280
15249
166278
10189
17922
3393
174187
3157
732979
795071
195252
171352
6382
1170
0
37
6181
838002
1655
137735
192
677
4925
23512
483111
852212
2059
15276
2526
1
348
4377
60
491210
1173
416909
227
5
31
58
0
11
15
26
0
0
24
5162
0
307
7
181396
6159
2
0
19
9236
87173
482958
200281
800
1460
802198
683
11
11260
295
104823
118
119746
322
493081
2
1081313
31834
85719
10805
11
16
12
0
70
241
19656
183480
2244
0
1257
41
18
1953
54
83
172
411
6288
796409
179
7
12
26374
4584
9682
493
221
302
96
6
5
0
3
33
81
0
8
800004
198294
20195
1110
853
10
1659
12
731036
477503
3
57
1189
16969
25461
0
1082
14469
19
35
464
352
0
9
0
1245
25
0
0
19
6
24604
6
80
0
0
1228
3
1231
494114
355
3
12
481935
971
1188
29
71
9641
37
1795
0
194923
74
0
0
92
87
0
4529
1112
231987
75
62
379
597512
0
0
17897
1244
24623
88
47
0
233
1
3
1
2145
0
1400
152
206153
0
1092
0
17
34
23
0
208
27
21
50
46
1
116139
10391
1
3517
4
181558
616
30
3856
0
10623
630
341034
5
1068
23
90791
67
25063
5809
797121
548
64
22
189068
215901
397
37
4607
637
93
87
4
6
22
482998
4637
1236
11371
13557
358749
137
467737
226799
11714
500
9930
719577
17975
85298
104591
5280
169997
2141
11187
30
217
1318
180859
6
4389
22612
4306
9628
85
557
9226
71
1588
14043
947
294464
87212
66
4298
445
1
224
398
0
25012
394
2
1
61
12
9
10
13144
0
53
21
10088
1
24
20
771219
781
0
0
142
18
20
9945
35961
48
506
5
91
178
463583
17
591081
4
785
710
372
22
13599
26
622
1843
670041
10
84193
5349
747
3
2547
15
2271
15160
5369
429
30301
18561
488932
47419
1193
471957
9
38032
12323
1043135
7937
338383
3650
32567
631480
3833
9453
151371
145089
318530
18
92050
1
1881
221
320
180
496
15862
140
506981
2
1616297
11461
12394
2296
598071
20525
366878
3790
4955
1131390
87206
12272
39
389
7928
19
6999
86438
580
783053
1459
2093
21
10690
172610
12538
170
1622
703499
710941
87431
12609
424
2
8
5184
1256
265
0
10280
289
10
270
148
45
667
18
8984
254
116
36
156
542
15
540
175
93
1492
39
0
0
13887
7
63
14404
2
41
241
306
184278
998
314965
10852
182901
789
200392
2042
19
152
597288
176
8
462558
0
1
248621
1
48
203239
237
89380
147
87437
402
1899
15398
1009
853
3966
289
4
0
819
403
83
209
447685
494
7930
199302
158652
35
32537
26925
1423
85370
21
23
13
16
143979
369
31
577885
5077
656789
6
88147
1170233
1123
87151
5402
797253
1137
1097
142
225740
2040
517972
596482
24893
231
13372
5138
920
1475
488250
88282
0
0
296
479694
12567
10999
435671
10308
7
172271
0
342
521
3
26716
29214
0
126532
179487
105802
4886
51
0
187
248
509292
11476
2419
2346
5
1077
0
5796
7
0
0
307
204
172825
10035
880
119918
24035
170
15648
185904
86299
788
783267
10
69
3
1672
6472
1391
469824
228
2846
861303
85390
60
884
145935
544
37
1359
0
2
3
1149
3133
227
894
16
3469
193
596
30267
814
25
475
209
11220
125
285
249335
851
2102
435
4
11203
119
782678
0
13
1383
0
1125
604034
215
330
568034
1154
35432
0
66
203
487611
202618
464893
8424
156418
803750
1423559
186531
25314
4129
744653
181768
111
9852
11
794572
39
8
204
6
0
21
260
435
738
4
1103
136
49
87147
181418
509
120509
209534
7
4089
25
0
2508
9473
5
0
796398
203
0
12
4606
572385
3378
409
9641
1383
1074
214
36274
513510
40979
30268
2905
175562
982
1461
70
738
3948
1
12
4557
104051
670
0
1588388
337
27
179954
3752
152
28608
28
106
155
696
1
64
2
79
0
1399
54
222273
158
2111
177509
24946
756815
62
1996
621930
152934
506654
675
10054
14458
184465
262077
4992
576922
25501
241
2204
1170
21
1
210260
480297
166885
46
0
358
180607
327
350
11196
1738
12757
56
0
87
2
600
444
513
123445
0
177971
0
2131
501
336
68
5060
796294
3932
596688
497637
802630
4379
480718
25
3
12
703
6
281395
681
108363
523726
612624
9
183686
2433
1522
803396
479
414
309
76
13
1474
742245
1205
133
233
0
0
24664
0
495302
483934
505
200914
0
3
144
0
122
1
412
181649
34
210
718
1298
14
4430
92069
4399
162
0
0
0
307
211
18
77
6602
28420
4384
15144
295419
610
56
30
9
9
1386
2
25467
6
210
719
6610
581
183
1376
512644
483248
43759
6627
473188
93933
289
53243
220157
570
86443
859
870605
13121
87850
1407194
5583
317
46
659
411
153
26
8
14556
25
135
186
28
1
267
438
2010
545
448406
174053
34510
15
146190
530
576251
797088
682293
35719
1660
191
437510
11
2286
4592
273
1471
2421
2
10216
121183
186296
16
471080
182196
151322
1145
3020
1006
5114
295
10388
606
0
211
88006
17
469535
852740
175310
179
0
213
30
11
217041
0
0
3484
419
1013
324
2682
105384
534
18
273
245
1424
177187
781737
689997
290237
1830
1367
208379
335
982
49
125426
179480
3283
587875
798874
9
194
972
796886
1770
175796
62
21710
0
218
40
9
4
167
369
207006
1391
914
6845
523320
117164
190215
885423
22
159
692
160
177865
88768
890141
440591
8055
2752
644541
3251
1101
86346
178900
33
3877
288
104991
1757
202641
205093
2220
783896
3547
11265
40
208596
1328792
760
686388
19542
5433
2345
23719
174100
609462
11846
136531
10837
81349
3911
18107
16699
2903
432
199235
1352
12844
104
209
177562
86081
596713
9305
2601
28
27
853322
2917
2651
681
1586
793656
1
194057
216
1627
110835
112472
179829
98256
2717
8935
146
386
2923
6
1
504069
144
0
7
1
0
12
9
229
181
291
188010
10129
664601
88077
427
170830
31482
1266
586633
323
4772
146158
601
30633
609510
21
12811
936
352
625
4670
511
2
42
4985
93
267
84325
191
795217
25282
428
466026
19785
41721
238810
1350746
1579
918
3935
1768
14575
5554
20389
5939
11979
795944
1107
52
4
2
148
16
257
566
911
319
192790
1779
4376
772
3
1266
49
784
29669
108721
1380
120501
370526
10604
6
628334
849
193
206766
371340
35645
1302
95433
4438
482180
0
3946
70
0
2
4500
161795
4468
49419
0
359
4654
515
60
278
83018
231
2454
5
676
85426
0
180894
4
32315
29
1123
8
24640
352
25
479533
18
83307
1
2576
170
6
334
12
341
0
181941
4960
23
0
22
2
2
1297
0
4375
11
2
720
0
181382
9
353
575
216
5902
6426
11
3
21074
180
0
0
80
24656
220
11579
180246
1075
7678
60
9896
460639
1249
1433807
215
501740
99389
17
0
671142
98915
89636
20
666433
500023
5093
0
186323
1
31395
9265
11367
39
796366
2439
4329
501
761916
136
797
1885
1162
2
126
0
444696
187
78023
867
9553
9
448073
87
49945
11410
842368
116667
11054
4
296
25973
11298
22
543628
187484
0
321
7
16
494424
3
137534
493085
704
1
464
380
4517
479300
480256
1079311
832
256
0
31373
109
5606
669
85610
959
10807
0
9647
57
0
2
12
58
1401
83
35
23
63
177325
508
6
23
269
85639
46
173
55
753
0
219
2
84434
976
556
19007
29
786013
182378
481683
10588
8665
24943
696
41
5
260
427
218
44
140
1334
480251
76857
210
9588
14437
609
13433
27006
1088
939
177351
58100
3733
201422
953764
85648
111227
3109
1524
7
43
480152
1068
0
0
25
180001
331
29927
86
6016
534
1057
199219
597940
19274
88401
96
1786
3929
2
15205
278
14784
501842
4259
31
1667
75
35892
44936
88247
4202
24517
1282934
89825
182
9370
203
601454
430
2479
538
0
0
260
11
24465
68
14
1114
1245
16
18
0
1644
130
4949
0
13
36
18
257
153
85210
5
594
17402
1
37
2677
351
115699
65221
206
763
114
10813
2
666689
194
2583
16
1116
11
4384
0
3
0
612896
4048
966477
21
196791
2
198353
16
26240
396
18549
1249
187
1074
26147
13
138832
5581
604406
74
4305
478
591
29181
1110
464879
181
109477
0
1290
18
784
93531
85358
35827
729062
500831
4
478667
234
6173
23
4128
641
0
0
82
6
104377
48
516869
2313
2054
0
20567
1361
27163
55
1865
57
12
85
202473
4275
106563
173568
175043
31927
502
0
49660
518
1331
258
499
555
85650
91976
13
26
4543
131
277
1028
481502
2
152
897
1
9
109
0
1246
2095
1485
10
173
70
1411
3
1320
1
1333
0
2
0
152391
0
3
4503
9670
0
24
152
162086
341
1
0
353326
76
25890
6
119
24680
1444
24564
53
7
7594
51
381
242
81
4473
3888
1671
492
4
10116
1
17
67
388
0
2300
781284
192871
21
28589
2
1820
78794
582
3128
60
601
2207
21190
44
472876
1
8
205
704
4
559
101
116
12
97
85446
0
1
938
481402
19
0
58
106
181853
1
5
1779
862
11678
539
4940
26363
183923
11
24678
89
149955
45
804
15439
4291
3
301922
482154
2
87348
0
24640
7
0
0
349
3
33
20
190814
8966
0
9823
460358
209
0
226
1239
40904
0
128292
2
95
5873
440947
817
1
0
11719
48
4
384
5708
24
104
356
2314
8838
47
4314
953
1124
227
0
253406
17
602
0
349
14
9841
298
83
1
191472
144
358
112
1161
0
602227
4
4
0
447
6
0
2
0
0
26
31
187348
490
39
1
5
1241
111
4843
24537
1449
0
451
0
1176
49
0
8
0
180056
23
312
3900
113
367
240
66
0
1
2
153
14
0
12
721
20
0
48
0
779787
0
262
192958
54
11
0
92
1856
3
14459
734366
171598
88
246199
14439
10267
12
206812
0
15
5399
228
0
6554
1880
152
1
244
0
10
11
0
1
201
1
0
34
0
21072
657
1
6
26
0
0
0
0
205
12
7
0
0
1
44
79
0
0
42
24589
22
21
117487
1
4490
251
687
11248
184610
1
0
0
361935
2289
113650
6941
4852
2774
386
10255
64
58
447
0
3507
9880
11608
0
10487
62
449113
768
212
259906
916
6003
27924
26818
733928
668664
14
18
215
1728
597182
14381
19112
149
1292
806
97725
913
24
11658
155
80
36
548
60
1
62
321537
393764
598756
326
1
87746
98461
2521
672
1108
87671
0
24
20
5
658952
485
181346
812
488587
24660
22058
171
50201
545
4659
47
8
5801
0
0
101163
783262
974
99378
47
38
557
5
56
31
31378
3
784031
0
9524
26
199120
784612
98
180
6
598
34
302389
399
0
796581
3
1384
34
2104
39
4561
601550
17
2069
498
22
0
618
183237
1
575984
0
167041
0
1105
88
526
0
265
39
474146
0
0
8
651
11
84561
0
482781
0
255
205
4411
118
77
330
9
9
12
1729
21223
6378
819
445456
5626
222
14188
113
447022
236
438606
262
44
4
9266
819
15274
213
465518
170
220410
482
1964
193
453663
600
44
15033
581
61
170
537
189723
185
8482
457130
1408
108160
994535
27245
853195
22331
577299
3905
114013
3156
859
81692
8
2
112865
1
468696
48
4
5053
67
1172
381
169537
884
176
1733
25320
780179
8488
22140
2
166
34
1574
365
1773
527650
7255
4976
1297
162322
24691
19
268
180821
4521
883
0
312
182173
29
5466
709
540
3
21974
0
15
15
1280348
15753
484139
4702
9249
422
180706
0
67347
213
128650
6589
14345
0
488405
255
481160
1
1496
9223
58
58
1113
9
644
206
625
658
5915
2
14309
81284
442
1528
1141
2618
480141
205980
22
93613
2
480261
0
109275
594812
600670
0
52
838
1
4322
85194
240
413
179
52
0
4
0
1
25834
26211
519998
4877
466233
784
16
138494
447
28
8
5579
2113
89
115014
1033
514
85321
884
24
35
876
180
1321
0
9645
1157
21
7
17
380
1646
9218
18
191803
770
478
22
0
80
0
387
166
1
542
208478
5487
487372
85699
0
47
11
58
89202
442853
9123
1091
1250
170
291
550
10074
89
0
431
2
169713
35
4868
5
8
179841
339
1
0
0
16202
130
747227
272317
813
7
1071
196
1
0
10
0
3
0
0
42
1
1
6858
290
453
1657
1
84218
26782
1728
19
18
30
15
120926
452
896
6
440
35025
584
0
758
1
0
782588
518
87084
218
2
5
0
946
209
35
8
84187
241
178
507
17814
5180
447350
9121
4408
1
4004
764
597405
187251
18595
45
1
18
1275
2
788566
35
797
0
38
182187
1229
0
494224
209
14
10
481952
1108
96
959
292
6101
20330
115684
175
184
0
26874
458922
458
82707
741
1450
15
1709
531
497
380
687815
84204
1026
7
261
494
5123
177
87202
292
1
22
6515
222
26784
524
98
539
1630
1
4
139
5002
4417
4795
1258
2391
366
13003
473562
96250
655
87216
1384
15268
8
1957
137
1905
5
7886
9609
23038
60
529
10340
