225779
260015
538508
34978
47818
971214
37223
202730
507534
363233
357607
617753
12442
690049
427904
6126
658636
390880
26501
43946
130518
1272920
1068130
1917799
1055218
1142407
54885
19123
30095
1709467
148630
223346
1376159
176143
199647
21499
301555
730691
240102
323389
329498
188393
319253
2165106
478291
3341137
262338
273411
27674
996225
11795
3627
727807
443696
1737622
791355
124642
205529
1304167
817350
43251
51009
40130
13217
1057650
181931
650734
1063855
1851068
2058413
910583
40999
685947
27207
1082615
37308
135525
775809
342485
35026
121618
420082
565452
672509
72730
294355
439834
1005619
78810
1409710
849173
266415
465566
599869
794208
1553204
195109
455841
1584416
15240
97533
111951
1046221
581799
112506
130169
86473
373835
377579
1401890
872406
942523
17994
82275
27677
28670
244811
718087
1162509
976639
12314
1109091
557213
79694
65541
57598
126291
450383
91307
1236516
632545
774197
570546
151418
270639
769624
1127482
209081
477846
422106
341225
228293
1042558
54090
288174
497643
354943
513133
379860
64466
1027259
62181
1086428
1262327
439383
38112
355890
1258980
332582
199490
1056771
369045
498638
48170
76178
56457
105286
371340
513185
1230509
431413
222855
1076737
361266
3064586
72657
1033878
333653
541527
32352
677976
1536631
1784895
743109
364307
481508
552271
12729
107160
491184
905915
472777
680901
28140
20850
12346
552135
382619
927659
79952
135338
49617
162911
60807
43682
7616
35014
6271
7506
481476
927342
1386040
423616
434425
30128
687840
42989
1631562
228112
279160
269401
531710
58833
197650
801481
1251676
169069
176365
100884
825112
59922
265846
380855
1816781
645455
931397
29465
399400
65606
1304735
100341
51867
77432
8820
213960
15368
64703
80226
51574
174284
841941
240437
107776
17117
94671
14541
594383
353625
842748
663683
97726
1129345
1089712
1074799
127835
284038
803341
719669
86798
186214
1054942
6520
337011
2585819
200658
45791
881939
350289
951351
482346
310412
114947
298208
1350078
7754
422926
18148
386580
815973
35351
1196610
265358
1099747
166662
593100
1011337
117283
138241
487111
1560703
33590
176489
126655
557786
220551
224596
47383
54829
1071558
697658
34418
77792
1209862
809713
2093377
101375
138651
163215
83779
124958
177740
118187
175434
164386
107523
13908
408679
352551
600491
1004291
730149
169538
113995
134934
1072418
108292
227940
62942
91858
200093
100474
151217
110086
783947
381469
971162
942694
1056300
214177
125755
68860
2182824
466836
11330
22187
120188
1017181
1084860
818565
55841
1429965
100977
1142474
1126364
465154
1001958
297048
75139
220229
533444
222724
120320
118153
430972
205696
171863
86357
259674
740041
55324
2884160
1240104
1690018
412494
175379
100041
1739221
560311
45336
257158
428007
598655
452022
1014755
626248
460430
338710
96386
110650
142371
2267255
16196
292663
156323
19828
926647
204430
346503
1828656
9463
604144
66966
1121806
66521
538647
327371
948883
120737
1392934
1180177
84476
200583
63312
175858
1162380
850295
550747
155958
458673
224556
2015042
139172
1143777
129738
672247
365736
2948420
96502
464892
68004
1042706
844478
121701
1012724
72090
1057202
17826
54042
54282
211078
439614
233843
1988405
71486
93270
344570
313737
377875
367404
1051952
46627
69732
46018
50903
181464
351819
477222
208582
679523
12691
89721
487830
725588
377544
165348
1132538
545728
31187
479998
441740
148278
150399
328059
35337
2039166
958451
528100
12151
911713
343598
849037
145746
33635
707086
105691
62514
247052
1655418
311046
928132
107919
62176
1291876
62915
1089232
300405
116929
1494909
85214
184190
501630
137039
74613
167601
266422
418938
120843
1461238
44402
789432
1073118
851535
1392679
1895997
907523
1671124
553974
112361
538390
75852
1032057
1005832
93993
124717
181869
406229
487853
553502
138039
1027524
48758
583902
1521022
68586
507056
1499737
441429
1231668
196938
306762
1455191
639201
1357582
94233
683060
725066
457306
631351
944248
351531
453580
396643
327862
25676
976494
18243
313619
160903
779569
199922
285371
650767
32956
144120
1103459
38336
736175
2968050
387217
96253
75935
99058
444134
415293
373252
381524
471003
143427
153377
22989
1372846
231011
246940
311858
1093867
146968
90485
512525
928731
630578
144938
566072
1434918
414078
329750
35900
171927
1519394
1769394
155944
894983
523032
1089234
21418
68934
516661
651314
200635
121988
873890
306729
122156
113581
93892
299034
1867328
1299173
22381
65744
45620
1014860
270819
106757
1420349
911207
701892
217517
186480
388635
52871
110896
1045701
1301492
867098
333833
102395
895758
260857
935818
1217216
1521645
1468492
77051
989992
700996
825649
149329
352702
510872
18237
104974
602629
247115
1058156
175792
413555
168890
323359
843069
26581
1629493
289071
1097946
934663
1817073
675872
790032
875294
204875
1529565
1665378
272723
507636
915625
146894
348444
723976
1326477
414475
419189
940857
55769
270831
71098
251271
583712
2585082
1327506
2769763
159934
1119829
311379
689971
130559
29154
1209274
150292
1350765
1436303
102329
278534
54712
160201
635780
794154
787383
293073
116715
43105
7307
1150302
1032707
1109213
684868
79173
1035618
592480
175320
151119
274777
1203261
2615677
165078
173549
748807
447007
2216958
757784
984436
596619
506283
609596
230950
1381448
688790
172149
2191473
857423
73508
580615
110716
471149
1085664
127544
112552
62251
311457
998956
479131
179638
94269
1199643
1416522
772217
302676
43564
508471
67123
165781
476266
199402
19580
857817
849706
104222
46251
65700
97372
467641
1127968
33489
1154656
416183
23724
1425339
1809755
574539
194922
678285
70540
408283
638563
397717
27586
214569
1199561
70747
386047
72069
22611
40295
51360
399375
150283
57830
337056
539059
176454
168422
189297
913102
133494
973181
599272
78355
793326
41328
330172
22763
8669
28884
416688
98776
28714
287460
38823
93547
230059
23988
17320
83093
58106
483859
125090
725961
10526
1135675
498155
311705
27177
654652
1459456
21950
544761
144739
948581
1429441
138438
39694
91743
753897
411112
320053
190050
1876999
172592
17093
31979
575494
112427
88598
166900
107679
1029695
147929
706323
52766
30683
528289
281241
583073
901902
1451030
94029
1370841
466718
1177861
1054880
1739231
91784
406161
16099
562196
42054
790520
79282
18367
79169
456957
751712
45660
72583
227689
41650
798372
52782
550605
36130
1550585
1044731
1702705
297237
615628
596845
1166642
160318
235985
35330
447480
156815
63690
298376
1483694
168119
211305
1092522
1296117
570602
1086192
593376
253856
12641
639445
209474
1168735
45143
642735
30461
223740
170757
1437664
692280
80895
881410
709826
713814
1190478
1048965
1881218
1255865
156485
244200
1055206
716080
159479
991363
227370
6652
81665
178527
1748216
139871
569604
84643
469776
51590
89224
109928
1869686
264284
98009
415717
1149565
31730
29120
1241857
541764
72667
32712
50825
81221
544583
19682
379202
526093
118253
6393
109628
167049
382681
115200
1078589
25328
45032
19545
12024
1788316
39730
48107
230892
39930
34550
18720
1054932
118108
159737
310178
1154432
298243
228601
544897
54560
1698753
238611
1249150
461850
894527
495375
264022
51734
208710
44145
34175
187785
24363
49416
117240
318137
162986
595426
74064
52477
90154
48537
