3472979
6196159
6271675
4104091
6289995
4936848
4970224
3583535
5883112
4829016
5340370
5442121
1905269
4595772
6113288
1298189
6213068
3520265
5423157
4955428
3138028
4602730
4554957
5652440
4300228
4808496
5682700
5776814
3539490
4136601
4343592
5489602
6427908
5363443
6987583
3874982
5440039
4819645
4479025
5348797
6942328
4056394
7003567
6931100
2573062
7493889
7782008
4685949
3182394
4752698
2854394
1018778
5299236
3645250
6633724
2963810
5576166
6448555
6960372
4446593
3827982
2375328
5244370
1172419
