820515
1231791
1172222
594886
251934
3311818
2301178
1936199
1361890
1352666
1945423
2499771
408614
2436005
1594298
140938
2349841
2475138
1670535
1266064
1039595
1487264
1579645
1941003
1653994
1269483
517470
2445094
160127
2504094
1321332
517895
1843433
1241074
1893264
2045454
1175772
938643
2028692
1578716
1599544
678298
1430333
2864053
893176
3043110
818724
1588508
376101
1027978
396524
116697
1894829
1380332
1393829
726683
1796123
1179182
3184288
1489312
235180
395349
932770
164886
1783948
3121782
1219134
1441878
1619593
521481
1340756
614141
1879865
2324606
1904987
1008921
606436
1756217
2967234
525954
860505
204152
2173768
715085
544214
1212003
1733297
2738872
256311
1815291
3047391
570347
853209
522280
881617
4637969
1756360
1043948
2111717
406605
2367002
596256
2080829
697624
2693942
379159
1976926
2113584
725056
2353398
2894345
584204
819156
2118297
1324890
227175
1056331
374544
2244319
1202322
396600
3058850
952709
887857
2762997
1073431
2249641
560500
695099
2172357
3181062
1564492
2680511
822229
1427118
1611276
3284503
1876516
1939025
1099526
727615
908436
2342936
877407
2982715
907803
948587
1777032
1619802
1397394
1939781
1244200
2812092
1150516
987254
331415
2660917
1035300
2097897
488783
2594362
1016795
2769814
1893653
726887
1498527
420255
2268099
2711358
2159156
2331987
1951756
856794
1456950
4750187
1923153
996284
1120900
750569
134465
3061596
1799777
2925101
1412102
3131322
2480675
2182461
1238832
1344597
1231828
2935776
248758
524541
294277
1602476
1004832
3231954
1405129
828956
351435
509635
190335
786550
1756241
183839
315930
756634
193460
1383164
535777
2341810
2110252
765338
2150898
460092
981498
608546
1530896
2646678
3231128
828267
827063
1010186
1014504
1449819
3248320
1444692
521488
2362956
3187674
764334
1753591
1284703
1711324
3432483
2071619
553055
2368602
583781
1677588
1244807
1569184
782631
972439
374194
818976
1484453
349402
1356471
1370675
2195789
1578262
230925
338822
403870
155168
