713178
1544744
2154077
1298356
846768
1559910
292758
2533831
2579607
4740263
1053834
150841
2374095
903861
2097885
2092454
899333
574556
923444
28755
84690
1038080
2618283
1013111
765165
1408007
3463711
2259404
1650209
86266
3284466
954544
2916065
1458581
2924299
1064703
3681687
2249750
4157966
1440353
1679730
3152211
2790245
215183
1387581
288248
2396056
54569
272134
2325218
6082
1303186
771665
586490
312906
150566
977691
1821625
1409570
524688
1216664
1118657
1032279
319966
97917
1709000
961453
1317982
668009
1420173
518162
335580
1530603
3993546
2683874
1652483
28652
6435
129627
502384
1356243
435612
1374761
47161
615891
1203048
651191
390440
493803
2723945
3150002
219093
1061908
31020
2895388
924294
2137115
1339656
1515142
1034391
1330437
890499
2813662
1140119
2509621
1782951
4463685
4178626
2472406
706041
3437567
1673543
811668
1967941
947044
25668
1067542
15041
69740
726729
2029273
968278
3675700
823101
24813
1111923
2027402
899510
2862587
1127832
4789224
3340126
874147
245085
3526993
1486150
2066839
1729298
2274183
2137084
1459596
357464
2265904
306497
865905
1914958
6974673
265017
1837188
290957
2180231
1884366
4112734
1335667
4984765
4449406
1034077
1276097
446959
1952399
4947367
895277
3077024
1321961
2660086
1746224
4770220
1819471
4426177
4698970
3329368
2805271
2632007
555084
3100617
1901748
3540394
1628783
4168723
225503
43316
1175412
1357923
548470
3198957
2804023
2457669
1488213
303161
674427
1765398
1131770
2053764
872837
640220
1521948
47997
1540630
3578966
1633686
2208152
1092097
1852820
199547
56644
558212
251226
796248
969879
29260
609958
329317
684960
333928
1147814
639539
677014
722919
1351829
1376537
9150
493927
900545
234527
2155787
2449411
734412
989174
2364827
1315930
3177984
319841
1650916
1385981
4708546
1020625
3104799
1585047
1042003
247856
474537
891701
268268
111642
61998
1043325
2388295
223258
141021
1593168
1259734
3152338
208599
817738
1323108
613675
