11376
79340
55451
10084
15795
61134
32632
532538
12140
120501
28822
17143
15145
14206
50371
14361
17135
3813
441597
20701
692
109543
72323
129895
566060
61826
64381
56067
57074
662460
440548
50822
108619
41149
129199
20229
303247
925623
1079835
230268
402020
83810
180430
58048
31441
183966
142368
63759
18144
22112
3781
5908
20536
163446
13287
23721
181269
515595
17446
32908
14585
90570
10958
660
15875
0
105591
17374
51431
490552
9643
25037
31941
8090
576343
410
20261
32507
217
18116
960
18093
110857
12834
72928
107126
28226
331868
24265
11327
117900
138033
8119
147084
241013
460788
19291
24906
160748
556730
428124
224132
655128
30420
26052
12018
18276
63365
15949
10742
36475
50208
3887
362080
173872
42543
552981
263294
9703
208024
256960
296012
376315
91591
18782
131873
106887
74211
185162
612179
771479
121383
31287
43054
60249
168099
75490
105632
300710
95489
51640
11282
60675
128517
287465
666632
26184
135242
145791
577617
10591
444044
119824
433995
519765
1103719
100178
178522
65442
29845
573520
8470
93405
58620
160467
388783
537479
324157
51287
109454
99738
186566
24355
119051
107114
360358
28828
84074
62081
36565
108009
206115
89764
464378
100537
124332
68155
253882
139312
64822
224517
70192
7657
17690
251241
10773
25266
274178
635844
99380
21100
65480
18160
24652
8243
31364
15418
377217
4028
29321
24369
23600
17413
144180
12123
44113
24263
5865
258839
234
17417
20977
39345
321293
151433
153919
19258
32932
18936
123724
549202
18940
217923
119066
606095
33489
32214
1200
82304
38872
22155
291139
3739
253630
25066
473019
549101
44453
526373
38451
29832
41
20328
131502
13846
109943
7941
22559
44686
9930
45
69618
639
13002
10934
519902
43756
108309
0
6219
529332
1893
23964
30466
67053
8423
344379
80177
175119
20702
4337
16
3474
24608
30
12190
193231
35313
175762
678
39130
6139
8140
5879
1087
23930
600827
9600
45249
276224
12475
12394
27564
35698
16672
24388
3436
55597
14994
218350
13797
27664
8795
46827
33549
28918
19820
35648
15158
127
10739
46953
85075
17525
33141
54020
220
3120
154514
56661
218438
343480
24900
24845
58
35241
49156
19896
10609
8112
27336
15801
87461
103555
16153
63229
64121
29205
28823
48770
750520
192049
32981
59780
41516
124038
44544
214810
49290
12020
107725
327743
39262
183576
34928
5370
130789
4416
68516
60740
13278
13492
82164
17721
38343
101083
156714
58990
468054
6517
463419
20567
129208
4212
372157
16447
298727
13573
98
36274
35950
8054
90522
166514
16076
1015
6852
1
595409
927
79771
93012
141003
271215
32
47126
769149
5820
536542
48423
146
111029
45531
88503
550204
20061
2606
7508
438404
19139
9064
464137
7449
299048
798288
79364
575564
17876
482426
125344
63709
36971
21491
40372
455318
18100
38866
9598
22885
6070
64065
386732
16405
193637
215547
9480
74984
19280
133
10281
59384
6586
13567
56
344477
10137
146160
89989
78162
107275
27
16179
24549
8880
540620
34486
10424
9959
37726
6928
392313
7650
4261
40866
15469
12240
70053
21785
206259
54380
47865
585850
153533
23944
163333
159070
38252
90363
129825
186690
512225
62351
11888
26730
58764
54817
16783
3958
25936
22
13632
3868
129328
16580
244296
18940
77527
18862
62620
246880
5375
48225
80272
92382
257551
46385
254154
399892
32825
69130
429951
273532
467825
46059
169357
23416
19569
187004
3425
9216
91425
10633
4405
209
86376
8095
25561
232
21977
68076
71370
6266
284538
71688
86932
49006
34693
564934
8325
6657
105400
82261
227147
48454
476466
154128
168004
136095
225897
39321
67599
684926
95109
372005
25412
10
31035
131549
2721
26420
75642
517834
130345
2140
116925
13874
496858
426898
98035
137337
17638
295058
20753
379350
24656
708516
70253
828529
3779
66754
485083
75363
12118
166633
15771
247989
134141
345685
43542
123485
13397
685168
8345
120761
186
129
442840
50116
399929
162586
124764
21695
313306
147541
251013
8413
111443
104435
17615
970236
94646
10883
593929
691105
510696
15267
130548
3865
47269
5873
311832
185943
27062
17662
42576
20925
19635
10820
18514
21949
170775
446395
341109
612627
16838
22598
19123
38583
242162
169513
116090
6784
15791
7306
68807
590968
8816
33775
962933
4411
59
40707
27882
389030
210733
209885
848234
19311
135532
102300
183251
133778
492677
169835
84671
76348
142419
4206
149702
118402
173098
71326
298280
134985
42379
184743
482721
172059
33171
40230
54472
17527
31000
4090
31713
239988
181887
313638
437754
216674
184025
26195
103815
102150
27567
153912
92342
19628
16387
75277
570403
60283
70152
4099
317922
36866
11456
17356
163253
3481
3681
19352
111396
56488
584630
162631
62985
87574
85571
211
24334
23415
54467
11518
522314
31982
192409
162020
49616
177717
140415
92182
64697
393695
289629
389713
525359
62615
162577
25691
97437
189259
120129
19701
61794
44566
10211
23754
51605
54466
211021
79042
132933
91407
15927
38705
12610
31396
11834
31518
1632
22179
340
7081
17772
70055
20632
293608
42627
94903
3506
1
60032
10886
5135
18247
53548
26
61356
704914
145176
68899
98628
20785
235157
365754
21579
36775
187487
7930
41110
10949
33172
42544
11434
7599
51101
17073
62952
2743
80771
26820
14643
3925
33493
10566
27
17499
79795
41500
92642
32270
12643
44927
15797
16014
92263
23642
16408
52962
429418
9045
17084
10355
19877
9
4319
7073
1318
29423
14701
12116
129523
34298
5287
11432
45635
25451
96308
29537
347299
9847
50953
134817
51026
98474
5212
11008
149476
8664
2806
39811
63896
33340
21158
58114
8982
6045
438
15524
2947
5446
281742
56904
41153
17434
107756
0
4641
4646
28536
33
14958
85
5132
15890
11490
41792
52882
27483
84159
18215
58753
291503
51105
6686
14850
20694
208270
228260
46350
14818
323496
39195
49808
2869
15918
176683
55346
0
50317
33900
233021
61239
195546
15194
36617
19433
391178
11517
28697
81845
42363
492152
44054
17329
20945
2665
94712
203213
117339
75704
133012
28535
140922
165049
59323
436590
196474
64404
21505
30038
32379
98410
60365
8987
53372
3793
88748
10194
80646
62604
444096
14880
642314
96779
14186
24601
203473
15116
105245
29630
305561
143728
9615
4536
19107
311512
662249
7774
14603
8837
13898
6279
11727
254526
16163
11623
16968
23342
325864
41491
110096
121662
493718
9091
79700
70178
25
3997
43986
7654
9160
608975
3638
14375
157810
4005
42953
48
438443
32704
412532
79981
87806
29209
123
9897
41669
6039
12614
98389
17662
114113
29739
13826
54133
6076
34752
9976
4932
41568
113406
15749
6417
85433
12560
14649
432107
50305
43519
17490
35271
25391
401237
7153
205
18455
144248
2756
2805
15446
43092
3365
6261
386346
177318
219828
134101
645059
18389
345
109165
50152
52045
13940
24796
108298
167781
139567
21264
115786
926094
24606
31756
262099
7558
221476
57981
96992
139275
19368
14101
24769
9499
1
258
3199
9
14273
36948
96361
821309
17316
31
39571
3370
8765
3460
0
516481
205995
15628
120734
15532
25592
71426
27141
82153
5124
5998
11794
7524
7796
14885
18
347799
54
725
5210
5622
78387
75975
11948
374277
16389
15865
41
147136
51775
83754
8058
86638
30033
53551
436208
2518
124981
93
261760
13738
40567
78363
23517
167989
37120
60848
43
18186
0
6822
155378
5649
52333
184170
15365
92817
8548
4288
16448
24269
220927
161032
73300
316345
61822
7780
203
15603
46252
205190
9530
134082
29497
75662
16511
74497
4858
175593
26528
1530544
56352
251716
68806
687389
17628
107750
12358
43258
861
379819
274382
8488
13067
56077
53528
170977
589631
3223
47761
260908
68979
115375
80030
75133
37845
27159
143401
415888
17262
67306
29034
310819
8380
40186
196
33258
27592
96691
39978
974422
71758
18782
16516
77126
237
5168
12613
16947
6891
8025
28860
15077
10420
36253
9
2845
3945
39967
15890
24441
4405
3433
5199
22665
38449
153516
131296
8197
58678
1377
5585
91404
30
10
19964
7556
11513
9284
15406
24852
849
78420
302163
44830
21203
22908
193542
54946
106737
22989
19806
473633
17701
290811
35079
18262
3344
17297
92203
27491
9363
21224
3828
183393
108
27721
21906
58224
53262
71151
7761
12538
86
38402
23145
12857
24624
88577
9069
38190
40438
13089
7565
30415
3374
38859
21641
80394
5902
14606
366
0
139917
4702
520771
296719
181421
1967
3020
262
3642
134033
15109
121665
4130
883389
218813
29523
28761
37738
38341
81665
182021
28604
23189
423395
151
7322
25112
17970
8824
16703
24781
6999
172
982
274348
25235
77362
28978
21515
10728
6175
9342
263
50385
14611
6091
7251
144219
30
17264
12203
36656
48262
4964
98
5917
3864
6847
3057
30184
381
1895
21787
61405
125916
25471
92592
423137
21737
12741
7097
183262
142263
21860
3506
32862
11710
659192
142310
4410
10379
54839
203533
273368
31024
39207
9087
42288
8816
55154
1595
60077
25034
12470
49
45058
4978
214304
3935
729606
139565
104071
113484
247488
149132
26426
212
65304
498
59882
1
3404
18
16308
63098
20736
44432
30447
2969
116033
15174
768274
526231
69560
1689
31781
88652
1199
565515
4339
10236
683196
749002
923
420
26214
17544
365281
12987
122068
136421
20925
43363
8610
543559
26694
224154
86404
28392
44563
19673
226460
12931
543756
125
93635
0
11076
1303
21872
5446
32478
257322
170285
20749
4188
81240
94058
8647
57498
74810
19
7028
11573
30138
801057
19011
33238
35939
45299
13705
18347
12595
16597
844
6256
77072
11204
6491
33740
75
0
8
30
23093
36719
38738
18557
10243
48510
89114
59567
281391
75072
421085
94241
52
19687
10271
120746
61198
963125
786124
113108
3811
112569
87459
10620
469292
124185
82431
43461
13615
559421
56636
367342
58834
25051
45640
121807
21372
39017
41246
74138
19314
1196293
190
129211
23162
10978
33584
550835
312803
828353
23777
63352
13751
28587
1104
12495
17180
54576
13774
54442
44454
123171
7371
11293
170128
36537
10979
61825
28230
21245
61891
87723
13643
58206
11742
36408
152
388848
70628
76699
56358
9303
5834
2044
12231
56000
18065
118760
86544
11722
7230
5598
8
3124
9454
358128
224234
163751
225581
6381
6257
4408
8330
7873
294981
751839
283604
520939
15460
109947
68062
178776
260686
299086
10477
11232
9946
14646
259684
5622
14835
13342
16648
4848
51959
6999
109858
0
377460
61053
489115
6872
15048
581746
11083
583382
30
46162
108343
197654
20317
215604
12
647
154
22635
750636
78982
57098
794677
80773
11039
176
66293
21
79933
1046
7689
33208
453041
48
15705
112766
12940
1
19235
17657
55827
40253
81227
733067
15819
5343
7896
32969
42743
363562
290487
33496
32860
134135
31668
280962
63328
3295
9887
7943
77501
53256
372020
132761
7585
81596
61278
16468
765120
342803
26766
96205
108859
44675
826562
49150
70293
38928
17843
223880
146628
108787
538331
31097
28715
174012
17574
297300
721069
434784
80457
55009
10184
10695
140821
108041
640141
10679
723263
66266
28364
29302
46342
227444
1425080
54304
68471
8911
18634
11510
83219
5057
542252
74442
688092
1276
1866
4260
14080
18
36453
5567
241144
10725
784
6544
20966
4897
7760
5753
46999
47628
5490
344
44426
22553
128756
12205
623096
12204
34354
728969
72896
17853
166344
32920
556393
26671
198007
232876
207892
68164
407878
135884
62329
135252
9
53658
94181
4692
3281
29800
180241
315089
1736
2638
12145
20042
83749
62558
2286
5093
4524
74735
514587
655135
30824
3697
33135
229361
112171
4608
26996
20321
21978
18783
46005
233
5486
28567
0
3942
172
30782
802516
354262
38757
23771
14673
3468
24129
16965
408689
39257
5
101214
75780
16356
7052
19104
64415
140505
6519
11578
24365
140237
30723
3707
9514
2364
16194
2443
7486
2583
2245
37611
14711
6323
54
30592
13536
9156
525761
508373
30710
2514
24855
813
82513
45158
10125
4976
50815
19985
19479
4876
56418
20061
21399
7933
23005
19407
142
200
4509
6070
3657
163706
29937
214726
0
35
3872
35137
46623
866
29438
23205
79008
23339
369
5143
50436
6526
13341
4009
122357
26821
229751
12686
36590
4476
49720
18
332
7513
43
123189
82230
51297
225683
232406
91187
15401
59488
173482
151431
2804
147504
12589
265548
44993
826158
16900
58087
524
571003
61007
46131
304440
398104
3
36432
16835
232469
287597
25392
13680
74815
66399
22607
6062
44400
18634
20024
16083
114193
54304
181470
91418
158184
30666
157485
120437
73065
60418
346547
550383
682570
84612
623510
183525
132677
13625
226137
77800
26345
46163
11030
12046
172512
31894
92792
49541
36480
131732
90138
31133
254849
48093
14649
165164
178485
16420
637
455292
12032
11213
14518
10716
49210
166550
17283
30064
32448
19382
11456
12978
37645
50
50498
20250
233821
11134
350
1349
730161
95297
21326
15750
33061
24536
55178
493232
367666
30539
26170
7708
62006
54021
60563
9334
36034
72955
37551
64404
22202
40247
109378
1195
122579
6239
226267
63561
100431
71755
38698
916
18505
34410
59790
51128
95522
26321
104496
72168
72596
31976
10064
94490
45774
606644
87083
1472580
156310
319896
12436
169116
534946
91455
118080
532468
132040
28685
22016
18101
20795
432294
18844
19489
26005
19869
47924
86446
265941
128760
1528118
62430
263762
60082
391410
91169
115716
49985
238978
1064675
176842
285552
43506
7858
57923
108675
233601
179209
62081
391845
53591
42584
2701
360634
54831
95172
111993
103391
513258
490512
578980
241493
61103
83055
42599
296052
46110
6739
3385
177845
96997
3777
211853
46994
55162
231638
110731
44974
32746
57073
519
36392
4177
8117
79845
3200
54884
269224
36548
5418
0
11213
18582
11844
433426
11152
18226
16451
59707
150327
353
526248
260928
148322
546053
482383
37309
41198
73726
212726
3204
100
157059
41
8831
14718
5531
27330
184459
117844
91927
16331
15807
9632
196628
53024
106499
51212
92111
17945
73133
869
27154
207023
60588
82046
193051
116825
152639
153138
452097
84472
646761
8678
18953
427781
5658
178
12416
21440
449869
271437
77075
216674
95794
100215
15045
15511
843245
32413
247891
34790
836327
17538
220400
131212
247307
155206
215034
511741
58956
3798
277407
36221
147606
579100
23902
150661
15911
80829
335
105515
352518
378646
136485
123186
15245
52823
709
27630
15494
29208
177041
56519
13543
672932
66087
131980
57897
21644
77521
29526
90709
132951
66405
126216
29252
3806
37374
24509
297326
49744
4849
966
5613
13035
33986
107475
3308
25700
90726
60674
256633
240709
195898
106004
395419
21617
31489
10976
165480
85998
40589
20264
42609
207891
584167
197078
225127
15142
650147
23778
20019
6044
8189
34
59386
4825
153601
118655
89505
3657
16971
11474
20732
491595
2546
13172
14713
243277
776491
10531
284924
558740
424627
103783
25845
3750
410112
43473
664362
25683
7208
18961
34
9319
290947
50626
98179
93554
11393
84635
72788
205883
14662
216736
274890
45662
163771
94075
846777
800566
78614
390950
108906
333047
87503
90087
349777
17635
609765
23532
16936
3861
7524
424
11747
64150
73074
7519
15740
67278
294604
400967
278928
75205
15293
133076
101
38985
4035
17868
35431
82858
123997
2174
19413
779056
22595
17918
15719
15274
260256
13053
8280
129450
18584
5553
4645
125059
307963
51150
15136
484950
41168
10367
93436
5175
92179
128591
28894
1
12886
28715
408835
20530
1382961
22271
24258
63038
23505
64356
530539
25179
63148
174981
13989
2636
6929
8120
47
16067
903
29005
419989
49931
580479
135998
84294
490418
82315
54665
804721
163634
1037451
78503
38201
67183
157927
85909
41335
266891
100193
11643
136769
3854
19396
840
336524
87064
458309
18183
7801
32094
143368
59
203469
375103
78459
94767
25589
32918
66
8353
149171
23407
76633
122731
11545
119136
134684
289633
44796
29471
35590
44387
732303
120978
1078782
218431
689130
82763
592043
250
7790
20473
7916
43965
510126
101875
579165
250519
461012
47861
348079
6615
93568
1144239
203872
136262
62540
7917
15963
1243
227468
59351
80882
41058
27866
38
274
30448
521426
41789
32842
66827
35
37
5883
1037
84486
44258
18188
339557
64
99079
129722
110469
155233
55922
429190
6699
290798
7251
1888
4117
84299
43133
72033
8633
119991
163894
57888
82782
171499
8164
10620
58
3701
39831
4135
21604
147748
19615
18932
69438
4541
89036
33761
44514
49387
358068
157872
29567
424977
61331
13496
340166
481640
47052
304053
39860
566638
401330
194379
1485657
329905
12778
92122
23067
64726
43740
25901
10313
419679
17937
19889
6419
3312
18402
66805
115300
56382
176419
295031
28866
1057160
24287
438921
66615
636536
832616
354315
35181
628851
23034
72102
14720
34668
39595
18800
18911
54060
58437
119520
26207
226518
62655
16094
40263
765503
25950
179556
87301
7890
130955
231933
55070
6000
35648
69227
59525
159715
869670
175269
111811
439
7381
7035
76631
25083
61038
4678
9259
14675
52780
481319
59790
22807
376887
21644
80400
18486
11261
149761
512188
890654
186722
159222
25400
255455
2404
281944
58493
188809
450138
62806
375233
672739
4669
37627
56016
899484
54227
117393
32963
531638
50
128863
112750
127975
9632
66117
179818
142088
49961
188631
76660
85818
271681
328077
908241
82914
69015
207246
109013
185239
625622
950875
620366
1447
68379
178570
68720
124489
65080
257642
19230
21922
492629
82076
31496
408326
191130
120806
706280
164324
281082
18256
167972
611759
251040
1258028
96076
156887
514956
127710
109732
375749
683161
278225
173594
81283
119037
82826
93417
18144
59889
183288
16217
270348
40552
158926
74964
121626
325083
156434
7731
216768
15405
394502
184829
57622
56807
43362
636744
8560
396145
100937
66756
168029
94507
76723
672304
8193
48580
7228
43829
66802
85418
76163
159587
12052
26311
20344
16778
26696
133909
39939
167794
14863
117329
155360
247748
647092
213714
132424
36093
348957
107518
224577
178370
603662
333547
111708
363575
232842
11970
106980
84801
412918
16277
35090
19762
13855
21317
67336
26857
67005
7267
52744
515588
437017
226910
106343
184038
187907
697083
1212275
18926
9429
16724
128627
226560
65697
27714
97890
125456
634481
6242
29502
24
15623
139
16139
18348
60265
43473
79218
392811
111610
67161
512197
70012
21643
22629
43691
41822
179294
47346
410421
279225
118053
7426
525396
75197
37329
279702
620709
234689
31252
656963
13677
53861
4992
26085
3115
20
39
23976
45761
28824
31191
18156
110726
54264
299
16384
22182
13951
28975
126804
70135
249
82721
31
40507
11531
125173
237826
66693
28066
5219
48875
38802
164663
68
530152
13516
62467
5179
6254
174339
22507
9018
9362
307670
44870
36107
13672
44945
46393
25901
146826
7286
31150
154348
0
74379
203
42883
21883
57125
40320
166377
267129
162894
21184
69
70818
30550
28649
2187
7144
3954
117325
458504
92356
54975
159967
39749
81795
164741
65042
1231644
47520
386469
23924
139471
15714
245937
27724
219835
84348
252722
385472
28339
55
200256
4422
235157
42444
160025
130572
692943
55349
152824
97484
223308
40779
69168
45108
235959
6365
312685
49303
380593
51286
713902
137660
131928
31686
586218
73126
80926
45609
1047093
109338
93146
5980
252940
525792
32731
14445
689857
16510
36128
8692
199711
44856
253691
57715
104974
239063
236099
6244
134443
8205
219833
90907
410039
398139
299
97776
7410
81501
179639
67008
146124
34989
269
150431
9920
53553
15052
9542
36868
21650
1366
90280
6100
4911
112599
7079
126317
126065
7955
9027
22770
47910
127367
139261
8760
44946
8159
98664
908
40052
102263
23155
482770
34034
413921
356188
143739
271020
408807
21116
36315
1104
10992
129649
43712
84249
34696
13890
40410
70129
32725
104522
80553
66795
34332
405910
37943
37455
25391
107420
626712
60778
164850
920718
133899
77470
22171
19573
18165
8252
852
19028
184
18409
113910
33542
25310
74932
41870
613806
30397
37138
368398
236795
271907
138782
30118
91054
17137
32482
400768
45706
57221
69320
62306
4601
85680
47284
78736
582042
207606
307402
21549
808660
61239
34503
7202
8880
273297
634
85002
3759
26360
1170
42834
476679
5226
24751
5243
730
19829
18432
17566
2439
4248
12545
21607
67
64277
35652
27948
82
223
2
111944
15338
315561
35909
10341
114122
59242
608678
103228
28552
130384
19037
132301
81042
284150
98303
164478
36499
10548
213
44245
11626
40327
22789
180655
358214
894424
122412
413900
2788
383024
19476
8508
6047
72635
7163
28104
11427
52184
66253
185842
22991
330087
35767
7869
5550
32043
15509
24030
21337
37547
198321
3256
55053
12977
13364
396532
5607
278740
327894
940467
22
41865
46134
50227
11617
66371
16079
39390
357
117610
10242
31810
4392
569923
69432
85123
9
19345
12570
106234
2930
22641
43
9971
3794
269524
31153
410039
73975
288202
146150
34943
41192
347029
2826
49872
30998
32300
101
27140
616007
10405
22825
32575
148623
88406
26295
73181
6022
213687
597
39073
35866
6890
354
30505
4591
3504
12070
12769
95
75082
4579
3
2368
41501
0
10650
3859
106358
2160
15097
10745
149245
36822
63109
19
13121
9438
22965
7858
45270
14855
55189
14667
5726
66
7418
11654
19740
33996
85214
70836
55513
23186
28832
13646
59601
5996
46912
3413
21596
5722
5872
28024
69664
1859
30310
157743
597680
8297
21298
5505
15981
788
19388
21999
410269
143020
11619
456102
11328
177426
56583
1578
17226
61680
9477
249
2519
3022
104
100259
31793
1
3805
145
12550
3631
101295
3162
4677
16945
4351
98
92928
10400
28271
8485
55068
67213
57561
396
55348
234639
123072
123
94497
58449
24715
48038
122438
53614
842
9173
14184
20047
27016
45691
4600
3776
25230
58894
27549
28414
20232
14422
167447
21894
71422
13043
37271
4553
72244
10829
735349
3623
84473
313978
63222
65840
13689
8805
111766
15265
10705
5281
58928
824
6627
48833
106351
65889
13347
181068
34411
38578
5771
2033
62037
148745
8887
18
57440
196
256732
310271
10216
518
450647
22521
29806
25644
33369
136
244796
31
1732
0
48149
1893
6485
20
14845
31827
46444
11524
154540
35039
38255
50336
37729
15691
87045
16753
316766
14332
17
126235
31897
79253
23429
1466
11438
31353
50364
11377
242066
8456
158132
9602
80558
4719
10952
5989
11214
44251
8386
46
12324
56909
5559
72
5206
3909
393512
18220
94273
201564
43040
9075
16475
98775
160553
18053
126752
427062
32286
4062
73612
63626
308855
5
165144
1887
239113
1910
55812
17400
171268
108597
16613
244215
61025
14399
11375
2124
2738
20138
34285
14324
0
38
24881
50393
82912
8232
26963
20997
125
0
19611
13258
173
38
31549
2124
287
3884
14041
30566
11418
5
4143
3778
3354
8
207786
85817
52032
231148
33207
296955
26505
15066
31963
99898
127261
120091
99059
96519
137504
34288
86876
208032
175898
3
81132
17378
1546
258471
135935
3
189608
52601
57590
31064
50609
105368
14541
98881
77504
287847
424615
725025
3271
10902
26968
87411
453551
15918
166905
108431
67433
21408
122833
151641
138063
195262
123443
403280
3198
7146
131150
16119
22902
548522
1360619
280358
23932
3762
39035
26338
37049
70479
64973
242213
1876
8719
83921
7163
219151
268181
289580
175650
103307
31258
637530
24312
57845
73871
61549
18191
9982
294465
6543
13479
212870
147071
57563
250332
12508
4
36369
12166
15633
197224
291301
7207
173141
4765
88156
4189
215990
278445
75081
50021
13335
72440
275643
87700
18334
2008
806349
30645
8269
38817
21094
26861
34401
395896
85416
106968
6166
19785
12809
139366
214392
81
90333
5571
135894
13143
3427
12
71408
440
51460
56446
525130
7502
15596
36154
182181
18738
94679
21821
4097
36
40644
7507
39318
278151
83974
113564
15773
8726
29813
55717
282582
82713
123310
395209
343012
47997
229943
23733
87431
429988
502258
79110
61968
48561
67352
118374
229316
68946
86279
59924
606
23520
20509
138808
635631
115866
47063
29343
39611
47378
155766
73743
380245
3951
214395
96197
97682
71397
1131688
180570
1523919
47478
397980
37340
125215
67387
28247
250841
22260
37764
693561
19128
76679
20219
37242
113157
90229
212953
98660
146283
57255
58580
104637
441382
606164
116728
112706
5179
6959
92960
7263
3940
136034
553090
89808
45522
12783
28447
29898
5039
120119
24536
31391
31404
9001
14636
266785
32467
91274
89308
51257
382551
55338
1459
43907
49955
721804
43762
138302
7429
45503
71074
16211
16351
235534
56972
90766
427409
160220
20649
243299
43427
180520
15439
268945
14674
59098
4398
159280
1745
39262
33027
291780
267671
14022
494
28217
49242
235106
29579
80843
22008
24224
149158
63215
64214
53779
248438
23640
728654
175867
279220
52
519909
1992
24
6333
9672
353387
19145
56911
132849
1451
546
6662
29694
12465
74900
328914
7780
36850
9506
157504
667751
14829
51407
23384
8537
24589
13008
152935
24114
60930
4096
224555
90310
46473
3614
127
4
14210
154196
19921
14678
26654
1118
17172
24145
60911
5561
328962
11494
21434
11149
32656
12517
20523
12230
1812
21720
9156
95400
29156
166752
14430
16428
155
14105
8608
254647
144289
57870
19591
87251
39422
92021
48658
394020
41702
10097
12934
34
135026
28140
342126
31799
22020
252720
19455
33910
83
4001
333096
82163
622341
112410
79479
22857
147194
50647
6852
5
44739
4339
26334
18438
3857
14785
20245
2351
78465
56314
84976
7352
56441
24375
117852
57778
2679
98952
412677
82542
836090
9411
91495
13981
113216
173382
82188
20137
19345
22732
7614
149806
31870
18025
103778
7162
5089
3540
35882
23850
24023
28500
17910
12581
68674
3823
227268
298925
110887
52996
22170
3212
27984
19441
208508
451119
82336
215418
34797
27943
132129
27629
521640
9967
55114
9762
71942
292393
165251
11543
121196
27143
28689
98
139380
162705
41479
20690
28462
15201
163149
418416
7522
6928
72
19857
15566
12695
4876
170794
18777
16537
15400
79627
35110
22408
209198
94
88058
86995
144590
41758
43743
39987
216069
8692
26819
34801
57625
93129
85851
104532
12173
51609
15216
10590
6462
8994
88913
7764
29138
44237
57246
92545
11515
43271
66840
6089
32767
24620
11972
54661
134742
42756
126774
20464
76613
94355
32985
46999
28805
27826
