241132
297463
245944
33076
42737
970199
71509
142320
117443
430151
368237
253247
10517
403140
174281
5854
60232
99861
27712
62538
77317
1189817
970201
1071396
1076803
1088198
102613
32325
33829
1452763
141267
302825
1027323
128297
189720
15978
136587
669736
276928
256180
287674
286066
305319
1063403
84069
2063423
174727
170174
14635
367440
10839
8973
405931
533999
1057696
423683
186769
122324
1032763
249060
9436
63034
45379
21853
1047103
231462
36152
1033198
1116990
443222
842548
56371
476405
63977
1058521
71270
268092
655349
276092
62905
165419
62272
654025
150971
22571
250742
195272
1013601
165488
505392
821936
80509
263634
135070
485077
1055719
81774
360324
1200125
10026
90084
67217
1025910
84291
59780
164651
157583
133686
154382
1088191
789702
403165
33763
101853
17665
6612
270507
294454
1029677
902176
20816
1104548
130984
60857
62664
40847
216883
197232
185808
1224241
179496
246450
414226
159207
35563
631484
1148624
151597
331077
260506
311818
246266
1316035
166857
194125
310056
166742
498679
360764
24888
471799
77169
704874
1041768
247090
34023
236511
983166
282590
73129
1015585
66157
416162
99801
45249
110925
163712
356844
253324
778220
135118
260457
60878
379533
2331675
89931
616418
119695
127197
18023
607365
1349785
587041
485881
446303
264763
79485
25342
145011
500258
881405
57673
346879
9085
13290
6385
401463
131594
363071
123246
105397
16971
175600
97937
73697
24077
10587
7943
38468
31922
517505
1298839
219197
569700
22480
567875
9626
1031011
90106
249788
56433
371872
54789
242458
575235
1047472
141698
26832
67480
735267
97933
274235
366549
1583080
325030
903506
19235
321191
95200
1051611
87867
8064
122627
16562
189240
42408
71695
91319
77115
168453
514135
168505
68159
11687
68207
15801
314962
562111
529934
372987
19160
1126538
1004775
964982
84627
289488
209705
633185
18437
346261
1063266
12748
109268
1192947
230534
75685
154553
53436
278371
24072
83370
98153
130277
1024576
7502
454028
53342
97968
459803
35980
1068192
307435
871511
27747
442349
975557
149008
179620
240744
1334454
75943
211606
142314
576292
176596
252094
89465
86309
1033865
602233
30492
89237
532143
801719
1545499
79163
130792
219839
105659
64958
99204
149092
244675
366127
79613
22421
75093
25168
515804
878977
599114
176894
93929
119723
417692
76958
98763
66014
184176
191453
117261
190116
79346
822824
49402
950677
354810
364645
278552
103473
63601
2292099
55902
4638
89816
104372
876309
283527
606019
40216
1134171
86600
659070
1156233
170890
188217
165216
40115
80126
337783
282203
151474
121992
18295
235830
144697
45878
187689
568281
78651
2441045
823921
1110403
251816
104232
106308
1222082
319955
26578
243357
308301
461766
348902
1010219
478566
271523
138174
102088
108633
56931
1839296
11089
355284
157299
21338
246561
129184
191041
1651116
5327
361974
53895
584835
20942
67173
17503
620092
115678
1078274
869668
24957
294894
32608
25648
832653
265734
722251
148990
482061
344476
1126195
151147
252882
99858
315938
52161
2092797
64063
132684
56937
1066080
775612
37661
1011402
88085
461685
13616
14158
40407
61865
419325
295962
1824278
118267
50936
121904
275615
88190
169050
784420
11642
81537
56991
76866
213056
147989
516478
176226
273247
7401
39962
48326
565612
282471
315467
1075016
681792
11597
293400
214601
69458
164448
132594
29871
1549758
972221
484875
41166
272325
71374
468024
138862
35135
640910
131510
77803
125813
1383136
426641
823290
114784
57213
864436
33314
1116188
76752
248896
790481
66672
207753
192837
92450
114235
179412
220803
178478
142552
1161485
51293
814977
1065151
532873
1011332
560595
363908
887826
181964
114727
723636
74103
874359
1007572
92511
130245
211617
386416
312561
64761
78454
970941
28660
465605
1013395
98900
313152
1063402
241863
1662661
118757
209493
1240643
305858
1000029
84318
437881
412660
154559
404640
367010
166987
177994
246938
289233
12476
420469
16997
281805
182685
779927
224400
433488
904171
42388
82950
728849
20334
104130
2565875
272558
33368
99291
37300
257639
511278
448246
109613
231191
155099
118635
67334
1275848
311201
510380
28637
952691
124873
25588
591908
193811
580448
31223
324931
1498540
80248
117160
56751
207999
854374
1596075
135099
793215
282866
1059090
21509
54037
14151
321744
24666
163526
467336
82063
73084
107350
67654
303555
1668756
657753
22043
14455
16324
964908
38660
64512
1171120
200948
655204
21755
165339
225832
75326
167005
765261
1058785
595521
254393
94170
421283
244510
634887
574891
996360
546802
85913
375564
789952
634574
69281
434859
201335
20845
122911
462381
420787
486069
54715
97096
194641
72789
752906
17080
1132367
364240
790717
686767
550971
679187
579415
268797
60639
1242870
1386181
153870
360092
429227
131079
363533
211637
1242392
91019
562901
145578
55177
253938
114736
382598
702947
1336127
1373540
1900687
129834
1036420
124842
638149
122514
28007
185601
78118
696064
973502
11004
48422
81647
78999
28863
351500
287275
90069
12901
22541
8697
1120652
192830
1116119
625193
122509
1040881
358357
274746
23433
202458
794572
1895494
25344
226566
615227
539070
773626
1000375
1058170
288744
577179
587918
70195
1241488
346457
32108
1127014
672796
108087
787419
27960
315212
1005362
147409
73331
118082
52657
446731
521010
202570
67458
1037521
1327644
500077
54314
40682
121193
31308
147138
190162
175535
9691
47485
52718
177238
13920
94669
99611
354754
1052742
15752
798778
174787
7609
1456705
1107331
537930
120269
714732
112191
118779
458298
181260
16335
206126
417195
90136
130809
111677
18190
43153
13395
393145
59380
48917
30898
68437
41117
161945
126426
443741
53509
577671
363077
134667
672071
6876
160969
6987
8939
34564
226095
23836
31078
297281
30434
172119
256566
52564
29522
52534
57620
533505
175353
664262
9185
323699
18305
165476
21324
438502
1271662
16159
605658
125780
913811
995026
74518
85941
47229
382513
246344
378720
178286
1264566
320800
10112
34291
369094
44944
193863
226580
124940
435757
22609
543887
28561
9341
339099
224003
394863
558966
1177892
103242
996404
356329
317721
1003676
1831716
72825
401712
9905
367252
47046
649377
45445
12839
116459
265392
595493
52496
93123
237533
43221
695803
36123
237795
75892
720636
402566
1985035
325495
661685
272575
1151804
139806
133014
19342
189825
184518
128291
18366
880013
151799
223171
1100209
1113293
663562
918011
489921
400642
5948
182673
170333
1086665
14111
615767
33581
167958
148185
719785
244123
77266
823911
163296
642479
238327
960876
1114472
1113081
182776
368056
1080032
439683
35965
338446
161856
9104
107496
271193
1822419
164855
281911
64500
164628
72254
75081
145043
1402606
54413
108553
37726
1091207
6421
32711
1144264
366527
24638
49572
56311
90398
585941
8431
197415
666515
99954
9100
163036
191702
9994
150385
532909
38397
89873
9875
13982
1446505
10830
64698
217028
46770
18328
31306
1036020
112230
176041
168539
892268
109944
196702
298822
24762
1511596
356455
390596
617801
329111
232962
25765
30216
160032
14505
17479
271897
25812
22199
93903
86448
104438
118104
41780
75944
21621
15565
