208
42995
118678
222
788020
3996
107413
1323052
1571544
2235777
1575984
763132
4529
8095
5835
3963
795526
1105679
930386
794592
770083
6728
581726
2889
77225
1535867
1926
92492
763285
812031
2086412
5106
1892182
796838
468399
806770
170060
625721
1448226
1588808
794686
2647852
12270
801738
375
2938466
716
869527
2534
2343096
285
3581
778462
3582
795393
1589893
1456202
363799
799367
323
1628
1219386
7563
3050
3074
795374
6712
796754
8488
299063
1596212
3264
2092
25
927975
2209
97
1616
1598833
797017
795815
792976
1065124
57
5148
3163
3490
107281
1603
16684
796440
580091
1743
410
4647
5540
798615
16323
926
78191
822751
707356
5724
1704974
18175
2163199
805431
778996
746134
92466
1559260
1165
132
763688
1116
270
10032
803641
832
2630
1803600
564579
1586022
528942
15014
3498
795340
830460
763365
310005
2065851
2327
800013
247
4005
1592883
799263
4205
1257964
1248202
461694
183282
2838
621008
830816
6113
1563026
162153
18103
1394210
1563617
3152
1628423
770741
1196094
733581
799525
796926
1594403
841
26612
793369
455620
1708166
2374403
707008
1815313
184799
775386
9870
21477
10990
3703
1017
1592157
801972
1582604
19082
799228
89
772597
96950
800203
1367793
799126
525608
734389
2843
986
324
1621216
1641350
2783
793850
653160
2391
798984
1705450
752695
2144
787663
2292
1003
1511
333900
220
327676
5163
777324
3628
6956
156
3946
176036
1020
804239
968
799964
1344578
792327
201
1650
798541
797948
798810
4325
868813
2871771
800482
90540
1155647
89918
1905003
3292
939900
18353
30
268
1041775
116
26058
1865
917216
13948
1586504
1035084
6506
508301
23657
438
1501789
15172
688703
7149
1520052
43091
30965
803019
782265
4490
797099
1357733
795418
225706
18848
997495
807515
2382601
2408
793999
1589443
66
799103
1086
3059
806032
298617
1314
2618
585
1089
6215
2169126
797047
416
3150
6766
1591177
1251111
4813
3664
1471
1591273
763593
7417
1407
921884
675526
11715
794007
1584621
3014
328662
1594
77
895
1601
6
109
778
550149
2566
1593102
891428
157707
412619
818678
510711
795407
4707
784608
15479
795441
16
1592253
70
608443
794392
774844
763259
2713
289948
9
38
504547
147
784720
602838
4897
1022
26514
261
19313
20683
2519
792865
9126
1296
787153
708
109431
179140
3247
331
794779
2896
54920
20224
2260767
782
1509198
4791
6699
44490
84101
162
579331
584
1590367
1506684
3512
2120
39320
35
1502
365
4361
2117
925226
1206
3932
794631
1433
6103
172066
933489
277418
1270
1047
14690
5212
193
1778
2280076
691
797876
1977
4173
75428
1401
1073917
5386
712291
1619390
1678
3014
706913
19856
1728
6049
1548941
808205
773440
20889
904630
89178
1207349
2356
16849
3106810
8115
1592458
3173671
1617252
1378786
15490
206188
21105
1529423
42804
385175
308
2107806
91721
1895444
329
2696
905
89250
2788
798233
1560607
1376786
2458
2518
130
725166
1376
785292
766969
15545
1589901
1907
707826
1564453
1431
1407
798797
63930
799793
3252
582
196
284
602755
5450
838256
352
3378
1489
22152
797088
172079
904
3845
422
1638
241588
1028826
2900
798280
204921
991374
2164611
775756
799181
3567
1610
19778
1506834
809537
1117328
312
1322543
2581
789709
4808
3732
16080
14802
2680
792059
797778
332
502961
90694
791490
3223
1521109
50467
4862
34985
70810
1299403
2283156
11604
454347
1605
801713
579951
2364786
19596
1860837
17036
6223
1590940
982572
1227821
4446
799945
700
843
386
200
14292
1263
800229
1701837
791779
2395
755
1074
2392638
48964
5294
1595308
1253083
1575
802397
796993
1552790
799004
463389
1762880
6858
8165
816496
2078
1737043
1594507
1451431
913535
790176
338953
7729
980716
1592457
5881
1496996
885939
1589522
634559
140661
1410994
16741
1485556
40036
1008418
2597868
1589161
6979
2008
2685
3843
482499
1595176
678141
1588062
2468
553788
957092
821642
15018
808271
759589
3465
1361808
59994
781276
774487
795562
1509049
688
84976
1516176
10
20592
3071
415637
4697
1486842
1439
1738627
162
10518
86426
1459270
3433629
18238
1139341
2478166
2825
1600539
728628
1567245
4337
1660243
1894
1400989
19443
177285
1038568
986869
1635
712449
796099
5445
121
90713
1347
1319705
599571
317759
2224105
3572
1376
2295812
850702
456272
802390
800027
16797
2380663
793874
2303029
840604
2320788
2520
1590191
3625
807119
797446
271
706856
282196
1060894
3221933
2120111
773134
1823001
383
5648
802117
840498
808299
1401454
789739
10475
705675
8746
147674
40227
72227
944861
946412
4721
975655
6007
2325104
3975
247750
2872
140
41689
450
1013103
1775975
800301
1869045
100432
1264
2993
14777
795641
2332383
1581012
575209
1566602
1794
94337
15632
2681
350664
1340363
1538179
101530
1538
1457
180
214
190
1565838
4801
518290
93457
2092
719344
41428
800092
89047
1898
505
654
97
1594513
785701
2216001
503
1605768
180486
488555
1591913
5625
801163
1348132
1028400
1591268
7927
444354
1448
2770
58619
3014
891
823
366
46
438
2942
232
836733
2132
2427950
1515587
3369
42068
1614047
783124
60356
82215
2969432
6147
1591704
1252
4986
1547554
15555
588374
15950
649102
2337377
774797
46898
3167
3009
3443
145
796131
1588456
112506
799103
7698
17228
269
806687
1508870
1448
1204
5935
42
41
208
791007
463972
2479
796074
1332496
802634
809278
2720
786938
797647
209
98119
5709
798484
202
4537
671
330520
2208
196
2706
24
722
156
325266
138
581
1607
723103
767438
793922
1362419
808147
6
1725
5085
769196
800105
5275
7525
798114
41750
7
975
1271
514371
53
793535
5335
504921
2389
3434
1890
175633
1579
20712
761214
1903
797637
40926
800490
618410
174016
115
799618
1762
798350
4234
88949
59
1353024
795611
791443
407
794353
199
2468
53
646
1656
326
31
116
1468
42
239114
1371433
1017049
235102
791948
15098
794638
504015
774815
1417746
2418
1611315
1588014
1358
193
994335
614
1601215
867736
188401
2093996
657022
1605566
2229373
1594301
1015044
1706
485144
555471
760280
785436
122592
810460
2935
1530
92557
1154416
889399
3806
113
1966
2441940
1516297
798424
105590
746386
1931
999842
799708
1552014
1450829
906948
957972
105362
1010759
1598523
6877
44988
67
399634
105
1317166
720483
1660
2476
632141
5334
8383
406134
344
221
2424171
4636
858
4688
27678
5233
58
2036
2381
2407
120763
797511
795715
1330
176
2876
1392
1488989
1587429
1825
3395
748
1207766
3753
45550
615578
4748
1693
1593047
3945
182
207
1194
505412
809241
790030
1292306
873821
1179
40
89754
2615
1601222
13483
1532126
1582837
3636
721813
10426
1582428
5220
442
783101
1466161
4174
49070
796393
1219
2406218
327
11292
785812
43592
752160
65293
41847
