2784662
8846572
6001797
6103401
7524846
6145763
9651352
4725759
8135469
7218226
9666951
6666658
6680279
3451223
7561277
4743097
6031987
5850550
4154359
5025218
3441563
1898878
3173022
8065025
6882276
5060565
7662569
3841903
6591423
4355013
8486454
4657681
7946266
8170655
11464379
8637513
6882524
5425486
8083434
8530229
10068741
10605151
12352183
5709893
8584484
1605534
5772590
3908532
7055502
5238960
9161816
2699064
3268262
3157073
2609716
2810112
11223330
6103797
9160959
3723497
2330999
2478244
8459198
3608561
