67
432
911
273
340
246
46
941
877
1130
639
256
814
153
955
516
277
370
83
188
42
26
445
477
47
134
834
135
372
279
510
150
683
30
958
471
1234
674
804
367
924
931
754
285
77
431
679
39
319
619
137
148
164
217
409
26
320
574
289
272
127
188
295
256
103
350
253
739
241
264
56
109
403
981
533
525
3
344
101
44
21
53
307
95
1
165
108
52
118
930
505
254
269
155
815
102
436
42
144
58
536
31
656
357
693
286
502
903
724
150
571
533
276
427
653
61
391
243
33
422
642
445
520
278
187
31
214
263
847
430
1150
969
129
105
454
36
172
432
1406
402
301
167
382
209
933
331
1540
206
369
91
480
351
514
320
621
1431
624
498
259
99
1803
102
924
194
682
229
1017
505
1107
764
612
443
476
241
901
272
946
223
701
17
92
233
156
359
733
489
913
451
631
161
206
104
676
363
589
459
213
379
596
227
695
537
320
43
109
156
18
97
219
2
514
3
66
44
775
203
4
201
425
159
154
157
307
342
480
552
390
343
559
366
415
253
300
462
1060
262
615
18
440
260
546
146
111
154
91
396
192
156
74
90
371
333
12
457
154
337
