3793
382
37917
12372
2
34059
113
717
78
46384
22713
528
1579
4641
227835
127
1036
1557
39
81
2068
6878
1418618
1960
2314
1928
1687
1315
0
1680
32670
1178
1828
1593
3717
0
446
268706
5462
2003
598354
12374
579301
3100
343
7367
13082
14987
0
623
0
79716
241957
1760
2151
2857
465074
1115
601
1345
63
1062
1181
5
1251
0
583782
0
613986
258063
0
412
1382
0
1102
1
0
0
81
69
0
4
736
1850
5
28654
2971
1182095
2342
436
844357
599352
1887
11471
8
1052308
0
0
1213356
1
0
3
998131
13909
1569
81809
195
0
1071
268
0
5
0
1
1
0
5447
325
908301
34525
60
7
33249
263
1813
239
22
592185
1797
993690
240
0
2
4580
9
848169
1461
2671
144
0
55
0
0
0
1660
0
1111
446
237593
1121
291086
35036
1613
5465
581
0
240775
0
596969
63
5
80237
609696
33689
596701
0
32939
455
6766
577875
11865
3925
582407
0
1116404
86
17
286
43350
0
652137
979075
2031436
125
13354
15
40429
0
0
0
631619
1114
0
0
0
0
33827
0
300947
0
62
0
0
0
147
81236
0
0
0
0
12121
240811
170
21590
18
39388
0
1177904
1404
1507
16
1482128
70
130
115
235698
401
236019
1064
36176
103
598351
238892
19440
605
52931
59
812
598300
6164
0
0
33549
0
0
0
594553
8
7
594288
0
0
52
1063
1075
1
33102
844134
581835
226729
0
16248
234414
646
1160
174
594337
1080
65
8
895547
0
0
1780422
1248785
15034
880241
257008
900933
0
237758
1632
10
881074
1
444
0
0
115
56
56860
3933
599074
0
34476
144
135
274
1633
888935
4
0
1632
0
0
404
0
33972
374
20471
55
238144
4684
30187
1916
618525
0
0
66
3
1283
229
609954
1784
0
133
13536
530
59395
34377
277342
911
0
2
873585
1847
32327
96
657
1589
531571
32330
16458
28349
248645
2460
3382
1734
2535
582558
1753
598211
5995
0
2990
526
188
896075
238175
0
1407003
8
2744
81220
596597
4
13044
2869
0
2051
38
6
0
1230
11493
9
236872
11
377524
59
997084
6825
2797
11238
14513
0
237075
0
1104
33664
35116
0
6075
979974
5
236246
0
1
0
56
7
0
13
14
215
585630
247766
1
1000434
414
0
79
1
2849
13925
0
1118
597522
1820
0
10
5904
1
81952
1340
207
5
33
2664
0
7678
433
18907
600189
1072
31
909076
523
286
600812
43
281011
0
17
439
297673
69
534
0
0
4
0
599851
1
127
0
0
0
0
235323
113
0
0
0
5445
254
12
13243
35642
84
5890
71
55683
840805
13511
68
879226
0
499
325
1
1185
512
117
611604
895245
2221
0
33441
40
593410
584004
316909
0
1385
0
80
1819
2
0
0
15
225
0
610848
0
23
272
18
32082
1169
561019
12806
577464
188
78396
5407
1005039
34
2728
26
19
1825
44395
35124
33743
42614
0
0
11
724
14385
26
646
332515
1854
1
438
169
17
0
0
861528
612267
494
603962
1215879
296874
210
12
0
3190
40
1000
644666
158
24
0
615387
244703
0
1529
23934
460
250805
66
598058
0
4082
5544
469
1015975
1
0
35438
56
2720
13718
0
596937
52
0
257679
5
2194
256
1423
0
598311
2
607992
840663
1224
0
5785
236407
473
1
2093
63
13
8515
288039
808432
35047
0
3
7
20952
3
235641
40141
980045
12
614926
0
250
22
33179
1157
1014
402
0
0
238953
633153
6248
503
598307
0
981954
0
3
4916
596685
1108
43580
14544
0
624
1695
0
888783
35106
0
0
513
665244
609734
4753
1807
5
33587
63
174
0
80
0
598047
0
747
249
0
561
0
260
33157
128
810
0
837705
1011
3245
1229
247614
82
610328
9
6279
86642
59284
13946
536610
125
1147
1914
3897
1925
9110
33701
575584
0
829967
61
7
242952
20399
121332
1974251
1529
132
4330
24
231377
2043
1974
234948
892468
74
56
286
0
7341
1676
35539
63
0
541
2
1134
446
4
602228
53225
35122
962349
25023
13
81746
13515
846423
1186908
495
13008
41859
449
596763
37722
18493
1465
3
650047
438
1421
37281
214
10359
1738
0
0
4
13
0
34198
1788
0
595979
1252
255354
0
37031
1076186
868320
4617
57
1961
236897
5013
4129
5657
262
16
0
97
0
0
0
5
0
1142
147
0
0
0
72
403
47184
0
1
6
1789
4
12
2845
0
298619
0
0
630911
0
94
5
1022
68
0
0
0
43611
9
318
16159
0
0
0
5422
3
147
8
0
0
0
0
81258
33944
113
0
1
0
0
0
459
0
0
0
0
0
0
238881
0
456
47935
257652
236315
409
3
240771
294099
2260
242
36
53
36
8406
954
177
26559
8
10
0
0
281
5513
39152
800
17
0
12
0
617688
81084
279936
881010
8864
9
13181
1396
35831
1
308
1105
0
4
33932
28
637581
0
0
847690
1
66
0
3
3920
0
131
238096
151
118
43401
1
235601
240110
859596
243430
237940
398
0
151
428
0
447
238936
1127
15048
1513
1
596631
856639
630152
323
35923
107
5430
0
612971
26
1455
3
593071
2743
6854
237084
0
40385
5736
753787
56551
1469
1126
973
268858
576
19850
238872
0
616
73
0
311
13494
613337
5889
633623
48
35919
1
0
0
998505
1813
1131
0
602711
134
0
64
0
0
33599
0
1
5517
0
0
0
0
0
0
880
6899
0
0
0
0
0
0
19
595856
0
238087
8
0
7
0
321
0
633106
3
0
1315
35107
458
7032
653
4186
0
1
0
1055
0
226380
0
8
0
1063
467
3
1167
396
5
4407
0
6
1
50322
17168
15431
220106
32
811942
3853
34740
3727
549
579117
1658
0
240166
240033
0
0
265
0
0
277
972652
16292
18838
1210459
13732
23
0
0
906594
634
590262
0
614409
171
0
288
1511
5
240395
80102
682
17840
581725
1080
650972
10
0
0
65
0
0
4556
1377
1397
596618
7323
597394
292635
597177
0
36
0
0
864
52
6
0
15048
1779527
882815
0
194
633492
614340
1149
0
0
15034
0
1
6409
58266
873725
1807
4806
250894
2212
4851
895581
407
3
0
1254
236808
15
251382
0
8653
0
27
833537
414
21
124
1
267
7282
619119
14522
281056
513
0
1
0
0
0
4
1750
845397
453
1
459
2
0
0
0
1169
587050
16726
44208
42612
14416
81713
169
2216
40783
210
54580
4302
0
611771
4086
35297
611718
257693
510
2046334
3
11
5710
1
35067
51
33952
0
633894
982065
1079
0
0
585308
6
0
1
811
263
598613
1378
52000
1133
3908
1128
837542
901230
235768
0
3
460
0
3248
27
482
873
631094
79
1653
4
144
851343
757
1953
4538
0
1147
0
13480
0
0
597243
15
0
0
3
8
33965
0
0
0
374
7
296317
197
14416
0
5865
10
36
1
19
5
1569
0
238127
43299
7373
238025
2
15431
861005
6
16099
594269
780457
59102
239733
6
618597
1124
14109
603976
0
5504
0
880
0
0
238062
253
273
4
0
227335
469
270
4411
6349
1205
1157
1203
0
15030
0
590617
610646
1326
455
0
0
596755
1996
0
616
6
26
0
1
152
0
4
6412
0
7129
89
0
526
2
1170
44249
15448
723
35215
860512
5716
34012
0
6
1598
52941
242753
459
453
33506
0
1678
0
15
0
2266
7
1
1553
274430
0
636329
13588
0
237615
3
696
7436
605046
1245
1149
607
24
28
1168
288
1715
518
71
1643
8
2056
462
561600
1106
8
382
31296
101
711
58994
15961
18291
17055
29400
1904
11818
5490
1046243
836425
0
1546
0
961566
1720
1199
0
3249
16706
865979
2160
2677
881854
13427
4
69
1637
16317
1021
0
4
594506
251
699
1131
736
5884
1135820
238869
160675
235443
3142
0
1438736
9
0
0
0
0
368
436
2464
2430
0
537
4
0
978683
1757
11
0
0
880476
19836
3060
241586
0
278814
527
8
0
0
0
568305
9
845305
6382
0
17016
14055
60
35014
865080
30397
3333
670
471
1163493
6
586
569797
597497
3011
898014
3
450
234448
33547
2
646
262
0
2951
0
4
68
22
3183
0
240902
1979
1219
67
16631
0
9
71
0
35142
883
18
0
0
212
13
0
2
0
1230
0
0
1576
605552
76
0
5378
245
0
190
237386
8
41216
11
596260
0
0
12023
332114
34487
1640
5763
118
27
13026
1631737
34929
488630
68
114
895415
0
10893
241
2
1051711
20996
79324
7576
226057
436
1475
19076
1165
607649
225
81999
26
995771
254512
604058
834720
0
666026
0
6
1048
1105
57
0
33593
13699
0
0
0
0
175
35116
69
41350
889
0
2453
248522
7193
0
53
235508
980255
0
1516
1911
579
320304
282
2052
585
236374
0
414
5423
1
516
40
564
1139
0
10
292
34379
56
20
105
0
9306
1953005
80721
115
19
1796
1755
2
13933
1078
596884
531
0
0
14
0
2
0
215
15
35
28446
1437639
1651
13819
236561
490
16761
243523
0
597208
80758
2217746
1103
244148
1602
0
0
414
0
278306
25
1000
279508
5506
5604
516
9
9
460
894453
0
0
2848
0
0
0
15095
2
0
4
3
75
141
3604
638
565596
838324
597498
7
0
235920
590959
11785
858712
6638
0
299235
13
6782
38
1
10
0
5779
13814
8
17352
23
32
14019
7
0
0
83087
23
73795
3377
603888
625
19
863432
24
1771
44175
38865
218754
24350
96
1897
2736
32345
296
3867
1396
2
61
0
95
472
1149395
429
321616
7844
1063
8
1
6
1558
825677
0
18899
6603
570476
1125
600044
122
598418
0
41621
279
3014
32
0
893352
912315
983997
359
1
1597
73
0
405
0
1
5911
234871
11
1450
599209
616713
1649
995685
39
0
0
21
281011
0
484
6
162
0
981363
21
540
139
591819
0
189
0
893620
10
2986
0
0
0
0
7405
1550
1
605351
173
1
962
480
5
639
0
116
266
48
274872
522
0
238257
3
7
892342
1752019
10
5943
1602
136
1
251
1225
7
598868
1145
0
66
1
0
33745
0
620995
86
49
392
5415
0
72
0
28
459
1131638
438
395
234921
0
0
0
113
0
50
35165
429
853
0
0
61
0
28
0
18
35400
0
5431
0
326
0
253
0
598273
0
12
854604
16068
9
13259
0
0
0
512
35551
71
47
2758
28
0
0
56
5890
0
68
0
3341
82534
55629
27
0
61
839056
60
1621
13495
0
1596
0
33
36
981864
605662
39365
0
840392
0
117
1
0
611275
615436
1611
0
0
235546
245
259
469
602432
463
11438
13
2026
708
0
67
237907
0
233
0
0
13
116
0
904180
2376
719100
122159
33687
1650
860239
18
13330
0
15944
597861
26
0
0
0
8959
0
33256
1135
1
5900
94
6157
117
313117
566418
47906
1
626457
583652
353
1
1593
316907
50
1103
5553
743117
63
1382
0
102
18
0
33
1
0
243909
43426
4759
0
1557
993429
638423
238
0
0
63
38882
0
422
488208
0
317
13354
0
0
14
14205
0
256
14281
1610
895459
0
0
2142
0
0
0
895771
0
3837
0
75
0
241
1
11177
587564
22
896156
114247
29980
13656
554
3037
12553
5398
35
1059
110948
71
14585
0
1334
7184
210863
530868
213413
56996
124
13381
11573
1584
1145
577337
1429
73
2900
2027
591865
18108
78760
2870
404
1128
182
613440
1379
69
10
2108
11301
991905
0
146
81864
29
2
40336
275
2810
993899
1872
183
0
2476
256516
2144
595454
11422
617403
3841
876116
42235
2027802
38898
13579
0
333962
62
1534
6423
57741
878947
644966
0
36065
1
6563
33486
593498
1151
1113
1678217
16916
11385
4570
1567
1
0
33
6033
1
240773
420
34376
259044
634253
0
1667
652
33619
2
104
12928
1311
435
0
238135
81443
13120
4
0
239690
2435
91
35121
0
56
0
1
457
1
5
163
6
3261
9
894704
16
1
4
6
235322
113
13507
41360
28
63
1302
878250
1177904
318030
8
0
611121
1167
21
2774
1830
0
702
248742
447
622960
1452072
0
591392
855397
19439
236975
1021987
130
1
57
2203
210
5826
428
234986
15
254764
1589468
76
403
3678
27
4119
15070
890431
490
2131
0
1808
746
326
363
17059
56837
592528
1102
1896
235467
99571
9
245
0
357
0
448
2
17203
54260
4597
650350
7083
13
1724
1248
276386
238874
5526
97
0
0
75
1800
541
33698
1113
43618
16486
5422
0
1
1
459
0
238964
530205
10
0
40
0
71
11
600046
19052
526
5
1140
0
3890
148
859603
1
3935
1192
1186870
41353
0
2009
4
415
235281
623
1
70166
980010
0
64
61
0
6905
0
1357
0
68
38896
42792
4188
441
6
206
2
223629
5212
342
20498
265
976786
989804
893034
2774
5453
80533
10
0
2749
596997
36
52
396
267
0
58281
1871
0
33
1758
237865
1
19814
0
846160
461
0
23
82999
42146
13854
1589
12
584
634261
585513
597818
3375
608081
0
1464
597725
0
1139
597143
3
1
8
0
1
4
2137
608057
982178
1680
607088
1332
462
231781
1073
596
1229
595702
6
0
72
0
34
864153
5749
33436
15
3817
0
236007
14877
24
1735
466
238
46124
28185
764573
573414
534
2110
866097
648
351
1067
86587
600034
0
1159
4
73
5695
281567
8
4083
14083
48434
1081334
572571
251294
2093
83
3204
240487
5
35016
68
0
1128
3
12
597209
366
1602
992
647561
898814
82039
4325
607547
999079
664421
1104
3
10
6
250452
235519
241813
457
5838
1695
34669
109
978230
1815
13
0
2
291
5
6
609298
0
487
11028
13
0
2
79
19
0
287
278541
1
14034
22
1099
7464
28
32190
32988
2
139
301723
638
236424
6878
7
285
13
0
5576
418
598360
0
0
0
140
18
0
6311
611
83
51
238259
1809572
8
599901
0
15
5856
0
895902
0
503
0
0
0
36
598442
13209
421
2813
56
0
82509
0
3
981976
0
2
0
0
3
2
49
5
1052125
339
28664
26
4083
74
1380
592512
2
744226
0
4
43417
93
63
0
13603
14339
15476
2142
1044
75
0
1654
93
715
4
8
30
939
4371
1707
1598
11
6
40577
0
593127
1453746
1673
62
886938
14
34910
832549
178
6029
1
1667
2
8
0
35268
21
3081
12
4
13542
902501
26
1629
19979
1200359
0
2202
5794
858821
19324
891264
153
22419
1639
234
54646
46043
36920
0
33635
37226
0
279959
5
21020
1
859490
590576
236484
447
60
246
7178
12
236075
138
9
1
0
0
0
844458
1117
633533
585753
0
0
0
0
1
1005
6
5566
0
13734
1424
1
40585
126
67
997
53
18
76
1986
901146
0
17
0
89
0
292
5393
79
174
14016
33095
64
236721
1
0
6461
16
881856
0
0
13358
21
82531
2
7
940691
1221
741759
0
29830
2698
55
155
39707
5368
40137
236833
1635
35223
15270
20947
847105
8745
81250
116
565
1450649
72
236106
828589
622751
0
50
1728
37
878667
1
89
136
6743
865280
81095
22378
31516
1578
52790
18261
1404858
264378
17033
194
19327
585371
214631
77291
33541
3743
25648
565057
19657
5740
472
1295
0
15998
40
1
14587
599606
1856
4263
51
992538
23
8373
16734
41
21015
1856
49
273104
15
0
13
82690
575927
33923
74
0
0
2
0
248442
593606
596246
62
6
246
4
97
77
7
823
2
185
459
14144
277254
896332
1445941
3583
6146
862366
847
1534
120480
21562
235854
1121024
940601
860
472
22627
0
1009773
556
1890
11
346
4353
8
0
274
7811
14045
238986
1825
227342
14955
4791
0
2001
434
1641
846431
242212
586
9
234880
152
0
1772
0
298322
20009
593057
239742
899969
40702
2
63
2570
567254
129
3
0
1122
286
599974
0
0
81
81459
453
1897
6471
0
575408
1019
599402
35331
239815
883
33757
82
121971
0
63
0
279
0
0
0
0
3555
0
0
2
31
3
2
0
1132
50
238159
13418
886217
4440
883600
1
623419
18
1118
2180127
73
1157
0
53286
359
0
6
0
48494
28
385
18345
945743
102
11
18615
6565
18
71
14
0
39843
2102
3
80341
2
0
0
612862
13624
838286
38
1582
7317
599352
983055
981649
592894
234950
2
458
0
13492
0
0
0
522
55481
7023
1
79
7
875679
1593
4088
0
1208912
896209
882215
0
0
603820
981946
5793
15195
15175
6232
10
633556
8071
0
14
14138
863889
1495
1229
0
648473
445
2
1122
431
281074
4
120414
1188
615
4538
31653
37192
28
1144
236163
4
315348
2605
838153
10083
81265
515
861154
14639
0
727
133
0
0
1
981833
0
6670
15668
350
5
0
1
573
1
1793
1
1008118
0
53
626338
0
0
0
68
0
3608
0
0
200
1
0
4
595860
483
13258
882238
16905
28
519
0
254851
0
31
3024
0
0
0
340
29
36930
8011
859555
241532
233
12982
15823
1785184
46890
4551
239383
301
76
1815
7425
37
3
1101
229310
456
4
14506
2432
3348
233611
55730
4840
4835
549755
226
3960
4783
123
1541
6196
10
0
433
227661
487
15489
0
1048
33
1056
584533
257260
1068
0
235
232181
282
53071
586
0
0
0
0
2
0
272
0
234886
205
55
7
38169
48
63
33749
3
524
240576
1
977674
1821
604171
0
148
0
133
0
289
298366
237907
3
1123
18632
254
0
0
591982
1073
5640
234341
2232
891056
2413746
876
237668
0
53357
204
34764
66
0
0
5945
0
611582
7136
279412
0
32762
562513
1106
672
2322
368
565527
42
204
8
137961
217
130
34763
294
0
7
222
1
2845
598767
5894
1117
241
0
601207
1
298223
0
599972
0
0
0
0
0
66
0
630857
239
4
80
1
0
0
79993
18
0
68875
0
6
0
452
622894
531
9
479
6431
192
0
69
0
0
49
0
1
1071
574133
5
5413
0
0
1020
517
598175
661
43641
35153
121
4470
135
0
0
18
240112
227068
16549
4706
62
33759
0
454
0
1131228
127
454
1677
71
43404
80258
559
5421
1465
441
0
34119
5
1077410
2037
0
0
0
147
279
0
8
0
0
0
0
0
0
0
113
0
0
0
0
0
0
50
0
422
8
81775
2999
35193
33938
435
0
2
112
476075
107
67
2
4
0
7
4667
11
6
212
1
13622
3
35
0
0
3
0
0
0
0
28
0
1135
456
0
48
0
20
0
39948
18
1723
231944
0
0
0
13418
0
235247
5674
650974
0
4440
0
0
254
896815
101
0
2
833
6
238041
14111
594643
539
14238
0
22
452
0
646221
11
147
598161
1455116
0
0
982637
0
2
472
235926
0
2713
1
854206
2868
13203
0
0
294053
0
9
0
7505
254299
53252
43
2392
0
0
5
123
7
0
118
36
0
0
0
35934
0
13690
0
36
0
48857
0
6354
602
192
1732
182
12554
35359
213544
167
943201
865630
832
13957
34
140
39947
3
0
5
11
18625
0
0
0
6474
342
16736
0
11
3
5894
0
1
0
351
0
157
0
2
5436
1
39150
0
3
34429
2346
645
5647
178
82352
14789
1604
2
13626
165
42306
1274
0
80035
163
0
26
9
16
86227
0
612400
0
15
1642
36
918435
613282
0
279563
2
894930
0
1170
144
839556
235896
620945
21113
38
8
9
0
637877
13
263555
721
2227
18
6483
1
590902
2133
41589
0
983044
1145
5
6
982148
19
6
981646
591730
596024
0
607465
937
656
272594
10
4
2
0
0
638180
0
550
236120
0
0
31
28
35387
289
854234
2873
0
5
0
2114
0
0
1
0
457
611391
611170
235950
614342
1424
193
0
57164
0
0
0
5831
15
1177
0
1
0
0
3
235589
0
3951
3
0
7
245
0
276823
0
598741
504
442
8
14354
225354
13391
107
591276
1894
417
49
0
122
157
9114
11423
1242481
300383
1405
3
594369
877673
307
240418
913287
655
431
176
240276
0
0
10
859585
235373
67
611440
3
49
388
475727
981658
6
76
5727
387
233
181
164
14849
62
15222
29
288
5623
537
73
0
237911
0
0
3895
116
633596
465
0
231977
8002
43237
587
1584
893040
8040
2732
644
58398
17
2157
121779
1584
611121
598683
0
11
986046
0
596370
72
891809
3417
2867
809251
2690
46355
587705
42221
858491
1666
127
1123
0
647563
36676
0
248602
480
13
0
81
15
126
1098
5396
21794
430
0
597854
1
31
894025
1108
0
27
421
3
0
49
120464
262
1367
3
1188
0
0
1594
1849
590729
8379
4601
35
2647
33
569
22604
47179
49954
37176
1133
236447
643
0
15868
3
1
2
39959
1198
6724
99
5383
41
236390
15785
14817
740520
33
6750
231729
88455
46117
812721
84
474
892534
788979
33494
78476
556582
2523
1167
34580
963742
14305
235094
115043
1
592465
252
806
34032
583615
861612
19138
14537
18497
346
252721
796
442
241338
1
0
900727
175
0
1
132
477
240329
80359
0
0
0
50
0
1391
24
0
13399
384
109
39818
220
612964
1
1964875
1
15
5583
447
281
1114
353
640228
15672
303
7
15
15177
859
34959
15072
0
1
49
22
0
0
0
1
28
13253
0
70
0
25337
978519
710
0
18
2093
6
4791
90
242412
0
0
43360
0
149
0
38083
141
1580232
134
0
0
0
1115
9
496
0
896468
594555
0
138006
33947
223
6038
599403
0
0
238
0
33588
0
0
69
0
67
0
0
4470
0
231409
0
1788
1885
1511
878585
0
0
0
0
0
422
0
2
475396
11
4867
13598
1
0
0
0
76
0
251
0
13364
0
14
0
597221
0
0
761
0
0
7391
137
0
0
565
13279
19
242294
861215
27389
0
0
16933
0
0
0
2
288
14272
469
1092
49
80887
0
0
8
857129
8
885809
19
0
1109
0
595764
0
0
68
31
241603
2118
1
4
0
8
0
0
0
0
0
0
0
7
0
0
911845
722
0
70
70
5
0
278
0
241784
59
36976
102
43787
598458
8
859859
1647
0
0
236063
0
5920
11
1097
421
273
0
11
36
48559
0
15843
456
0
11208
1196
1388624
52297
943077
14326
129
14690
18497
241821
898060
4187
0
1
34662
239775
95
309
281
29700
48
1
13317
5489
303
461
93
2870
0
10
9407
1189
0
58
0
235920
835764
0
2
5468
0
10
20
1250
147
572
234530
29
6
1088
79285
592884
1063
68
474
0
0
0
16526
3
238056
1266
1875
464
2
516
49
5417
80
239315
642
62
5379
0
145
832875
71
283
4768
562095
0
225491
8
984
4650
562194
31670
12880
56328
