558118
827096
1857004
141246
1027588
3172036
1598497
2103513
1004175
1775800
2550817
2861471
796924
2505005
1964582
25382
1822401
4063149
1093083
805967
968724
1346803
1981611
1494439
1875758
801990
1216590
3185786
25245
2389902
1401963
517409
1583416
1287521
1108607
2359871
1192666
583904
2750062
1339942
1023157
203148
1002287
2799784
888844
4146794
969716
792682
1093837
1062642
867250
0
1698440
1758255
1532753
767565
918694
941983
3529513
1133310
185309
133854
1568541
3982
1137229
2763416
1341757
851754
1984502
1340621
2323920
537898
1069008
2347612
1083399
789947
705374
1860708
2735309
404176
487692
601527
1488602
1290058
468182
1329191
2561478
2662472
186361
1869768
3512367
1225264
57182
31935
932344
5508337
3555460
1489474
853654
259020
1880571
985657
2086719
799910
2663467
108086
2406092
2395922
2138640
3252090
2606459
863670
48409
1431455
1405140
26573
1191526
583065
1856267
576103
537904
3163471
953158
1302626
2719091
874607
2360369
588373
607778
3009148
3605776
2929739
1409773
404176
1704898
1683209
2883857
1422530
1350859
980529
1521016
849032
1606868
1462375
2536280
863764
774356
1435797
1410704
2126226
1595610
1462726
3092134
1949124
350057
1243366
2283015
799941
2194884
260713
2828890
1291386
3111347
1952640
589855
1908528
820033
1834837
4131778
2291856
2288434
1506263
1121612
782106
5401643
931925
2374055
1757191
909618
2984
3535332
1664702
3358745
1336671
3467245
2390733
3098910
1171728
824533
1036363
2312915
86056
1078977
505470
1388593
1369278
3363254
875095
1451854
10114
1382447
320927
43894
2166444
499
542325
216834
1
1248158
1165556
1933982
2173825
1020469
2219594
680622
910344
1003972
1132116
2494872
3207243
546159
985203
1428308
256215
2185272
1134084
1564454
869212
1947144
3117804
978164
1573174
1366513
2550479
4522330
1536075
1067734
1715088
1151304
1671720
891201
1449215
732010
730102
96457
825082
1090973
535556
829376
1120337
2394598
1998495
73647
503365
101344
12895
