7790
5756
63062
206
234
63882
9222
2961
3162
75298
2322
8958
51
6361
10956
22
9
1152
6816
1330
36479
19444
693189
26857
1579
9752
5061
1412
5
5287
20103
4756
3959
655
34183
2
6199
605720
13388
13878
24426
835
77459
22756
12528
18846
61689
6508
103
3311
0
0
156285
12077
3081
14965
889
3221
10304
517019
1
877
1374
22
5927
0
2235
0
3809
19811
7246
3
1
25
17617
25
8
2022
1313
543
199
55
15656
22363
11116
56694
21268
736439
11087
8215
686902
9300
1730
1817
26775
838612
2970
1
864156
18
8149
6155
799817
32500
3473
3606
20845
40
3261
0
11
3153
0
30
1619
0
50338
6829
711315
598430
48
204
20351
9040
30334
846
20069
517130
1584
803529
50033
0
2510
16103
37
15335
26862
10759
425
1561
15
0
2
1271
9466
0
1385
6208
67933
6998
1182366
1545
41162
8823
23929
3246
78484
9
20301
13383
1292
2700
71316
11021
409
0
23141
44090
3717
36153
3383
38382
3470
329
825946
1990
9
18862
42079
0
621862
791582
522299
6667
48913
18309
6305
20
49166
11267
112051
2415
57975
1177
0
0
10556
12299
315040
0
0
20
0
0
0
51
0
0
0
7117
23239
158506
2891
115822
4090
22089
9
615883
973
331149
5471
635682
4096
12270
1389
3298
11964
1154
5742
7352
1286
260990
43301
181378
28243
1067071
2
24937
1820
526690
0
0
165
0
1087
0
473923
0
0
7614
1046
19
0
853
9452
201
24991
102704
564798
5514
7600
12810
75064
236
655
10012
3575
473
6474
1335
808879
0
0
915176
24072
32224
123223
17266
226589
2342
10986
350
11629
733229
1
14506
11
4796
9243
19
599880
334
17
4353
8304
8
17121
934
2430
789106
0
4
6951
1040
0
72247
6999
17111
2819
658531
13468
9701
72241
57689
3587
8388
5580
44
48340
109
8134
17779
47998
157
52
0
29314
24624
57702
28426
138756
227
0
48
94461
22258
10509
192
4569
1527
21787
7005
23063
55419
15462
20254
1377
3013
16618
30331
1732
694155
399
0
2621
8377
2416
189046
25583
7117
714022
883
5822
26249
8848
41
41550
8542
1
512890
11508
17
23684
1955
38994
1180
1786
27808
189765
109
818493
22712
2206
6937
4254
5
2118
2977
16
11645
577135
8
38735
793457
22
589906
1264
301
0
0
113
0
5899
32018
973
1562
38899
2448
800053
1303
1769
6
1280
87
30859
64
6341
3054
10529
61
57682
34539
474
26
14941
13580
1324
1776
6759
1860
254629
44
496970
18801
3271
929
803615
1692
7403
4354
8049
716966
1433
5306
5625
294253
1767
1915
13
0
46
0
22130
23
39
968
3834
2395
4
0
0
0
0
0
24738
12666
8074
32106
42079
807
379038
1
532272
107585
56128
46791
204896
41
541384
539505
3
1852
4614
27
1672
776412
32987
979
20328
229
4447
2041
805
0
15205
1744
5303
15517
14722
12
2
654
81308
4516
7446
25888
2
110
477409
36311
459
13205
14530
7267
1546
11787
6042
796488
14429
81338
3538
26533
1436
98023
66
3030
292189
479341
8
6059
612947
5
0
65
31265
4715
9
5959
1913
16
1
45
688346
3379
544555
38752
7793
741911
22738
15
1172
35905
14486
3462
557201
10570
1872
10309
25664
22404
48042
23057
593927
2556
325163
4
3558
7
3496
10266
83313
296947
0
2700
4585
31
13755
29778
38592
588
1521
3054
546309
27275
11357
1342
9431
11162
3930
2267
52802
57914
96664
231
14411
150
279
3365
9111
3756
14784
513607
657893
8227
205
596
5891
1406
119306
24956
72261
44640
796043
7873
30829
3
37655
1449
14400
14177
3608
1987
2433
6
568783
2
7496
985
2529
14
789152
8796
15
25339
20360
769
508841
15849
18063
15888
1426
1219
775810
2682
2725
4179
5426
2716
93161
6906
6157
12110
11067
6
16575
103
1651
2109
674
0
4
24506
356
7220
8998
12
35990
407
20758
2768
106476
48421
6452
3760
501851
4686
25433
15885
20853
641889
15017
13911
19286
10452
1820
16910
7981
486659
13051
1570
8216
2747
23560
2596
2148
123650
39376
575010
1563610
5815
8211
76
12062
7901
900
143
11338
491506
10891
217
12392
74
36100
6114
511451
222
0
874
135
6
61
1101
11292
618852
44
779507
526057
1339
933
115884
509878
3065
1768
4973
501280
8150
1181
79098
10305
12353
2096
501573
16406
9251
2634
1197
69247
8426
4063
8
11
14
123
56336
1583
3
6298
2980
197771
41
9039
177472
169869
9249
1022
2383
13330
6769
40906
566247
42641
175
130
10981
2081
150
49954
32
275
619
0
1773
1
104
33622
50121
52281
6137
105
121
58324
7917
3655
1062
8206
306940
3695
2536
35625
8
1790
9
35301
1831
0
21
0
522200
17538
2715
18271
6452
6997
0
11943
144
0
17106
0
0
1173
0
0
2
0
9085
6
0
0
0
1749
5
5109
5
114
3
15
2209
237
7120
310912
111502
2323
65
115
163660
777317
88289
3796
10846
514993
746
80873
12983
62427
52600
3234
97
882
2352
10364
21087
7684
557042
3939
0
771
5
88527
3242
88929
470967
427317
331
30422
8373
330613
2
23260
1338
2
0
12010
1819
571544
5162
6
65104
24
13
4050
6783
57294
3021
8038
276
7588
7314
163060
0
4380
111527
218928
6934
2687
14737
54
270
1626
0
1081
7432
3948
2632
19756
0
8285
228163
48242
2132
2488
1837
2007
21
368483
1363
13413
6802
2375
18605
9109
67381
9774
696423
64074
633360
115150
19796
14131
11012
40008
516204
528830
220066
21
1401
24713
0
10506
37854
21389
42741
3097
151
6280
1
188
4520
846846
3777
140
0
74690
0
41
93
0
171
6713
947
160
1831
0
0
1520
0
0
0
33917
154
1460
4148
0
4536
0
473171
7579
1083
91
23693
1857
48397
0
1805
13861
0
35724
11620
0
16131
90405
32
28790
38034
78943
1604
74
68813
131
1
18665
99
76
1581
4536
140
27
486180
16572
1040
15280
91
9997
952
64998
13804
20609
4282
1290
118052
2220
12097
31981
445793
96887
31189
49
173709
1603
1347
0
9885
1
32
305
787370
2634
18652
811212
27780
11065
2
1604
728323
210
2312
0
17750
1639
0
10657
93099
22922
58209
3454
43040
1896
5587
13
621759
3272
8739
0
18782
0
0
3071
32215
0
62408
12154
5873
791189
975
0
0
29
0
464459
0
8716
83
40535
319864
733789
16
18192
3119
42705
1104
1
253
32229
1520
0
20202
51018
97359
336
433
17596
1438
326
184843
36217
455
1108
18410
1199
36
4483
0
30076
0
22683
34938
76
46
9160
44
8723
26438
514747
13287
722063
5632
13
0
4
0
2002
1
17345
180651
3944
0
0
0
5129
27150
4797
3525
26170
6624
50865
304705
6063
22
2442
41
642627
15184
572736
18203
6900
45470
3508
1025
41361
578548
16
111429
4105
8384
6653
1283
47487
27934
33321
4791
6605
793257
65
6
0
7291
14351
5020
0
3206
36
35474
9676
72675
1720
7009
14262
132272
792384
2420
651
2950
10
0
3554
6431
869
39030
27346
1054
2433
10
3
194993
35476
422
61867
2103
2757
1777
84046
646
14
11871
822
1
5211
6997
17106
1139
1
4
1312
1851
5911
869582
527491
79528
1600
56726
2727
3248
12538
8062
8256
5324
2727
516
174632
4936
312
0
18238
245315
3089
65035
2909
1213142
108942
159003
1368
5983
13
12365
74814
268
9497
1520
32824
1577
76
22046
3178
10384
47768
0
18086
3793
115
402
43048
50
114
7924
0
4882
1747
24748
2351
9045
44011
10376
0
93146
1384
0
5575
8244
9152
0
0
85
3
1
18544
277
19238
27
3
22327
3933
324
64216
2431
575807
0
603620
7841
98429
4103
1425
6521
88404
113146
3592
6100
20369
14077
41226
2
1
2
90321
115
2036
144
59010
115
92012
5533
961
22072
0
159
42163
2166
1022
167
5458
5
84
1925
3663
2812
3872
14831
40566
1497
23868
1007
1004
130
1842
24977
1376
26724
5829
66552
1670
17284
5183
29493
36424
5177
3014
293255
16212
4440
205
54993
733432
348
23995
13506
2918
4651
258047
2785
46103
158684
35321
20
3090
3435
27874
44109
57
4676
30667
8568
1003
162
9566
2236
1380557
55935
169340
18618
5229
19
16280
52
3
4523
6
0
2024
187
1255
1417
1793
19408
56083
60
767565
1289
29
131
0
170211
15139
1079
565382
0
58954
588
456
14749
5083
2598
79405
1348
690014
503479
2336
11580
17
1335
17114
254925
79705
14157
166443
542360
694921
2745
57030
409
7710
79
155252
942
14585
2225
443431
1888
9384
8519
1623
4573
1490
2268
2556
2860
2082
1662
70403
4414
2867
505997
25770
7958
3065
11209
8287
25234
432
15198
1316
1357
2494
23608
8759
2089
1369
4148
110
20280
21847
30602
1226
1183
20393
3
1754
7286
1079
76
56736
58
8131
0
2565
28520
167602
10554
2549
3621
13010
11
39930
1374570
32767
1294892
1284
308
662707
1
79160
8175
5250
342957
16057
5348
62116
13216
310
1773
14043
2923
1473
7323
15
3201
802863
509787
9498
16284
0
117630
1339
1038
1
1217
1321
0
7685
49454
4510
33836
0
3
2219
576345
4986
422213
31144
4492
16052
78645
45939
1254
4
7252
793497
193
1433
19901
24778
527474
512518
71372
4485
15657
23
43667
14777
0
416
2288
19483
4107
46
68606
14342
5931
0
6974
625
90
19854
1535312
61902
19
10053
1437
1298
0
44573
1340
10051
36904
21692
8214
22673
0
2544
4
7846
22
801
6821
162748
183
847
32229
18777
7431
66598
1385
30166
3545
834680
9
604469
142
2386
0
486
0
72651
18
282
68269
27632
2633
2755
2752
1281
106
975524
456
69
3
2
14763
12031
24771
0
0
511
1785
2573
8
51380
33025
3969
483739
4681
14315
0
3802
8183
13387
754921
451997
16043
570336
4150
190115
55486
143
2907
2208
31123
3676
7612
8022
1488
455
20
266
1326
2
12774
8
578026
17461
40710
4143
8114
253798
4
1650
65280
12413
61921
85554
2689
14108
38517
13388
70686
661303
1197
11366
728
25659
468325
64546
1036085
14914
7284
45449
394
2189
4
5170
7241
48060
14437
517328
6489
618
88
15927
303067
1378
72
515769
9897
3433
966
243
780099
151183
806844
9298
52
1371
25
3070
761
1971
18
40845
2940
123
2105
3481
448767
379
336300
11160
1890
4570
1278
716732
19918
166
1106
13
7774
261210
1018
534884
2578
307
5593
7343
6
299821
2830
22796
1763
1465
0
23
11691
4076
1018
4636
4101
7001
14867
1082
0
4465
6936
287
2357
10266
64625
9368
0
571290
1395
0
783349
713907
0
72052
2479
2976
74
8963
2838
8
239037
453
61
505700
1
1262
3831
24
556303
10962
27119
162
75169
19
2913
2308
16226
50
502409
1703
916
19438
0
0
2095
8287
3943
19578
0
3270
217
56
13
17631
0
54729
13623
1036
53189
0
897
0
478543
64
4267
22
22043
0
13
171875
29544
2721
31279
4
79
0
16480
36245
116
66
1185
1586
16
39
2703
376009
33
1173
6319
8248
4717
524775
3893
23
0
101186
25823
157
71951
0
5163
862
5832
3259
830108
27366
94734
13
123381
2105
7280
1211
4
23
593911
2287
16414
2335
23075
2400
526050
15235
51159
35
2047
5039
24739
11608
10
3
544027
14
4604
1143
4793
45
25
31
685704
74208
30852
600273
22692
1410
754549
2035
69894
0
35918
33664
78
895
3
0
11834
4
42085
459
1088
25073
1563
2699
132
134861
9488
37658
5766
12256
3495
960
0
534
2095
5711
3
80
631128
3550
17721
6
189
12822
0
6477
4066
15
53988
26986
8695
0
9059
803042
573562
4911
50178
4587
10555
540284
479
532852
234098
560110
28
57627
1532
10
702
14670
448
85
80
1088
762722
1201
30
15545
2
8484
2717
748708
17
43952
9345
5919
3927
17714
1896
782
41024
19724
229715
52324
57301
9163
13839
2605
471479
6685
1721
57346
2799
1424
32982
54
25057
24364
11353
11996
3623
913
1232
18977
1917
10285
4170
29661
3777
6095
3841
74185
10272
12761
3224
4317
517941
907
6041
2455
10794
2524
1395
15850
6300
797813
1225
12483
11762
5011
41
637534
9047
560144
795519
9607
1536
1271
216
549455
29915
10135
7779
23815
1561
761672
50017
518351
8339
77635
4
321859
20
0
29852
82946
480280
27850
3437
264233
149
31424
0
474156
5607
10510
127943
21489
1825
7730
18360
19
2551
14506
29535
9514
671999
6709
89331
671932
37771
4
1623
22238
9001
0
2201
50336
1469
525
1
33171
12737
7470
139
45690
118496
2764
247
577146
4
1555
6009
66
1823
261
1800
58140
174
3744
77
791943
4046
7
153
6685
772
0
25259
418211
15306
979
33
785160
6783
2601
100
4513
4815
5398
1078
86384
28985
474364
610444
19956
4912
676373
32665
24219
3499
23185
624805
1022
382859
3617
23159
72
6568
0
36411
96
7149
5013
93107
797994
10492
4
488782
5934
26119
25297
775330
3197
17466
2764
4038
353
22288
12929
25196
82036
33267
466459
3349
19450
562535
23756
5643
219
508994
139
3559
30
111628
466116
21552
22582
73627
5
95
1577
30015
20584
530168
9937
48111
113
21566
42350
7118
30049
36039
523400
37067
12093
0
0
806
1750
0
657
398672
1276
2
1358
905
2479
1991
39323
455044
18487
52
1314
4066
27439
2767
222253
110
2276
2363
20229
1987
67223
50723
6415
17650
72238
24763
2295
7596
271320
19
55
0
0
160
36
7863
1853
12528
34356
107726
80859
812
1576
8072
16079
3616
30779
10677
11105
2397
791360
773020
644619
16396
159780
6109
781
12317
411
187
0
0
17035
18919
1538
50359
1513
0
3017
1289
33968
26
512404
0
159473
0
30409
5510
37
64695
52145
8891
4261
10946
6566
6887
31412
181
23900
32
36505
2379
12500
1842
21344
2017
1151
2541
0
8380
6979
28045
71361
797248
280
6039
18182
13155
20355
247
9720
8945
93070
8242
87
8271
17
27327
677091
27591
28903
0
91027
0
15
1440
27
2257
1185
1497
55701
3420
191550
509
9430
2861
162518
11381
26
8074
574657
5169
0
2081
10251
16516
1814
577007
1706
51091
4223
101681
1381912
9494
17668
14864
1064
3969
66039
2654
162
1823
1368
1795
1225
41
34304
1381
5724
14435
568182
258389
7344
5152
13821
1316110
116444
2523
20399
1448
4547
100073
5491
572989
9852
55451
6570
30066
7383
792050
11504
3823
17473
7806
14
1
60
3633
1579
590
30760
1
5
0
2239
26276
14390
16385
76257
20
2321
1442
96
5166
20
41341
18577
1862
9098
108627
2372
24853
2913
18
13563
387
21
20409
2032
35930
1278
7
2422
2974
5945
0
12418
9580
410
11538
570723
1477197
9951
243491
62
492632
23895
1543
509599
0
1561
0
52442
0
182
3977
0
2350
34
1352
0
4632
0
13
789151
14066
1607
4679
4100
1219
5189
31168
0
785243
2363
99256
1
10294
1685
8073
9906
177
624570
1296
2426
27141
545
480551
1
57932
13555
7465
11067
51967
2853
17728
2656
929
19716
4552
1217
1047
32578
19883
4102
3551
14428
13257
1120868
1489
8614
771491
16178
20
493357
502
8846
39573
17009
26190
2724
1619
67
2940
18820
578971
290
4190
2674
1892
40632
14090
5476
1443
664639
2408
1855
7088
39052
96250
493906
777679
12362
26068
7927
687
501550
89912
11028
15202
27416
2170
0
80190
2453
494249
1293
223851
8888
32417
177
81
76
229044
3167
6957
695
57945
0
1082
3
620
159125
21214
26736
4196
9
794
327
1405
0
1400
8391
48636
16
2381
41297
259
552475
66
16399
114779
13089
2771
1337
4257
283673
8985
3963
35
318
17482
5
3997
515
24162
1364
49235
1927
10144
69
1279
19215
11680
704492
1686
0
118
9
2770
2
11221
250092
9704
626663
1
66769
54505
3829
2229
1105270
17198
9141
49943
1813
575965
48140
504974
44777
36328
81641
15766
1337
215915
3770
7083
154790
39187
336
24047
1652
19569
237406
1216
603
7519
20739
691273
128
149308
74015
37617
621662
36013
203628
19071
8543
606
20576
91649
11472
11691
25289
1324
123752
15924
25756
3164
1453
4601
36
74381
4676
17533
62075
24785
7327
33493
1914
782134
8602
503169
39781
195
12755
19831
66079
750387
2348
1398
4
7973
4076
4410
6292
11377
135
52
2597
74135
16336
5387
14585
9054
13601
5561
5903
1823
19280
557624
458537
2438
62499
65363
130204
355672
205257
12397
523846
234525
73159
13093
578908
575830
4695
1316381
217655
43245
296
11559
2365
800334
202
3512
2151
14589
123
2054
134
5303
508635
61441
156599
5966
6804
47078
1086
125
4917
1373
1929
20896
4734
44176
6
11686
19522
12260
2080
59103
481315
530181
1839
169272
212152
584804
54203
256
670
134
2260
91
0
4575
10454
15608
450
0
78
2778
527
14389
325632
1462
2885
4512
3973
605
110535
508355
2502
5261
519682
1634
2553
133
23368
2715
0
2076
91
2174
43
808
45
970
133
0
2602
2409
5
155178
67749
628224
3055
132715
15131
26300
151
2445
805218
14223
1615
3072
625879
11591
3333
8826
0
32779
51
13645
17859
767080
132
923
14023
513802
1779
63
2736
16589
37598
2017
0
1902
9
56781
5232
42930
42800
488371
1916
17622
563819
492757
792811
261280
7915
3268
1
5460
64
70877
0
31
16
1377
554555
3138
8760
51
9916
170164
315
528139
10743
432649
353364
180509
919
55799
47416
303666
15786
58535
856
525683
98
24566
266
15067
1862
3766
220829
502
17113
1821
566715
2140
10164
153
18277
716641
1875
580577
5649
11071
9065
566633
10973
369
9446
83
3398
544986
77062
758629
9382
108
51208
221405
9833
2418
40883
11786
4
8
0
261593
0
1006
6523
7295
1010
0
20
546467
984
1439
111
801400
0
80
8898
0
47846
1250
1607
5
76761
3
0
13601
0
1421
4519
8854
5779
4060
292192
5294
2665
3140
28
198677
28
18516
16639
1211
43
95
12549
1802
1601
4772
255615
481201
43354
22825
3969
924137
76028
1631
155444
532821
5969
1441
14443
4335
159
33
9482
1708
2068
40235
6116
8655
13265
7347
751
1229
3267
3001
37920
4479
2628
3615
564554
1129
9010
116
45615
16045
47090
103
2105
961
3
2221
18033
57
0
176
3079
13599
26766
53169
0
84
1
0
0
287
1179
55744
5993
2284
15
9
12231
11017
30201
50798
36
802
41955
157
788715
770
82282
59045
0
0
54
0
17894
475709
553670
1395
6157
518654
4391
167
0
1748
2
100911
74278
2095
809142
913977
39328
12779
4789
562115
27
77270
164
7017
10337
71142
52006
72247
12540
151198
0
3206
263
385
4493
25
5120
11379
41947
521449
26
73068
10154
1815
11671
528525
0
1216
3313
12
4
5558
31024
1916
237941
1900
12216
5799
300068
0
16487
3853
0
0
85
3060
505780
2471
26984
151
6126
8
53983
3778
1344
6338
1767
1419
62
5
9
511
24
632833
9713
9422
17793
37120
286960
7690
1405
9237
0
25325
0
3399
1107
1220
302
79672
0
2
0
4642
1296
145
521182
4555
1910
15324
8967
0
28528
83
86547
478308
514027
20433
1909
4875
26
3900
121
501696
1692
4514
887
2436
510918
868
7282
5173
487454
1493
4061
8793
0
188465
512
113
130
18
0
26029
11225
3669
0
2095
0
2712
3
0
0
8285
0
3931
0
3159
50
4
12411
4
514903
0
245
73
1842
61
966
0
28413
778
111585
5379
6752
0
14561
16
884
646
2800
7876
7057
2
79642
103
44965
0
0
0
0
10
8536
0
50222
4
11638
1967
68920
0
111
486210
9639
32387
166
31541
152205
0
0
715
67039
0
6326
486
622304
0
3055
3
29
468875
163937
12990
260
305
1585
36
15450
4413
23729
14186
10545
13
2176
0
5093
315593
6082
8718
5123
121503
4316
9
789265
1235
1
85
15236
0
7503
1168
203996
25592
3066
4014
0
783012
6720
2721
0
22420
203057
593992
5528
73534
16299
4
1777
690
1820
8776
1382
9238
0
1572
36
555540
5783
39346
268
761
49
41481
0
32745
7134
16585
39546
3489
11101
21771
24454
58782
724354
264646
49947
14134
8458
152
62633
403
92
6
3749
16709
10
25
567
508717
5625
5832
4
858
904
374771
423
2273
1828
6031
4874
3351
8390
1433
11832
7397
3473
8575
11148
529089
18399
10872
63947
4573
9
5170
876
0
59393
0
461637
1644
1823
109
2968
28
86
2814
256
57487
0
83913
3025
1642
3579
5959
98893
71119
0
82977
2216
981033
3
1279
1
464893
4035
514129
204928
801
2095
320
12664
603930
398
103106
34425
570114
7695
52830
2603
8409
1015
815264
12
792809
1903
1322
45
313105
4513
10548
788640
5676
26609
0
5369
14916
8618
73006
1395
488
115
13
0
47930
69017
16931
9542
2095
6
17486
1756
28121
469798
180004
7950
7
25
23
11644
0
3
21
28
48
5718
48600
23192
55448
22033
512934
4793
553480
1856
11
0
21309
3
2287
1
4830
6613
1243
6387
18557
9
77569
32665
0
1347
14530
8494
656821
0
40451
8244
243
46
15371
271
16370
2113
66088
507610
10749
3181
2780
1383
43
48920
12677
530773
327727
13272
9877
1142
119411
11151
77753
796309
23559
5333
14702
109824
3
1952
55637
217071
777
0
61497
1479
28852
529662
27927
267287
11
2547
10860
17089
5227
3976
130
64158
4
1122
96
3778
525072
7005
3
0
1342
1
0
27474
49
4101
18601
2924
1
269
2229
23261
15810
650400
24883
12331
25989
52171
26
3504
45875
1280
38928
3531
28
7140
820848
0
11636
8144
690238
90854
1512
200810
7418
37818
1879
36590
749785
14483
3849
2922
1405
564932
489410
13
12463
54526
8948
0
1285
1763
29
96
1206
39359
17
18237
33435
0
11612
1030569
48866
52563
1459
3793
1872
897
12267
590426
62
1068
4
5661
91
6693
2586
12663
834
12232
28166
3196
4875
7454
64031
572411
27701
62838
1946
9881
28736
39271
1508
3827
9467
7
3283
566699
116858
45004
1642
20974
33266
9928
4613
1
633314
2689
511809
33029
92612
24373
148836
9780
9263
252761
727167
11198
47320
46065
3512
4441
5395
808390
14502
90180
8937
18
11848
1265
550970
10992
3428
302477
511454
4708
15498
6360
217336
8088
26
9707
21
2414
258255
170
1370
151
1590
1551
106629
8869
4950
0
804
2183
17
10268
48
1411
32539
4295
1074
46674
474
11300
9569
1054137
1741
3574
2263
38819
529371
19
20086
3287
3028
6871
20
27
446
7420
5740
56850
13
87
3626
10208
0
0
68975
0
8
7245
10
13492
0
98100
795928
530015
2275
36
7287
140
3032
170
50188
0
0
24973
64
1036
41
23699
16582
859882
0
0
0
0
565
15
2839
8680
233722
4609
0
585564
535470
3475
28891
7977
985
255
162
57766
1195
1
63769
0
5989
3063
11
2328
9748
0
471962
7
21
2219
483707
175654
133
471
0
0
0
507655
0
26128
123482
6276
17410
106961
0
1441
64756
494914
2940
0
30
29
39579
0
22693
0
4688
0
0
39757
0
226
5423
0
0
0
36776
5534
1601
30045
272603
31238
89
3154
5059
0
4561
18
1
19557
64
10
3
3147
12
1078
2
474048
208035
13675
689749
61385
1477
8
2473
1060
0
634
2574
17360
37967
5330
13
12556
2
1855
4
1219
48415
9039
1468
108
5661
1
92
4
794999
29415
16
9649
3354
2
10563
2743
0
28675
25
18126
2955
4901
35429
7126
769535
1453
13
2240
482367
0
3219
8
62887
3987
10040
0
3173
16032
110618
1235
3571
1155
116
1206
4324
189995
50181
763899
67848
134
68354
16805
10075
222320
80461
2227
1408
46652
161605
115
530959
3267
57175
101
68787
9777
26738
4967
135
51
15505
0
2936
12416
2298
6244
6825
4266
471014
42757
140
931
4947
1001
1559
139
163
9
36090
25523
2670
16856
10
861
5544
2739
1947
120
10
2106
2950
71017
1023
1321
969
500102
876
126
16401
1278
14665
19395
10791
418
1418
26387
280
7366
30417
99
45
12723
120
586
3071
9724
1498
773
4217
661
247
289
