3864526
6931393
5899647
4223726
4868786
4333658
7658217
3897557
5995604
5675354
5801039
5626954
4006003
3355831
5843058
2844700
3952463
4532524
4595300
3318653
3576139
2357379
4168737
5564274
4740432
4494901
9400152
3091337
3600691
3400581
6616969
4192072
6836736
5921629
7935400
6875082
5601305
5837170
6446370
6043967
8859947
9224917
9494550
5968960
4248598
2552825
5888136
3479731
6327154
3419434
3933397
1662810
2395838
3181408
3508371
2351531
8044703
4591991
8933359
1528970
3516898
2160101
4807695
3651213
