7556
21321
41350
4704
33259
13379
36705
24509
32359
39927
29923
24710
32162
9647
26340
12144
14400
24964
15815
16746
14822
8764
18089
16272
14678
18454
55322
13308
4773
17986
35452
12705
32948
21463
37975
35053
32367
37445
26663
28198
27654
41829
21857
18032
16190
14390
29797
39689
13453
27321
1854
11349
12345
15029
8777
10592
11873
32819
13575
13940
16579
5673
17415
10287
15775
13807
22628
7622
21380
12054
13404
16314
29213
39159
19794
24695
8352
5812
16840
9425
20908
8765
22528
7592
11152
6857
9683
9937
2650
24627
21626
14073
22106
1021
34224
17493
16977
12122
20985
8162
23374
1701
19994
15299
33362
46395
38849
27579
17863
3031
19729
17350
22944
11299
42301
3433
18309
22206
2092
7177
27851
14093
53445
11592
5580
19904
26916
13022
35712
34063
44893
24770
15555
8826
31574
21584
32467
14279
51636
29530
12571
26130
28042
20463
17353
24652
48031
10589
23242
18753
21764
28250
31406
16063
37940
28705
42213
25471
22987
24452
63157
26390
30199
23278
21848
28993
49228
46550
58089
25012
50367
23410
32847
11392
31082
13763
52248
1897
24757
262
6320
5845
10585
13865
43966
18056
29735
22629
31940
6467
28152
16158
16054
38820
18213
43297
1823
23781
20174
8661
25997
31468
8187
21270
977
5221
1067
8008
7250
4841
26620
5584
10656
3336
13528
20493
9638
1328
31411
1997
10956
5359
14517
10819
26600
17677
38915
20840
23130
23953
18491
25157
24129
33554
45975
20254
12437
7875
34066
11976
27836
14016
18240
255
7417
5027
22941
10072
20452
25848
27426
18338
6342
13447
19625
2789
