18
18
1
1
2
40
6
20
38
55
1
18
1
3
35
0
0
28
12
0
1
36
1
42
2
17
0
4
42
19
8
1
99
3
38
0
38
77
63
1
1
27
2
15
1
16
2
4
3
40
0
43
0
2
3
15
3
34
60
0
40
37
0
3
0
0
0
40
0
28
0
0
0
0
14
0
1
0
0
0
0
0
1
1
0
32
2
13
18
0
60
0
0
39
41
0
19
0
0
2
2
62
0
21
2
45
93
40
42
1
42
4
1
42
2
0
0
3
0
16
21
8
6
1
0
1
2
0
2
1
137
0
3
0
1
2
0
38
5
39
43
4
0
29
19
37
140
0
3
40
41
39
68
3
33
61
0
39
0
0
32
0
44
13
64
3
65
36
93
2
39
37
0
0
3
15
1
5
16
2
1
9
0
15
57
0
44
2
2
38
0
0
2
0
2
2
0
11
76
18
1
0
0
0
1
30
3
42
1
0
29
0
1
2
1
0
0
0
7
15
0
18
0
15
3
41
1
2
40
3
34
0
17
4
42
0
1
1
41
0
0
2
11
38
0
38
36
0
3
41
67
0
3
0
1
2
0
2
0
1
0
3
17
0
0
42
1
1
1
0
58
0
39
0
0
0
1
0
63
0
3
8
3
3
1
0
0
0
40
1
4
30
138
46
39
1
41
38
70
2
16
0
45
0
1
0
0
0
0
0
0
0
0
4
0
1
0
37
0
3
0
0
0
0
0
0
11
0
1
42
0
0
0
0
4
1
0
0
0
0
0
2
34
3
0
0
73
0
1
0
16
0
2
0
16
22
1
0
99
0
37
42
75
23
6
0
1
0
1
58
0
0
0
0
0
39
42
39
50
33
0
42
0
0
32
11
23
2
0
0
39
1
0
53
2
1
55
0
4
0
44
0
35
0
0
1
64
0
0
0
41
95
0
2
20
4
44
0
1
69
51
72
0
51
58
39
37
80
90
1
52
2
65
0
83
0
0
1
38
0
61
43
16
2
2
0
41
0
2
40
1
1
2
0
98
0
39
0
1
2
0
0
0
1
0
0
0
1
0
0
3
0
0
2
0
38
0
0
35
40
1
38
18
40
78
1
3
1
5
0
29
41
0
34
0
15
42
0
0
0
0
0
58
0
2
0
0
7
0
42
0
1
0
2
69
37
38
1
0
3
98
80
42
2
43
15
3
79
1
0
2
1
0
0
16
0
16
61
80
2
1
0
5
0
1
2
0
33
18
0
64
38
47
62
41
0
4
0
20
37
0
65
1
32
0
1
19
18
44
39
2
38
11
0
31
0
3
20
43
18
39
37
6
1
72
143
108
60
0
0
0
39
0
0
41
3
0
3
37
1
20
100
4
6
0
0
73
42
48
39
40
0
77
3
0
3
19
40
1
77
46
37
79
40
42
0
39
1
2
0
40
1
18
0
2
0
40
0
7
0
2
30
42
134
1
0
15
0
36
30
88
0
0
33
79
11
21
3
130
3
0
0
20
75
24
42
63
42
81
2
0
43
99
0
107
39
41
20
82
39
90
44
16
5
0
40
44
43
41
42
14
2
1
0
0
40
32
38
24
38
1
0
44
15
104
2
6
40
0
38
3
6
2
38
100
9
3
0
1
0
1
0
2
0
8
0
40
0
1
37
38
1
1
1
51
2
92
42
58
0
0
42
40
0
5
20
60
1
39
1
3
1
4
0
1
1
0
0
35
3
0
0
1
83
0
0
1
15
20
46
42
1
1
36
1
47
4
2
1
2
41
2
1
1
0
0
0
0
0
11
0
38
0
0
97
80
1
0
23
2
0
0
40
13
2
0
36
0
1
41
58
1
3
9
0
0
2
1
0
1
30
1
0
0
0
0
1
4
0
0
81
0
0
0
1
1
0
0
0
0
2
39
29
1
0
0
1
0
0
11
1
1
0
2
0
0
2
0
41
1
0
0
34
0
0
1
0
36
0
0
37
2
57
47
45
6
54
1
0
0
0
0
1
0
0
0
0
19
16
36
19
15
2
15
0
43
73
0
20
4
0
16
104
3
0
0
57
21
0
1
40
2
0
43
78
36
41
0
5
1
37
38
0
4
1
0
0
0
33
16
4
3
1
0
24
0
4
97
63
5
9
0
33
0
46
0
36
0
1
39
39
0
42
1
3
3
1
0
0
1
1
43
0
2
0
0
0
2
11
0
0
2
0
2
1
38
0
0
40
0
4
0
0
34
36
0
110
1
0
0
0
3
1
2
1
1
39
1
2
0
29
1
39
0
42
43
5
1
0
0
2
2
40
0
18
0
0
1
1
1
1
16
1
15
