342
6041
30062
26
19673
114419
232
1513
14763
464733
3083
3494
0
210
2345
413
144
1085
873
1019817
4682
2598
449872
1929
1794
2462
249
686
691
2548
55748
209
16079
10
52391
0
3
504962
1835
27
56194
1117
104754
4752
424
118210
48143
248
2
523
2
0
8654
1272
946
1882
248
46
60974
59696
0
2
6
424
565
0
74533
3
2610
104081
0
10
0
0
1015
80
0
530664
508624
131904
0
4202
0
4674
44
20564
1304
972066
107117
36
146488
79870
1902
96
13902
1026448
0
0
937350
209
0
0
997629
278177
260
0
0
0
27
691
124
3
0
5
708
0
61175
5
1104850
4288
97
113
56737
940
1856
2292
28
116783
1873
991972
14237
0
0
8687
9
7
51820
2118
5
936
3
0
0
0
1437
0
275
0
4908
83516
621121
1
50739
1041
49795
5
1191
4507
7027
6586
19
1
196014
0
28
0
21373
537167
2032
7663
2095
99948
75408
0
1494008
1953
22
338
19890
66
707283
943424
719779
12
1261
48052
2777
521
1435
1188
2941
60311
0
0
2
0
422
0
280689
0
2
0
0
0
0
0
0
0
0
0
13074
8802
2195
600859
100
11120
0
481540
0
38064
0
23472
21162
1755
137345
229
1101
46
56
29185
997
788
7459
582086
1576
293089
0
11489
427
60587
0
0
0
0
1
0
1342
0
0
1579
0
0
3
1
7
22
9954
333550
155774
1281
15
8766
19
3263
968
26
77259
117
421
0
714195
3
1
391379
5229
20227
25134
100157
224626
969
10
345
54
187761
0
207695
17
4283
34
405
751433
0
258
0
2
0
0
939
2754
953074
0
1
1753
80
10
26552
1
0
1305
943561
535829
403
7144
531229
1369
3707
0
12
131884
263
1358
98
537299
8
4192
437
3751
11829
5456
135531
410699
404
4
16
21756
4643
985
45
990
21836
372595
22333
1797
21005
90551
1351
701
186
7171
3321
14665
966655
1830
0
265
106607
503283
190376
8541
0
177969
0
291
49
15891
6
80710
1904
115
2725
56
3
48488
5173
50482
13
10
19104
101064
352
990652
501695
16464
4527
115991
0
62581
0
114
53220
23140
0
2676
939138
3
453
0
209
0
0
884
0
3
863
4
1311
23
247
999519
0
0
0
0
0
274572
0
61596
1594
1179
53
5
125101
0
220
1722
220
39
427
2298
0
26750
770
113255
1678
30
216
851617
2173
126
899
195
185720
2
2
23168
266677
0
558
0
0
11
0
1697
5
0
2
701
7
0
0
0
0
0
0
58159
666
2691
491126
39922
445
1361
206629
581021
31229
514018
4
356261
0
14
969
2
0
111
0
1745
920997
92824
0
56837
9724
534103
11274
91
4
872
898
1
1860
675
0
2
6141
1022
1
3
25
4375
213
7
310390
11335
6345
16541
4126
275
64
1675
991949
1
4443
2
50831
1263
20222
0
434
40012
0
0
2479
193891
0
0
58
26115
1844
0
10
22
32
0
1
221117
415
51420
1295
2006
973634
49278
425
3824
2118
454
161
540606
10504
43
80
204490
2719
0
1332
212812
3
318436
1
2268
1
61214
98
696383
887156
9
403
11
3
2189
288306
48562
31
0
487626
137533
983
0
489934
944
9312
1565
1287
6387
216454
4960
0
1731
3
6
1563
80627
84
0
117227
501513
7005
22
0
1
658
520164
50212
1166
2014
938520
4
2830
447
48641
0
784
147552
7
224
1
3745
115898
0
7563
201
4473
0
945740
440
14
3384
6777
29
13598
538
6124
45
1295
0
712511
1657
0
0
773
205196
193877
1585
2968
472
0
4
739
0
271
2
31
5199
0
883
23
138344
133
895
21407
3
1081
9
9332
537390
3018
380
2205
1
1242
266
13123
84811
12719
1882
1564
12151
182
400
24510
605461
15818
29
18845
0
6426
0
4
216246
213217
201926
2169936
1396
1
1
12465
23
750
1302
8
405491
1
266
336
0
275
5720
14108
22
2
674
66
2
6
114
1734
706819
0
926417
168714
910
964
379700
637309
76151
5476
1
142237
400
1484
202984
1591
57728
11
23985
47942
9491
1635
11
21669
1812
3
0
2
516
1430
134870
3
0
1650
1189
493304
0
5
217523
215483
73
250
60135
3450
1201
94623
60922
46853
0
0
17
0
1099
0
2
4
926
0
0
0
0
51547
26498
348
0
2
977
507092
0
0
894
985
276652
0
0
2403
0
4
408
4544
13
8
0
0
279
205370
52
2999
0
7
0
1155
1
0
46
0
0
0
0
0
0
0
0
0
0
0
0
0
6
4
0
0
225
0
4919
120
5
43463
315148
1
376
12
8799
715451
2784
137424
61790
531552
2088
114341
11767
372
475981
10
0
2
90
9351
213437
1302
61354
1
0
3
0
441224
560750
17333
121646
1546
0
14971
0
106104
5440
32731
2
3
0
406
0
5277
1
911
18604
0
20755
0
445
214708
1341
420
508
65453
117144
444850
21943
3
7131
694270
12923
254
1093
0
797
0
37
4
711
5335
56
13
0
27875
535786
5845
19
904
98
43
0
530087
0
4000
10
1084
2657
470
121270
76
710683
74575
741905
20992
4376
524541
515579
4822
125206
185722
205690
0
78
11
0
216
19857
12981
509764
0
1029
1904
2
0
0
1436286
2574
3
0
2794
0
0
0
0
0
0
0
6
134
0
0
0
0
0
0
208774
12455
0
0
403
0
0
0
120
1338
0
4816
0
0
0
0
131946
0
1700
11
0
1016
45224
2
518982
114491
6234
0
213
0
7
3
5565
10
407
3
2
8
264
388
1716
15
96
9
23
0
4072
16104
17533
598
488698
334209
2503
2010
52136
17376
160829
1711
1
10351
1495
24
0
97717
80
9656
4224
989189
6469
19094
775710
281175
8
0
0
1109791
93
25
0
6853
971
0
287
121818
49064
7003
1071
536543
4849
573385
104
706072
915
1
0
421
0
0
183
4926
0
40
138454
2728
710094
236
0
0
0
3
95
0
4
0
20251
226189
188160
4135
440
0
6083
10
10
0
20218
0
0
2790
5373
22052
58
2339
92400
6674
1908
192832
26239
0
90
6042
884
485144
120624
0
4202
0
863
1349
0
468
62529
0
826
27092
115146
137036
185808
23284
0
0
0
0
0
207163
2020
352097
15
10
5597
0
0
971
4436
11554
19087
1727
6182
40468
2887
12
0
0
758749
0
551554
202538
8
324578
62
8
292640
626148
499915
225760
92
5
615
236
1914
881
84215
146
419
945752
7
9
0
0
4
0
5504
139227
684
4523
6
75397
2319
2186
128
217937
953750
0
4
0
0
0
1344
350
886
98592
58234
9527
1772
2
0
496927
207294
1315
145897
1
927
0
77613
0
0
1581
4
4
870
1
46
0
0
3
229
120
1333
718259
730665
1717
0
214013
1
535421
0
407
3
1324
0
1
454974
12681
1021
0
5376
540702
8
533452
1466
924127
511931
210831
19
3368
917
491923
2797
0
131
0
208990
0
0
4824
131884
1036
0
0
5573
394
264
96
2048
138
1168
657
468
76847
0
123
0
117628
536886
0
0
4943
137379
0
90
4153
27
8
17
583
0
2
2877
0
89706
37
0
0
0
11795
24477
1
732258
0
842964
853
85678
454
0
141018
77067
216273
4
400
56759
1
96271
0
4
3
2791
2830
0
15
447753
0
21994
491096
2
4618
0
17
2152
72324
1174
261
88
154
162
22
18624
1716
777
98
94667
16
411737
8
1477
7
347
393515
22067
49
65
40386
1804
15538
14860
8077
10404
432
19958
710324
92558
0
188
195
767899
363
217
889
522157
4628
241464
2527
158109
174328
79438
3
487897
367
2664
1404
116
11
3675
1316
20417
946
434
14112
752355
209680
880255
71039
1522
19
91234
2
0
0
0
0
1
183
258
7
0
106681
0
95
1282745
1502
882
0
0
182948
4293
1563
124115
0
4317
6
5
0
2
889
539107
3
145891
175201
0
62323
115
43
58383
235745
516730
29989
530757
498523
346399
0
162442
6541
14237
5
174495
0
5413
910
80760
151
80675
667
0
2024
0
3
490284
1839
6180
5498
6049
1860
356
870
208945
5
81
339
0
123
898
401
0
0
25723
48475
19
9
0
5148
0
49547
2439
2469
13
993
213172
529837
909
304
0
20371
5387
9
15412
920
883
7262
154472
62591
1739
1074
37275
0
430
1171383
135710
574231
0
472
910161
0
357537
492425
1290
412950
3718
1647
127876
3065
2528
963
114081
1002
930
406
2
14
993983
87292
65033
68002
0
530614
1
0
5
1
109
1
52917
436053
0
55364
1
0
844
23137
31
41509
91704
4
1815
19887
52159
0
1
309
939125
8
1203
16
240
123932
347
835
240
1
1
510612
1157
0
45
912
106620
42
1
0
238
1
0
120
62527
129
3951
1712394
503076
0
1277
1696
1500
2
331116
8
2727
99092
51133
0
863
0
1
0
4
0
0
14369
691507
51
46
1
10950
3484
7650
26113
2037
0
1011706
1
175806
40
0
0
0
0
5402
0
22714
15237
823
819
26
877
5
54
486900
0
49
0
0
1
46
270838
14
0
12095
0
884
22
522188
14870
67249
119177
1608
48727
0
528904
1615
68
657560
411632
0
149350
1842
514713
102166
176
5
0
3064
394
80961
126272
1
0
153
0
0
32
4975
10
246147
4032
41326
1223
208
231548
0
457
65251
4867
219425
485451
1974
29938
472196
49
5125
653340
10
87
0
58168
63818
497913
648196
17
11765
857
810
23810
37
905
616
235134
1657
112801
2161
5260
310
2348
520
0
14216
152357
323
7
215
0
715824
299124
947576
4973
3
513
107
1647
5645
0
3
53468
206
909
690
910
91004
647
964648
57
0
146
407
185659
31171
79400
235
4213
1
884523
101
61305
20501
929
34
3507
0
267378
42
2809
0
0
0
0
290
525
0
5026
463418
42
26591
224
875
5415
0
917
240
4578
349526
1061
0
120320
19
0
715174
187869
1
7364
1710
20
0
176
120
0
1037
3
0
875
1
0
0
0
214630
0
0
1174
816
5
262
0
557
804
416074
5598
4
665
0
0
0
0
0
308
10
5
6
0
0
1769
0
0
11
390
75269
4
2198
0
48
0
667
1
29661
0
2
501733
51832
1
495160
0
0
4
875
531226
982
6
2
375
0
0
0
1344
211698
0
1
42
0
576173
962
2
4
7919
72820
18
514980
0
3353
18
684
910
945653
878
349750
0
6518
0
17894
0
994
0
214019
8
239
0
0
530221
501
1024
907
1
8
10
215327
50
0
0
3084
0
96
0
4
394
19986
0
1119668
2261
6906
195997
77148
1755
862749
9
2559
2
274672
91339
0
917
38
4
8072
3
57499
5016
7
10271
62461
2524
26417
127990
490492
535713
1
63261
35310
479
0
429
1397
0
1
977
743043
97
14442
0
50
24104
0
888
1
4
30
12898
426
0
1712
1002341
180938
184
7
1
0
351741
0
60340
513839
0
0
21003
2
2
2228
7024
0
955
1446
0
1441160
0
1
1
4
0
13
955701
0
214787
22
2823
905
492829
2
15296
498508
4583
221453
160250
27144
1129
27
2064
1941
1011
232
310195
2676
3
2513
909
67077
70143
27
6121
2858
398
974
25999
2550
2345
513520
4433
663
1053
1746
313
2298
115708
531
1257
116924
1
438
2615
15
141840
0
2378
61122
1003880
2
0
3
131
22
61749
60
120675
992133
1846
1316
3
0
85926
50783
7449
1690
20910
1514
760437
20045
611531
1913
62830
0
284650
0
0
13186
497166
123517
42501
0
28200
1140
12519
0
1347
0
7
342231
12062
64
421
2631
2
0
207848
200358
2
923406
1699
26553
950434
7473
259
0
8
52923
0
22038
397754
52
13138
0
7488
54
18716
4
98202
12712
1840
60704
23159
108
0
0
1
9
0
861
0
4
2988
8
717340
33
2
12
31
0
0
491468
41463
23266
1
1
1014530
549562
2
7
3903
181
199794
99
4369
52145
434
193486
19343
55
221132
1498
49434
136
3458
213878
443
1644801
406
49115
6
96
35
1695
173
23
423
521106
939890
63711
3822
116692
442
3225
549
715475
771
1776
4
2
0
384
24
1991
13184
10466
528871
389
4748
139932
10123
1295
3
388
0
84
4
384306
44692
203068
23611
20783
1
1
3
130
2709
56831
1115
5
0
8
508606
2402
838
4961
286
207551
1162
0
0
0
3
0
4958
349230
29
0
901
2
11
3
129225
16569
106406
406
35
38
215110
60932
694363
2
199
36
889
40
0
116565
20446
552180
15050
70
20008
1586
885485
0
0
9
0
12298
403
125
0
65
129
681648
6475
0
25
1736
10
23262
492954
1761
1478
108875
934543
1060912
595865
6862
55584
500997
905
0
32
0
0
0
1274
1280
0
5438
2505
0
486417
1499
476
52
137051
0
352676
5638
977
0
8
2679
327036
490719
82
1477
435
4
8018
72
2485
0
98665
10768
0
0
52665
0
46
385
5
0
910
116
13604
950968
481
146
209186
1051
6044
235
1882
116152
4931
1
1
27302
0
21259
792276
3053
56657
4
5604
0
0
72077
189
1608
16
1453
29054
15926
482122
1898
252
516099
252014
479
1012
1279
201679
46
0
0
0
0
1565
119878
5
11194
8
597788
1375143
5489
9789
2117
39
1614
6070
3
0
25699
0
358
529269
252
1789
122082
442
3393
199351
369940
1107
3173
1333
997256
531619
1
50073
847
102
71274
141
124250
241
512317
999
237
62268
936339
2101
2
51155
1
680
0
2
1128
0
7
2522
39
0
459
12189
132
48448
20626
4919
837
24
0
4701
23713
14
22500
1272
1004
123619
280109
23912
0
833
0
324
0
107
48380
2
90116
0
4242
12
882
3739
0
243
630
27
5
115036
902985
28
805
0
0
1992
0
487340
0
200
0
0
4
42
1723
5377
492441
912
0
0
0
79
0
945657
0
1
440
938
10
985
2624
16
722008
0
278708
38
10704
58757
490985
25196
3
743037
37
1
13046
12028
428
0
21008
2688
943
1
538874
894
5572
444
45
46
989
1
10031
514367
1426
225
142306
74266
131
61750
1309
1427
717219
62628
0
128079
0
0
2464
0
200706
260
7
79
111
48654
84364
0
2985
11
13
514955
1025389
203246
1265
219953
11
1
1
1584
584767
117708
716291
234
14141
1278
1309
431234
42940
118
0
2
0
0
40238
0
144206
0
694303
872
7620
21
0
0
628449
1199
208
100234
279
0
171
0
0
357213
2648
1278
55
0
46
0
5178
1
1437
1
3046
4
73129
4856
1108
174426
0
0
610082
6433
53
0
122557
377643
383
1
18905
62173
51021
679
823
12328
20184
865
22509
997
328
6
4267
246
0
188528
0
0
1713
41
0
0
997
523414
577812
741687
0
23698
538814
1010
1685
263184
2574
1208
201406
208
83572
1009417
24969
69020
14795
22104
2
344
695202
1118
205
345026
3924
11
13
933
1099
231713
155
12256
922
4551
185003
51
566926
26109
18306
1201603
66293
658564
9379
4524
4587
70173
760607
9857
201348
54426
455
932869
44175
54370
2543
1212
441
0
516723
112
333
468032
536224
526880
502376
55
924030
531
636202
53014
44
21325
1712
396
659011
32
0
1
1
17933
1181
39
0
0
86
0
520571
1950
1614
69
4326
132
58044
81
66695
1
122328
218
0
497574
464531
277975
314277
1086696
1620
1520
755479
707340
5615
199708
637416
509746
897952
752182
24888
352
5960
0
940052
785
1833
0
8
485
23851
0
925
647248
37
205393
2612
24574
26632
971
0
456
6
945
81845
17373
160094
0
2
8
1640
1712
0
399652
112882
1597
109011
211053
576224
1
404
7
5253
51
303
0
25
336
1667
1
0
679
0
0
1750
348
0
4598
6
18851
788
6113
14921
13629
22
151901
90
4
0
323
2
0
0
0
670
0
83
2
215
66
0
0
2
0
10842
514334
710988
183
26198
0
268508
919
6
949563
34
1338
9
706755
4982
19
4301
9
19818
0
50
17854
909841
681
271
14658
208310
3063
1233
18
25618
135889
66434
5396
831
1
206
0
12639
375365
517362
105237
1676
128811
123535
947433
885407
6294
5630
17
3
0
496690
0
3
0
515
602818
3176
59
247
0
784238
2264
60301
0
118262
296563
1076742
0
0
213554
946358
2789
19781
241
58475
76
4
12358
31
12
2
756842
1708
2361
0
728794
1344
12
4664
47779
185673
941
207755
401
453
129
637313
30959
2456
77477
19337
513514
44435
134375
724590
22412
2
4870
754222
440
1
24926
2
0
0
0
884872
0
286
1435
4355
99
1
0
85694
154
1759
2
960212
1
274
136304
0
0
1
28
58
1782
0
0
3507
0
0
0
1647
8
1187
258443
4862
13
908
930
514234
0
875
1960
0
0
0
928
2
0
21080
909182
511136
1
46
4073
1136748
17943
684
205443
60624
33
1805
1342
1
4
106
84192
925
5
25071
3077
2149
2608
33
1615
532
310
31194
87994
437370
0
165
6359
272
54632
20
25895
674
48450
3
950
203
6
74914
7164
127
0
10
864
15961
17656
160062
0
0
28
0
0
1988
51
2
0
240
0
1424
1
7
4971
137097
0
713
233848
11
941956
1772
2806
0
0
0
0
0
112241
400854
1995
19
397
112289
193
0
0
1580
11
157772
1
4170
714470
395086
26451
57
24
551428
258
26279
45
0
0
7323
0
538763
13353
493871
6
1890
19
981
1073
17
506068
5569
34
903
1
93128
78
0
53329
651
0
887
251
6
0
773
125340
1580
75
0
2518
0
271604
0
1669
0
0
5
0
0
871
0
1468
182
926
674
1
0
4
2
0
1
1
0
0
0
408
216326
4156
447
442
263
78
4
12
9
0
1
0
8
34
5703
21
813
2
4
6
5623
10
6
13318
0
205205
1131
739
0
23
0
6132
1578
3298
13514
42
13491
0
414
425
410778
263
20
690
1
152847
259
5541
1246
457
15
0
134876
4
222729
734
0
0
0
0
369
0
0
0
2
0
0
0
0
0
0
0
0
0
0
0
4
316
0
60320
0
600
5
63
0
3
0
116
0
7137
33
507
0
0
0
2
7
877
73
2559
0
508179
5
877
0
0
0
0
0
0
0
0
0
13
0
0
9
0
381
9
3191
926
73500
8458
0
6
0
514326
4
5185
1858
706096
0
183
225
0
8
46101
0
0
8
13
0
4877
122860
1874
957
139171
0
925
0
0
43509
2486
26887
1905
314727
13
1
945680
0
1
36
0
0
2586
370
707461
50880
8
874
0
715512
1
1
0
17540
534988
674351
945
2780
19
0
4
277
4282
0
137128
29
13
61761
0
711491
444
19847
6
1830
0
531192
0
2532
187
18308
94473
2264
11304
22683
197706
362
752239
243371
156224
475510
353
102
35718
11
0
0
270
14545
111
0
2
149506
57925
5436
0
3048
4
1344
90
15575
1
206649
15
18
19
0
213418
908
0
1646
25275
135478
51
1616
60637
106
0
65977
229
1
444376
0
134017
1
0
1057
734
0
32
3
870
200
879
436583
0
0
524399
10227
34042
63121
0
39278
20
491961
50
3
0
123661
529281
906980
488516
103492
23353
39
78
213230
255
235869
472493
124937
122
12216
882
74946
1060
153388
0
947423
2
5412
910
885998
407
31791
945255
931
2201
0
5327
644
5390
349263
32
0
13
0
4
4985
0
1544
411
0
0
877
0
19352
8
503176
2173
0
0
0
2
3
0
1902
3
0
17926
640
2
5
214088
445
0
599402
20673
1
1
2235
22
1158
0
4
11
489
0
0
0
214945
2
0
906
530652
4
274094
3237
507309
444
1273
1024
1482
17
2859
221
6503
117438
1
838
3
116303
5
6252
1708
550609
289151
21042
2310
1361
352324
208001
730773
984460
19
10
55
7096
0
0
5
694239
0
0
226613
221
2571
192908
441
885906
52
1
2527
1300
100
0
45
19707
2
1024
34
33
57953
525
0
0
90
1
2
215554
0
0
8
19983
0
12369
211
441
513381
609018
13286
1
1112
5102
58
1132
55
1495
6903
1590
1
13
952832
0
116945
27593
868476
5601
2002
507942
1675
29921
0
4416
863441
666
1
529213
0
199607
2275
861
250
512561
90
0
8
14
39
4722
1508
269868
0
47583
90751
0
0
715530
1
0
944
493313
0
938
2580
207493
1629
1367
0
411
0
4
888
469
1073
7120
420
0
3411
130
780
635329
56750
45589
0
35674
5081
116188
0
12231
21
41
1431
252492
534706
8159
81652
51796
22078
330
2488
1665
1263348
23
1245
89028
22215
36924
338351
1469
283
623278
1107218
72664
606622
482320
1686
24588
1024778
954697
113
4820
2
0
1078
4345
125847
62171
11117
939367
114859
28925
17837
5
205716
848
5
2140
0
0
239366
189
19
0
1309
7
6143
122
0
0
0
0
0
179
35
19
19827
1385
6
160129
38
12577
239
1833449
3
0
2531
507530
73836
2
1355
11693
1401
1396
0
42
10
24958
6854
1360
37
3
146
24031
1
0
0
0
0
0
887
33
0
577418
943312
61327
0
4
2842
0
0
25
1770
0
3
12783
2
28
0
1854
20515
942862
0
1
0
0
1042
29
1794
0
1043959
2965
0
93883
53568
251
125737
1650
2
0
182
0
0
0
448
2
2
22
4
1
661
23
1
35
264
1783
472
357678
0
0
0
0
0
60334
0
114
7593
0
3302
507296
0
0
0
3
0
0
0
0
20181
0
858
0
2147
0
0
208964
0
1
12433
0
0
0
179548
0
362
204451
246108
35786
1
0
5207
1
5
0
909
512
530
918
4
903
887
42
0
0
1021550
23722
902057
9477
0
3
0
1326
0
0
13
877
6770
1
0
0
4
0
0
0
0
0
0
0
425
0
0
0
983507
0
0
428
132141
2
0
66
0
215145
0
0
14663
5152
3168
12
912357
1676
0
1
511635
0
882
2
1
493339
1391
0
0
1180
44474
55
9780
1
0
9600
59292
696764
532878
932435
113
224
119063
17808
2175
218034
6711
0
20
160518
205546
279
72323
375
26898
14
0
33
60097
114
3
29
1807
0
879
2257
299
0
442
0
656
6545
0
112
909
3
0
42
691
22
176134
225487
23
458
6
4
3584
1
14
11
0
0
412
27306
264
363
437
2106
943
903
627
51
70915
227
2602
675
11699
59083
0
30
137
1
10
7726
0
9
497
17
1854
1402
12
0
390
41
