9984144
13532074
15471708
9531444
7392242
8691426
15105941
8982798
12487660
14938901
14228869
11047401
8154286
6140106
10946611
7274938
7676317
8130188
11189077
5464979
7406334
5213899
9624909
9901577
8856666
9789875
19656108
9820925
7952092
5776561
13843060
7874907
17061815
10423793
15391653
13156304
13086488
11616038
16959849
11466338
19191798
18510379
19865669
14074859
12861924
5606662
15377965
7815249
13856654
8137173
9726233
4397446
4612877
6682283
6492115
5162065
15572381
9976609
17987867
6804687
7213423
5466368
10249860
7098566
