258
95
245
139
0
20
1
100
6
267
149
102
1
140
269
0
94
103
0
0
7
338
32
270
254
480
1
0
0
601
6
6
272
91
0
0
23
348
0
11
17
158
155
652
7
816
7
4
0
109
0
1
145
227
274
31
33
2
457
140
1
0
0
0
149
6
100
215
252
227
38
0
113
0
280
0
26
15
230
0
152
14
17
16
12
264
105
305
137
125
90
91
6
7
105
267
185
153
267
0
76
2
267
215
5
4
1
138
4
476
38
109
0
2
0
0
336
8
497
23
0
253
45
0
0
0
0
6
7
266
13
8
7
7
0
243
262
6
7
14
153
245
246
0
216
131
0
88
22
1
467
0
120
340
1
7
151
258
66
7
254
134
43
0
0
6
24
165
88
88
14
146
94
23
892
2
265
1
13
0
108
261
667
9
12
8
11
0
3
250
49
6
15
1
0
0
32
101
243
2
6
7
3
0
26
2
6
0
0
2
276
386
9
223
1
15
86
404
73
2
7
31
0
8
197
113
24
8
0
295
3
217
13
553
226
175
1
103
92
610
0
0
7
0
10
0
0
7
0
27
270
7
8
0
0
0
336
15
151
136
66
344
468
500
5
11
262
111
0
18
345
0
0
162
331
0
15
104
246
2
100
76
8
267
0
11
0
0
19
0
127
254
412
0
100
256
21
3
77
269
1
2
9
253
9
8
2
26
268
15
86
6
196
350
366
257
0
9
27
8
223
92
152
13
0
2
15
0
7
261
87
11
9
0
314
8
304
1
1
182
170
193
78
521
104
248
109
177
0
267
1
610
107
0
0
136
355
120
37
0
96
2
471
578
207
173
146
3
11
15
0
0
2
57
218
6
0
2
108
1
523
125
254
140
97
0
643
103
0
243
153
7
9
259
32
8
76
131
254
99
614
0
247
76
0
108
135
19
300
0
12
87
231
0
216
0
91
2
509
263
66
6
1
56
21
106
500
139
305
330
214
131
106
62
142
0
713
0
190
2
397
36
131
256
89
331
0
12
136
0
24
142
138
0
4
6
8
9
0
256
0
1
3
0
30
113
257
219
9
54
0
2
382
11
241
473
16
0
7
7
0
6
0
2
296
305
347
0
16
94
114
4
138
155
26
0
8
274
9
113
215
0
125
0
174
0
162
244
3
0
138
5
5
2
128
131
0
267
0
13
352
103
409
359
109
121
16
1
15
0
28
264
0
243
6
7
246
2
0
250
0
244
290
0
0
166
9
383
0
72
361
206
391
24
99
83
15
223
15
33
7
211
13
6
251
0
204
8
108
161
53
303
6
8
277
0
100
1045
17
267
24
0
131
10
245
0
2
1
8
27
234
36
13
2
269
2
89
318
108
38
2
132
938
265
18
2
1
120
372
0
39
205
253
1
87
1
31
56
90
347
1
0
1
101
278
131
265
1
3
0
259
0
2
444
74
161
7
213
152
0
28
14
310
18
8
0
248
268
157
344
350
263
1
79
103
184
66
10
0
0
4
101
465
113
93
1
202
8
16
4
363
365
14
386
254
97
10
241
99
388
351
173
158
581
131
573
34
489
31
371
101
33
338
92
27
492
293
345
910
7
255
2
284
224
0
140
147
258
484
66
0
2
148
100
15
0
26
0
8
0
494
297
259
110
78
247
13
94
94
216
381
733
0
242
249
171
320
29
339
27
265
29
57
44
289
94
473
401
0
250
7
26
255
3
2
87
3
240
336
155
4
424
268
148
11
130
100
1
138
9
1
4
131
16
1
0
0
1
163
262
0
398
2
0
361
252
34
7
177
1
160
106
6
0
139
111
2
8
2
0
3
0
153
7
0
102
7
9
2
10
5
7
256
4
0
18
0
50
1
1
0
6
1
1
14
2
91
106
0
0
0
0
166
235
120
5
217
138
267
1
35
507
1
253
2
333
391
0
11
0
79
131
217
188
347
14
0
7
10
0
2
7
4
98
179
250
2
219
253
139
8
231
733
67
204
64
98
256
635
219
15
0
8
3
278
0
133
1
6
249
1
20
9
2
174
1
134
0
265
118
292
6
97
17
130
30
208
1
7
8
22
8
533
24
1
141
260
343
271
9
103
1
309
1
277
0
36
0
11
2
308
7
0
430
180
140
292
371
591
361
6
23
415
143
144
118
7
1
1
79
540
24
13
6
205
20
0
151
511
0
1
7
255
0
0
277
9
2
1
2
6
22
0
5
196
0
2
211
4
11
125
242
3
0
88
0
373
0
3
139
20
0
0
264
6
8
138
254
7
52
10
9
802
7
131
136
119
26
0
11
13
1
0
130
0
0
100
0
128
13
3
0
3
0
