6664665
7462383
11219767
6655808
4607510
4537164
8092148
4938811
6350021
9970474
9974537
8268734
2948485
3050568
5483346
4568489
5996073
3949001
8086418
2211917
3463157
3541464
6608801
5987008
5119010
8380859
9095114
6740648
4131338
3437224
6902633
4894476
12791535
4846532
9154642
5666933
9767049
6600537
9752687
4041478
11680050
7385323
11672841
8183051
8695086
4237087
10886884
6318820
6576955
5943472
6588090
1534005
2434872
3963072
4911092
4420309
9399422
4456636
8219322
6978872
4882597
5028825
5846817
3270338
