200354
248918
248718
42612
41161
733193
42204
193398
194275
304502
370349
335042
33788
423347
167346
11152
250959
331094
36422
144046
110037
976261
712229
1184968
820283
934934
40089
180
2741
1193281
238724
353569
969144
83178
202484
34064
128525
681686
251925
173291
359140
212144
285267
1414395
369448
2407088
133222
145355
4484
647332
33497
40580
457306
493616
1275557
268762
195031
173762
857993
376782
24053
37999
67939
225
796091
80281
287969
810598
1414862
1500341
648295
28976
496091
30081
853605
49397
173050
549553
308616
123365
171026
327057
784399
485120
33319
326098
304361
747309
122616
924535
552316
128660
97867
313078
465156
1140176
182144
256039
1052417
35603
59315
147237
842133
110677
52310
211569
37078
303163
220986
943836
592618
643546
23222
102413
9971
3168
284414
248787
928788
550250
3598
906266
325896
98054
126694
18211
72080
288590
128454
1047644
479014
366088
310930
181161
12814
529391
1035791
154773
308843
318205
380237
256790
1177205
66403
327645
258859
173060
515234
201178
56604
925924
60331
497963
873110
268815
31656
354862
794908
190043
245690
781880
131175
444447
42771
30148
106227
73468
338346
376975
725224
120335
253239
425102
356775
2212529
111940
723657
53422
342410
75093
515145
1160549
1165729
591793
372873
192161
409691
4045
140493
409093
608121
217807
487049
29533
13680
28969
326524
77521
690488
107675
67205
128251
202986
88894
112519
22489
84924
40
3712
145476
725018
997740
231137
412292
18515
489255
22894
1236419
227923
290479
116572
226078
30106
103848
573035
840621
119863
171230
56670
668559
64380
312071
400389
1271752
465240
823626
12328
521329
66139
944785
90746
26767
60978
0
165042
18250
76336
91597
98034
199386
644810
143391
37975
68401
56416
16260
332920
374942
522943
371387
67535
890334
783557
857189
131373
278294
486464
511810
8887
171410
901543
4797
98838
1849395
273054
85377
706934
261100
714628
127578
230537
93774
176420
945566
3386
379737
8801
105719
780642
31565
840933
283426
870796
116692
272247
801150
82502
173991
274496
1132208
29873
195711
281994
501886
247743
245462
84120
135624
789980
480755
40326
77231
571495
672036
1590837
133361
100765
213393
164239
73452
92830
133919
282687
230625
176715
150
303247
85284
537003
793772
565307
197021
162547
65493
648967
117016
179139
102963
112055
199092
100137
215940
124614
688779
290166
637167
658553
812907
169434
127238
135806
1719397
387119
27592
4890
178658
701418
828528
470331
4320
997040
69634
943287
845265
353200
714441
232681
46441
151142
169119
153386
102236
122470
157523
176549
141329
7553
193530
555095
172956
1918480
816949
1399467
349519
185235
62983
1459082
407306
4608
340607
196224
394519
394457
814873
340437
97956
115722
136138
142831
121519
1537821
6576
339277
74100
73165
662677
274660
196038
1405145
10620
452662
86158
733505
23353
108072
27072
722492
123013
791574
824466
51268
314825
47603
74041
746299
606745
519604
151743
439271
151961
1465647
174425
575360
194380
459377
77750
2253038
27044
176831
59400
1077128
551064
59791
797807
84951
723054
14938
69989
12240
194004
458339
191118
1436305
82059
116343
63824
302084
127708
29884
818982
49084
52995
51482
41121
212080
85518
429701
207919
251450
75429
45811
66477
550368
294642
147425
888746
424027
7923
162226
177305
41312
53036
55741
16659
1384401
743729
553727
42899
318298
152033
514873
149215
82227
579642
162607
37906
220470
1238279
395941
524020
93293
16435
837022
26061
861013
87214
174341
1090247
63295
242832
320220
139511
55856
148074
282966
182475
173903
881066
46506
726178
845832
546759
1091345
1316866
673506
1052194
342304
57653
523007
57826
675450
816089
112442
147499
176478
381152
251907
71719
83435
774197
24614
378610
1001852
38498
239010
845097
393266
1362685
173131
204539
1038363
314449
834881
32406
620356
425895
90302
388521
519227
235567
264480
164006
359877
34264
623362
3816
417537
83466
742239
223138
386720
743568
20593
81386
837167
74889
261345
2243401
299290
34859
92077
189955
248052
334129
382297
97782
239768
207537
221561
60503
1036149
260450
296367
57968
855685
110769
105636
480207
654995
485291
188868
439366
1293453
352338
218566
16264
210942
1154836
1354556
129556
561174
272165
808411
30217
97758
118128
278893
73809
152371
625172
71036
66799
163681
85481
251253
1426891
886135
36839
41838
29861
767352
14138
18332
1053845
213194
559249
224176
99516
173952
109267
118395
626713
916922
661767
320971
95385
392266
258869
481866
642343
1106875
800786
62738
565282
712578
637697
48323
329589
227909
72891
100389
450736
297800
979681
163781
158737
86150
90196
622019
10723
1046079
257560
678988
723471
979764
698971
439457
659548
193950
967383
1127299
143818
301969
595139
118070
323064
317073
1268786
309429
409159
370527
62804
266830
21041
277048
607112
1569234
1205310
2028701
176441
915507
159754
727813
134423
24919
707008
92452
853345
1197887
100823
50487
91062
232733
415761
362252
326481
49295
49243
120581
7398
901033
725655
869403
601230
102662
760696
356344
254694
164569
294402
995687
1847426
132902
175353
571497
504797
1363093
730828
922186
327729
528252
452432
95366
930547
482524
201161
1547733
570451
92784
612428
139898
212322
805966
208671
102374
53113
87913
717375
425111
125047
56719
1079372
1021735
489345
110490
25881
276213
41468
151526
236579
149671
39214
480348
482234
126128
11615
111164
105946
353157
895842
9802
848433
192435
56643
1102393
1354689
444375
109104
838516
26659
125063
327866
223655
63938
304288
681169
108043
63747
88604
10697
32508
74495
381038
200644
102416
244434
105547
300000
123806
129838
299375
134507
710566
443009
44469
492863
42536
148984
19528
9515
7680
173044
48836
47151
201311
32805
127779
290800
33168
18494
11820
30488
451970
141085
538295
10610
623270
110657
256602
49278
521387
1139415
7314
555567
155810
712765
959932
51040
93577
85513
348556
199135
354259
117249
1344943
239301
5187
15951
351284
65168
90108
141535
117418
493350
199038
522790
29362
29896
388651
200867
567730
666803
1133572
132883
899371
458044
678435
783763
1496847
117608
433317
3286
229274
62232
486557
23628
8524
65778
137272
571271
40573
34781
109423
38221
618347
39548
237387
90418
962568
696931
1435979
200456
583024
260954
928072
118701
161123
19757
263961
170271
63209
188715
925185
269242
184427
916480
946200
560027
780950
377156
247177
15232
343847
179032
890841
24222
500651
80174
153750
99424
820490
408228
157882
748225
188548
552119
840224
793691
1235721
1035498
160298
340278
993650
382463
119260
793185
165318
10963
56202
268518
1692849
173381
325121
58133
307204
79193
31834
87569
1300115
32377
48361
174265
920638
38708
49982
1057906
418743
8534
86726
94879
92568
456574
30
152052
400973
45411
25148
83501
199685
72721
169652
811017
16928
37101
43362
5081
1253141
50382
54663
179788
20100
19701
10275
856037
129919
170747
332926
799790
72017
215101
324734
21989
1384499
333462
901597
477644
401103
256905
69794
61523
126123
16126
34854
282799
15873
48166
151271
53928
220373
311198
65361
40101
84253
32248
