136791
564262
163169
93160
497944
324176
668855
1173834
301930
2208690
748100
506377
68951
302649
723376
136929
120827
618983
674495
74475
224171
452112
250758
833816
736133
1239080
144309
198649
583235
1064183
1150886
315498
1707977
276461
454590
180951
989670
1057180
2188990
431382
639699
1249744
451951
652586
294888
921126
565443
430511
345229
1036101
120944
475846
112406
304165
259332
370377
324076
719920
886446
98696
514818
1086801
643554
187678
109478
42863
654809
537220
132381
550616
55015
213560
237698
41019
943240
81330
88596
279013
121810
128369
131398
80267
712550
78381
68239
194927
206344
947407
264105
343251
730971
138014
208285
213292
556290
584780
464449
112271
256467
548412
597010
910645
618087
676461
464191
682000
1495636
825106
489461
155074
657752
331543
98632
432017
340459
48349
616255
469204
117121
398090
886440
490413
911408
239090
68310
146012
350995
332000
382196
803091
1416564
397301
140441
76627
86984
430452
759050
199673
719370
667374
1269911
197196
552288
171047
1084159
607992
1747908
623373
439861
474675
834320
543677
750894
658305
1174095
1383741
596992
664350
120228
148623
1538141
123877
568285
772615
1054216
377831
1248551
529999
820383
299165
606735
667328
106996
307770
1263782
524185
261908
785765
454780
188620
205604
841146
154774
567700
743977
779082
1336951
386257
224956
217597
314003
64282
64664
100078
369775
102942
132716
930149
806763
320977
106037
73696
152529
62182
168641
171356
215942
545347
42255
72766
188873
110210
326161
279716
196612
205587
76459
48343
349845
202101
92910
81686
176680
370913
599354
380855
241979
120757
543912
448815
661378
121822
528162
327201
749607
214571
120317
206702
1134223
260707
566567
321731
701219
277154
58219
679893
671445
34443
697027
370611
781950
161476
216370
132211
157110
122516
80439
516099
495360
173022
69029
604182
878474
239348
271721
1191168
480905
315613
64254
38031
921578
63576
800008
100079
153942
54647
304439
38787
530635
147448
124346
614125
260061
307244
71497
243373
281544
164020
751092
110056
367722
231110
1792770
1071030
269148
596295
850893
437298
274270
659890
420891
86858
1123903
101235
22747
70449
65892
53213
90025
282330
66864
64436
39728
479174
379151
574037
433926
229170
256980
143432
56058
74430
181130
50055
123285
99362
936128
26905
300683
1066524
310423
355325
41200
59003
442268
114490
46599
99108
72886
25365
30739
229480
522363
307367
140215
819702
574473
55566
152847
83190
913133
550021
117749
35534
248453
179028
1338962
665158
1522078
47371
687882
597749
485051
363062
613215
25111
389477
125789
192411
886268
137303
61356
47516
36499
116359
217883
701580
191146
1788346
101310
649821
634933
441471
295370
1259919
218807
1448653
72888
82819
210413
223380
204788
125335
533472
170701
108397
231809
28142
856461
78509
1442782
649262
857364
342452
20351
205274
959511
578599
578306
352248
742506
1091134
65935
151422
517790
95520
951296
69502
710552
587406
151383
568243
96027
1118627
1064184
354620
922241
539388
1401357
318937
1411086
356366
1517520
42049
1324592
31022
296394
43471
148423
87638
841431
862278
733921
635672
639317
89008
568195
49211
185480
1263920
207351
125013
82308
76135
1236476
120502
465837
191724
291546
107917
31466
32257
78146
33755
1013136
81495
150005
100171
67297
19005
423554
52265
140317
112884
162323
412333
89988
181892
693775
327673
283427
1062723
593116
740332
632030
179224
77848
190467
574305
257872
1472686
1030103
346740
292175
247575
426871
401614
486166
267239
71937
67054
293220
828086
92062
965914
107320
204296
224394
246804
526101
197553
260548
277990
707882
1859971
890080
847891
487721
183659
519536
1885606
760527
1653685
312826
899735
437212
265880
1745620
359231
169565
324523
455826
78801
122577
417765
46139
323542
831704
1470471
276094
138978
131151
427227
258459
320749
267857
457304
802143
1124279
69708
778684
322642
1334443
1181422
746527
397068
882308
108245
1268379
117469
243082
1003226
147888
461659
58314
241021
289005
202035
856197
511848
320931
887070
833685
38368
254830
224382
502412
1140345
1312930
439056
780664
334351
230549
414682
736449
2199201
677185
1070904
43879
117168
799645
626323
99663
152779
866420
356802
88876
457648
534699
326167
91960
1839844
227778
669189
49405
53435
1084952
680305
2010633
371128
385806
102577
1029308
145383
517488
62962
350196
459687
181358
2085704
1295453
102980
1509292
838969
1404121
95302
453254
43388
636200
21425
561431
385478
524567
252634
106558
417190
368933
88956
300008
251681
556864
921528
928991
2556307
381526
161392
441650
210887
547480
1483589
1966445
745593
141346
333663
436581
1035846
432903
174112
1245020
76906
111217
584143
364869
569114
1149030
540611
998560
760419
1003161
694709
312080
635317
1563466
386492
2411886
329566
436820
569907
1343629
620854
2207059
875097
1278291
392542
320877
388508
537654
881257
838030
517611
1086986
133204
190617
152055
334170
622591
904442
881805
1321516
644699
460298
165884
784516
1025260
2040378
488291
255794
727209
68725
470899
700658
235799
973003
826526
1195033
742764
50352
108993
224589
74228
202301
81805
453748
145194
630528
247946
426804
102330
190128
307129
222994
591497
104456
79047
775895
438141
1666969
452067
859676
266113
646560
1118243
428543
500786
1180353
898349
1363686
804223
846023
281505
544712
351344
980191
189402
395216
206683
92171
125388
258028
147611
230668
194103
619170
1299993
508678
255982
225566
289621
464776
879708
1250134
76601
74025
350150
590943
1183247
165180
512951
115157
1081590
946542
269993
120602
490609
68250
65094
154367
35679
397864
806871
279480
539760
199826
121983
1595852
853714
126854
165710
669761
161189
223657
82385
1070747
981517
163514
97326
734668
183042
183025
355323
922568
498734
95269
656284
296135
174180
28095
81721
61179
110623
154955
182324
62406
86072
124795
67384
237343
166485
87155
92086
857994
73346
599755
540022
113451
61996
75695
37323
86005
108113
187156
426907
294793
225725
39111
51207
113486
195268
85217
855970
384962
196757
56770
208817
331495
121823
84598
574914
603581
291128
71046
69767
230344
213726
401980
203305
49755
366849
336805
51846
109158
44247
819203
198382
722872
217614
521080
296412
522710
48109
89627
96298
127542
23146
47488
36128
35594
294498
568754
148642
532168
557767
143874
413189
413458
353379
1540538
99448
825531
324625
709503
219130
2157101
111704
422518
83594
806660
857351
214979
232228
736919
67900
431231
332050
836372
550400
906610
149507
673386
180160
395117
206974
165206
515382
333130
96938
353906
131577
915825
617215
1057232
270959
288745
118318
760887
380382
605333
1446212
1964788
532527
750744
286453
549373
679909
896469
134254
872460
106501
194879
374871
679791
122701
759449
178018
853997
366913
449785
151797
683249
143103
382136
349265
1047616
875552
41604
552011
29085
449293
815784
88466
320469
311389
31548
173402
78183
457722
59847
72333
344698
45303
499999
175454
508238
230544
617177
74740
1232444
188692
50707
71565
162331
188906
242463
1311557
478514
125788
333003
168737
115435
105801
580831
67508
970626
222915
697579
596878
234907
392687
711449
77021
175174
185954
306033
318882
358955
200075
269379
52792
240477
237803
179541
270861
221569
117339
