1154574
1274180
1929360
659069
994362
4043336
2282386
2770222
1582708
1659350
3032380
4368253
959424
3185061
2312249
190416
2862555
4826110
1763082
1260262
2250716
1801178
2203319
3107010
2234247
1327211
1196552
3151891
276678
2863640
2101670
1142453
2790316
1263116
2226988
2232625
1262835
1929324
2193619
2177662
1926656
729613
2412439
3736771
1779481
4865964
1250024
1585919
585891
1867311
440495
99570
2598685
1353408
2275019
797863
2332197
1592624
4006842
1695725
156733
402618
1635093
259287
2119926
3424501
1917457
1335740
3095335
2665945
2222011
568950
2638294
2652032
1960380
1039911
776002
1730349
4061189
605597
780741
987257
2895597
1389281
661050
1265989
3297051
2758429
822828
2724037
3937465
1816443
953638
836166
1215562
6433178
2589337
1496907
2158830
850048
2525563
1364264
2482939
1166341
3516506
697908
3125606
3418091
1835141
3384136
3238587
1219645
1181680
2308172
1948028
177882
1200020
948244
2455897
1077106
399088
3762444
2040894
1148633
3546958
1364418
2972547
1299126
1019774
2663739
5083140
2997825
2461174
853921
1790926
2216541
3489162
2163259
2637325
1895476
1142150
1744974
2711083
1501346
3574653
1034587
890398
1970355
1954163
2352513
3016282
2274686
3005046
1362007
2025889
517644
3565737
1116247
2788998
760664
3488205
1473405
4227123
3095188
660732
2575272
1039339
2752697
4460965
3170729
3241149
2969151
1840685
1669830
6441150
2458418
2451826
1860072
2226641
134072
4156843
2009337
4507585
1660265
4517126
2819061
3437191
1480675
1484761
1724194
3300687
658039
724831
1741917
1739403
1663329
4172378
1824060
1615193
828866
805656
1095397
1205041
2182408
116000
373183
549383
162393
1589379
1728592
2747558
2557996
1189215
2572943
792201
1316051
1034540
2133338
3624863
4205606
823796
869762
1254337
894568
2907860
3130830
1578702
928148
3026141
3743417
1199616
2159904
2394090
2438626
5092078
2303930
1244251
2437151
1354191
1914819
1673965
2412174
693240
793870
676105
1559450
1772155
344734
1308407
1965598
2761160
2626990
553499
859219
780619
464881
