5022581
10102417
10670284
6658993
10725422
9388419
7913598
6387587
8517705
7571892
8839096
9488592
2994229
7035214
9637842
2459752
8810912
8578126
8297598
7177894
6059178
7994707
9313879
9457929
7097213
7547179
10786928
9693053
5623134
5686067
7360570
9236739
11778164
7364258
10192665
7106303
7475499
9614531
6917568
8257569
12298931
7038886
13871855
12428574
6701154
12359169
12284947
7179682
5895473
8448293
5308404
1205759
8633654
5878869
11011920
3880518
8560038
10140722
12248087
6952375
5747399
4354103
8690144
2681815
