42309
45404
883626
9695
543954
8369
1089694
698978
987500
1541210
2606628
2746852
7460
4820
471296
5874
116
1399100
180601
2031
740903
5466
106
994546
1102661
3024925
996040
982194
1950591
17512
690482
3343
1977683
1927
1436611
1001957
42527
13515
1569571
991459
596793
1785629
2411675
1990615
2976
2803399
994884
979842
37482
2925615
675
999909
801
3910
5051
991781
6143
475361
1001406
496
988929
557712
997644
5122
35
0
8722
6703
1977077
1382905
1010679
1990881
2864
10
182554
976378
993641
1379
1000012
2344
994499
4463
1353155
738956
5665
2801
5545
152384
987629
1008447
16565
990502
29
5516
2978270
2550
1999684
26965
6872
2092329
1035384
1116735
998571
1263936
22912
1957191
1982109
996497
933770
6
1947578
665
0
962357
992693
993074
14370
1030484
855
6434
1278352
5928
1007771
1671584
7
2603
647578
1788
957780
1425847
1631013
413
1000869
64
5393
998170
444574
993103
1007819
2563832
609603
1661
1989826
8092
995171
39924
1956585
5043
5408
7671
1941632
12000
202143
1857770
1857622
1134281
2035189
989532
2879
1966826
1813239
1012565
17036
177721
995999
80850
1843915
1021361
2764110
8722
646161
970566
1979540
923782
107063
1004630
1799023
25173
1986440
1841
991031
132163
999983
1807107
1974761
772459
2927693
726526
1009
974695
1011271
987529
5468
991725
39557
1981795
1985537
1151385
938278
5245
1027
1991556
1920
731475
442219
2
435200
1002737
539
993100
10089
14
4373
5112
3161
997236
1609
7111
997467
988396
2586
1805
7976
990076
6284
15988
99544
997198
2000449
2278
470933
2423
2401608
769982
19319
4599
18
911
538303
564
988157
3531
2144765
1007390
1010
548796
5873
2023
1990291
995310
1876532
835
876034
1410
10039
16961
342
6468
21922
1801
1966
744740
990652
4445
1422575
999627
1563519
996315
35789
0
995652
0
12080
3959656
976839
8421
390057
2491
996395
11
9047
126054
998925
7989
992397
30987
2269582
161
1585939
1001598
2759
2647
1955710
955980
9625
5793
1997066
850616
14408
3424
993972
2387
1362218
580
991174
10
1730096
1783
992398
1259
238
0
992309
1002803
6575
538742
1830
230
3641
1171
3451
4431
994526
3
997248
90
128903
47
1964535
956034
4917
382155
738191
97
539315
2377
3477
2051
984695
2461
18844
471
20692
4475
907206
21021
4068
2007
8762
33
153322
72951
88
995056
1909177
2586
1019237
28288
1949985
56
951127
12823
62742
23
116493
477
991960
0
990458
1004870
2261
999705
2
13
5540
5875
1003437
1983385
1172624
4694
1859
13002
1859
67823
1558210
2172733
42805
5277
4779
1015713
1011574
1810
5083
1920586
10
1367
1984592
7154
104637
1606
1051638
9905
858081
1991556
1848
5821
1110027
28200
995025
2541
950887
1998399
3242
636
1258755
176
5741
1426
71104
1888341
993750
2001138
999700
1292359
967210
13768
1101893
978614
1923286
840015
526376
216
1982189
4499
2386734
1773
1739
32
1031
0
997451
1957430
217487
1979760
1963
87
1900568
3554
5809
999487
838
1985537
610
11520
1960886
3685
1937
3066
86897
1987345
5501
5309
776087
1982400
767936
3041
1000175
477
195
2723
30111
996920
232567
635
3090
4552
1863
321873
2010854
7567
2391
1922304
2256156
8102
2563
996524
994762
4219
1524045
1992997
1027867
451060
5133
965864
994152
985434
6987
1957182
55034
22
36
1248
1003159
102
1634353
990246
757
6954
3648
72108
6434
2382
153557
2177606
5147793
470784
1030876
2041
2992474
16333
1018841
26486
1616055
56441
10833
996191
9721
569937
1678
1002439
5155
1220
4467
5531
1011778
1982956
2993651
1265741
1961977
4151
1672
998096
1003929
650596
449617
1000951
2566549
6784
999782
1723
1791069
1036451
415192
1239779
989883
25697
1824712
992278
3280661
1000030
1988670
1152641
994728
449964
5241
1002269
1982475
9746
115659
998658
995869
742
188048
1002
990513
888993
11361
991425
2995889
1024687
1006392
5837
4274
31580
620940
1964469
855794
1001888
994463
992377
1004246
1187
4434
995656
972502
3078
965395
24102
20051
76620
993282
1941597
47047
116413
1990822
5882
38976
7944
1555060
1007855
5140
3
1853639
1677
6634
1229
2904
1343920
1000477
2294530
2339779
2209
2214833
1906977
1997524
6709
1084392
779499
1760843
90
235627
2022045
256326
4291
1000831
46
2017470
101
996064
6505
3973771
447438
37994
1574321
3453
989223
3944319
1000878
594784
917863
1415086
826049
1004446
990260
9636
1070707
988547
1825
1002123
1871
1014879
1067976
240
19074
1370178
4738
1842464
1881621
1739619
2326304
864
59235
997750
2908496
2452199
1009519
4127
17198
883172
68259
1701741
83021
1043397
54425
223198
8316
1968401
8577
3916700
10943
1314223
5196
838681
924044
231
308347
2500726
7070
18124
82328
961
12
23089
997940
2753575
1987048
3000372
942410
4760
6196
23652
5479
1457853
1686083
2915048
140792
4102
3432
3697
990449
985004
286013
841104
540
129999
907150
919260
2499
9715
992505
2115
191
4545
110
2770252
1366
1487597
983302
2983044
998506
628813
1998590
6667
1804899
1575519
371032
1200844
14985
528679
3376
2688341
1071347
1784
1189
77975
835
974431
6
2007
15
34636
1211
996373
2889277
4009
107296
975336
1896394
788009
117160
1844257
11048
11486
989134
1036145
1946726
989609
57531
1008765
984633
3911599
557
10840
1977911
1790
4509
2354
1985771
1963201
155181
995400
8955
22866
4268
1003249
1889936
4258
6601
6590
1613
6491
51
7603
1604250
651
996513
1698557
2962259
20509
75585
980208
1998673
994114
137124
781710
994435
1982
5783
3730
436456
5307
2494
6986
937
6662
3222
1198523
3929
2967580
2647
2873247
10838
16001
749227
983739
844
977277
3764
229
1274697
9008
8482
1829467
2992
3
87
1012
987
3
126203
2634
542497
2815
17229
889640
5065
20272
29017
962740
1939
997694
2
996461
2490
233690
4467
7343
4883
6544
1848
992867
831
992350
1977368
17700
6897
994559
122
1794
0
5381
3590
1518
9
0
109
1807
318408
1661100
4477
1827175
1281422
1622
988900
990538
9754
1477425
2626
1010309
10969
1454
1000254
1268937
657028
2983614
2180
254730
3719132
993772
2000765
8689
992520
1989376
997370
633363
993947
954416
6240
50381
1985044
7204
376
1972
1459823
96352
715313
2262
995569
3231290
2016090
1227732
3764
526
4573
1380276
1758550
1942027
870545
97111
207614
1132081
306443
12139
9221
993695
13
527317
992881
287099
907609
3308
670456
984369
1712521
10221
1512600
79348
2012
988616
994210
2307
6894
744
992449
3530
1956542
0
4699
163912
1984424
75289
54189
5
6982
4282
1880493
0
977567
963
1081
542779
1180
64964
4
9611
1842
1991812
3487
1508
23
1835
991903
1009525
13834
1629884
1991949
1986004
621
936
2976
991917
16573
874368
995141
1984280
906764
6794
8529
5569
3529
5050
885325
4515
64002
995983
993160
990520
3776
6149
11044
17674
1878180
19737
105723
