5500276
5132780
6472805
4416713
2516679
3251207
5124799
2429911
3898467
7468541
6395745
4220444
2266106
1669949
5392776
4646648
4299635
2115684
6206353
2253507
2541914
2461378
3651225
4633377
3402581
4928532
6646746
4700341
2667937
2156314
4921656
2888739
7312665
2702260
5458309
5254841
7601700
5047145
7756565
3036704
7832790
6877766
8544100
5394070
5668773
3196790
7657535
2986676
4440436
3398026
3864607
2064499
2233644
1750981
3169319
2547170
5613960
4654363
7096569
5219854
3175160
2695464
4637812
5085876
