3502
7872
10779
2452
1340
17480
3730
19048
16281
20243
145699
11553
1978
325
786
3946
1744
6224
6268
58237
569
30038
275410
35870
129126
11416
59795
1319
153225
91339
61799
45450
15192
15762
23416
129915
72776
97996
379463
198076
64633
76313
22380
314195
13769
434777
20232
39980
1268
3126
4400
2119
367
2574
170
2467
16872
2179
1750
106
14
1644
8245
12038
4581
18740
13564
2876
399266
3700
569836
8396
12207
1347
8790
30166
58667
4538
12567
21893
9337
9005
11737
2508
2568
14166
367505
187051
4946
257930
107371
6291
24676
28624
213392
3377
68947
28409
384854
211859
412174
374653
312223
1086953
48793
687063
222082
65564
26116
19310
174610
27437
1144
26944
157842
77625
4576
162787
9446
66115
117564
30427
65908
357
14077
51615
22707
9063
24188
35313
185638
13279
28315
39538
17824
101458
36235
10168
31494
82995
24681
177367
44100
98787
6451
39554
66045
5103
2653
195197
383652
632386
10731
384748
10160
9705
20276
170007
4806
49556
385226
5752
88896
35920
78101
239599
486759
59532
40825
88730
387804
5122
38970
28476
148948
245585
1478
12099
87500
4847
3448
3233
1295871
117284
12542
7226
36316
2245
5219
8618
10336
34753
4364
180474
49602
4
228345
605728
30396
16274
7120
21262
12972
11
12118
5690
14255
357860
1995
4232
315
411
1027
377006
8304
3119
3164
2263
7085
64
34395
366
86247
148167
1125
78997
17211
3151
369581
50862
1912
29234
135390
174399
651283
16351
4003
22705
4167
154
2003
922
1
3200
2226
603
518
2653
9679
4645
4328
1238
41
17705
12269
335054
1515
2656
2750
1254
26818
13372
26825
11480
6131
23243
3433
13315
1
12138
316145
2516
1504
20128
6627
410500
1852
1902
1619
603
21004
3418
926860
575188
1248
373
539053
8077
15201
38
32431
147161
10057
2094
1983
468
12565
6844
21056
8137
5769
167
1545
30169
59186
36
83464
1169
28
2139
25425
3654
51
619559
2727
4917
7444
3610
62438
88177
43772
125
947406
281
10142
2770
2696
78161
115356
409927
1156
2425
73
677
4121
4773
5523
1247
3206
4690
3836
81244
18284
7983
1238
441619
22542
194
6069
172
187878
17377
16916
3088
333554
774
303344
9422
22919
170608
393026
100305
81724
8879
14048
95
106
11597
22260
34270
32186
5726
16516
3067
142
29289
183041
298126
9063
2993
15593
53664
30910
20353
437663
654155
34789
3768
4593
42976
174286
154925
373900
32903
4412
33989
221359
311145
186664
0
3187
370197
20989
32925
61
184618
425602
6426
11114
379050
6097
318020
74909
247
1033821
6139
76231
58451
98842
26553
39190
1625398
2579
487339
943986
17319
118687
1080936
234981
90190
45554
6224
6014
16623
22865
6144
6815
400918
17450
3750
29854
178123
524494
12256
11296
5821
4813
23686
54
1241
1706
1809
785
76287
126589
17307
2551
2588
157413
2800
549
3
9133
81122
879
49
4119
1805
6434
10541
93063
929463
10211
6374
9740
80
29584
943
97111
7827
3755
5663
984304
18711
1335
184436
7214
38531
124970
11019
903014
55967
903
1553
5762
123
2004
88306
112
4541
19774
2424
84083
8039
4713
90076
11644
19793
22101
19739
20075
13967
14766
3344
48136
25251
18153
5055
136169
3933
51175
102966
86053
6014
15453
4565
9379
4949
2070
932231
23139
10317
23728
85
6761
11777
380441
137
51463
1268
3900
873906
465069
367
28224
2144
28158
34076
1513
2200
189827
31828
310631
2463
328781
35792
80801
10
62889
1007090
27122
43766
19173
1740
22881
2584
168639
9313
74347
1966
285034
94524
29479
3825
80269
76737
1860
406119
338240
36017
26985
17253
11575
29773
1680
422080
66082
547713
58
3254
12882
205
4191
266095
364759
240046
24114
107096
79593
64533
579175
67846
83358
4495
68095
1861
604987
29742
211917
63001
6058
3676
7648
16336
8259
386520
124646
421150
290348
38811
5545
40
4473
22341
129883
18684
495806
4134
3221
34665
8309
139974
6877
1216
639169
2678
5415
17982
388658
14945
19212
28945
40675
461073
5757
5795
630980
3610
9635
106593
460017
3167
14501
7991
780003
15910
67392
2506
902479
19757
1629
51000
3601
279490
486680
10521
18580
1381
31032
8915
1093
228750
259926
15421
26523
56997
7751
23426
53658
232748
386154
359264
147445
35909
12098
481
241492
111513
298211
1085
18017
4619
1516
11183
27942
22353
21921
89555
468454
3668
36637
9301
31536
223276
3114
877026
11430
88679
1658
9118
6615
9584
152877
201197
200151
6010
2639
364
9485
4403
1076
27665
6110
117
403
472
2721
2611
912906
370127
18201
4162
2945
30
115051
287
72320
10463
25357
166422
568
2751
1925
21142
12564
524840
429058
1623
2231
823
13220
1316
6398
6355
28859
1167
6891
3329
284
2494
21324
74556
524954
5205
3913
153
991780
58570
56279
8034
12207
538
36525
162947
422804
201221
99945
114985
10172
196
25929
4273
82646
2604
12908
1901
8438
300662
25151
12479
572934
22401
45130
190910
31315
417512
504
28897
6512
2052
5906
1496
7816
22598
9895
135385
4994
116212
29399
1498
30912
22041
5679
53
2482
5457
2949
2840
9285
6480
102
17
4168
6524
41441
8705
2239
10737
12278
4777
362441
3358
8799
517
17
1996
3
142
76
93118
42717
350760
369912
239459
20
140
1240
2943
8091
27
202649
13305
3392
19032
373765
32597
46
15707
104381
49531
631
2902
997201
6187
8005
5
281
5138
34398
26276
144
22069
35153
335530
22657
27354
47103
6
6219
15883
11161
42645
33
3804
106
2545
2615
4787
8834
106355
10830
15616
16291
163660
8036
7840
21547
65395
243518
569
76485
388561
767642
36608
29105
121987
12623
87974
9819
268227
16304
30456
985659
229
78835
386449
1886
4207
199570
68380
86
2347
6555
104640
10135
417
7222
36354
9323
290651
22612
16917
9729
81919
27836
130074
90482
663060
73912
26150
14511
16070
35305
157791
2862
4661
8541
3911
9466
35119
12998
31970
1630
45246
11790
4401
75216
293
79151
1993
15867
5680
1536
47197
41
14
120
868
12678
502789
9728
67721
189
6130
3793
9760
83
1948
26156
1712
1635
103
10328
114
1448
52
2213
87
145
23
3162
16074
97488
2448
4632
953
90112
7474
6358
17264
329159
10537
59029
17933
28273
3449
2856
2469
2734
969
4423
73217
67
274
28252
13282
2296
73341
13075
108
3252
302180
16131
27781
2200
10828
6260
49
55724
11224
3399
59440
22461
1630
11320
2205
271
415
1819
299
0
3931
15003
9548
2693
15792
3261
47544
66555
377774
4150
27652
2534
1941
9947
1418
4873
30775
5665
7874
160
899813
3987
2541
338687
582928
391915
513
85989
904438
24477
1618
1399
8937
867
9389
3
2138
1664
39210
2275
9234
803268
44
1991
1147
5326
54
2767
1021
3724
90468
234
364
2203
539721
14284
11122
19281
6890
9288
219
413750
62821
285999
70
2950
598
1545
1166
126
1900
3962
8902
16898
19
23146
5473
3979
9347
153
1040
21038
2018
2009
4455
381982
2578
18007
1185261
66246
84607
14013
1808
559528
4850
1225
74652
2203
8807
367
7965
477
27220
17499
160
542999
5673
79041
45602
88563
40129
11329
54512
15948
5150
1657
83
33727
1240179
17677
173332
18641
30630
19562
181
286042
72782
362475
32671
974016
3998
850609
1816
57054
20639
54856
2005
207866
1052
22622
584
11240
106464
6931
600647
9302
99804
2997
82883
2930
206422
41468
4523
77841
9577
1721
4618
372678
9953
10808
2724
362172
8
30110
34
9266
278
23689
198
372837
860
14958
200
25712
88
59467
17752
93867
21302
10882
19775
437008
11
214
111183
28822
2166
68
1132
1819
3779
16
76658
392188
2884
2584
5934
5312
76
6797
21303
32629
15597
4
7747
10464
10075
1793
85192
13237
9076
985148
211650
4408
7948
4018
22269
10982
115421
4838
13163
10444
4464
1369
56
112620
107
102
1606
2177
1611
111
1407
82893
22
4269
11307
73788
7371
11910
55068
28696
11
33
5585
10
1941
10446
372420
577615
19482
1621
49
3786
12
5552
486514
18552
59230
18323
69
1693
12184
1049
2378
4698
3294
127
12868
8175
90230
6844
1241382
2935
110090
73221
603301
1178
17987
1517
1126
1316
2334
24
6432
3909
3
10508
20910
13360
1797
394334
8541
6920
42
3992
189303
6913
67
12079
1479
21856
5753
47852
983
23978
5114
26541
27383
3680
9990
781435
21060
2490
6281
7698
377231
478
10021
11268
37749
16945
11062
25558
10994
87162
1426
3699
33786
182730
615
7487
7702
11210
20507
9463
4180
1683
7252
390054
362716
345606
549
97587
109040
26486
990
197
264
616
266
3364
26248
50695
17571
126
386618
6802
3528
118171
34935
177651
3002
20637
223603
6032
178321
24104
6119
13784
12549
1746
181198
2973
5695
4936
333623
3078
4398
4431
4531
396575
8517
474525
1638
2662
684953
8391
366962
1928
7719
1072
2827
191413
826500
170
1411
2496
178798
250181
1302
437304
352714
1901
185584
61206
102839
162864
7022
85263
4248
4821
11782
384829
231
28230
130
21188
17704
336
15
1163
1061
793
3135
788
4
30
7628
3264
5124
10816
110165
19084
578990
1433
639504
985059
1039
11088
45822
104316
6047
6097
97728
36453
8997
1
8937
5129
18079
18843
719
370174
9352
5168
6641
4127
51
1666
5106
3826
59841
24288
312274
286836
357934
38088
220464
457460
7403
29812
996070
193630
114085
87715
24
11943
2080
11838
30129
106845
12725
24910
1942
558463
158275
46052
54684
17820
8022
29040
43290
12774
190933
14152
6267
594669
3370
4275
98
1534745
12027
21314
20132
16441
8604
18871
3586
7014
55
2481
2433
4209
19
19856
3834
51834
197944
483244
59727
186992
2156
119768
3313
32901
2170
957
369565
11451
25
324580
11202
432086
95
12710
2285
25250
6650
3324
23
72526
1160
60276
74754
91145
4050
194100
92645
12762
22102
461325
94642
27611
18457
8258
1
12648
904
1891
1956
934229
89498
600
1494
784342
2454
1986
12827
18253
106
581274
3175
169168
85295
131
10031
2748
3889
2173
22288
2731
540982
16977
420645
373884
462
1582
6954
2276
16490
10126
53
11549
16931
11430
371666
11045
743274
3109
161461
8883
55759
111251
207162
1190855
17642
438061
2138
35635
32547
14429
14
6181
39
82224
1827
954520
1547
6311
745432
4543
167344
36433
41580
313816
190286
89207
48398
361384
12332
14754
87437
439282
9221
274319
53840
150994
79833
381619
647
336896
41195
284980
1360156
16234
943116
41195
843645
350468
673968
187131
110644
374962
16493
123367
68597
957382
279505
10655
222183
12260
21098
73576
77845
312498
251312
465093
26242
644427
242587
85997
176250
56064
22896
4811
84147
406
19090
66226
32020
427669
8145
1595
2004
12009
7662
59855
43449
8331
111
9
15533
10105
2147
2534
123118
103548
253
26965
10764
4056
6865
1771
3917
5857
2316
541
17826
374413
41230
3771
15740
7393
63
6090
137
186696
4155
8378
3060
661140
205
12813
785072
249596
81314
27851
847
739532
2533
11080
12452
52032
67
1829
3967
11353
534
279
4370
9412
10988
4809
6276
17043
87289
6227
23237
6359
10708
9562
4297
10330
4707
109040
7969
4094
92977
37269
119
6811
8811
762564
378086
379951
258
1586
566
6364
26
764597
29340
195
22569
127916
5426
1036950
7117
357
11351
19786
13593
13730
58
24665
4203
9
6112
45265
65058
31797
23185
175074
35758
25797
1126
3376
474755
3401
4659
7904
2028
140411
732
3
68
34789
1741
16251
21918
22843
4396
80294
227
850
676
79
14665
763
283239
8659
329
322847
281
681070
6086
12067
17021
6079
21
11
20544
33
6409
682
14303
4151
87864
22
2195
487988
3931
923351
2969
18630
42649
6217
547
18150
1272
5860
8920
41151
29
5513
2110
24615
2298
296
21
1584
34
141
21450
5416
10814
13
21
25998
6987
7606
2989
123325
92327
24471
4315
29352
118079
3051
16111
91263
1069
2684
341568
90459
2080
1565796
7057
10942
374922
1922
214001
168840
219183
435
30226
8799
725
1824
103135
165248
238040
3002
2095
384518
90157
32440
3016
4360
10728
134364
16980
7641
84883
6352
3350
952226
1000668
1427310
18710
61476
53971
120740
642993
26142
184031
84160
33
17431
5
10451
1443
12164
1200
12449
41103
9022
3001
1042
964
40866
3985
77630
287354
13362
1801
87089
50346
32259
143
345
11338
114880
21474
10120
7911
13320
4840
899
19048
21880
3547
6816
177
85692
4353
14495
10021
1534724
33372
24083
85255
164174
13734
6256
7901
17356
33513
114415
21889
56739
297852
19284
1206
26882
3025
2588
230
28295
97012
15766
11587
26939
16324
52918
272
51280
7877
8120
15720
28283
3494
76357
160952
196640
41132
3932
13129
35627
2790
9795
116953
186751
253719
134473
541690
251349
485149
5493
4127
15275
17668
33885
10281
5704
14390
14619
368887
87518
8111
126917
1452580
312836
185320
3046
9987
110028
2836
236653
9442
12268
195908
32611
119421
24237
41127
98520
179058
22514
114380
4754
62792
10872
6123
230335
20972
12065
357412
4808
2160
10180
217774
12062
9420
5562
4378
1478
2721
3797
354416
704
58715
24042
229576
20288
50
934067
1351
94103
1700
5749
441
1744
1065
9318
77020
30503
9976
418489
1295
4435
1919
84617
4634
335395
21644
84309
47
21641
6415
261219
62341
1047542
214513
34744
489356
7906
57810
10484
7278
128276
268013
872412
222031
1375
2353
1822
11796
2136
118917
2466
3834
1824
846776
5528
28365
849522
46044
460787
2210
25
17911
12419
794
44165
166
34330
10335
936508
2658
379164
3797
20199
31468
628372
12652
28070
21090
37760
7309
399680
1101
3271
3017
2510
52953
22247
45849
218264
32189
435756
11720
13489
8672
496
217605
108212
32811
461710
668892
911486
8235
996
1048
68964
66065
429337
230959
189045
204
26781
22513
966069
8664
77637
9521
35
2446
71
164
241462
19497
447709
10428
9546
1083
96916
989198
13054
623647
71495
93042
74323
3258
199663
21671
26781
130149
28181
10822
107
3981
45111
7245
8883
164
482401
1056
216476
45043
65973
1003745
3146
8030
343360
52645
12033
1919
35697
27506
309720
1066584
190928
305583
92338
5664
95484
11563
189709
52633
177490
86282
4637
26079
27894
151984
52056
50
378039
3426
27500
1757
74
11558
79056
1816
20052
30052
75712
2622
314
7091
84
3702
4094
1097
139
48959
452253
1952
31379
513238
729013
984060
18355
30825
474624
3558
84893
998
26361
3894
2299
1200
16564
15261
2147
378071
424129
191
3871
6604
11919
131666
10283
33345
110
15550
1279337
85639
56386
7278
36570
287293
91220
354
175942
2668
367951
9151
122672
439709
39360
3847
77164
3205
25612
23596
102519
398587
138427
26206
94597
165
101
245
2287
961
6169
100
530048
550
4682
14
386249
69037
1336
1654
19348
30395
194559
23778
60661
28425
789424
362919
35465
11248
113083
31618
16059
253092
23370
286
43569
383154
61804
390699
26937
183595
13459
398002
11124
4400
659804
13371
529062
83058
5457
9915
4638
1107
127
2714
693594
628666
71226
103153
12589
7343
6201
38097
680977
383059
138442
82526
121617
453146
60302
68586
106789
373490
15011
6606
2888
49395
541351
196
1467
25724
10840
27218
5505
2282
16037
12269
533046
416649
5861
85524
1352
16151
372300
247
22058
374694
5750
381811
410605
18979
1338
739725
33043
435326
12249
42049
340754
463473
1108275
3222
255540
172287
136580
10159
96018
1253
50742
212
26913
7467
185278
24810
6206
33075
8314
192241
644017
924674
228608
58337
6428
11606
108142
2298
9284
98022
27676
864861
6341
77183
17365
13133
27663
41373
1149
496184
7396
40480
19010
4420
15449
285938
1000018
14293
1706
85411
28486
42385
7226
29896
8081
835
4903
26989
43307
105327
78948
12627
373964
27885
788
42
2905
1890
2941
951010
33867
641868
260
18061
2977
3517
360725
46494
11141
6284
107
13101
841592
106074
9231
321379
11059
91467
8276
15100
9747
183696
24911
556444
680039
13255
40944
381989
218340
104085
292250
27260
35848
63682
588688
228109
7101
355865
309016
22537
71750
1563
35703
87812
16905
123383
897082
13223
419151
2001
5608
9710
843470
5389
47354
327
28978
12597
57269
9037
46875
204449
906458
917538
394781
11821
2249
219
3135
8762
712361
173486
81846
49539
22700
5133
59724
14130
1163982
23887
140960
23448
156832
2216
32673
3156
3427
90796
4510
401548
557
2520
6648
11960
36054
929039
286655
6359
12384
45434
21725
11
3326
259348
22835
6894
1182919
55067
197808
183001
18207
9266
8532
41
787800
27409
481611
459312
206233
531510
44199
11831
1011683
130
756706
5120
373317
958449
27614
42187
26384
5099
667165
887
356742
78160
8986
30949
1281149
8633
23423
15693
377604
990
4912
8987
243427
103639
1639
13087
972260
571773
63547
518096
81255
48077
208436
824073
54241
116574
1295388
2126
712050
21181
332773
50436
52373
14914
10025
12953
5106
193336
657
472615
148683
515189
19415
24355
248360
113406
9465
14882
962666
252223
51441
621388
24342
385336
37917
105630
866020
93447
242899
90135
742527
194166
76761
38127
855511
30216
451784
22037
157111
2920
8101
88535
903635
47818
68682
22505
5187
20473
364621
2932
59700
842822
163774
202907
21147
171401
2040
31806
8038
569728
26415
41924
9294
29247
22464
7537
14237
3150
158845
167
82683
7273
148
9317
1877
2147
35511
6265
71825
1236
669572
38779
106127
62472
781903
225929
119001
4624
27030
28979
66339
98103
1180676
394280
10873
3371
9726
17627
7559
12312
16374
19023
76797
50
176200
25180
19283
11342
396933
420700
155004
19695
19514
72455
24591
222946
240000
681
577349
191510
968180
31488
127261
8700
145995
5847
48561
5995
238160
11
745
22269
1514
16
3987
94580
57461
40118
3817
4228
9344
2426
3214
10225
23613
7646
75733
4802
7253
81337
20360
187012
92188
611548
7265
13460
200324
110334
9031
2666
36638
10045
8414
21235
171
9238
575
27591
4336
11535
19763
18770
6819
3156
87510
92
69
5417
1468
2095
3538
10921
32500
3
169
11498
729
175790
4097
96
1462
109
945
71
1937
333
80967
1893
16861
16299
4761
159
8203
371499
13200
113
55247
99
15027
9261
518314
2335
403001
1038
17809
44
370216
2151
67101
304
3954
788
10021
587
6751
16
83577
14668
1187
189
2229
24
49
54
595085
1552
392891
180
8729
24313
627
14094
36258
62198
121610
1631
1375
45220
36253
8075
22084
31066
242414
1181386
2045
197328
197143
240
12121
76541
41404
9765
75078
35189
2915
760324
5283
2000
260721
16969
31883
1422
21162
102043
54737
13499
14760
39419
5328
78
544088
74937
589805
41629
1560353
176939
16530
1345
19683
372253
10000
1276
7067
9059
38
6616
1191
8765
47173
11998
18041
40095
142
964
17461
1392
2484
2059
702
10328
156
12002
38
13305
17027
83908
24317
26270
1006
1506
19131
174
70341
11450
1658
554
5060
257
2736
3312
11870
8
176193
51
10344
3833
18772
6749
16492
136
1645
28900
84227
336
74192
7553
73211
21186
20124
939634
450582
12415
6252
77692
9391
151687
2489
3535
160
1392
41204
563
1044922
1215
28448
2401
16633
54943
32169
43754
15163
10000
141357
1852
5645
200012
7804
20403
11262
189061
69558
11157
3245
787
3083
60
4587
960814
25554
15490
14952
156981
13469
179181
372013
346393
646774
33226
105101
141917
32970
48723
7315
132119
120094
11571
12660
104282
8503
5688
15271
26079
86648
34801
1968
9919
3273
11770
3003
848779
24309
21216
1995
382635
576
10895
70842
430909
172215
26511
2708
555
2615
22
151
30
5452
9815
19004
1884
21976
152
75054
475
14870
191
74199
25434
201032
27
665912
74752
96323
5263
6212
96479
13520
18240
12896
221108
377020
19687
25226
9027
15232
45826
13898
138166
4923
17409
5318
184524
9628
18317
66683
19205
1003052
9786
10317
405488
9164
1697
328
3504
2861
578
100
24559
11012
15560
29327
155204
26698
301
1831
197
2563
26545
12360
74160
15673
5909
3498
72
2621
160
19090
10477
261
24926
19938
4780
87995
11459
18722
13116
442
4313
21743
28595
274239
10089
1942
350
221273
10920
592202
9544
633656
53429
52550
7051
19819
16554
2769
7004
26773
2942
210391
158789
35045
121634
92288
30040
35343
24213
2162
3903
34347
2624
1490
489
289
1977
47
211
113009
4471
13594
3352
493365
30406
312
1675
11680
2599
10431
4746
18491
50
3715
3978
14148
2621
9261
32
1944
15791
457
12482
128170
0
5528
943
91268
18
329
51297
37935
1993
11310
24
9256
11388
20992
43843
30353
7169
5000
7687
11924
5407
11920
380
17765
5712
6563
27621
20569
61
14907
52
102300
13162
88
8260
1035
3655
16731
114170
310544
6294
1330
10406
2470
1203
5852
68525
2125
489
1502
1458
1049
519
1347
968
5189
330
659
3
25462
2507
6710
35717
94
12552
267243
1584
10348
13945
94
7204
87
1564
81649
16231
8265
23860
55278
3008
205610
105789
18060
243465
207005
115258
666353
70
20336
378161
195300
30551
25732
1732
23
7264
6261
0
227
116
18410
1006
2765
3311
4667
1728
86
254
116
2566
1951
5532
2614
2
3769
1578
532
23290
80562
200052
1358
18
19694
1625
2775
2604
630
276
3286
16765
12262
24045
7311
6012
1655
370547
10535
280
41073
6087
73243
259
3280
983
149
8119
460131
8482
2638
1374
25534
62535
147031
382008
48431
1116
3988
1757
6
940301
13419
23041
2931
2060
2898
26
3991
7606
1008472
13324
4979
17364
29642
9193
51565
517387
3702
6957
0
118
16921
115
1746
379264
28668
11757
156
3701
3038
1040
21008
425
3996
35524
7056
488
16990
12924
4448
381126
27861
7759
22727
27
2544
2126
225856
14446
4605
139108
380579
335425
737286
99262
73224
68413
378001
287071
12158
5512
53168
16715
52307
3626
408
6
535
20
41
29
1520
26975
17307
5850
135
301
14
15492
8769
7963
4613
75347
3
23769
53913
13667
1425
27034
3174
53
3976
3055
10315
13228
38
9
2618
1015
23
10332
2537
7156
3592
13108
12899
1027
1905
14
84559
5263
4810
109981
315364
201820
279
103415
12204
2977
86325
4540
432255
162178
12768
5634
46592
42352
5584
5127
31143
12660
603
80286
114276
14946
5324
24935
9934
8866
11546
35321
13113
90870
1903
1542
92174
788
1357
92217
188862
6021
95531
70081
280712
6972
1038
66
8000
2963
550
130
3727
77274
381265
3926
368762
18691
30520
11253
842917
12122
752
6035
18553
23271
13205
951512
624819
47604
27539
101173
29947
3934
44137
2523
48024
184331
975667
2464
583746
80064
3048
7016
3794
1136
252980
1232455
167418
31621
179377
85489
52588
74183
239030
34870
5981
4953
1829
8424
985277
3452
88706
14758
2012
110406
19892
72296
45224
4223
11899
77738
461992
9611
1980
540
70656
19117
33813
9758
12865
91206
7889
199646
161966
3667
639217
28030
200306
203274
74594
141
4161
3714
13756
2056
8731
35734
21732
374752
250557
13929
101832
27555
277
88494
78502
15087
26394
3696
17065
105544
8422
27537
26859
1609
31244
11748
169516
93835
38447
24586
247568
103274
5258
15675
229740
161616
136449
25234
10817
7986
40912
212
16443
19837
92570
49283
1142
3664
12053
5672
1138
17765
15597
64298
120015
407343
1013575
312
11915
1096045
6991
101768
783828
830767
436230
162013
47757
40828
608699
27098
566961
23761
596814
674564
140033
35930
80620
6325
42357
23374
120419
19340
13068
1529
9585
652005
185225
10366
774751
7490
11980
246485
445709
34166
373091
5576
105901
1843
1788
4826
1172
1398
5723
17322
2782
10324
162
3896
12724
74386
1074
9490
9996
12
1735
12547
16189
26604
6152
2253
11192
7060
18766
1015
19932
4873
36566
15523
12241
6493
7742
83759
9255
25108
16149
680
22765
11527
3517
28
43879
1020
83
3280
95629
1148
272
3618
2526
1163
1832
74398
115567
40787
1989
308
59410
7062
78246
2442
22206
1279
283548
2582
3465
6117
8114
8696
35
12440
61438
7761
1216
3038
239
18282
74363
29
48697
540
1878
11150
610
17255
15899
117
3234
857
162022
8023
12776
14
15180
16097
6362
6327
92411
496228
27804
1446
122960
13830
2592
421
75290
50594
1547
5011
7109
9288
91
70631
83061
14105
6530
856
10708
19092
7808
3817
6762
6519
65898
1292
4203
1266
22076
9940
47
25244
3420
57645
9932
7951
0
2497
4269
10
65
8303
126
5093
33
38
444
62
4264
83955
13277
1868
0
1945
2571
3339
47309
14280
24
498
2951
2262
9707
3194
277952
1216852
762458
57329
115
13
38065
19
1932
12732
25090
15840
1417
17459
2008
79915
22053
7980
158401
1783
5203
19290
11122
13033
35648
144980
1038
8839
1208
281
9502
1956
22234
2604
13823
271
1213
1006771
12383
34966
858
109574
13921
164322
15962
5246
7358
4114
74315
53909
12130
6468
49286
154112
38836
177450
173771
234391
15196
37013
1189
13474
17203
11126
106620
4990
168332
6093
53781
16147
896772
24432
396243
3360
3177
78332
654
14406
350
2656
10707
29171
12386
1457
24426
5421
96393
61569
8198
653
13962
14450
5637
156
1526
160158
14160
3343
19019
13534
11695
153587
988
10190
837
25217
29956
995
108
46
5337
77
34554
8090
611966
5603
21077
11725
4229
12228
70293
2857
15370
992055
601
3023
9656
97417
39740
10128
180500
30742
6573
2499
16544
11408
9703
3235
16415
84660
4703
3639
545027
27608
25377
20472
191554
31552
19224
68228
24775
16101
