19176
4250
166818
22925
3507
15790
73861
1569
11117
183348
9120
3868
0
22042
25485
37
185507
323
383
297
6
3515
567974
1801
1369
259264
1480
0
146
74256
2804
272
12844
1
12782
0
3
186046
561
868
2244
9340
464884
2466
3322
14743
970
186596
0
1412
1
5
652534
25794
3383
472333
172
37
1679
38030
0
869
0
1907
472826
0
279886
1970
338
192259
1
1
0
25465
125
349
295
3
12
3913
0
0
1944
171
12
90964
1402
1166648
6260
987
572153
10705
10637
4114
32
897312
0
18
758797
12
69727
2
872922
374488
1053
448
74
0
109
0
13
0
0
1
4
145
23510
406
1011188
70806
430
104
213996
46
3564
1525
120
72117
3380
795066
11402
41
130
1424
0
35
13140
18
21
37
0
0
412
0
1077
0
0
31
553680
27756
858657
579
13540
838
13858
189
381
1
477994
552
0
0
7727
1
9171
0
94
213360
9798
465263
9680
26605
83256
0
1243293
462
0
1479
16966
1903
210016
758591
381714
11633
1389
185721
78869
149
113
1
189877
382
0
0
0
0
90
181
761200
10
1
0
0
0
5
0
0
0
0
0
92909
689539
12611
681865
515
540
470895
1318985
4
14634
191
75281
481484
115
3843
123
501
165
21
316
142
13531
2089
276716
650753
9037
0
82646
25281
12885
0
24
0
0
0
469043
1209
0
0
113
109
0
0
888
8
1948
28974
544111
478588
464672
69
503741
228
1
2208
56
92848
187586
90
9188
937656
0
3
1336022
848
261
96223
191415
762175
21
4
1433
156
575226
0
19
0
25
186
0
79511
1
7
4
26026
0
327
10
1463
787118
0
18
2009
0
0
448
295
93
38
581575
0
1249
213020
166
1841
366
0
0
3910
13
497
0
239254
22
0
0
82991
11561
82834
4197
498173
2904
0
17
95921
196
482
162
1126
9986
166590
13734
3773
87317
185193
1558
1274
24
479426
196508
1934
492133
3709
141
1088
5165
25
757953
26054
0
572921
0
1103
143
630
0
10243
0
0
14789
9263
5
2491
2287
16751
3
21
116
552566
1
793575
94145
9587
1681
188606
3
5100
337
1
2
178810
0
420
760045
1
13292
0
77774
0
0
1
0
69784
181284
136
1489
89
26
799833
0
2
74569
0
0
188713
186099
10427
406
1053
14
141
77307
24
42
219
151
3
218
23
45
96784
5467
644
490
1
6
934681
1416
1430
420
1092
574765
892
146
4224
759677
3
1368
173
0
59
0
687
1
564
22
18
4
0
163
144
0
0
0
12516
315
78
188600
14925
23
15
3
760839
74415
177759
102
566144
18
967
13281
417
0
14
0
82
754893
561106
0
213969
1659
95597
952
75
0
182352
0
0
1432
2141
0
0
0
10202
1367
73
0
73
370
4
70846
11135
1617
43
2594
250
2048
480271
794899
5
73200
35
12978
1461
94185
0
1
95673
601
891
0
16974
0
0
3
37
1422
465
0
9
3
17
110
266217
83
15688
912
1610
580459
13218
21
46
2
28
1973
77614
94
35
2
491209
323
0
10503
567753
113
202397
202
655
0
95
12509
1069
774027
0
107
73658
129
532
187548
13149
1089
0
1
183627
10194
1660
30
73
71405
57
4
477140
612
553554
0
313
1077
25631
464
1854
39
0
485760
373120
78575
1
25025
1180
31
483550
13140
870
948
785448
39
892
0
13159
7
30
2994
184
6
306
6
190206
503
5995
336
506
0
761778
1516
853
336
477962
1443
11872
37
462
21
1361
21
749744
538
10
110
260417
45
210828
23
1998
300
1
2
0
0
0
0
19442
0
0
12
0
3834
561
4
665
4
482178
21
2622
221993
1492
475
79418
72
464917
149
58
629474
1645
21393
135
1945
71326
1091
4699
28988
1459
380
94664
0
72138
0
0
494481
666103
87469
1463358
1894
1
0
624
21
1435
169
447
758715
38
13
1441
2
10
5603
24669
12
0
1419
1903
1
0
191437
447
18620
0
264639
98443
490592
521
186383
285780
97772
85191
74
586589
1017
191
561701
343
2444
22
197671
5
1199
77728
193
18852
82171
1
20
7
153
0
4294
110
556
555
0
733784
1
26
562071
679338
446
115
1379
2561
5
5501
12866
12780
0
5
193
0
37
2
0
0
286
0
0
0
0
12990
447
587
0
0
0
199
0
0
0
117
762552
0
0
182354
0
1
19
415
73914
3
0
0
408
202277
9389
484226
0
449
1
0
1
0
1953
5
0
0
0
0
0
113
0
0
0
0
0
0
0
19
0
3
7
141
79330
23
144
96535
665080
10292
903
24752
664687
755514
102
7267
19450
2700
227
644475
14492
25080
69234
0
491
2
24
1385
493443
70397
12920
471436
1
0
911
748070
24
558716
574745
267
110
85
7
19561
0
835
0
0
126
887
4
644
207
508
75231
0
126
0
481475
491221
40
23
915
899
215632
200431
0
41
483499
576817
95661
89
386
16
493
0
0
0
424
271
836
216
4
2
666544
485487
25
518
987
16
19
195161
0
154
2080
213
2087
2040
4
21773
341224
74588
17575
92554
465065
15062
176627
140
5434
208607
675271
24
6
1
0
1151
117
83945
180748
523
475
1826
25227
0
0
988374
1909
0
0
543
0
0
24
0
0
1
0
45
1
0
0
3
0
0
0
489971
17161
18
461224
8749
0
562
394
0
256
0
3
0
4
0
0
3939
0
77527
2
0
72
14199
3
187073
73404
336
0
132
21
21
0
35
162
899
886
4
0
13
218
590
0
71
0
4
1948
189750
12121
36700
23913
1
544523
2579
72555
13096
140
467429
1703
0
1104037
1846
2
0
251
0
0
0
1253489
10827
22877
683832
187592
86
109
0
937155
0
0
1944
30
2235
0
28
29850
13170
939
242
212602
19463
83322
212
211671
185390
0
0
271
0
0
12530
479910
2
83356
4231
866
936390
24
0
561
0
1
472614
0
65
9187
265
856039
576730
0
73529
505
1060
2
0
0
261
0
24747
77617
82809
95914
508
3833
186689
2163
3661
783052
444
0
16
1816
5
15
192565
0
1543
1
181241
1519
58
331
10311
0
181
83485
1032
178937
575403
4223
180
3
0
0
1
3
1802
496152
0
0
187
0
0
10036
233
11369
1300
480112
82836
95614
945
0
3
0
15576
0
79055
491159
10485
189200
808
25
187910
193792
886
477806
0
79
125
25041
483277
25438
2314
7
589
761777
0
37
20
0
316
0
10267
3845
26
1842
390
70069
1409
2539
576
566514
786147
1
0
0
0
0
522
17
1595
562805
72063
1378
2469
4
556
734345
489599
2294
18154
0
288
0
450
0
24
33
397
0
202496
1
1953
0
0
0
29
164
909
755443
17026
2068
0
563411
0
0
0
0
126
1107
123
44
413123
94615
391
0
371
1141548
864
181640
2028
178317
97430
850391
30
330
344
1221
543
0
1
3
490080
0
1
3
3908
1
17
0
210
877
14
7
182701
39
422
1147
30
26183
0
79
2000
30192
212620
80
0
553025
3852
0
481811
0
17
0
0
110
25025
1
312
79
93020
146
179
0
0
11567
82751
54
3375
0
194354
164
2366
0
8
5579
72632
493826
0
2962
2431
5
5245
0
0
0
121
928
0
150
200634
200
96963
25
3
3
0
191
179321
25687
489
1019
472701
124
184
16
148
315
1084
16
5137
26
187262
1
4065
9069
0
176634
10010
43
10000
65653
4146
188895
14209
6960
87060
4911
62
1107752
188548
0
24847
19
215228
1413
465037
185705
2323
14878
734365
2376
72551
283569
144
0
462069
225
553963
72307
4
24425
177004
986
1038
1050
1045
15
766182
491078
489886
3698
555
5
191773
40
72
0
141
0
24996
376
1082
21
0
5319
4
20
194022
25263
0
927
0
744950
5576
8866
486913
911
946074
26595
0
0
359
210192
2674
2
582331
93527
489270
15999
1
23
2951
734363
183294
11809
181345
182886
762868
24843
73873
1941
521
249
288889
167
69508
344
11834
0
377
0
0
24
0
49
878
1035
18
469842
297
1527
189
13298
494056
0
0
70122
72
71039
1291
0
0
0
43
2497
0
54
0
26656
0
13176
1259
204492
18
0
494129
438
124
171
0
924
491738
145
69828
5
41
78839
479490
1
1455
592
915
2
2215
885372
4215
675397
0
112
671657
571
564550
110
0
764701
3240
25347
14339
780
3641
284
187690
1019
13
127
0
69459
796553
672907
3102
5300
0
85143
41
469036
1
72
0
0
2
186386
0
13027
0
18
0
178935
758
14634
559347
119
1424
47
13498
25125
4
1817
760066
868
1449
480490
73444
6578
13286
342
43
2
0
182284
450
0
78811
3
6223
6
17
93
36
517
0
907
1900
2
27103
950796
103
0
73402
26258
342
18
188337
0
19
629496
2
2
181282
926
30
8
136
0
2
14551
278172
454059
144
1
169
5455
9028
20
109
485
879982
0
576044
1060
73309
910
14
0
474972
470104
2760
556939
48
74536
1016
25753
0
24
760951
0
1
0
0
0
133
188671
394
3
11537
0
395586
763
640
12766
1956
105436
449
2466
2
32
1464
569
750549
196684
3
1033733
372
198546
119
2
141
489981
72392
1689
26642
18932
122
0
62
0
0
0
71361
23
83694
233
83687
2331
917
733037
0
1558
3580
60140
466670
160328
375
10349
12698
441
1864
186684
2
23
84
1699
184629
183215
1332985
371
190839
83045
9406
602
0
205409
792
170742
110
642
539
1489
139
671
14060
506
14
94441
1151
250
54
0
875003
98298
859407
178039
183
1387
36
0
48
0
358
145561
315
344
2
408
562753
1085
760596
438
0
25025
1
574802
5
373
894
0
18
748560
145
12873
0
100
0
29008
4
759831
2
178484
15
0
0
0
481
1692
866
359
164
2136
1974
1207
46
85809
3
143
11
480566
492445
991
0
656890
0
0
755767
575699
2
1672
1322
109
0
285
23
0
14071
583
0
13320
0
0
72
26
568401
0
70032
1092
417
0
1336
0
68822
937
761609
5444
181
70845
220
0
0
0
0
70507
868
0
949
0
0
204336
0
4
0
0
2939
19
10127
0
315
2
335
1
97
61
16
666929
191025
0
61
15
4
176
404
14522
23
902
0
101
0
0
0
15
7
0
27
26625
0
760457
372
4
0
754
86833
4
177416
0
1603
3
609
321
786816
179217
494658
1
71642
1
2
0
0
18
497535
7
18
0
74036
1
13246
593
595
60
8
873
496265
59
0
0
72498
0
5
2
0
926
110
0
1325186
2749
101
85979
2282
1471
751169
116
70260
1
190538
560109
3
4
0
1
687701
80
2541
2754
0
69837
1551
9288
1317
471517
98466
5056
86
134
969
0
0
1414
119
0
1
6
29760
1435
182981
3
309
303
0
479644
0
846
74716
11340
103
1555
1388
806059
90763
137
4
2109
145
495815
0
12809
662592
96
28
180715
0
1
0
490819
6
152
0
0
681540
522
1826
0
1
110
353
793960
17
491229
38
139
184890
0
184990
28376
177808
29
758462
4132
2317
1089
166
1588
913
1661
310
906
1252
95019
2378
369
3109
24375
10
1864
575
7
2
6883
3638
270
180630
1603
180113
1124
1416
2262
1452
185903
1417
1291
12586
2737
483841
333
25427
3922
1
1621
10155
793429
5
73155
8
13
5
94507
211735
76890
795106
1449
163
0
28
671801
14223
477043
539
612
26085
754494
16788
377192
78851
3664
0
759856
0
0
117386
2472
572836
1375
229
13108
0
82736
24
468718
71
936
556494
503854
29
93
0
878
72
18
29
60
576482
1202
541
582859
213109
10
1973
2
2
0
9795
176557
7
924
180
37
85
15
5
15601
482542
1544
1517
178792
4
77799
101
72
18
0
0
28
13
5523
0
755747
898
11
52
758
17
0
177998
14559
152
132
1
1315713
97951
1
9
5
163
121
249
73198
14445
553
16789
38
474
291318
1026
13248
634
370
567874
2
786254
107
13338
30
26
0
199
5
1254
616
1275
760104
19
302
188689
1516
2611
1
751642
260572
1500
2
4
0
1117
481810
3262
72038
3033
76944
1376
106
188551
92
169
3
13319
0
0
0
187068
14493
491183
10387
97646
10
161
0
1015
270
12778
231
0
0
10463
12
1422
182311
73951
411
493391
450
0
0
113
0
0
79518
679027
74
0
202
2
1
655
561217
218
5730
887
185
0
492025
0
576942
17
94
935
10217
552
1671
27
89
1084
1068
1
165
2013
772477
0
0
46
0
17066
1013
1
0
31
77495
274555
468
8
24
727
67
37654
75193
608
124
152
757251
871401
759400
1
13712
102
39
181
1057
1
562
54
387
73916
0
107562
1579
38
22
1247
335
0
183286
0
497596
46
10052
481155
891
502894
199032
364
1
482621
589
0
127
162
487
0
560177
70549
70441
2
59
0
1860
904
2
0
1
104
658740
761625
1221
443
490081
1
884
1060
605
4986
551983
0
25012
90
0
520
192372
72266
2479
0
1156
23
0
26257
122
427
710
491
45641
171899
605217
24103
11588
4268
278349
454711
39
17
124308
234
0
541
0
923
115
960758
24845
10099
488472
182665
1149484
2101
75366
1809
49
9759
297
189197
17
32
0
25165
18
131
99
4760
2516
1681
86606
829298
1674
2639
69591
1278064
83866
0
13084
4
193
14677
2334
560509
17
182734
1066
641
1531
783971
74740
45
1
38
0
81
0
841
73326
862
40
21
1
7
11600
10557
2496
548
475064
831
494109
49
1745
920
924
391
1739
330
186698
746972
639
18
183
221
1097
0
7
75032
0
561198
4
1
0
24794
47
12
958
1289
1965
480449
187130
1332161
49
13799
0
400
71512
0
766909
0
336
0
4
19
336
530
2
0
949
0
0
4
0
2
761863
0
2
1514
0
995
415
69824
112
161017
0
189867
0
479084
174
985
217
4
18989
4
0
11360
11551
485
0
180745
490865
214
0
213444
184957
210403
1547
42
1243
3112
51
6851
359354
1364
1136
32879
10180
73190
24845
128
186
751399
1568
10
606975
116
89
845
0
101
11
1970
10
280
2578
257684
101
5557
11
52
178098
2374
0
1468
290544
84
0
148
235
987
190365
834902
47
2927
1410
172
200508
107506
1120
1
5
0
0
477545
0
560950
71
576959
253
487
1
1
0
275733
508
21
119
130
0
2
0
0
496013
993930
483218
548
0
1858
901
0
489871
50
24
72611
0
1490
1754
1178
88972
0
24990
207511
69602
189935
24
6216
832511
48
22
554
1512
0
79
73178
11633
537
24952
206
410
1065
134
4
53
480627
575378
1322
0
380
952
102
0
70250
75143
2055
17511
1
671569
214275
1613
1054
95662
1493
25939
170
289
2928
181198
79692
3695
84488
95721
0
2093
577192
511
20
486723
1438212
899
236
1609
562
745394
5
11724
61
73
565589
1277
73387
661868
25387
169753
6403
546663
518510
14446
11604
25125
42618
457254
69665
23933
1552
344439
89990
19631
74204
352
405
0
178575
4
354
186770
99011
1931
13272
288
768281
125
225500
2220
521
191488
74989
0
187833
11
0
131
94
94878
22
145
11
0
12
0
178077
442
58
72417
0
13
1762
88
874
431
189963
380
0
183664
186164
494636
879296
1052602
178890
13290
675874
75897
2081
86032
187522
190484
798678
698094
434
1307
84087
621
781767
9414
78736
0
76727
0
600
0
93
203238
384
696732
203463
135
1606
5883
6
1107
150
1487
288860
309
73622
0
109
74002
72
1361
0
758457
557
338
181960
761348
6177
339
34
1
1487
0
134
0
5
1441
492
0
318
0
5
0
132
14145
1
83398
147
17342
0
417
13058
11368
12
94779
1
0
0
1161
0
0
0
0
1667
0
13
0
54
1902
0
1
0
0
653221
177688
209611
12532
96515
44
194385
343
0
787477
71917
518
0
90800
178256
20
182
0
118
0
5
5160
259966
917
232
3559
95101
1347
9
6
490489
4160
2533
0
343
5
0
442
82117
186312
283207
138
877
191882
186386
787219
748803
453
85030
138
27
305
185538
0
0
0
886
761195
358
10644
110
0
675203
1219
15238
302
678107
761313
1125130
0
72
490186
759215
1798
361111
673
14425
25
1197
18107
11
424
19
676690
395
210616
1393
86841
367
1
1713
2
575026
3
86789
218
511
221
187488
77367
121
190594
47
551
56007
5283
741278
19080
486
1456
699324
156358
1
434
18
0
1
18
749869
0
5679
1250
77174
155
146
246
38754
163
25828
26
755404
509
3980
9660
0
165
0
118
0
78870
0
0
29564
0
0
0
570
76807
1
745423
14350
2
1253
132
732993
108
178323
479986
333
0
0
105
28
1
17652
711266
182540
70681
206
34163
1249328
204665
367
697936
12724
88
1467
202375
204
63
178
1362
1380
1176
867
2293
2852
1405
5826
1
33
400
4243
71475
300
456
2373
11382
4101
2231
0
1730
934
14193
1
26679
1
0
96862
191744
129
4
2108
402
1151
94015
73621
2
1
0
0
0
37
164
0
109
11
412
1049
553039
471
110
4703
71
914
486829
40
758460
930
153
0
0
0
0
0
187363
1228416
9
0
0
532
25
0
186
151
1
14444
185
2807
935687
1336627
793
17
25
6141
7
211269
474
0
0
2011
0
213054
16987
503374
66
1441
63
4
266
4
40
1487
153
13399
1
70140
162
0
3
13414
0
0
147
0
0
536
77040
323
13368
0
3266
583
761089
0
512
164
0
0
0
0
13320
0
287
119
182380
0
4
0
0
6
0
0
72
1
0
0
44
568928
21
1
3
10
14060
226
73762
2
0
72256
0
1068
156
77692
1
417
0
18
129
7385
506
0
11803
4
45
203607
0
0
1
0
9805
68007
487229
10996
18
11366
0
846
91
760621
12
12
1420
0
95090
189
83977
44
1411
1
18
4130
0
561427
1114
216
4
0
0
3021
6
87
0
0
0
5
0
0
0
0
0
0
0
0
0
7
69150
0
14175
869
1385
247
34
0
0
0
15
1
484406
75
165
0
0
0
554
200
38
56
28956
0
182829
413
203700
0
0
0
0
0
0
1
4
0
2
0
21
0
0
73
1
13159
317
2754
639949
0
19
0
177688
0
28
10128
209590
0
12532
7
0
0
96725
315
0
77384
141
0
1808
192580
181302
836
942
4
343
141
0
95807
3
11
1490
665693
25076
24
761814
1
10265
151
71808
0
1790
926
1156353
13195
0
202600
0
755484
0
0
0
94434
665346
267752
313
102
0
15
20
3432
0
164
3855
9128
0
10340
176
2700
0
522
0
109
0
14640
0
175715
463675
10
5101
12680
26289
28539
441602
21
665430
734242
71111
67428
962
1135
26654
0
72
0
159
4036
0
8754
1
93196
1946
14357
4
1346
1
15
24
8
0
1320
73
13
1
7
493578
29
560451
0
433
5801
551
658
36676
869
0
2975
470052
0
186330
0
574679
1
0
370
344
0
915
18
1259
8
18
748032
0
0
447
24
751
169506
1
557987
149
760971
0
131
0
97144
45
365337
664575
1
621
110
69577
165891
147
507038
10097
6876
1
744
184472
97860
225
108284
103
787218
16
0
305
750759
25060
2
761451
90
178626
0
1024
3144
83022
493488
0
0
139
126
0
74025
25
71095
908
4
0
203994
0
550
2
666459
0
181
0
0
27
0
0
2
506
141
0
950
74157
0
495738
2667
0
761190
3
123
3
0
6
362
19
0
11621
325
480492
74147
0
491232
102
0
0
40
1
507492
0
180727
254
1042
51
1653
8
259
1238
1756
13829
361
0
4
215633
2
477070
25777
375547
759905
1964
248
98
1058733
896
560698
796508
5
887
0
482666
0
72
0
577710
0
0
585792
96
69865
17116
86
748653
25
1
601
1582
177373
425
1292
182044
0
721
493
1
13008
1417
0
0
25
0
2
493020
0
520
676
111
45
17076
1281
187
85924
1249766
472
712
953
82943
1524
1469
61
330
136
272
4
0
763272
1
5006
25071
194577
102
395
806482
37142
36046
631
475917
1249978
1248
369
146
1
86466
70586
119
70
182454
1
0
987
2
16
2624
978
374343
223
363
559891
0
4
770107
70939
4
0
0
7
0
110
86738
62
42
0
218
30
2051
365650
32646
92
475295
328
1974
54
107
113
187450
2326
16618
2
2769
139
77198
131
9290
19904
1751
58
90973
274899
260648
1558
73169
25317
1179
9563
136
17593
3575
13576
14111
94139
30732
941510
1121
213
645965
700367
30907
57027
269494
1709
9828
7223
947072
189510
561
143
0
198
160
6665
1
26095
750116
207391
1267
92248
76659
674331
3437
2
522
0
24
761501
10
0
6
119
18
141
196
0
0
0
0
0
1152
0
1
117
26
1
3985
1440
82072
8
1479218
27
1458
339
180472
12871
0
182971
17591
1249
653
0
5
346
322
3233
77435
0
2
64
25662
0
0
167
0
137
1
108
480159
0
216838
808706
13937
50
890
2384
13
70804
3978
1954
23991
0
11400
0
21
410
102
0
756927
0
534
0
0
2436
39
211125
0
732134
1664
0
83417
13261
147
77075
420
184
0
115
4
0
0
5
0
2222
20
0
1949
45
0
145
0
12
79061
1292
495825
0
0
0
0
0
12825
0
15
483572
554
29196
180705
0
0
23
74
0
0
28
0
81
0
180943
0
690
0
0
490727
0
0
94090
0
0
18
0
1
0
488558
1185893
26005
0
8742
14405
0
0
150
0
6
0
563
0
1254
0
2
0
526
666221
70061
680642
201
0
0
818
70
0
0
73497
203688
480833
1
0
0
0
0
11
323
114
0
1
27
350
4
0
2
795401
0
894
92
3921
25
3
48
0
492098
0
72
11420
82903
463
604
222077
1435
489749
0
182084
1
185701
361
70866
0
9
0
185273
75
14438
1
9183
24979
25038
3453
2703
646950
203058
765077
189542
0
75971
15118
524
759743
336
0
0
3989
699168
113
24260
179
2070
44
21
519
12353
419
185
58
1390
23
208232
1479
141
1
0
1964
0
1530
0
31
1869
1
0
310
878
200
0
3105
47
2
2
2
2630
2
97036
846
0
28
3
2322
13
940
197
1854
718
122
393
111
3584
2570
1524
1220
11392
12114
2
5891
2343
15
1
0
0
1864
21
11
107
480
2344
0
7
7795
