46462
258690
64168
98896
18039
248475
24784
633142
12095
185183
36091
15628
24456
121387
115117
25745
9994
74590
625151
24746
107424
69025
59340
330827
594560
88154
63351
179277
58716
793117
361312
140087
118428
73962
202659
32297
257687
911002
1158596
225904
470374
57630
378615
18966
26531
160365
163074
236884
87524
27746
9293
105920
138294
234679
83593
11747
304018
699887
4728
28687
1465
112645
49928
9204
14721
0
83768
261
165683
618883
417
23485
21017
4977
804525
11379
6656
23802
184
112934
4909
56780
213482
9724
3989
126505
15106
521255
23798
54455
113249
43577
35708
305544
232515
516640
33041
0
233538
742848
341994
311975
724072
82840
5934
10374
6182
55702
75773
2622
80067
152176
4717
395258
222974
123622
623670
400399
13317
285702
211621
341076
313992
144406
129715
61281
161199
157834
212854
570432
994230
197907
35737
66232
67751
96643
94109
140840
140503
92912
208701
4937
36145
152998
273261
791476
47591
70995
116264
660071
27739
508627
258702
324987
651659
1292262
131981
165110
82810
34375
635967
31198
35589
25798
257086
409034
688564
271220
35865
278223
69096
166116
75250
113402
218631
423965
7197
167447
104265
196193
98148
267317
40723
353977
242583
200745
153943
180049
195662
377585
319513
98857
87485
62268
457710
20315
185434
346453
679653
118296
27773
119114
77962
13090
94234
29198
1058
586908
10315
95608
40365
185457
16676
219283
28230
58229
76510
2096
350053
6591
35760
7565
12209
191992
381648
164203
15607
103944
4057
172753
749315
94721
249816
124938
742032
33417
57866
1100
10503
54173
40738
360228
13653
361248
904
652480
650221
52959
737926
164181
10952
0
5930
158867
24955
179348
7463
27922
35890
5614
7997
44554
5171
32800
6506
611851
412
95874
3495
12568
660518
0
3286
49000
123947
100887
439478
40614
214829
825
7883
1422
332
17786
112
20481
175408
29408
286868
10836
133155
29338
5097
9446
1489
18997
781545
4045
17931
362390
12550
5003
68953
0
6470
51172
91133
45315
19791
215801
66878
14128
7273
136321
55222
59913
113981
80811
92283
522
6136
30784
61193
32778
21757
73656
41132
87765
117544
58692
241575
496899
36942
3456
7974
5029
8119
6058
5382
4601
9127
8643
122118
47532
78344
113190
126102
6708
80001
42821
1005025
209850
91525
50946
164746
189142
95495
242540
13183
39710
169475
496665
86503
158097
19605
52
48152
3608
232080
210019
40413
4249
72099
14258
50038
212409
94710
136904
439746
13843
484482
8635
159628
23176
414305
3703
120857
18673
114
54239
25690
6616
14634
207726
14575
18364
19748
2
741994
14411
152811
116
200505
336587
7
167184
933824
6521
568595
31578
8764
228710
228
167157
703314
38
23424
12137
433326
388
7059
539722
11059
165420
1073898
125619
611835
35495
626705
196340
96328
18814
132380
115334
426509
4100
51242
17036
107681
6331
96091
392511
1121
203573
317132
11985
244823
9743
104819
5670
11621
34489
1362
9244
368955
107793
212400
100656
107969
53831
31312
8640
96853
5818
611890
6030
17957
15413
26012
45060
644614
36574
13986
18998
28202
2887
60164
39313
276225
78554
55500
827004
140893
53839
203145
270740
29371
46838
183832
143026
675102
65786
35920
12827
28017
150248
111474
6130
67422
0
16542
8369
62526
5320
293255
55681
68938
16007
154362
120469
107224
152937
153251
96784
139646
75106
146781
435310
24504
133599
561535
510772
484257
29663
321630
9856
7720
196989
157
14048
130004
327
0
279
118291
4608
8237
39818
57556
69297
103786
6057
259839
42947
103209
89129
7422
566112
22146
4401
58556
209758
158152
145063
434979
166016
398463
41467
319644
68350
117311
849808
222758
485705
18400
11723
65327
80094
33499
55929
100587
504903
134840
34453
34750
39642
623401
454302
94808
241595
70903
466344
52624
363153
11939
906788
109978
1102175
103
29735
526024
40297
24206
111447
11362
304891
60723
464729
201298
95978
521
861593
51438
117735
117
29380
493680
95646
550452
195626
76110
75792
304635
117805
143588
7432
126915
83061
70124
1101898
62921
88
840948
883455
579874
6378
221764
18983
45826
17973
426402
152864
12005
11216
20103
96322
116383
7119
64797
26274
145900
634047
441571
711300
25334
25153
16287
14667
159264
139118
249451
11033
31011
84
100750
791811
153781
112399
1208830
396
8938
17922
18516
403199
278264
142355
1226384
21173
179937
30732
54591
163348
653524
100514
209349
247357
194573
4203
204329
124095
197429
49588
348241
143220
36631
119619
626703
109732
16663
93994
22820
13241
5871
6799
21008
303985
159493
431996
474450
354614
220988
52604
166209
90670
15731
85720
174825
30070
16828
28979
730302
272197
70545
132366
356355
110600
3682
8352
276155
121341
10188
54298
52123
20645
786168
241150
38423
24495
45708
204
32730
22675
17169
6471
348163
63807
203056
204690
164610
148181
221994
125184
70051
320504
392456
403447
776751
105126
155414
24614
129842
274195
212185
51257
60334
33557
7175
86251
47975
283730
103531
112428
254430
98311
92775
7340
31174
4022
97566
34358
19679
165929
9120
4593
2863
66002
10817
353998
26209
204235
37412
1330
127320
21826
18214
29489
147125
92048
49259
833069
233679
92924
58837
8397
338776
380770
24040
9122
416923
3172
11988
5364
133095
14260
107235
65156
15244
20980
72899
9251
217384
12054
10156
31930
18476
6912
6891
28032
69123
116793
148673
4256
112020
15578
6310
30952
121920
54396
43994
41582
587181
14142
4979
10390
5039
24653
56495
15
6
52474
34992
21208
170016
71584
13
57245
112721
151007
43686
6565
366779
20221
75727
147056
44807
31174
487
48171
180351
21685
64571
70043
4659
62481
13919
77668
11302
4330
21236
11
529
12195
507074
50
22046
3846
112739
8
73363
0
8582
0
43283
35
3355
3365
4072
85756
18783
11008
105793
9575
21335
158033
57789
8320
89413
4283
458148
361842
52408
14023
475631
54716
132057
825
77288
276234
11263
190
237798
4559
267894
101793
312328
33100
29645
32902
478217
16657
31212
134798
110835
623223
96827
92779
31146
134601
195140
144978
265825
42835
104108
26180
182639
240224
40755
483528
305476
39781
131653
123616
64873
133379
18159
92902
37197
2
93429
9330
44654
55777
456368
175887
720382
210230
55770
6
327838
8079
146654
23261
419813
111561
6012
4005
21169
439105
808921
8188
131134
14961
2433
1333
9018
366149
24498
521
22016
32922
475829
36324
88625
201607
647636
16343
44996
51812
159
28797
126363
55806
4635
787900
7811
16696
340866
20437
77134
36990
389254
11266
458917
87516
102584
79
92598
51302
38048
15038
23260
21519
90159
152384
105890
17678
22136
23312
104587
27027
39486
97267
74313
44732
6911
96360
15424
4481
604296
26639
41878
33029
56749
70048
383169
6805
9162
24110
199950
210
157
8059
26866
91898
56319
413610
72167
257233
197195
783945
3420
148
111247
54721
97359
20433
11152
77806
43268
122584
101745
147759
1037480
44328
39949
167868
1134
311660
123411
74051
203753
61548
13762
83587
4336
95
353
11847
49
7640
18022
229152
1043608
156
32398
0
71404
4784
2553
4040
617731
296114
38738
41456
18185
22951
76843
15523
139494
55780
4908
72002
46981
94645
27975
73
477365
24826
5258
13463
5337
41486
81149
924
625050
9158
650
779
69428
84953
217560
3859
19879
12022
96308
609950
10205
85745
50625
157365
28039
15375
54482
109980
205831
14091
1
74187
41269
11
6870
175983
6655
55932
187976
4725
62999
4069
5749
1585
92273
216258
158885
25791
466187
120196
9086
9719
15880
129823
197363
65031
200270
46736
119714
11415
33249
1618
249893
44559
1970540
53622
311558
153905
853681
31456
169211
12167
87000
6705
362320
354402
6
26600
55511
9171
188063
826900
3812
25534
258825
93462
182455
44490
61330
15908
17735
200904
457549
545
79531
12955
373010
12065
3748
8485
33441
1653
167175
25925
1190768
168139
72781
2714
76758
3967
5349
8894
19875
2545
46137
6638
19
52795
5824
32
99594
19
28944
11357
12
4937
5148
13242
40811
49855
77862
67362
49601
113752
136
7495
17653
66879
7155
3530
38309
6618
16736
12891
15393
24
140005
366888
65238
68012
28773
240641
49707
179599
42964
27882
696299
83123
454123
70282
7710
9891
37446
130521
67748
129732
8266
27
151457
93477
13994
116988
34786
17053
41399
33796
21624
165
8073
23510
4292
25006
10458
15857
55419
52693
60447
1504
33334
0
45207
53825
22942
13289
0
18731
652
79927
18739
707770
217511
245776
74066
4615
118
16555
119391
23780
138659
0
1108435
187059
49353
14344
46301
28798
46651
231978
93299
325
440940
317
9368
31488
12342
0
13249
10555
686
5408
24622
309242
27701
144122
67159
19130
116
7354
37641
706
16213
21285
6258
188
49025
154
64392
6417
22199
13099
2971
280
9630
162
40916
951
2202
403
2231
64192
67631
117160
25767
120782
567261
19731
8831
4820
117659
224470
79426
4149
115388
33664
778669
99764
26891
2904
126632
238067
468918
29915
90455
2366
59194
2795
156584
18540
60200
14040
20142
4241
32467
7203
265534
815
909756
14777
183295
103139
241976
140153
79870
93
94147
688
52964
2119
9639
23
307
166695
18659
138543
43878
515
217670
4942
776513
604789
165738
24032
46
179496
12787
649435
6289
12571
878389
958858
1262
8791
25123
21804
568476
22922
104018
71674
61132
34005
28298
758218
108866
245461
223711
96718
50564
2321
255449
45661
546552
71
112022
0
2374
1
19722
1
44082
342669
104224
10126
75
19815
77050
2738
159391
130834
43908
119909
109463
42735
1009005
63805
64120
10260
39401
50104
10670
196
29183
2013
0
71564
10046
15953
4802
3877
14605
87640
1081
7250
76511
14085
6755
10014
123718
159513
40668
126064
81544
633171
167702
128
7219
9092
232445
174709
1007307
924610
28383
235
58275
11
20499
507083
192561
90359
8804
10972
692494
8419
320546
37271
103127
91612
57350
139341
96062
97275
188033
5195
1420380
8252
163938
34726
3684
13299
424648
298525
1054783
8643
50018
2979
29
1636
1152
22799
62738
49837
58858
13661
148822
12760
9660
228640
9394
20128
37869
48562
389
28366
3843
2658
18930
7545
117132
5833
587107
33078
50919
10205
2347
2372
90674
4898
95037
7382
98697
142669
200
6574
3699
1
763
9624
604227
280457
153080
311743
3780
699
26840
84576
13865
444780
933868
224046
648069
2328
41342
3420
211325
316766
316965
46338
16261
5060
27334
329611
792
11
7814
7
1714
124824
84392
165718
17680
507319
86537
463318
2637
13516
639367
10774
587007
8744
31561
80468
113012
12545
153147
1095
31924
12168
1744
864663
176331
80163
1029811
103867
10099
15
27217
3746
170991
0
15579
6387
530818
14442
1567
186402
63
92
9910
19578
108581
97125
240943
1060406
24336
5773
2849
82815
52376
223494
422525
42559
26253
200620
59228
148975
142092
70932
45743
25767
32784
36176
390380
234820
41471
26869
71696
20
868787
167364
36684
223864
124958
105126
1111332
55215
110777
19320
25270
275054
241267
207804
513826
33981
48802
179324
33016
472082
906641
641600
134159
44763
41777
17232
208595
26641
650979
80040
814118
109245
177600
92481
38202
298958
1741687
37192
75705
30040
135
28309
86854
7486
588934
164332
832288
5197
218
5995
75
4035
55001
5111
316543
2026
11966
15434
21658
2135
4270
4070
135956
56879
9792
154
41245
8
350263
13164
587231
100311
40771
753047
111775
35785
80051
69135
814935
5198
262313
262429
195126
124984
513429
255002
33704
157255
13023
22432
26864
14413
6963
14326
320650
308474
1871
1060
9510
14585
112114
246429
4373
489
188
119459
606181
823523
91487
250
33457
205318
116091
34517
93904
19732
45598
26330
101516
136
1646
40815
9200
5997
5474
17689
1020652
360683
68315
58470
96218
11702
3596
68913
730037
47475
4881
80707
71676
62595
43187
2925
14675
132023
6824
2191
57574
94107
102493
174
20538
12878
4880
38
99
14061
7483
23263
30872
100449
5845
0
1980
27
601807
583014
7528
3943
4110
67505
7204
7455
29796
67
26231
16168
2134
8295
163288
32682
36
90
13615
17145
39
1067
10261
43275
14308
399601
43232
282647
4233
17
106226
27862
50603
2468
8472
7719
70426
7943
202
79
110609
53134
13922
8591
143905
1733
295394
12155
50064
6272
40178
11
10041
28
0
94663
243542
612
243888
226502
11683
6035
65946
259420
93814
28456
93026
41231
211328
126254
1000955
38305
131732
16398
595681
44194
70317
344236
486308
58
78140
37333
253154
396972
49110
15867
96568
112262
9034
24
20249
12851
456
9953
54266
54874
117065
243237
144768
70725
125470
108976
21902
119912
364245
714375
721524
146086
759654
172602
187819
51769
210762
20728
106580
16
20638
3938
300720
37976
45466
102458
49202
82867
55972
27248
200971
143065
91506
279513
92341
36566
1455
495138
15684
27984
87728
29
87894
226253
3
34740
33077
34383
614
4694
49894
295
65581
29373
87282
13781
624
326
803946
53590
240
11211
76117
8939
11999
639380
253111
136018
47319
11758
51100
128715
73500
8183
123966
99206
40603
131543
67303
10257
137410
86218
111795
69174
359106
53421
241560
41798
50013
41508
104064
32262
252671
72574
163387
38096
285993
73850
132930
62841
76750
77334
12848
594674
149077
1577497
53150
319881
17571
246651
624582
134627
88618
618742
185933
26450
19024
94176
59349
430272
160429
3394
3077
6893
129130
121812
272595
216031
1779956
22303
206819
137058
433355
136052
256282
79187
163835
1393013
143985
478407
137080
41656
64963
194537
528483
201483
97609
587208
128837
73461
5044
196596
117900
80982
77418
94197
699323
646908
793083
346902
49412
57665
8114
351941
55360
9007
4880
172915
150729
14468
158649
19260
90926
218488
212536
80159
4518
146996
5252
3976
3997
10167
95228
615
155303
299471
72381
59
2244
32283
22867
17124
245324
28647
595
21386
158384
190104
46919
694479
148274
172479
682176
659062
5642
60751
21715
376886
23936
16619
143354
8718
22228
87794
8829
46815
135732
107937
224335
19944
17025
23094
130986
88733
23652
130306
86516
39696
100468
7722
16673
174636
34514
50039
179724
101467
154168
155089
581486
70698
801097
10224
13892
473707
22243
8403
54690
9625
330289
221378
54582
389886
47059
120019
17583
135261
1097981
24692
279420
51525
1213491
11955
235848
56728
388308
15284
254697
498100
53370
12442
379737
104198
140697
792660
125273
201429
4655
14009
5165
37549
302040
388203
158184
174128
32547
44726
20403
25231
132155
17951
99319
162777
29588
833389
102967
278615
125004
89858
68298
41338
81904
239946
93065
95079
0
72
23015
78548
342914
675
10991
12183
3830
24498
65411
112515
4915
67668
63701
25747
404154
395640
455696
149810
562997
585
36135
135801
216265
144277
36150
44751
39478
159262
695025
245175
206697
30954
807254
6502
38172
1173
628
28590
50435
8745
124528
122976
39949
5249
85922
43949
13628
632037
60448
6198
22823
296509
979316
62038
223211
698195
454013
261999
33655
5512
570961
76133
872940
10013
68320
79574
24623
1575
466608
74624
217407
90822
20729
61012
36293
221348
30607
258744
354060
69688
159991
124012
1074782
1140325
181867
380166
113379
345132
147444
60986
338600
34008
863262
76738
20774
1478
32
102
41107
41266
24537
355
8877
102846
386819
486825
340392
101767
45291
131701
16799
29501
38632
35509
213
7906
118560
7450
31649
949956
30075
24955
6651
26357
285073
68805
22723
46311
15854
4837
31179
165570
355874
159285
117471
452548
135343
108305
154831
14604
14812
159410
3422
9610
1697
44296
483765
16480
1765656
13842
13543
115533
72732
89982
536836
19701
50671
93449
16222
425
389
4143
74
83492
16694
20145
494076
37863
727775
182
63756
599444
103477
191954
1045400
207638
1312730
24341
74124
60289
187736
81777
17830
365485
29797
19753
90689
5988
95784
14176
498232
62116
427262
17901
7872
28244
120434
4855
134531
235699
1914
140943
38548
10065
1102
378
219821
76011
135460
135552
49176
99947
64832
315928
56869
28234
49512
65299
898928
76576
1129240
481499
996616
7333
856771
451
9619
10851
38935
44803
663674
151905
847741
263578
634929
33221
323001
14463
90025
1408492
150627
92694
63472
5913
20280
7109
440659
103349
44335
28251
92135
10248
18987
33
584132
8428
19111
167785
17
81
17924
161
54444
52465
44786
439357
11551
55412
85520
74464
96560
13316
544779
37820
254763
679
1957
10646
35044
12779
106162
12312
167456
332015
76729
87310
309593
25170
53645
1049
4641
44235
5770
77339
107883
123967
89639
102860
59319
163137
13892
104650
120525
336735
126511
13954
609165
106486
4265
568400
732696
86812
384722
100668
828233
344210
217937
2083684
361419
35146
91786
12699
101563
92071
60645
15592
248897
27433
34834
10231
32005
103409
121973
102935
62905
162096
210209
73248
1162732
73718
347850
48782
964976
1108801
520170
125705
616406
10315
105109
4113
67101
48302
97588
13084
79002
11519
140338
60453
457810
28364
20429
131710
885128
33464
205359
44433
11401
137905
457432
127762
4132
98715
192465
150966
156465
1156179
146219
94133
117
11238
28793
20274
77002
14905
5914
67105
25172
34246
439489
51092
37279
383722
19672
26385
5992
67336
44145
651831
1145952
196301
27353
35121
329421
16720
215266
41565
337165
413903
76449
543929
856529
9664
51614
10383
1007420
63468
271001
10323
467711
210
101065
64147
42252
3713
43065
257082
261677
58300
278392
207475
102262
476050
545073
1116483
43688
115915
135377
164557
251682
824146
1362251
648794
122157
12212
287786
125675
289748
153819
182516
34080
107194
454475
54413
43582
379877
338254
48559
885627
163566
383033
20751
327668
963030
212638
1482729
208190
260910
490956
61172
314778
348138
776200
294732
212183
171944
80124
56063
105520
134618
49017
285547
153
129559
16392
79842
267602
158709
552586
92736
108577
258813
41584
563018
133668
191117
9823
167441
847471
8949
572307
144659
42889
312569
101619
154540
816489
19316
3829
18093
24414
48002
9380
3850
144404
25629
4668
36491
7865
25608
186369
101835
95571
145150
84193
203650
404704
752709
182361
33143
87070
372302
247412
561526
205645
671844
313110
135382
365323
329109
9347
222081
190852
557172
16314
6853
111884
18615
37352
73662
80201
144558
23946
20984
730962
443637
193500
242550
135752
297520
857370
1459159
102640
4084
6441
85868
160043
190968
62527
36879
166024
857137
12031
42514
21
9841
581
36123
36
6807
114254
100140
423748
57185
110813
616789
221999
108754
89891
104980
81174
251714
39888
495000
365792
140463
1351
756311
171458
29693
480599
722283
216343
126575
831683
102728
19329
0
23024
47
6
150
3994
13988
4156
104475
4477
182555
18606
4129
17319
21627
106712
32149
96743
68837
27260
42622
7
76678
10006
40315
322752
39320
8763
1936
49114
5030
121664
5790
749469
4115
65766
4044
10541
231130
17880
17526
19957
313447
30494
14617
5913
5417
38395
4781
53684
5377
120070
164370
843
83304
134
90607
67523
23442
146671
96519
379279
273995
11674
88175
54668
73472
10803
9284
5697
4952
70919
300768
125786
58991
141702
35922
70319
283921
98962
1419913
155577
370675
183195
84123
421
238074
111222
298742
12614
289580
208856
122481
158
315489
26817
290283
177
182403
177521
874038
155770
187044
155378
565903
69659
54865
146991
193687
33031
324023
12560
421850
39925
748391
241840
117405
12409
586581
131314
135832
67701
1490460
191337
156826
81226
253625
490666
24255
20948
908294
15961
28438
430
275839
17713
324101
42193
218608
235922
138208
157
381688
78051
281909
222737
453168
462839
2773
244449
24399
85883
67766
28325
244105
61857
81
258245
17152
33648
5038
2879
32249
18489
5552
67437
35272
37499
39474
24246
147614
15165
13389
91726
69059
215942
248656
164372
1072
4862
133601
94816
10898
48151
144137
63939
779137
20627
585945
372036
107243
345813
496906
3494
118154
86404
109
97514
48601
59254
28161
40556
115613
182727
99918
93532
58231
36016
129503
497113
36424
120522
35901
215449
846288
93888
209869
714761
454366
244661
179313
76603
98460
12898
0
107592
4245
500
102181
92852
45032
74644
59924
587830
8515
124613
452017
359677
280155
134555
73386
92657
16281
111204
391644
118276
81132
65294
55761
7926
25849
24494
188447
487354
345672
499267
6216
1017077
126713
18189
64604
2680
346795
31726
226037
10954
25276
952
42716
599078
198
8306
11017
29162
6641
28769
18833
26586
4390
6213
212106
77
81613
469
92027
18
169
4
93853
20712
220166
14931
10954
37424
209168
779489
236214
36627
101020
18667
448797
10457
361204
59582
61755
54570
11046
134
94049
666
58720
7769
264644
383640
1132058
208282
543004
10049
386204
40743
131652
1331
67676
10366
10
88654
35532
67453
542034
97707
466616
58653
33001
7148
49636
72820
69893
16031
39569
178539
79
39685
74810
12725
442898
39127
384384
587351
1194080
4285
47124
18729
90853
107545
99057
8
2036
503
95745
69254
140042
17430
587643
98729
286211
6535
39698
18552
145495
16503
56578
33765
1029
2234
485425
7652
604762
189857
353502
212865
642
11803
369655
2767
79031
91980
67640
53
31205
803379
22082
42718
9507
123344
175314
61885
56912
371
154153
7379
92983
8
18661
2302
26491
22735
4195
3693
6224
6628
66244
13258
15981
37
119446
0
29606
86
194232
8487
8
4578
161948
18645
26863
59
99962
141
4164
18137
30979
21334
115745
25108
274
230
9354
17983
49643
57355
154381
45990
42042
197881
8182
15245
159084
12124
747
8908
134878
1350
3706
18304
44304
0
21866
302505
660545
30459
38063
85090
31757
15485
60902
12733
400121
222291
88091
437485
142
164266
15294
7089
11713
53023
4197
405
26611
32456
665
9242
73919
24915
66455
4697
34338
495
9322
2408
12946
60818
5013
47
53652
11222
10860
60259
79310
12693
131789
13838
43048
333145
138839
3814
92439
23089
33158
8074
179795
79874
141
21838
2010
0
35903
42140
75
35794
4450
93055
32779
158160
21142
164212
115585
43374
36436
0
18735
5772
107172
17663
981329
12
68746
342893
61072
355
6679
0
203320
19831
4132
2314
82700
3244
1961
13165
188464
39059
11553
236682
35163
20388
4334
2286
53565
78682
785
79
42474
58
217716
483915
50491
596
458709
31572
47582
76703
12170
1
343311
0
49532
279
63268
19759
5776
9000
17
60665
27273
8657
263596
58119
83467
11123
49519
35478
83182
4351
265421
11031
9396
117748
45221
26868
301
5758
2986
21539
93941
7601
295577
82446
195124
29869
98322
49
767
1956
8090
6200
501
44
21598
61924
1080
6958
3853
7436
701842
4777
69390
227755
167185
21242
36235
57258
162231
31353
114110
536039
160682
25316
175692
61654
209905
185
195625
5775
319457
23375
34887
165
256820
54874
16346
370504
14711
11977
5767
116
9530
6512
120140
17364
0
0
4604
56301
134030
5673
1240
28878
6144
0
17236
16
1620
625
25367
7625
110
5632
63165
14188
57
113
37096
6
19175
2
229807
30947
64083
411021
21360
176209
142118
3688
3718
52997
124978
46042
158861
169557
106714
20150
117125
189809
58698
1694
89374
12170
25975
132689
101070
5800
321475
22165
43398
40446
133912
273428
11296
172142
94584
323929
413584
926491
62
28432
141421
26135
441094
9738
257174
299567
214943
47148
144834
205265
105373
170622
60017
541931
571
4241
200053
41821
29499
794264
1561720
366428
19288
8093
107148
85931
110794
47404
129777
318593
2398
11486
5020
28435
280998
254218
199405
256525
155661
4721
503301
43267
129724
204345
4836
4655
840
343538
0
12045
310948
372031
168179
193133
28292
0
40195
6536
64134
330492
152712
92884
309855
70
104065
30431
328681
397826
93951
70055
5989
61387
407989
229734
18590
7788
1013376
15213
2131
88787
89901
31590
3556
527803
135789
93601
12498
10220
83603
201958
313513
3361
298067
15443
264140
14457
1134
23
71336
17274
51961
77596
765444
14334
4845
8118
158794
27962
96779
88351
94941
0
51316
3564
107835
240445
101893
126069
11552
67065
71710
87948
241295
87984
78864
586900
408199
123531
167240
101427
46176
448493
687278
34505
46858
78747
191578
102659
148910
109835
116147
182
21032
42974
4564
88142
705509
99321
25204
21550
140566
52087
236358
91930
499629
43040
285261
37998
94887
146430
1361783
182383
2082625
95587
476268
24656
212373
114618
197081
312670
176843
1923
943252
7623
28670
34300
100739
240574
87039
326268
108621
179753
38133
23551
154451
493688
768593
123953
38554
4702
21087
15663
46051
62406
180792
671516
106214
148371
3
4118
15957
13
113013
60534
41691
11206
1624
4999
285063
30467
108410
58355
61928
591847
55136
103
34321
21910
823827
34707
27348
130071
16762
248209
94097
3718
312962
62265
159871
509644
222770
28518
273941
12366
141099
35514
301579
4820
23222
0
82740
12048
164444
138731
415606
274902
168383
9144
84056
133463
276975
53869
140838
98491
99073
184269
86753
176857
693
239878
17996
948441
157583
398073
71
610793
2594
199
10371
5
297579
49521
49673
358592
6349
24715
13263
16697
10030
34568
547001
66676
37109
13255
97103
836985
44899
20432
685
96245
106791
3660
407352
24604
98859
34047
191534
100016
4665
6145
2707
5825
79076
177146
940
41057
23553
75748
105137
21456
91988
7453
404922
49628
58683
88
6252
7830
5676
38741
1675
0
58308
181248
22736
205171
19997
0
8519
39344
11432
350331
89014
126869
12672
84613
20254
46916
11077
285674
77720
20714
49771
4
241477
51871
295736
65753
5464
348562
67819
8345
148
6980
288811
161507
786102
264714
58379
19
60972
8909
7336
0
13597
12645
12741
74141
28252
28822
110290
65512
90849
56152
93324
31309
14616
224135
156430
7755
86025
26387
534199
106264
1032911
16459
46908
17559
29070
177825
140203
12007
5020
43604
5402
308869
143150
100574
104132
8735
89
25110
24413
75331
32414
9683
81657
14304
168822
36720
268117
372689
59485
65313
28123
10062
60637
31689
325746
521060
167833
462419
81975
27558
197814
36402
682814
10842
55274
4112
84165
308987
204783
157
190449
42649
58439
8701
233629
90706
87168
166141
50786
21624
244969
557573
3073
14619
104
101787
20568
125768
79383
122946
16841
4824
167305
120266
42703
38092
363928
16188
31021
31983
184111
98047
29787
42423
506763
7742
19953
12356
51708
82962
16204
102183
9433
43458
36789
13381
2758
88193
159145
47224
118879
136887
23969
96114
33980
171164
204261
14865
95831
132193
11604
42435
190751
48472
71104
36245
138229
83530
55196
30286
33288
22476
