113672
191207
83315
495945
10715
967282
33431
3318
4650
113769
274438
478926
9941
478499
506905
1072
10386
78921
460
470
202349
931570
791545
828236
1280449
800246
53845
9385
9206
691210
1835
6034
797369
2821
3728
66
976
520088
15331
10730
16597
199538
272423
842294
3817
2170960
195118
96
9254
335546
15
7
303753
284271
1044761
660790
514468
7033
793545
5059
4
9551
279
493125
1579851
1056654
5790
792709
1000438
405604
801020
140
7401
9254
925334
1842
972
796092
556762
9830
203453
256931
789618
791843
51425
212361
93800
842813
7040
656670
783534
1698
6537
4873
788378
815947
2531
1722
1321614
510422
104
2537
801161
72
2000
5869
9417
56349
881
812381
796384
321075
9029
9577
1354
183
2605
2107
681497
803159
255
805229
3473
25674
1545
168
101
4495
3671
802491
4380
511996
73482
478164
855
513636
734581
2971
28743
106319
218512
514205
809553
888
196190
5665
9992
1172220
103558
1293
532156
9020
213076
800247
4804
35
502686
799924
10941
1939
796653
118
18458
225
3721
3676
194700
666700
48045
315665
149251
257862
12295
792751
1823463
473187
512369
3088
12167
933
499437
807158
1341395
28742
197611
2968
5340
482
4212
722407
1594311
99435
215003
28168
724
19
513612
833
330123
502
182
486
193182
24901
24072
7
113
0
126
872
947738
1125140
7277
339233
27583
203631
274
1035013
9279
10083
887
467694
514154
722840
598659
2092976
80690
15465
3453
1170334
16283
7741
706619
528119
78765
488208
1781
6109
1686
799662
16
1
2152
1
259230
18483
81
176945
495507
63544
12361
1120828
25731
485383
32462
10496
586181
799275
313405
494363
22449
876944
1299104
687276
106
9291
6708
698055
105
79027
792487
9
498781
1135354
3717
277
134763
263736
186233
4571
43191
1604
3383
801322
0
798239
23985
191
515259
71819
10952
16161
1193162
28714
191096
801159
328
66478
136391
1580919
167
9556
5932
1481121
187433
1480
128
180
824997
281736
9256
1009132
686355
1196382
810497
1352
1276
445685
496074
49034
121933
29979
208056
69972
499704
192592
39627
24193
16097
794546
795003
3911
185912
528881
90082
200493
123071
490774
4044
185394
25910
126326
16832
1171997
22968
364646
285454
187564
451952
66796
126594
2099838
23298
93
1619
32344
297627
182094
1099520
65766
1000725
5055
282083
821950
4728
171185
2532
24395
192614
567245
259400
2906
1778
543
69893
201
63769
119314
793705
752
2121871
787144
473496
17832
2812
70166
1019633
4411
207
2741
1596
16682
1041572
801316
737230
486086
538083
15647
396
1294
1095435
2046
13899
193
0
237271
5365
619846
2048143
6
832311
733
535649
65669
189
1
566825
4514
787467
1155932
87
11501
886
9828
67434
261108
937476
6922
106066
1566
1225043
29838
14969
734
8289
2847
1753906
718
2290
22961
810142
796084
49
799864
3995
845751
24188
1651
2014
462
241505
689771
2154287
1474
10167
1304
193789
673
68055
593035
200
1377
1586
933
2657
454
723509
2239
2613
55
103
526
17650
726858
2326
800098
291661
65219
969780
5256
458316
67751
505095
306
798162
798133
84339
1
29533
508799
790990
7
26005
508053
188
1235
4023
804092
232102
1305560
328
10167
787189
34
822835
3
192908
230255
4831
5937
31307
486364
9376
2092
444980
4212
350
865750
519
12549
797943
426782
806609
399625
340942
562062
20356
501779
1352278
4234
936919
809988
910347
6089
475462
781758
512466
868
1213
799425
10426
2924
808385
74
9984
991793
642532
1526108
12246
93546
811329
35398
797357
1232
102164
676186
2033
483548
4011
604056
38730
511448
194555
24006
951503
1159
11932
35206
803416
542
197809
800215
907
20
703524
11865
195870
1803432
1894
3721
782
1457
6543
798003
74718
191065
63368
15374
716
1041
1262082
757994
104085
135
800149
26999
1999
816753
165388
54776
1221
629765
1037525
17917
558664
52
62219
269842
1069959
1997
1745757
11636
799940
9
16000
118
458265
430
195345
472051
12903
338
5581
62815
500406
1594864
530314
919
544
661
799780
65443
165
741117
18052
508142
1255
1090
2184
190
3648
6499
805804
569256
583616
387258
512087
70615
18417
147916
798874
6914
9709
450020
991402
702895
49922
796842
190663
20
142
7866
3010
267358
495520
599
264220
75613
797802
407
1248576
2798
19044
847150
112136
811229
994780
260551
132441
856098
1628570
68436
368222
25741
2003
7471
73913
980225
41791
269165
332
24
3158
231
6271
798358
1468481
836930
1418888
187614
806073
1804
324720
655507
10837
103842
3449
504784
480132
379
3079
567
25457
195683
611498
16657
2794
987
2
14
799922
153497
1300022
498520
9565
785912
12888
5070
2090
479634
381154
2077038
11514
12583
20074
806196
368788
1285765
813462
2884
795785
6954
32452
800803
7028
481
625508
793729
185755
798779
1512
1772
799627
4045
10986
363
180
367749
720710
472587
24309
820823
1605172
293329
452553
36946
72411
193278
175818
21220
33156
2323
59437
45961
14262
9315
1297
1207
243784
798577
2
1186961
797
101
1574245
1005160
3079
557242
799679
1562
897
1658
1889
36
15295
326991
578
1304
487
10
138
171
218729
1289
184139
9437
599
469174
1236
605080
260280
4154
528360
18411
1407
340867
9035
2985
24057
16
63
11138
928
1391
791099
222
445
2654
0
14
495775
926
297843
770
498473
5611
146269
765
3730
90
516590
1226712
752
1478377
2027
799142
799273
25399
1291
9487
16702
5584
726237
185991
595750
675668
27057
5708
12558
567
9077
696
869
220929
2304
17550
4
1338
14035
691674
977770
541495
1068102
11065
791869
21434
8413
800886
1601920
474777
233155
16
70362
96
726483
33
0
464328
968281
19391
514287
931
221182
9332
797374
506320
451649
101
610165
351528
2446424
1306033
799683
220991
1379757
1597
13535
498009
2766
26265
1020
14686
668477
2252
130589
856144
828832
796859
1156483
4586
74201
15492
38312
5319
797371
677
11691
8
8226
702368
55459
196079
39821
8429
507984
520813
46216
1604494
636554
773429
192742
6343
798557
305497
63367
216353
831916
4
499781
5366
1598176
1088
1797
1528
2967
104
761
1430
801492
1491
5183
164
799663
97
1558
801121
6985
11
1806
467587
1136
260210
9027
11163
792784
495768
22
265
259932
1
13673
1064828
5529
22345
1298
29
1506390
242
112
648669
1
9
145
1326745
496441
26378
64793
817429
1952
1541
220447
40471
1566245
21305
908511
791538
3014
2509
1456
1538
486217
2897
483
716143
2829
1214
507061
1755
40276
71314
9690
192423
487630
37639
