2693675
6910209
9257921
5821274
7380876
6489012
6261809
3130109
6360897
7012282
6653388
8397396
2847318
6404068
6738270
2384163
6788063
5795557
5580774
5316223
3616225
5886845
6876271
7278304
5824042
7064713
7444234
5963907
5494615
4623932
3988737
6728675
8492720
5076099
8928500
5416108
6339702
7987912
4908396
5493955
7828917
5122844
7761873
9557420
5082999
8830400
8721385
6408883
5912330
5491337
4660140
1821650
6145433
3302456
8252981
4935154
7902785
5531900
8416025
5627915
4462099
2779524
8032321
2759113
