1
12
9927
0
1568
4549
2350
989
11356
1148
176417
5614
299
19
17
19077
51
78194
2
1002
568
56263
182577
1608
67459
27427
30980
139
55
27356
24884
929
1267
1297
25207
563334
733
4390
14
51309
18566
2008
687
186787
6471
115384
421
142335
67
1922
16696
917
24
55
1067
270
1894
1072
1238
44
1
494591
494381
1772
37
0
25728
922
91228
4768
200002
27
9
521
0
51
0
0
504855
140
0
2029
303047
10
529
1177
646
58773
2
185160
185689
0
0
7
200424
65145
20362
145
10
363019
93570
143558
505204
765958
71544
712539
1912
50206
25250
29793
0
459
0
27910
0
2
0
228814
404
325251
90332
26485
447
2
0
675
503122
940
580584
29858
12137
31592
504940
25425
3
185817
68110
299
25255
22
18102
0
9285
573925
0
26909
48726
23
4649
1064
4615
17519
2606
2
1
2874
129
51009
37
67953
454
0
18484
27
9233
210450
694248
72727
58
1956
242
1816
67700
494320
189126
102238
133
6417
0
64
0
859
798422
114683
6
23437
364
11
149
136869
120
5034
62
3524
29341
0
759164
288519
7015
64
0
504930
15514
0
0
2
861
488711
9266
658
0
0
0
21
9224
36
1
78
1022
0
67
9534
492
139089
0
17704
730
505827
9
4106
8
582324
482913
81182
84508
0
0
25166
0
0
0
83
0
658
0
0
504025
0
505407
12
0
0
3
898
911
0
0
136
90
56
12
69517
454
124
9245
34
1432
24919
0
0
30138
0
74414
67165
43
14406
0
5
4776
127
0
351
273364
200530
1
30
759261
340
25
0
25212
372504
507565
551
41
0
1
3
0
0
0
0
50
0
186263
0
12
0
0
0
0
0
505801
774788
85
0
64
0
9081
28
26250
0
766083
3
1979
0
0
185490
72983
318701
1384
0
27195
0
0
0
1563
346
692
45
0
0
3565
1173
1169
179395
1641
0
57
0
58429
217
149
32
37
340
220505
0
4527
30
189807
524861
186977
0
0
0
0
0
6402
9
24987
0
1
0
34
7
192381
199679
1
0
0
25509
73293
234
118102
190386
7127
10750
122
504924
1253
0
505707
198
19
25210
1894
30082
1057239
0
25159
0
51
68575
4628
624
141621
0
1942
274
0
505813
510902
1385
284921
0
1
71605
121514
366
18
191385
2133
716102
672214
451398
107142
835496
109941
88687
15071
0
25210
88
753
22
0
611
25210
4645
0
2317
200308
0
1227
6
4
450
0
19
64
0
372
1
2617
25212
0
0
45
0
0
0
2
2
12
0
3
0
0
68631
201710
731939
1
971
1253
35
1392
0
322178
44
282
7
756968
0
903
26478
1
3
626909
481896
363495
450
0
2
0
0
3
185417
0
0
115
0
690
0
15
504205
0
11
507
5524
926
131
11336
81126
4798
487875
28985
0
4644
6
20790
1886
11013
3
525226
9267
67902
9451
80
275405
505792
186206
25125
45
303
0
345
2
1
0
0
713226
186272
0
30049
63
74
68343
9278
2
277
38
557722
15
284703
4890
22
0
68159
800000
17672
540877
926
38
68149
0
0
33
2897
132
911316
6
10813
0
25695
563179
340
150273
0
13679
25274
25700
325
132
0
61324
463
664707
0
32
1540
505014
0
33186
0
364428
748
10667
487322
9119
205976
10468
206
0
69231
157
16934
455
122
2191
14170
1269
896
15
649
12
186161
699374
1719
0
2
0
1358
2885
25294
3
726419
326
3
27
0
49696
37
515
29438
185
0
67921
347096
762
962
453
496477
11742
0
0
185683
1
36
25142
15479
9240
30
9240
581442
40123
338790
610
677657
9248
0
1342
0
733930
720045
2
599
0
68814
17
1
5052
614798
419
150
2250
1980
1600
14831
176
17247
4468
99166
903958
28164
968
252736
29611
754467
1269
4624
266
0
490414
452
4124
4854
522
210882
3523
67681
0
48097
100590
590
268774
63
34947
380
0
143
6267
0
64
644736
61
0
19
109
0
0
0
195
0
0
859
0
0
799924
0
2
0
0
0
113000
253
68008
157
0
85231
0
22660
203
29
2
98049
42679
1248
0
0
6
11
54
93
0
120
0
0
0
133542
15091
74
703114
1340
4462
269
836729
16715
176426
1363
11718
50
176
2188
29735
714694
528064
28259
3
64
9375
0
19372
0
0
3
124
760396
67901
598
220518
46
310
65
475633
1291
55
68592
0
942
58
933
0
0
176
583119
0
1379
0
269
14820
67928
0
100
131
119
504859
942
0
17
0
2
0
0
41
505781
702
3
0
49
485015
912
9111
2
169
0
0
0
0
642
454
140940
0
12
505794
0
0
0
955
2
3112
0
7
482
157
25410
0
9378
67511
1709
504
0
797140
1
0
0
0
46
65
351
0
68164
26140
188332
1312
507252
53642
0
0
0
12524
91
9294
0
0
265
0
9278
0
498
1440
442
9248
137819
0
301
1801
504066
404656
9245
41
24787
593973
0
4662
670
1368
0
1972
5084
2687
1078756
773295
41
21737
64
0
525
283366
5105
0
508
0
699207
19
505892
77429
148
2117
310675
382424
504255
0
12844
371
68317
302287
27280
80332
484168
513346
1140
320
374957
58
0
359
909
3
68006
64
25349
13
98001
0
1
185542
383
361
1366
495666
0
9281
579003
0
0
0
80
0
723830
4616
67934
138
10865
911
604
0
0
453
0
48
0
1
0
932
0
503093
1
2
0
0
0
581
1474
2
503947
25890
0
0
76073
97446
3
11410
379275
32746
735
0
503889
1999
43
1484
552128
1
0
959
0
918
486965
958
979
11001
2
9521
4
0
2
660
9854
1
150
299
669
24346
45
10359
1470
16043
166
1999
485749
932
0
0
13
0
3066
0
76588
0
145622
0
454
0
328336
22
118
0
25262
469
9245
0
21527
5557
163
167
760611
1415
0
0
796985
24161
24
0
64
304
0
9244
0
2
27
988
3592
572003
0
0
0
11101
20
190
71888
1309
24968
0
131
0
760622
25210
1875
3
0
0
0
14478
9044
690349
0
1235
0
1332
0
59
65
155
33
28147
0
24998
0
35
10756
0
0
0
39
0
617
1979
3
10
187095
568121
99840
0
158
200372
0
64
371
45
0
15
0
0
644
478785
899
757381
0
185422
0
161
499
4565
4638
889
16
186206
49
345
715896
39
0
25199
68151
68151
0
399056
25614
56987
162
681461
506346
329455
779
11006
68862
5065
33
600
45
137
0
124
68038
0
185684
0
513230
0
528520
1264
1163
1353
991
430
0
3
0
160
0
65
0
623554
0
116
0
1502
0
0
51
32898
0
0
0
11
0
187263
25112
529067
9241
0
0
503
0
991
1341
68032
119
17
0
0
0
14
12
0
0
0
0
0
0
45
0
25160
0
16
0
0
9262
2
0
4645
505865
774790
289084
507
5
1020
0
1520
689566
909
64
0
1370
0
0
698290
81
0
0
0
0
131
0
76843
503889
1313
0
1062
0
493
70
25661
144
937
0
0
2
465
7336
760774
0
0
2
64
0
51
694035
1925
9040
3437
6
0
0
0
3
4022
0
370
0
0
185460
4874
726203
0
93232
16761
315023
4
0
0
1383
4
0
0
40
0
0
26163
0
1007
0
0
0
25156
0
4637
288618
504109
908
503595
0
67778
1053
114
3
2718
63
488394
3381
8
343
203114
569
4
0
971
37
1493
495065
1266
488798
3883
9538
445303
46912
56
0
10053
3789
840
0
1820
182
4661
61
495551
350
2083
24721
781
1
197150
25
343
1953
667
0
3
0
32
37
1401
68217
24498
258
0
9105
977
162
241628
366
1439
328
30
3739
230
86
9997
0
504272
4
19
191693
4633
392
942
10
1156
0
7
14
25550
3369
131911
0
0
221131
0
0
0
135
0
1311
204745
411371
9298
0
1
0
4336
0
145
190118
0
67610
503068
22618
179513
10945
179482
62
0
0
0
0
450
1
1261
0
44
0
0
0
0
14052
0
3
0
19717
0
38
1392
11197
0
756218
23
9252
774351
0
5
24954
25891
10
1345
68030
68053
0
0
1
0
0
0
13
9249
0
16
0
411
504881
119
0
41
93024
50015
107
259192
211680
29
199619
102
1815
27
795592
1571
454
185883
0
7
3
440
0
7455
4618
27
0
220757
0
10284
61720
25060
9224
24312
441
1648
23381
2520
502
124868
22
1
0
288079
0
504148
8
5090
2189
10428
1
12
1
0
163
340
0
0
1245
504026
191570
728548
447
1334
0
0
0
393
0
939
0
9378
505705
308
0
196289
2
5743
10
505914
51682
0
0
25210
78
1832
0
6
5
14
26693
3481
0
357378
193810
527213
55
4299
0
1272
9
364
0
67715
130471
3
1288
580657
0
903
37
1082
51
103489
0
186669
195073
0
350
6
4622
350
4
266
0
0
139583
2
12
0
0
135
11
0
1911
0
0
1315
0
617
0
367
194803
401
9076
506066
4647
401577
12
73149
9634
505922
455
1385
0
0
0
13
492
284429
0
0
0
3
0
3434
123
1
2924
252504
147
225146
3
9240
102600
17356
1
1255
56411
215910
508422
76
12357
529552
4625
199095
179137
1
72691
334
699942
195032
262869
210647
712254
131
15
179408
968
668961
4883
1788
472897
2171
11614
25423
175793
74916
19862
66483
162970
769800
7716
8095
544858
55061
15213
159
88303
3098
0
5556
9545
0
0
0
0
168
14
223687
504923
3760
11
1
83
1797
505803
0
194578
868
1
505801
21
0
0
42
0
0
0
9774
495945
3371
453
4
25210
1265
0
1
0
4644
3
242934
406
92910
0
62
270215
0
9836
41352
177
196579
3534
11703
1
245
3
1
2261
0
64
19111
0
15
0
0
2
4
1445
4
475
68
11
0
87
106
1778
9740
5858
11796
22159
67989
0
0
0
968908
0
0
0
9276
359
392
0
194872
359
0
64
24
0
772534
2491
14
30
25210
2
68036
0
142
120
0
0
515220
93045
451
24969
53
452
25177
2
1248
700013
0
1756
0
0
68623
0
0
0
68060
0
38
68148
0
2
0
0
118
3
1
55929
1297
713602
1
45
99764
0
700236
3
0
2
1011
0
0
0
0
503960
933
4837
389
246194
9249
260
185672
15377
703351
0
3532
50709
17
0
0
0
962
0
0
2
877
325
760
7
505800
0
35
0
0
1326
305
0
0
3
15
0
318332
41
174
44901
67904
9287
25172
2467
1093
495264
49465
0
0
957
108736
2
1540884
99
0
0
131
4159
207307
68020
951
895
2
33
90
25238
509
200792
98
4
510
0
117
1852
342
27
120761
3635
504051
3419
481000
0
293061
797094
378918
3560
7469
107
453
29798
4
147
185817
0
408
0
588
27
0
2598
0
6
1
138
0
0
40100
108
25
9691
188
64
185553
67718
0
0
9248
0
2806
72536
0
0
4623
0
0
91
109
3
0
248
134952
0
37
641
422345
636
67916
3
0
0
0
48235
4
494
503990
528112
59900
280077
0
1
24648
462
9253
0
128
67801
33354
525
169
9
5405
285
2953
113
98
2531
333
7563
670
163
129719
7728
0
8502
3990
9572
78721
236414
96669
24414
66803
5223
11033
117284
1895
1212
152
485919
26554
1479
580
65
301045
1981
188274
4624
309080
763596
92795
40
0
0
90811
0
634474
191
40
19793
49248
2399
71
67912
233
219225
1860
601836
0
3024
12
274
31699
71
504006
482948
690
1
18
149986
0
77159
0
0
771
9434
0
21
47
466
68
4506
67124
0
274621
0
186226
505833
0
0
186205
0
10
0
25272
0
24902
0
86
3539
179935
374
8
5049
503366
0
0
34
191408
25543
307456
506154
25410
730464
2
96
1
31243
105436
885
284675
65923
114
0
0
1288
0
0
0
0
0
709103
0
1333
188979
1
186224
0
0
32
1
0
2515
49
21458
513213
276131
0
0
63
10391
38
797643
3
474944
68182
505904
22
109316
177
1351
108
2
31
0
452
9834
291
186563
133
148
0
398
211753
497451
0
31587
87176
1024292
388
1
10
1190
2173
538803
279768
185283
897
5045
50009
303227
519
64
64
0
2
0
0
154953
37
25179
2
0
0
15144
784932
1324
214291
160
20010
12
0
471425
68583
0
78405
8
236
0
0
505682
886
2
0
72788
0
4095
25921
1709
797617
0
353
192189
54005
9278
12
1889
250
915168
533620
1322
75877
20587
0
193725
139
718437
180
710464
194897
418
0
29863
186274
1083950
0
98111
11841
453
0
1
0
503
9452
26391
33340
554345
62
486950
20528
9540
927
1520
486989
0
12344
147638
332120
25265
20277
19
796997
64
9271
131975
11179
25212
377
25210
87
1262
79
24595
11116
39
2285
578645
0
0
599
479721
143
831
835
1
0
725681
26596
67
3
0
529565
1447
116
627628
1502
33092
11
34434
503
68535
17
24
0
49
9278
73
5185
186240
1434
194754
0
504017
1295
4
0
0
0
215892
62
4205
0
463221
14003
0
46
0
25120
297048
67788
68
3722
199639
721
3959
1323
11090
244
511497
14502
44
40
1530
10063
503
3732
9323
196495
20
509
2
0
422504
0
63
172
63
0
0
44
0
20392
761289
9254
920
69271
0
157
504304
93015
84390
1
453
185565
12527
195514
9647
25308
487
40
60
0
364
374
724560
1
9283
253
58378
83
0
0
15
1265
17566
579887
1109
195477
0
0
14
1
0
353
403
1498
454
0
12
0
62
406235
1
610
546691
193
652986
0
917
2269
15
15
8664
0
33
15
505448
887
193591
505801
0
508948
1269
3
341914
263864
41840
12149
1130
41
1533
70
563
27783
67925
212663
9632
185979
3
48
68275
505838
1
726361
411
454
68200
0
56404
715082
800000
1014
503961
183714
27
29045
0
32
324
919
122
0
46191
2537
13
60
132
68187
951
0
512
515
0
293114
626
29373
342
208
65
184
9516
67866
18
5
67
0
190534
67919
40351
783066
0
67948
9097
464
1627
174
8277
354839
71149
1182
67
9220
2387
90780
123172
915
494275
950
487806
142671
0
840
5011
67019
185887
10
147
182271
3560
25583
310569
29794
220948
0
0
0
189009
33
504720
0
9250
1023
102756
2
140
212130
54045
1030822
31293
973
9320
2
0
0
215709
439
77595
505629
0
0
55220
9509
582378
0
185663
30217
539081
0
33889
1094
692
347540
287
37
340
11581
0
480498
790
676032
529593
71
0
9258
4638
0
4
187200
464349
0
179392
3736
13572
1522
1
269
0
0
512752
25472
67530
232612
469
721471
266
12
791786
1
513
0
220134
305646
1107
41
556
0
263347
0
210994
186030
39
68291
1512407
0
358
54
132
0
0
211
67772
190185
0
500
335105
9718
125348
621112
947
25965
3122
185684
1592
184660
677359
81
289682
371
1456
25658
12890
936
3090
23
454263
14835
264
26601
1947
19128
14186
1055
186762
2895
0
509
181206
31729
16637
39870
3231
13897
829
176377
176350
13074
18345
54860
529535
4074
20552
471906
726905
2391
491416
67597
653
1052
162420
980
566724
500038
1656
907
155
497460
10708
1424
2894
1402320
67734
88534
1013
39713
506139
37
5
55114
500560
5086
13
586346
291
3
370849
0
607
682
88060
490848
0
66
64
0
462
161806
27
6
30699
4211
67358
25468
479842
189983
3386
0
506053
454
28
185635
39828
90
504083
320
1316
3354
2730
0
0
67775
185170
0
4616
496723
147
46478
16
195472
2237
4608
569
93582
5186
55095
202245
240
703533
185147
1286448
1309
185513
1027
67717
3062
7306
9243
106545
0
0
380
0
1013
29526
1335
40
7354
505724
1028
1323
0
22
2
505803
6106
0
392
39
0
25274
192743
2086
29847
11495
206
1105120
528731
955
0
9798
4629
0
13
0
505801
505796
67760
132
13235
11158
1
106151
179
12
0
2
1
671
0
0
367662
441
0
0
147
499
147
61
82
0
0
675
0
0
0
88014
9616
486558
500363
5
132
3372
0
1003
0
68325
0
85
0
97838
197
702016
5
25210
0
0
0
1715
0
15
0
158234
0
0
0
27
1
0
139
0
0
12
0
328495
0
29844
0
3
6373
5
392
716
373398
265
1
0
140
25887
0
1225
62
185792
384437
0
189740
83683
0
3195
39
28
0
15853
30009
21884
321586
1
273
100
505857
486
129
22
9807
111
0
40701
28
511
0
97812
185493
6207
9616
81909
181183
4928
82
1248
2783
19
0
504930
11486
0
1
0
321
280
64
1273
251
75
0
3234
12
77
0
1
12089
0
22
93
2128
21215
185526
34818
0
4
0
67968
0
18452
0
185545
0
0
0
0
0
22
0
4738
0
0
0
496344
130278
147
0
23
15069
21
0
0
44943
29
0
2675
768149
10289
186749
4424
37869
486191
4460
2273
994
393
0
3738
1138
769791
132
67206
443
39852
56506
16467
5261
9939
1017
180086
0
1359
377
26700
27668
488635
51518
10282
145184
1945
20
2087
0
0
218768
11
503915
7713
353
0
184818
11425
573731
712602
54869
27989
203749
1701
503729
23072
689440
67989
9376
27183
0
0
990
0
9215
163
67575
310
13
4
2865
2350
1053048
0
9241
0
9226
15
67
521869
504654
80806
25122
0
0
0
0
14
0
9386
0
23
13
380
344
186301
0
1
0
75
0
761331
0
76907
185497
68063
28304
715
28
1604
17
394
34823
185361
0
6689
2
383
113
306
0
505724
0
213
4635
885
4
18375
10065
1216084
0
762
515
2366
0
19
65
0
2
0
68556
1943
64
891
2
530222
0
0
119
953
5810
136
7
0
67952
933
0
0
392
20463
9278
0
5
0
0
120
129
64
25260
3
122
67914
506030
201703
157
391
1263
700090
1379
751680
0
29634
68037
12504
0
0
31498
16
0
25412
0
620024
13971
485756
30424
507745
452
25643
67844
951
4
25185
0
95
0
2
0
0
121
83735
4
119
0
704403
68217
915
503946
0
0
1348
545
15
942
0
0
0
0
505801
0
0
17
0
0
68621
505796
2
121
67686
0
0
68150
504970
912
12892
0
0
0
10995
68026
18
967
41
1
505612
1022
1995
180
101135
5315
0
68192
68153
8
0
0
12
0
0
49
0
2
18
93004
388115
744
0
0
907
0
495
0
8952
17375
2
2
0
0
1
0
167
2
312
0
419793
0
1294
441
3
0
687061
1368
0
25008
1
0
0
0
109
39
597
146
4642
186710
68177
27090
19
72629
5790
68298
698913
0
1323
57
0
91
3
0
504864
0
933
0
2
0
0
0
1
0
1683
1
0
0
0
0
1
946
0
0
49
0
0
0
87792
3089
0
0
18
0
503960
9597
1
17
168
487296
54925
444738
0
5318
17
283
462
35
90973
0
180650
96
9250
0
0
3371
133052
134
1
9244
4459
67332
182298
0
1709
0
14716
0
0
700811
478
67900
0
0
0
0
3476
1526
795751
0
0
0
25461
24711
650
97654
12
8
0
0
197
0
92
196152
505801
0
2
106
45
946
25408
2113
972
64
350
0
0
10
0
0
0
0
68507
0
0
3
2182
3
9379
592272
352
192786
0
185515
4792
25334
9574
175130
507250
3164
0
170
206123
506712
7
0
0
0
0
0
0
629
0
0
64
0
0
0
19
12153
0
27
0
67
1349
0
18
77493
0
119
0
139
0
0
0
0
0
0
0
2
261
3
0
0
27
0
0
18
0
9263
499764
111052
527155
7
0
534
0
5
5086
1438
24787
147
0
3068
76
41051
14
0
77152
0
0
136394
15788
0
1
25125
51
0
142
2488
6520
117935
11
2674
1074
113
534
490418
874288
161
10688
117345
319553
205
0
1
9245
0
16
0
41
0
24934
377
534
0
531833
1100
238364
1459
0
0
2
0
2039
276834
790095
475242
114
481
130
129
104
1055
477
185502
294532
0
88314
0
1043
13
131
917
4630
802699
189467
1888
589590
20864
43
186278
639712
454
9452
497611
497593
7
774938
9618
25488
0
39
893
2
20051
0
1451
0
61
91
5
0
0
15234
25120
24339
2252
24937
5192
508
279009
63
21130
258755
571853
186015
13894
1
0
55632
0
268
0
501
454
246
507
3
0
699286
505589
0
43
503
2
68154
0
59239
716720
920
322
68219
971
9258
404
9643
421
545726
10102
96433
92321
1873
64
4535
185454
148813
3788
504129
4172
414834
0
508422
0
13
487
483
480019
0
0
62
3558
5
9218
200
73418
317609
9
137
797800
211
252893
124361
183092
181305
270182
9965
9102
19211
2009
51396
1067
70700
47781
664405
718
26744
1094
72536
22
9982
503955
374562
71
11
29925
185808
0
13086
504817
2756
189410
184990
863
40875
544
185859
0
0
12
0
0
427
359
503990
10234
0
909
120223
12
724
588
1
0
0
133
1057
67901
64
0
1
0
139
6
211481
2452
288
0
409
0
0
97942
0
128
0
0
45
4258
926
1
312
78
9474
0
243011
13
375
0
137
0
1
21
67786
42495
487256
1
211
9585
9573
72
486308
1984
9245
12
25134
6
9305
23
9236
137
79507
65
1007036
0
124
18
185789
0
67705
116
21
0
0
4644
0
39
0
2032
111
0
4
0
30017
130
0
63
185850
725135
32726
16
35979
4676
11
1
72683
68032
2
139
0
0
0
69
573907
0
967
911
4625
68024
0
0
567
2
17500
0
0
322
0
0
0
91
185904
5811
0
0
3
0
0
0
0
47
0
0
0
0
248
0
0
134034
0
0
0
0
0
0
470
0
29
1051
2397
10
0
344
576513
190293
216665
3405
0
0
617
64
0
0
68031
0
0
0
0
3
496831
0
0
0
11
0
0
127222
290
453
2
0
16
0
47981
0
0
24
16
0
1
800000
504899
454
504870
25676
0
61
25079
959
0
503034
57435
453
146
3
68037
269677
1063
557500
67856
29754
2
1230
0
0
3
147
74604
67
1984
27797
67778
376809
702210
217
42224
12
9376
111899
730
1116
1
185887
409
0
3124
931
68340
134
67777
495572
2192
24711
9236
495551
379
108
4590
46
198
1738
32756
257
0
563119
1025
2
33
0
5749
0
0
0
282
0
560
2145
62142
66
113
0
878
257
17
112
12
785844
947
961
112
497123
1392
146
65760
2475
115123
348
11
23797
10168
96
31529
11022
120
0
58712
0
15188
9521
1283
133897
1779
3396
7536
1
