22113
70279
23290
14087
20474
57439
18830
602509
12489
82163
22175
28342
6172
52181
29774
10691
13193
16232
467108
25182
5410
75726
39900
174145
476392
25813
49337
85775
44255
674225
321637
57536
69219
85209
162818
10403
300485
591014
987067
224189
351733
45166
155423
31623
60207
122571
172465
123250
6232
25717
15221
31140
15906
301932
24117
32466
193975
510946
7640
66213
12406
102476
9187
5494
19935
7267
85694
2344
36989
417237
3739
46311
37699
3601
628979
3716
10846
25089
9402
49788
2991
9082
124110
31570
6868
98813
26432
329476
11814
18546
62002
87492
27960
204752
238622
485811
37629
531
172517
494722
333236
234045
613949
28919
10324
50670
30327
61455
14751
8527
18062
83838
4049
320489
134902
44514
545275
329089
35568
261314
247633
361857
224610
125361
25249
86792
132803
65232
113584
565153
871344
109452
33037
14556
19209
189432
92393
130367
131732
35119
82833
16144
9045
107210
151416
686245
52907
121305
123235
335450
19909
483459
236800
432045
507863
1056334
67548
211926
33133
56631
446627
22831
31461
50294
224661
350734
494647
268713
83882
92923
76314
109423
16479
77760
87791
379108
24250
104762
99954
34076
148502
209491
122977
309527
143252
75843
92866
137585
129962
130591
168226
51329
37670
76226
230770
6716
61523
320809
649245
120838
18906
17620
21641
12848
8699
21357
14929
543318
5357
39370
17342
29466
18162
241227
60406
54387
21633
2278
256921
1757
15218
5532
17915
222859
192620
184999
7179
24833
45974
82952
514545
29181
163308
44036
646667
20772
29030
3866
52383
62598
27845
262362
2666
223532
3842
492066
537306
26571
525789
65588
3528
4193
4124
83488
44410
61417
7775
21629
94130
19324
5708
13227
2532
21962
15553
488283
19398
91762
2880
5748
575778
2089
6368
22235
93683
11296
245620
5936
199018
12297
15068
349
3963
19001
12030
37170
212612
12028
157007
4906
69163
39786
4881
7767
3923
19164
629549
53914
25124
268913
31673
17203
23068
7021
3694
35946
13328
51889
13989
175572
12390
19507
8172
52617
34767
38023
24298
60107
17547
6140
17497
32282
62184
40486
9057
30372
4111
16867
137587
65482
96103
257158
24006
13579
4629
20340
18468
20747
10960
5251
11362
15553
72726
54144
16847
158788
46124
9941
19002
37717
777891
115412
12385
24948
67116
137836
60937
229876
25551
12501
101678
364430
45529
225718
29679
2732
87360
30782
111362
82073
49671
10312
11168
7297
74042
133521
51961
127816
480991
21754
421720
5263
160511
40619
228518
6314
181475
16475
323
38555
16032
11434
70724
160689
7240
19648
13784
9587
510191
5659
93873
48583
176881
277702
1683
67697
732023
5746
407759
53111
1484
185329
6734
159282
420887
24921
54378
8080
391656
16741
47665
442185
3194
212697
798473
116334
526841
28641
444229
171361
57786
14105
15324
19348
333996
23396
40452
10423
46397
11169
10962
331628
11086
115470
224419
35375
99335
20829
24320
5266
51007
43130
13061
6176
313448
47669
123876
97522
104413
48084
14885
10334
23674
19143
533974
59975
20057
26944
33536
8222
376386
33713
16084
47151
42600
62155
63749
28041
233653
98443
58905
660594
156852
35046
223989
149490
26793
95651
156346
139078
488791
67774
40615
68596
52823
55626
13639
20307
15790
3191
6504
5556
84140
10022
178433
39739
129891
8237
95234
287980
12567
39867
54947
52685
162465
39047
188024
376689
79185
106271
540927
455450
440079
40223
185167
13477
47365
206096
11284
9649
106095
2999
3450
2629
81747
9698
3138
3166
36024
29709
82943
6129
301089
35102
172006
27560
32408
580369
6594
9525
27074
128015
168602
15576
340092
189313
159915
91027
276903
36152
78329
664547
89645
386761
25733
36512
50587
165850
48488
49295
88291
377202
111128
10294
36801
21373
453820
382569
14851
81040
4333
371569
28512
324367
7464
728132
100032
858501
1036
28886
482860
64173
17535
117246
14599
363483
69382
211119
54314
55468
3666
687253
16815
134217
2561
12219
481532
28094
393539
140362
132458
14329
361864
81434
210169
10160
81382
99780
99833
882753
27878
16002
592213
713641
496488
13653
83956
10126
40276
8070
308613
205809
16676
14273
29271
37707
52858
5013
100826
25468
136081
389160
373068
598085
15754
14618
14380
12877
100313
93980
268512
26739
29639
23050
72029
639465
31087
39034
1010111
15625
2375
46408
11896
327289
164260
95161
800679
109169
249432
101748
63555
180460
447539
64828
86423
124402
44701
3301
103779
143099
153768
24004
264174
90756
56104
116493
417508
140974
25499
21135
40509
14103
12103
26592
13385
177474
160270
391531
451146
333308
235370
5180
160011
113096
42546
119788
88517
20617
25047
47296
548653
83530
93895
24969
237069
31337
6852
21487
130066
20269
18242
8909
146998
19638
590833
170045
34400
35724
102125
4840
43778
15477
17253
42370
279297
135873
202270
178270
100209
162880
133812
103064
33390
238192
306648
375240
600012
14535
141729
23459
139950
88783
146600
17038
33596
19751
51466
57802
82539
31236
72157
62430
145512
60675
23131
10718
8073
32650
6054
25960
27987
7028
18464
63361
6549
41384
22796
228554
28119
87064
7803
3026
96593
4751
28269
37615
95381
6825
25477
640653
198959
116092
104651
23519
325518
335715
17926
53411
293489
6575
30608
15346
49635
34891
7801
1627
7605
21992
80652
11262
48958
5501
18596
11002
37853
7821
2184
48802
69820
37372
122833
12620
6142
18877
3905
6081
80714
29838
41101
55750
548119
12799
17462
4760
13787
3364
4998
3473
6086
43041
24750
11258
133143
26208
2267
12461
30093
36182
31930
39947
305949
11977
39826
155179
86140
37078
38924
43307
134253
52102
22234
41836
34676
80913
20102
27074
3438
6809
14176
4380
8895
8139
295823
31364
25989
11299
117004
443
5858
4842
24108
21048
25928
1062
4478
3991
4514
37864
67924
8823
150984
4900
35481
193024
50140
11911
13901
13686
250799
250820
30759
6435
336360
69225
38930
13251
12238
121151
44013
2951
48192
24005
225700
45350
334913
30689
30426
28973
436968
30731
25862
130488
34146
392208
41910
6613
15086
17245
72121
152284
93364
91489
30759
37524
154341
184904
50102
460433
250035
49653
69423
22312
25539
114269
23911
24088
28975
6638
56529
14106
135099
81406
373698
45104
542899
90768
29446
8068
222875
3876
109286
9291
324880
91862
18933
3245
9413
315812
620976
6777
51829
11432
9619
2057
3199
224821
57950
1508
18527
6724
343216
30941
110181
158378
505801
22286
62427
87001
10446
3771
15768
21522
24250
656197
16587
8649
311925
13885
61420
18668
319213
8309
309893
85125
65700
1064
13676
26971
28557
29837
20389
63932
20979
77044
61715
8627
61740
4772
80738
23882
10909
17617
46101
11249
13190
84287
12249
6771
444280
24413
20595
24939
87419
16185
350588
7553
8382
34790
198429
4799
1694
17726
35713
12075
23450
298712
86162
202595
138771
630303
15049
1408
70619
73010
46054
7500
32875
81045
32297
101163
37688
238479
898783
46570
27307
178084
15682
219815
67814
70454
83161
10606
11421
55629
998
841
3476
10875
38
4232
15684
51944
823332
3577
8152
7994
14055
12822
4347
1665
490633
299838
24688
30283
18577
30274
83773
11538
79224
29243
20
10232
7222
10413
2820
2293
249552
782
5346
8690
5193
4975
80882
9029
487387
17025
10886
3944
59015
35377
90324
9511
38756
8761
147193
428083
4373
86736
32382
189364
10104
12343
40713
49867
99510
25735
47632
32183
52638
4670
11876
108488
29130
37433
196630
953
79221
22724
2134
10015
20325
217304
142218
74117
408689
80881
7605
4093
6653
78898
267761
8837
112710
28861
126590
22778
85418
3457
122731
20941
1577259
28412
375933
52640
703882
15712
155556
21361
131588
13197
324067
246176
13698
24743
56160
11641
146795
628223
3373
13620
265548
147337
149527
56444
62396
16456
18432
122439
560607
9096
111849
18363
246274
16875
28204
5312
34719
21927
137062
36869
888977
27038
25373
24539
32119
9761
4434
15022
5937
1071
29353
14543
4033
10903
39038
7723
30627
16476
39288
5370
9192
3484
4670
6947
18380
44139
98636
60716
9165
60600
813
15047
31361
2187
3744
3924
49711
14812
10321
5088
14769
3243
79291
405007
26482
18914
30246
217072
62280
90224
23502
29439
476242
11337
303153
46707
15580
4918
67817
129686
53115
8415
56862
10811
116977
10549
28809
52176
53531
6952
30769
9788
18622
8215
28701
12427
3964
29236
8613
18338
62127
26837
45037
1759
9416
2849
23007
19612
32275
3054
6913
10306
1340
58992
41927
521640
206030
118481
41618
13772
3683
3576
140413
10185
133073
3196
791102
262629
43002
30189
17585
17015
69724
182536
18074
11378
280614
2974
8754
15606
35957
1634
21298
8431
8889
16220
2604
378244
14772
75348
34593
10165
14344
5122
15989
2090
16250
2106
18015
14685
62981
3031
15833
7731
27941
21772
8574
2955
3876
2148
6809
3534
12236
940
3415
30022
56085
151210
20925
112842
365942
11759
22398
4681
172657
103178
8687
498
63470
25240
694222
121908
11779
8344
33165
131767
323420
31380
29705
2497
12719
6089
61701
4422
53598
38852
8044
1170
40804
20698
182502
5614
783500
12854
99676
76179
223267
69203
9925
2947
27151
754
19803
762
5856
606
12458
101235
64555
36388
44311
5207
137653
25798
612174
494375
212937
13006
6599
72630
11892
526318
5123
13899
686697
763932
15414
5547
7270
8293
321585
9222
182116
78318
17485
28704
3866
530834
58632
245888
135525
39855
22986
10004
261139
32685
486619
761
65755
2740
594
3326
29211
1013
88351
319197
78397
6832
30385
19264
99424
7134
64908
89417
9054
23714
13311
24157
803095
48974
58368
12443
42684
46233
5311
15711
40456
13513
1286
2962
12266
13178
10113
1645
11855
8780
6075
13596
98633
19762
7807
9190
55725
127305
39894
113550
42830
539828
128314
8625
8590
22949
234263
77921
863323
772747
21963
6324
89030
5947
27369
431119
126272
72006
24465
14108
539055
16524
347590
66630
42921
65721
59125
33614
119144
60476
61559
24508
1030868
2481
167604
6168
5359
68198
406417
217819
714015
18119
35834
7053
9783
3848
735
3033
37138
21097
25867
10109
143753
11695
5774
185778
9997
10441
58774
37160
8892
134980
35638
10559
53063
71823
59208
4187
346296
41901
73928
64155
5754
2655
7654
5750
74295
4253
39269
140979
3718
5193
5858
100
13154
10896
271082
235285
162716
243534
3933
5202
39658
26585
6053
339433
850801
149317
492391
9389
150091
38688
311021
251696
294882
35726
13765
2255
25953
274964
1791
3265
11946
1097
3824
60013
11892
104180
1485
373228
67351
381546
3756
3676
526799
15925
462902
433
43617
25943
110622
14629
172645
6479
9986
1643
6352
690669
152262
113833
799248
135244
18676
1793
39971
1547
161758
3033
4477
13340
325608
2915
8144
101290
5520
722
9936
32460
49939
56645
114701
671551
17380
15337
5669
50529
67655
339248
334724
11874
9482
156997
32720
184815
78447
11593
19790
42063
51658
126603
305541
150604
2055
6040
76779
10299
714591
166684
36430
101220
153828
35526
842544
38562
113085
13347
24270
254168
253644
138171
438909
37506
17268
127311
34748
374352
719750
369768
68294
64830
11050
30627
161828
83023
547598
32184
701131
38883
48683
60113
52822
187015
1298195
43391
34005
17335
819
21392
16545
3644
517224
61210
629077
9526
24590
5308
17972
1288
37097
762
259729
1405
575
7484
20293
10135
9589
5760
63481
51075
14549
4227
75317
11735
123553
18644
587664
11502
52073
718771
70360
21344
82542
94956
564584
9375
163912
175579
225137
45597
441870
212432
32097
156781
9260
17928
25941
32868
11446
26660
174679
264230
7029
5895
16863
22239
105107
71608
16396
14150
9050
92287
506039
626974
19065
22231
27097
132771
100829
13803
19364
16720
24326
22401
12931
6809
10052
21352
3378
51923
5680
8443
814598
313257
78040
50099
42718
30889
34354
6001
438179
20540
10604
95149
79300
39876
11346
16010
45803
162950
5911
7117
46945
87421
6039
10739
6373
2589
12397
10466
7145
20853
1146
14031
47930
23653
5279
21459
13242
8333
515888
404849
16559
20510
52600
4182
2360
48122
19422
5823
113622
22565
8730
10667
64958
76394
8735
2400
27076
15853
4622
1049
2584
8028
21054
113875
31959
249765
2183
1139
16185
30453
54942
2330
15524
17391
62840
11928
4471
7127
111044
10861
38129
14952
196877
6362
226742
16693
34943
3309
43861
4635
3579
13898
398
53040
113683
48992
175359
229340
10980
18095
93416
238401
71767
34803
89306
12101
259332
67273
637002
13665
111054
8064
405323
12793
68783
262109
434278
56452
29129
37300
220648
350813
26434
16554
97545
58467
60052
1440
18069
6521
29748
23477
43539
55386
153997
230254
175077
30022
100455
96540
30544
51004
304333
550045
581911
60291
609743
155780
141876
57413
211539
13891
38605
29190
68156
26516
173956
19135
80934
59688
31980
91120
100586
31166
193830
34740
11787
246073
92172
45244
6770
444965
15261
20757
32441
8684
52534
169232
2530
30325
40685
14586
2347
7208
42251
2837
41582
12985
211110
4623
10850
999
676679
74707
5408
5415
17211
15552
71312
488242
373710
26198
24595
8505
52480
76031
121249
5589
48929
46904
125253
75028
32375
8527
105624
8578
71860
9514
303696
84252
129062
73876
65515
33255
66841
34833
87936
30994
121280
33886
60367
97038
69927
56893
29546
59932
19386
367936
68360
1182635
64893
318630
20470
263080
541989
109273
94334
432870
167195
54885
29064
44781
27008
399475
43440
34546
73768
16687
64753
130438
345427
123317
1524231
60751
136584
102363
389092
101204
215726
48792
120408
1103420
176022
253144
21029
71593
34341
101255
246787
207192
38534
533260
57073
51000
3172
220103
88768
93049
25749
74041
472986
494153
558077
170554
96455
31094
16360
266386
41257
2761
6244
189381
89230
8026
195150
29706
82975
183562
111168
47625
49662
29630
10798
10537
5126
9446
89533
7042
67256
267666
27274
21891
6420
6417
16783
13394
209555
15972
3993
26033
94167
131865
4110
489310
156850
161611
518114
451306
21111
46682
15889
244900
62286
15848
98410
2248
18016
10246
7282
71382
194243
107334
148245
28801
8784
4983
182083
67465
23874
91253
163391
70843
81329
8310
32672
149989
49935
15223
120134
140104
134529
237563
442100
50765
619845
17774
9281
418460
4891
311
12768
23577
235076
203974
8571
183156
136912
100203
8220
86191
908911
15913
260322
69815
866610
4660
166202
152270
159235
29792
193007
433409
52454
8977
285630
121441
94473
584185
10184
124537
1259
11753
3100
128445
335135
290904
146844
178166
13720
56668
5392
8698
23192
30909
112094
101442
20488
633828
102303
224262
68737
9597
27756
37052
103195
132975
56658
108600
25779
4271
25787
2740
262378
1359
44287
26610
12762
15868
67027
117545
15473
37279
145132
32402
265150
247709
160010
90075
504203
29876
32112
27970
124211
124925
30433
38403
10242
235098
468716
172139
193245
15648
629228
6208
9763
8805
9323
5860
93578
35354
75301
79933
92950
19990
51188
15655
13731
458835
8529
8792
24559
235360
774316
33243
211740
711409
343303
65992
18908
8860
260912
24864
764084
10945
19048
10961
1115
6364
372483
34733
82863
141233
25457
50423
68772
129995
5722
222951
384604
76326
130013
127048
861020
873192
157408
326266
65870
321488
113251
115869
314038
24613
679667
38294
11910
2743
37324
1250
7064
39476
25332
33795
14817
52084
323377
408725
290552
148948
19765
114778
7760
35363
15917
11712
4558
9843
115436
40308
19099
785702
24559
20414
16345
36523
334194
23358
5189
59585
12849
3102
5127
176699
191724
62025
18521
400004
53429
6260
105833
15136
22365
195807
14741
533
4158
28484
408091
15919
1411471
6744
16907
65990
34882
56385
475936
29150
70581
113071
7820
2343
5447
4519
2312
20762
17142
9966
491337
20599
521013
20904
94517
480071
89909
97428
811353
178565
974165
22446
29194
34247
131563
131984
67207
184764
72162
27405
55692
3254
23366
5108
460039
140863
425597
25051
2987
32043
66127
4030
114032
236747
4915
154225
34869
14762
303
2065
87006
24859
116561
77384
16781
147421
77214
204580
41837
15074
105273
42871
713554
101697
923157
252592
660949
11208
589946
3271
21838
13405
35147
79594
468217
112025
655197
278360
562873
17717
275697
13716
113121
1119147
111755
73081
34625
50763
12957
25707
254517
101107
75088
37350
3863
6763
11670
13189
419655
41864
105591
90329
1808
6036
17397
1376
62821
24231
28730
330686
14795
25550
115975
106718
55444
8023
303928
77565
237629
114
5825
4137
32844
27072
22556
22363
116510
170012
50663
49727
283714
30395
39979
5951
7230
104391
5924
5857
194504
38776
13929
94313
19973
117294
29729
84062
70824
217619
159968
20785
386793
90523
59536
463931
430856
54696
295719
68845
762698
294093
125308
1302301
338915
43674
51547
22394
61340
90369
50789
13463
237787
16908
35944
24990
21765
61748
63825
64781
55776
160227
155249
40412
984586
18099
240568
144647
782134
862079
323013
122405
597374
10143
55035
10259
41989
30883
41902
7957
21255
31207
143224
39088
262067
26342
27764
119698
717457
18307
133494
125976
14321
121139
188593
71562
3153
29932
56221
59271
147308
881242
131433
114464
9350
5964
24714
54950
44509
44030
9727
24546
3039
128391
395771
68100
26911
306461
29769
39471
9060
20727
39321
518082
811668
151642
36716
38218
407464
6432
115432
34082
184541
341150
66430
357348
647551
11118
115342
15239
805793
80363
240898
11468
409612
3798
78979
36490
38601
10024
36644
189909
289448
112630
211910
132458
83150
449224
311820
833100
52974
106077
101412
95189
213714
597228
988677
580702
48639
42189
198702
46567
129359
67075
162119
28322
60172
393283
57335
26138
238584
341931
48211
652364
130826
222638
24507
271132
701437
208723
1285743
110179
139736
418971
40037
165549
279554
542913
264586
210801
169053
40898
83777
76537
23247
72190
269168
14524
112232
34910
87993
108702
87628
401003
53923
44725
193086
13082
471485
180645
31319
42168
31322
685741
12273
348027
75239
39893
251053
91145
119058
654690
8795
54670
14171
23464
56225
14627
9075
97577
21096
19459
46975
29091
9697
164243
43312
80780
6371
109102
208453
193525
680506
71708
45468
23441
366539
102266
358931
169795
466999
357087
153267
293677
316618
38604
143520
72566
481806
11142
33405
12704
15489
25375
52743
21675
59890
3258
46272
731407
404950
180572
190871
146769
156333
717139
1147536
19968
3822
12488
58794
249188
71556
32974
67447
78496
676749
12365
34335
5522
9127
4539
39132
3371
25643
36624
75621
304899
72429
45300
505103
29344
13950
18583
41545
61798
187238
70160
569969
230919
82797
7151
557491
72871
14238
249376
551126
272617
24790
613761
64399
19401
13746
37824
6412
6024
4727
22288
25531
38599
61378
8111
107874
45748
16798
10038
17231
14009
32788
65469
46831
37184
9669
20
35388
15894
119212
242156
117613
24524
1603
17876
8273
97437
1183
533750
18568
80088
9118
15362
175435
10531
17684
26579
261508
29700
23526
10725
20826
44211
6831
186663
11071
57928
167118
3792
107683
2835
47289
24903
64575
63253
79321
278203
173977
12364
3189
76593
18775
14446
40616
2537
41064
81512
257226
103248
31051
196494
61565
73321
205740
26410
1241285
32241
398492
34593
87053
9571
193060
44685
244409
19426
252662
298260
45214
1819
165472
5552
276487
18572
173181
117788
694643
124969
153219
124658
360283
34748
43197
58802
140597
23533
253406
16593
361021
35050
523900
104150
109404
12617
582667
172772
103376
56896
1126852
158405
69808
25713
164407
508067
32866
18463
670466
56514
26577
18036
198443
22818
307766
21976
176116
245458
88600
4411
110807
13887
262075
67826
430604
444164
1927
128337
2852
116899
77905
48430
135801
47660
13174
154351
12790
29803
18448
44394
14746
14239
7038
80843
9997
16611
28837
34026
147959
37402
14685
28709
36094
17324
71594
59638
12365
10195
9830
92827
2597
48345
128909
36550
464203
32294
563684
314915
196399
198820
411626
30105
8626
3677
10766
97760
25558
67734
73239
8027
10869
133190
25005
131321
32170
44685
34669
449079
39836
21102
27577
153762
580904
101737
160457
822718
147286
123963
43567
25030
9825
4851
6042
37649
4245
3092
109855
43198
27496
183147
49083
519800
14389
21371
324401
296302
247383
123001
34596
29428
58157
1496
285389
41385
129132
49875
52847
13818
16768
58539
114121
529052
163820
245467
87292
863565
16313
23080
15334
10632
260103
4902
111711
16812
18669
4645
22903
457448
19135
5920
22931
3605
23863
18374
31588
16108
10257
10253
60595
12606
76035
16378
11409
3600
6382
1242
97295
20028
173760
19774
38151
37454
110805
611176
82387
34136
161982
24396
208979
11002
368816
95443
95417
39603
45328
9827
28996
15135
27986
6964
272099
305038
914158
163585
318303
4197
336354
26048
9622
12261
88119
16632
67524
4230
96964
55561
273477
24263
399586
40859
16832
4492
21287
85687
31603
21821
35977
191325
8767
70761
14311
8367
401924
17228
349228
359878
876927
2344
29705
10221
39198
4310
63595
10420
8091
2424
105632
1729
54077
7928
517369
94350
79018
6797
42970
17282
85866
7886
51600
16894
1234
19311
243548
27618
330779
116355
201116
172706
13994
20792
410349
4486
40984
7404
31077
3308
16151
608829
5905
14672
29289
105045
167662
51255
48167
11985
136411
5131
2018
7950
17406
2958
56101
14772
34457
15525
4069
4095
66600
9043
6931
786
39779
2381
3868
7041
134007
5611
8784
15598
154786
39385
22492
2520
9371
6452
37788
4210
19888
21062
61596
6355
3910
1735
8419
9780
9855
5062
92055
23537
71000
83552
20938
19154
58264
19741
11829
22748
50014
4858
3747
12268
79158
10737
29826
293827
527010
12806
16720
12846
22258
1893
65320
24456
341399
210680
8260
351847
7878
113128
13944
4338
15883
47915
2100
2321
48855
13259
4076
51175
59755
2672
1813
1640
21588
3043
7586
3340
9029
27458
15058
6850
77578
11937
26102
5906
87810
68290
93000
7748
117869
235564
130114
37560
77135
145875
29965
37023
107583
43602
2190
4739
7399
2716
32578
9712
2901
2741
7921
47540
29570
19882
22767
40079
143619
15601
27003
4665
21560
4823
46412
22175
706580
2532
115938
268884
138829
12898
13084
2300
128108
18430
6015
14533
37269
8283
3370
18264
191362
36509
41712
167987
54129
23374
10401
13766
14188
56546
5362
1058
79981
21086
175133
250764
20518
9023
440405
19081
76386
14142
21629
4
322120
6116
6277
3088
51327
21634
8336
3223
7080
36144
11051
14904
164287
67841
44485
34147
50602
65705
71225
58849
175610
16638
12715
118147
58930
95866
21074
6823
3006
8854
75433
12309
242519
38867
184038
8090
79243
1712
6895
8056
13548
17315
7426
788
15873
97579
5090
3052
9838
13376
429742
46915
64846
211768
70031
17019
11151
71598
172865
27709
105449
442181
42354
3882
79875
50016
231342
11984
226950
19918
239089
11523
19340
14942
175435
100667
7367
211594
26015
14039
3114
10462
5134
22323
29829
10907
6508
5992
11489
79692
62793
14141
14175
15976
1724
18201
11384
2584
4322
2993
23628
30646
8668
401
11193
6180
5414
1625
5292
36556
1438
8153
163031
28879
53943
196188
34075
168718
49560
42856
44953
30041
166554
34764
126612
103739
114215
44103
71410
249053
70773
7988
81657
7720
16662
146397
135595
12050
241569
16588
36113
73505
22358
152616
39497
84245
97540
182710
283349
873023
7352
28802
26572
26982
448087
27067
204838
102140
41637
17014
99791
183674
60040
183786
128760
380714
10070
9126
108337
8363
9051
513862
1207404
264387
15338
2212
106996
29243
86869
87336
84973
176615
16625
9856
17825
17351
231403
248070
146410
154028
50005
37684
545111
33887
106054
144975
8541
1573
5977
266892
6175
15614
182797
284422
39598
147666
13031
51
74665
5958
15888
228132
279371
11696
303895
4555
65531
5809
253503
357168
90274
49574
29120
68622
269081
180774
7003
6317
814726
21560
4494
38474
17432
111999
15928
476386
61529
134733
4785
13610
6539
201283
320525
34667
139118
9026
174197
2957
12152
1311
30293
3637
32700
64605
439536
9156
6935
6157
100658
29104
103159
12397
46803
12519
56352
7098
65175
221984
31236
59373
12362
5264
19280
61149
200449
108533
51267
383077
371020
80292
195010
53987
30784
359371
498995
54859
35150
13193
133400
127006
156797
31377
82788
8990
8704
30115
28725
83529
633049
119562
24672
17826
44494
38388
151780
193754
375117
47777
166941
63683
89959
103022
1113085
87089
1620160
63470
325302
32469
136815
59450
51436
268555
21392
12964
738528
8155
42981
24648
35299
148484
27138
181494
69050
155027
63673
37039
157229
445100
669741
119877
96941
5926
18300
26763
12509
8844
195668
543381
102659
26983
23994
10257
60987
12702
71614
36702
89918
7004
23131
15389
234284
24785
141276
106845
49794
400266
74872
10120
25032
26601
701156
67019
83361
20627
34511
174118
34015
6642
170488
47072
129106
452564
156281
30214
243103
11424
152837
9575
211141
20519
15924
13988
87352
11335
10511
62678
298294
218121
20296
5061
9728
32032
278396
49762
63317
42198
19769
194929
33086
89408
10372
222815
19930
762850
204911
262251
2628
480372
7602
4146
18798
5709
252673
101382
25017
211354
7776
2387
10449
6699
17039
102692
360575
29458
28728
10886
71012
634037
16477
14262
29412
11653
56190
15335
175453
8657
33572
14210
204488
88425
8384
23939
1237
3903
12187
173638
2335
4650
7260
4930
34107
19302
26303
19023
284924
18647
76618
6261
5371
5498
53159
20420
3643
4398
25045
198257
25988
145456
4549
7562
2486
12856
16257
201951
185692
54054
12628
78835
25054
40511
29837
278448
122527
18366
34530
1426
186535
40269
243561
69979
9786
288424
30498
25892
754
13530
299710
103271
623309
87030
97225
2962
91888
19919
6411
2826
18859
13882
13036
6059
2941
29268
15067
7133
74124
48103
61423
26523
19228
22228
111377
9054
43696
45415
379328
52847
831165
26436
45718
20999
112060
234789
103570
27942
7912
7719
4750
279266
22112
51547
99150
2362
2809
13435
57265
23975
35913
4017
34450
69259
66895
8871
158644
283177
154415
83863
39568
5207
27850
21711
195431
325529
84987
249930
32935
48010
102561
25383
623521
10092
131071
15657
54132
239258
194670
13530
113580
106574
50633
13764
175590
85053
65488
14703
49671
15509
170845
370675
8709
16121
50
56428
14434
7946
15566
113046
12199
6472
9344
79753
15025
29031
319592
3661
67060
32102
117629
85339
69033
13424
228335
12933
11616
13587
75442
74273
42600
88303
11120
101264
11425
3685
4693
36709
112036
44283
35572
45322
25402
112341
42757
106921
62163
12851
50433
30668
32076
43667
107496
24860
42729
10510
79219
95243
32687
28481
28183
34695
