78
1
12
13
37
23
2
156
118
3
157
138
0
257
169
0
64
7
0
0
0
229
20
183
176
184
9
0
0
418
166
122
410
1
5
0
113
24
19
5
168
10
39
165
137
577
17
6
0
136
0
112
132
5
271
149
58
15
175
279
0
37
0
0
114
4
64
138
277
165
136
0
133
0
176
0
1
172
119
0
41
21
5
24
39
21
2
173
5
142
56
2
131
42
2
187
2
16
253
39
14
0
200
2
20
1
40
9
0
255
152
155
0
0
0
0
238
131
154
161
0
179
141
4
19
0
7
114
40
312
151
128
131
0
15
133
136
5
118
36
21
7
123
0
231
0
15
11
20
0
11
18
21
176
132
0
0
145
6
1
147
20
135
0
5
0
9
10
112
127
43
1
40
5
331
1
152
111
140
2
173
265
164
192
137
34
20
0
0
7
33
111
129
41
0
0
136
2
137
0
0
0
1
19
1
0
113
0
0
18
135
134
130
6
0
132
0
268
47
5
0
148
1
2
134
205
117
1
0
3
0
18
113
515
62
44
43
6
1
286
0
0
0
0
21
37
0
0
0
5
133
0
0
0
0
1
57
9
331
248
0
172
143
136
6
9
104
171
112
9
137
0
112
298
4
1
26
2
137
40
1
0
19
138
0
1
0
18
149
0
264
7
12
1
133
141
4
5
2
207
1
40
117
8
1
18
0
2
133
132
40
0
151
5
445
9
0
40
0
0
151
0
43
5
1
0
20
1
35
133
6
121
0
0
151
0
36
1
8
0
4
43
47
61
20
136
118
134
53
19
1
336
8
0
22
4
137
142
2
0
150
3
271
20
4
29
9
0
2
170
1
18
1
2
20
1
0
0
6
2
449
175
141
198
1
21
185
19
117
3
16
133
28
155
1
115
6
0
0
2
422
0
17
16
0
132
11
0
201
4
24
18
135
0
10
1
176
1
54
132
0
126
1
2
301
116
59
1
7
4
153
120
27
2
20
131
298
5
19
120
20
136
0
152
0
136
0
19
0
25
126
0
269
0
40
131
1
14
5
139
0
14
4
0
126
111
119
2
146
38
5
1
135
22
20
137
15
0
16
168
9
2
29
0
273
174
22
4
156
0
30
0
1
135
5
2
56
316
16
120
1
76
137
0
180
4
5
140
5
0
296
49
4
44
55
165
1
177
3
407
292
131
143
182
173
156
169
0
2
4
134
291
36
3
40
3
18
32
1
157
0
134
158
0
72
278
24
124
117
21
139
5
162
0
115
4
132
134
57
122
131
7
20
0
5
0
7
1
243
1
0
45
0
20
138
36
223
446
9
115
0
0
0
1
4
7
36
2
19
0
184
40
5
0
248
0
3
10
131
131
9
2
140
11
6
0
1
268
214
118
24
4
191
0
1
5
16
1
7
251
131
22
1
0
4
270
149
0
5
57
140
0
23
159
2
140
2
1
5
1
42
255
254
210
2
1
38
1
183
122
159
178
0
5
161
167
0
1
7
41
0
135
122
122
119
17
6
118
132
38
141
2
431
19
53
200
42
115
5
167
183
46
15
32
1
3
25
157
43
1
4
0
1
4
2
9
176
184
181
15
137
121
65
3
0
95
18
149
138
6
111
0
21
4
137
18
113
19
1
0
169
27
142
134
1
137
129
8
2
6
137
185
139
2
136
44
302
3
9
151
41
136
18
288
4
2
155
48
17
5
14
131
135
0
2
0
4
136
124
1
10
266
183
177
19
1
112
2
2
164
18
0
33
79
43
7
0
18
15
247
0
135
52
37
142
269
132
0
65
1
8
136
115
0
41
267
0
131
0
0
0
0
2
20
15
3
0
1
5
9
127
2
135
43
0
15
38
114
0
0
17
131
2
1
5
0
114
3
0
0
0
0
157
1
137
0
137
40
2
17
248
147
0
6
1
133
156
0
116
0
34
127
2
115
265
44
0
1
130
4
1
2
4
135
2
135
0
0
113
1
44
139
177
124
159
4
45
136
146
0
145
0
9
0
114
0
0
37
17
135
0
1
2
37
175
0
185
0
158
141
181
78
139
25
151
1
3
116
131
1
5
26
140
0
10
175
233
8
18
135
19
0
113
18
156
19
167
5
7
2
400
1
2
138
245
134
71
76
160
152
0
4
47
48
40
141
16
0
0
1
146
0
132
131
8
0
0
1
538
1
18
1
136
75
0
202
135
0
0
1
0
17
38
118
4
0
0
1
5
20
0
248
1
1
0
1
260
0
0
1
0
0
0
214
116
11
11
118
110
37
137
3
286
7
136
40
251
121
1
21
0
2
0
1
0
0
186
1
38
231
0
38
14
41
