5730576
5067011
9363371
7810955
1972877
3507011
6184605
4731607
6683220
9610884
8614805
4761949
3813547
2529783
5072358
4172292
3364636
2754097
7964773
1585423
3136835
2580256
5067830
4403196
3332026
5033463
8988512
6724611
3523144
2357646
6038690
3710417
11865840
3565902
7671838
4144586
8775227
5537361
9584350
3743966
10100301
8070305
12148833
6991290
7879258
2361715
9402211
4274847
7067941
5081085
4761374
2079776
1858011
2600450
3319022
2796133
7228888
4979504
7678428
5487762
3833036
3344351
4957518
3497037
