4706115
9410759
10141520
5997909
9521579
8761261
7203598
5448948
8826174
7074599
8363641
8880485
3232870
6197038
9214699
1951475
8441206
7435790
7803478
6927576
5203566
7571264
8160404
7855679
6699527
7631650
8859291
8836810
5160372
5630822
6588907
7958695
10586779
6877156
10476103
6188306
7808216
7738332
6447112
7852266
10668049
6110872
12234639
11339693
5701858
12037954
11023911
6901997
5670294
7309739
4769340
1573103
8094577
4860278
10248127
4217011
7927197
9068901
10994436
6636306
5250416
3596396
7872622
1660254
