478155
1215951
1272892
1608980
195710
3271669
1982479
826982
1193265
738023
1208887
2494349
357433
2313329
1374186
86971
2675066
2227886
851001
1277524
1440402
1522407
1405557
1634565
1353013
1875152
295315
1876026
539040
1434277
767498
101587
1386094
829304
909927
1123744
1122966
260483
904293
1739628
877696
217778
796174
2772775
976265
1824108
1387540
1884006
341089
426974
341517
36344
2055993
965407
1017460
809744
2201456
813305
2210332
838655
688625
435397
757813
105291
2604629
2597513
782343
800012
1156807
525195
1597929
705184
889006
1799294
1488660
1050632
408253
1734513
2333301
665560
146316
528662
1915387
526251
236580
827057
1691188
2181038
50492
1953163
1991889
460458
795503
262064
687624
3757815
949499
142828
1935738
91553
1976615
1438236
2186971
1359772
2182003
13048
1127206
1507623
260990
1794067
2212906
519421
941753
2043578
1621731
78767
808160
212326
1378166
1460392
246976
1787301
843403
77530
2746717
1020823
1645507
1067427
774906
999651
2208816
1118213
2738818
1418396
1013660
781128
1778633
1451220
1456725
854905
343594
616149
1618436
711534
3214844
1021229
239730
1431366
1290982
951462
1294945
731972
1637407
1275361
736998
73619
2572179
758023
1183465
1073104
1414015
798562
1372697
1754600
1094401
229214
536567
1691864
1656637
2184902
1636979
1518333
873361
976480
4079038
1466819
760120
1383083
368069
138463
1833830
835268
2412500
1381496
3322522
1609317
2407906
774130
765425
1135095
2651898
145650
721373
686565
1384555
621752
2962324
828361
815444
532902
393194
51191
515645
1688200
43440
201710
748216
526751
755736
232655
2230918
1916397
156223
1648725
88193
962970
83577
1885621
1830640
2393025
789490
1411526
322220
1556690
1369676
4182621
1333717
329085
1723296
2360358
106861
807302
638697
1141830
3448172
1612778
579882
1889121
446551
839006
1383187
1300515
325148
1268349
450574
849254
1405911
436200
1459271
794703
1386784
2076320
78979
559095
674259
147264
