1361
58502
892
32
9
875213
160021
1498
8767
1997
2167
307
0
10551
351
2
75
259
2
32
8562
480617
1211024
10816
1445
169122
1650
864
0
2335
1383
72183
2240
864
420630
221
110
65556
122
1813
1281
2027
105670
2595
459
2442
2860
1133
0
614
0
0
473866
71722
1867
1591
75
466
1235
2353
93
0
53
1
443
1
41578
1
72876
62533
0
0
0
0
155
19
0
0
26
12761
1530
0
82
7128
11728
187359
2587
1064146
15978
2656
744375
464386
11108
1442
354
873050
0
0
769815
18
3
218
967414
1513
1391
39
4
363
1
0
371
719
0
0
4
0
2320
167341
787856
175867
1
22
1502
0
2880
76645
143
185202
1591
794049
849
0
324
425306
814
201
1624
426774
66
2
2
0
0
223
1
7254
33
34
38664
304
75554
0
1867
146
1810
0
609
3
318099
607
0
0
16901
133
12840
0
183
1994
82
103558
2050
4581
42757
2
1355873
266
146
512
33840
0
88930
760205
290964
216
1376
2415
14061
62
0
5154
582459
1058
3
0
0
0
0
493
317393
0
0
0
0
0
0
0
0
0
0
13
138468
482238
3155
333512
81
3099
0
908193
73629
3212
0
414179
293
0
12348
1108
0
43
3
1801
17178
239853
436054
179341
34682
16467
14
126800
337
1864
0
87
415
0
0
0
99
64
0
25521
0
0
0
14
51
184
36563
715233
519409
1603
67
41202
6757
7
8054
3
43335
82
0
8
737874
0
0
978251
73032
142
176946
60930
227051
1
159
416
5158
741499
0
1410
0
0
291
0
217865
28396
23
5
71491
0
0
16
1575
770504
0
3
7491
128
0
5454
0
1820
356
705655
72
1376
334031
177
1349
75844
912
9
12745
24
6
0
2310
1320
0
0
112113
904
33592
14044
609102
1028
0
106
79849
7186
11583
215
1196
175
243
9218
1352
178435
64373
1475
1426
853
514716
70969
2078
491172
1211
7
1384
14604
2298
217105
421232
0
752536
1
1479
0
45
719
68731
393585
282
2960
10070
5
2169
9742
3097
19
118
678
654299
1
820926
26082
9614
46178
9
0
286
0
145
14
1112
0
89366
758192
30
8285
73
19
0
23055
1000
0
1
528
299
15943
6451
29
800413
1775
1
167143
1109
0
417
0
91
72343
2062
106
646
188678
76
1031
7308
335
203
828
428749
0
23503
130
800
73526
13
3
756340
73212
32
299
232
668486
140
34
1615
302117
0
537
1
0
558
0
72538
0
55
2
92
4
0
16
0
0
0
0
1341
0
316
735
170973
577
142350
26
166028
618634
630
6825
583196
31937
173935
3205
0
0
1
1
620
750382
14632
249
1660
347
37815
93
112
0
18
0
11
1466
1462
0
5
3554
125
73004
466
271
0
0
487
181107
316
3624
12
2130
478
364
316
793552
1949
345670
40
1754
1319
33191
4
1
131595
71
283
8
264031
0
0
807
424215
1419
52
816
0
0
92
268
264006
782
178453
73886
73764
710052
1930
0
29
427167
20
3315
186473
233
54
0
679544
76924
0
484
517466
0
45754
0
67226
0
29166
1258
186876
763696
70
0
461
1
104822
428
2411
1681
909
7053
19430
176
480816
72
168392
43102
293
35
301551
102555
170355
32140
110533
342
601
28
270
1388
258
79098
27765
36168
471
0
0
49
35409
1729
828
71480
757873
49
72300
0
1780
0
35
1225
378
2
0
3
431692
1
405
6655
44
0
764159
74
610
426422
310107
5571
986
616
6
509
1367
8
754120
330
21
0
23405
346
17482
1594
3724
15
133
0
73
0
4
0
12821
0
0
75
34180
12331
73
33
189
547
3420
8
465452
12401
1703
1015
232163
2
103233
92
30064
888943
5877
19949
10257
274
415
1487
4822
13598
174329
16
37148
304
173808
0
588
521853
492869
213027
1840069
10724
5
0
2043
245
946
15
21
481264
892
1974
108
0
1
386
4340
30367
0
862
1
0
0
0
72876
16636
3
747469
194026
14
5211
7071
215604
76359
27233
81
171664
950
119
507895
172526
7884
103
74756
2674
41634
51504
84
3767
1145
0
71
18
48
75
12685
28959
0
67078
5114
423067
10
131
569754
587035
1415
138
891
72604
1533
383959
95579
33602
0
0
1429
1
22
0
650
0
1041
0
0
0
0
1228
207
6676
0
49
34
503
0
1728
1
395
312697
253
5084
798
0
55
0
756
358
0
1
0
0
5225
9585
501688
0
0
0
90
1
0
1820
0
0
0
0
0
0
0
0
0
0
0
0
0
0
0
0
0
24
13
10058
74
19
138154
288072
103
1
833
481982
672674
465226
12590
283
177972
2051
162878
9535
1297
326118
16
65
0
0
19
513700
3211
5407
54
0
280
45
79516
250
412481
487300
182680
0
74063
21
16055
0
3491
1
5562
15
875
0
406597
365
0
8451
70
0
0
224
462517
0
0
977
1102
12294
359839
11
17
478107
745161
38048
114
651
1
29
0
0
55
28626
534
64
62
93
1467
553717
229431
7
26
698
12
16648
73325
1
167932
1122
18895
430169
1161
192831
52
361120
179420
85970
57101
2171
1823
33441
6715
15184
16139
507914
0
9
2053
0
3
41
271525
640
163
379
2466
1
104
109
763079
7272
1047
0
563150
0
43
22682
0
0
0
0
386
1279
0
0
915
0
0
0
904
615
0
10
0
4999
0
0
2
97
7
7050
66
0
0
112
13230
0
68431
10
0
25348
3791
0
28217
184801
377379
221
357
5581
1012
42
565
1
8
10
130
20
22
595
419
678
6
182
5
7
3032
26309
11648
10567
0
715155
2414
1651
413739
32691
106964
699
1
535517
1418
0
113
42
67
0
2
770943
14081
11538
581737
424
146
0
0
789699
7
138
45
422529
8045
0
34
14529
1916
393
2235
2050
2149
40877
76
88817
11582
0
0
492
0
0
9131
170751
1440
299
13158
72541
664481
28
0
0
0
0
13070
0
0
7
305
411886
742218
0
52
128
72789
146
0
14
123
909
0
91588
34010
81511
406
1618
64502
1144
1203
221263
204
0
1
9812
103
19
288
0
84270
0
528
22214
48
1
736
1006
7269
23257
73549
11100
668667
1622
0
0
0
0
0
25
2857
614712
0
0
0
112
0
36
0
0
685
608
32970
133442
71423
809
1
74
367512
72
190105
507555
0
111959
28801
111
34888
20430
43259
407495
71491
1530
32391
49
71772
51
1230
3
5728
764170
178
0
88
22
3089
0
4
12366
0
99665
161632
252111
8095
3015
168241
694761
769313
83
316
471
85
1
584
6
787
15244
7443
42284
1131
4
16
491845
1817
990
506719
1323
1665
0
1379
3
77
5293
0
0
45
1
1820
0
0
0
24
74
333
1138472
189757
1798
0
514545
45
58
76
2
21
1281
1
104
363645
21370
752
0
536
775327
412
872
21063
447260
59395
519971
1359
75509
22
1066
564204
0
1025
915
904
0
2
7077
12857
5
0
0
1577
144
22
11
2136
388
425
354
0
84
0
174695
92
13903
2018
11716
0
171135
12334
0
13091
0
0
0
0
0
0
0
85086
16322
26372
36
0
33090
112
0
33899
71319
364688
46326
117312
34086
1477
5784
3077
17131
411393
521194
469
1029
1690
1417
104947
0
45
0
465857
413
69
10
3709
0
78386
17
2
7088
112
97
2364
328
11672
348
12907
0
245
70
47027
288
1708
1442
103014
831
168
125
282
228
1821
2090
44
4
2
39796
1584
10893
5615
7226
175865
1419
4160
565913
78306
318
201
45
568518
460
1579
0
1729
5155
281475
1686
179177
197421
435
713
12944
1133
502541
175160
4
20
72370
916
804
178
166560
1307
906981
29807
498564
2963
140
0
88565
47
0
0
324
0
0
32990
1400
152
16
15065
43
8
579327
1040
1318
0
0
209087
3916
31108
468314
0
214864
385
51
0
0
0
36843
0
743889
177477
0
5135
0
4
3055
262400
6089
15607
51
409
745387
1
181987
9925
443
25867
197067
0
169408
1320
141142
135
68369
0
0
392432
0
696
411
15372
31891
25
340056
1466
483
1517
517529
92
168
121
0
168969
891
5303
0
0
113
2168
0
11
0
9686
0
1692
1345
73671
0
0
514615
19
68
384
103
776
29363
342
59650
0
0
186956
555376
167831
524
1005
0
305
168002
1055715
115030
481098
0
0
725118
92
681836
0
4
261334
3421
1355
4307
43688
3
123
1710
482
71852
116
0
0
795654
6579
15937
70156
0
249682
0
46
130
170
0
0
14
42
0
2134
27
323
0
1112
0
148573
13945
0
3217
12990
256564
0
70953
104
791091
33
1427
33219
1125
432146
1805
6984
868
69
16
121
89
0
670
71
15304
0
4865
0
0
71083
23196
0
760
46
2811
1330995
3296
2
0
1421
1040
0
1732
124
64037
14112
1145
0
528
0
0
0
299
0
1
4294
216305
880
292
5727
471
3939
375335
0
89681
0
1087463
111
653367
838
28
0
1747
0
257600
1
1108
331346
177462
166827
583
0
1189
679
478558
0
0
3
0
0
1
556
0
1
5
1774
0
4
681
3552
42790
177127
72376
1754
0
296
1419
9186
745016
156655
176
425486
892
418174
296
0
356
0
174668
347
0
18707
0
0
76
0
0
0
1207
4
182221
5480
491036
6517
5
257691
0
472
16655
5263
98916
951
805
13859
2204
196
577
442994
2
74
81
0
0
325
1069433
1
47672
21963
1524
0
20
114
457
223839
41
1049
178285
9630
362
72598
188
0
259
182231
1255
26011
5
0
572232
193185
938277
11002
0
797
51
72515
4
0
0
337755
604
773
128
110
212005
1356
762709
116
0
0
0
673539
1613
68141
212
1
0
762035
36
1566
0
13401
3
1580
0
340328
0
392879
0
0
0
0
107
1301
0
72469
312
225
1004
818
1086
46556
6021
90
233
0
531731
1267
0
429606
22
0
740040
743478
6
340025
1203
26
5
370
150
1
72885
147
0
1518
1
0
92
788
591238
0
168437
21
664
292
36
1
199
954
492948
2
7
1037
0
0
0
0
0
168859
0
6541
916
0
6
778
0
5017
5294
20
1416
113
83
0
10
0
0
0
39
0
316
496672
405808
41
1105
0
0
0
167572
3834
311
0
264
945
0
0
0
141407
10
868
68
489575
14
164905
109
110
0
440889
175611
815
652
7
1429
0
1479
78
769496
73584
507930
19
75259
0
32405
848
2
4
688593
0
931
109
7482
915
1539
1695
487572
1
4
686
28707
43
0
1
341482
0
1
72847
43
795
10430
2
1050208
2541
1153
214286
176678
1828
747276
434
566
1
1837
72186
0
0
249
0
302684
0
1493
10654
0
176439
11
10930
595
545933
83797
4501
179
527
599
167416
1
480
171
0
0
1004
92294
0
18
109
0
0
0
448
305
1
175240
970
24
87
1118
792059
263521
468
127
1277
72580
504884
0
1299
478888
864
0
529
5
4
3548
24
0
2011
0
0
726206
0
54
481459
72676
92
1
818514
9
462915
0
137
133
0
32
8
593
18
257142
13000
440
30
781
1982
1101
924
355
180984
1355
1135
3510
1
3060
1900
8
3655
8180
34547
25899
436501
20
307
146
27313
148
71559
1736
928
1517
1206
623
1399
2054
143
238
71950
18
12755
0
1569
13
792434
0
3039
0
0
4
345174
93
192417
793995
1743
37
3
7323
34303
1794
319819
371
10833
1545
839533
34587
292617
1686
22959
0
321979
0
0
139416
34907
568936
135
0
18713
51
128237
87
163
25688
122
800602
41368
1376
1
187
40
5113
1410
56339
71424
691668
7302
7274
707447
76171
19
0
904
14
0
2
38
802
930
2520
421243
0
0
105
3848
477418
31034
8
1113
27
23399
998
322
815
18
0
291
774
428997
815
745434
0
5
436
0
16
0
73
147570
268
282
1
765186
38360
0
59
10
457
335
622
346833
3088
75
192659
320
51
264513
75434
1814
1
251122
517822
1836
952371
0
74609
94
479837
106
204214
398
733
0
33952
830040
0
328
426958
115
426705
523
750483
23756
1394
73
95
33020
119
3275
2730
172920
15056
12671
339
1475
432193
230
81
1983
1763
0
0
0
15697
158188
679820
73917
42314
0
0
11
3884
73653
7570
132
29
0
5385
91
813
750
1171
1
516453
90
0
0
0
0
0
10120
293061
49
2
69
0
0
282
80399
158307
16386
875
0
0
463393
103
760227
2
28851
216
10871
79
1368
186446
22
642
7056
691
71121
2649
766874
0
22906
224
0
618
0
0
0
488
69419
217100
379482
43
0
1212
0
3525
3615
33226
70299
43
755284
575564
618318
422799
2988
2475
0
495
1690
213
0
0
0
55
909
34621
8275
131
21
1319
5880
1017
13508
0
583188
0
36
92
942
482030
635
34883
72040
179
191
114
95329
11343
167937
404
14287
42203
0
164
1302
0
0
849
34
0
21
28929
298505
766709
2090
101251
906
5
392
744
174631
13930
169730
0
0
18013
32315
71240
145042
174822
2128
0
465416
0
1
910
102
732
831
5
29112
4169
497783
14812
576
1557
197534
1077
0
207
216255
11181
0
33013
152
0
31534
264561
53
27302
0
3335
744172
35821
173666
1367
0
33226
341873
258
0
113
0
370
0
341
89105
13676
474
76091
186031
439867
1266
2171
71955
796148
251234
155
1699
27
260
185518
185
467021
1021
137
904
71181
479
756469
1421
0
1145
0
0
0
48
73883
0
409
177719
45
4
2
1797
66
1722
0
254537
0
7
0
177
760
1
210
705
26
0
328238
1507
545
177468
1
140
0
92
168801
2
71741
0
1
0
3
44041
0
110
907
1191
51
430282
1413710
102
72664
0
420
168839
0
498227
0
6532
45
5028
0
0
67553
0
465
0
0
3
0
0
0
764155
0
852
180
0
679
147
167552
10500
1071917
175667
827
0
315827
74
41502
798
1
92342
0
227
976
7
125
0
534
2042
335
481188
76727
0
18
495
0
1366
1211
33
1458
70965
1478
985
12797
349
1090
178040
87
12275
779277
25389
0
499220
63
26013
72652
6514
56376
19
0
4
0
1752
24786
1017
429431
821
345
342
288
2
1352
183763
46
0
481542
34485
72923
426695
774593
58
16074
1396
1999
167503
43970
2398
0
5867
162
0
260581
0
173796
0
745209
11107
7238
692
0
0
639540
1164
17
6
420
31
0
46
28
581917
279
106896
11130
2
0
0
0
0
7
16782
175270
0
352
3610
351
185038
33048
22
1365
169246
607
113
14483
448509
236
44
61
433
1143
0
177371
1866
77
6
542
384
100
376
0
28074
1
744607
30
0
67590
0
0
849
10701
637441
10770
86891
0
481390
77182
997
72156
188693
2201
1024
61412
5
3069
336
166237
543821
26323
56118
5707
817
756378
1536
143
571083
105307
0
338
835
429
257404
459
2060
402
27605
730679
942
186455
546869
77349
30311
16065
717240
13237
5059
691
28148
148804
76
77003
7861
41715
1002
97660
14613
44646
961
77
0
1048
76
267
14774
103906
1884
36492
198
745783
141
16255
1428
408
47496
3380
167607
483866
121
0
0
2
36939
44
33
93
0
378
1
686
4
159
174133
9
500
0
75
557
270
15147
80
0
46
1489
535183
423902
1227946
1349
7150
582446
185728
26394
187516
484648
789
837590
613402
95
939
32450
74
759009
301
2621
1
20827
0
0
0
0
184982
3
507174
1589
157
1339
5
1
693
3
1246
107505
46396
180911
68
1933
0
44
1453
3
475627
168522
499
471837
244501
190522
0
54
1905
9584
80
357
0
20
93
72576
0
0
0
2
2
356
2
84
35939
1378
1729
185
371607
2638
2524
47
181483
84
29817
0
1348
0
0
0
72
26655
0
70
310
4
0
1
0
0
0
474189
629
88921
9158
189080
0
20
3
157
837632
173033
475
0
189942
11815
0
0
0
50
3
527
15236
733638
309
367
10845
178718
3485
19
0
72556
13149
5552
0
71107
4886
237
36
203578
881
162857
6
706
64668
210391
765565
762120
13824
27354
36
88
0
1119
0
0
0
953
171233
187
28
24
1
535457
1010
2699
1686
275090
350525
1249261
0
3
487919
761967
173303
662
386
8269
4
6321
707
143
0
46
583518
1019
508
0
259696
7
0
26386
2490
673694
136
227727
506
54459
518
440386
40387
255
645
0
77395
71693
13207
751940
6136
33470
89
580738
21213
0
95
0
0
0
0
763036
0
2
1066
31047
144
75
96
1564
93
1356
89
757305
328
95
26132
0
14
0
555
1221
34995
0
0
1581
0
0
19
66731
20765
14
329073
5744
5094
754
0
420633
28
764
391536
0
10
0
0
92
38
1813
586117
88
169253
38
27788
1305609
14401
1379
508112
1564
1
1406
129
6031
5
223
733
766
700
99
1456
2439
69688
6737
103
1420
65849
30565
516809
694
0
216
94624
9429
1206
3
32106
1000
4698
0
1745
310
2
41890
64699
87
0
196
12870
7984
72609
186660
33
1
231
0
1
42
137
220
1919
19
2
2
652
0
6
13162
228
970
517350
12
759692
1956
564897
3
74
0
0
105
63525
422398
413263
267
167425
1013
90
325
0
46
126
459032
6666
8810
738105
982860
321
64
0
190622
28
7492
164
0
0
337537
1
2114
22951
624330
181
1203
275
1829
12871
57
439
9498
41
2109
0
177287
136
0
159
3727
0
0
329
1
0
72519
189116
666
209
0
73402
0
307095
124
72614
92
0
0
0
5088
1514
0
778
329
19
0
0
137
0
92
1
55
1
0
422
3
365
591590
755
0
0
127
2
157
198
0
0
169795
0
226
64
35642
475
1988
0
0
52
6285
0
711
989
5351
336
1454
0
0
1244
552
378794
70443
494096
11311
66
750
31
954
1746
486871
32
45
868
0
181934
321
27617
92
1061
18
71
42260
32
570621
1173
0
0
0
0
1348
0
1728
92
0
0
0
0
0
0
0
0
0
0
0
0
0
165531
0
4698
54
769
25662
2
5637
784
0
2
0
478993
45
69
0
0
1
309
32
27
957
2467
0
622
2
776
0
0
1
0
0
5010
0
7
0
10
0
5716
0
10
438
5
9376
1
1385
464823
113
0
0
629
38
2
83
88874
0
9142
40
0
10
185071
32
0
0
20
0
9970
9
529
0
84
0
22
0
0
135820
109
789
66670
357626
0
26
764220
8
0
647
172783
0
1381
8
494950
405741
0
1
0
671886
0
41
0
22074
481673
202845
20
463983
0
0
1241
195
0
0
12395
213
0
69
0
365638
0
167189
9
2214
0
3660
1
2102
12715
47211
101254
4147
1514
19997
31405
2
557631
286654
176242
341
922
162409
165421
0
0
0
382
10910
0
0
0
177691
91
5802
4
3419
9
140437
0
2001
0
5045
0
0
0
880
513700
68
0
75699
62
16468
483694
47
12827
5
14
5252
293
0
481
0
163321
124
70957
60
280
0
113
4856
775
343
0
79071
0
0
869
249
437236
401606
0
382968
202
484109
0
145
0
189074
407
167080
418295
6
7
0
0
674540
107
115385
203
15024
0
48443
20
42362
132
182852
1403
765509
77
48
1
764706
5070
1688
763640
13588
1142
0
72545
1048
37968
501205
92
1
51
18
0
74079
481
1022
892
0
0
764
0
271
10
430750
404937
0
934
0
480871
110
0
117
0
17
569
906
8422
487522
28220
246676
71
170377
0
0
0
58
4
1056
0
26
2
109
222
7752
3
462253
0
0
0
1018
0
522419
0
629
13697
883
1
2649
132
461255
25948
1734
2415
0
1
0
13980
0
345857
56540
227534
327243
870
17437
188
770340
59
506728
790894
904
922
0
507149
1
0
791
744351
16
3
525642
77
167603
186914
146
761989
353
171732
344
1397
95
0
21
1024
1
416
72808
40
7716
583
1
0
125
0
40
464272
10413
290
54
5976
125
621
28543
52
3190
621325
422515
687
56
35307
1297
1145
878
272
31684
318
30
869
797613
0
189161
1797
107943
465077
1623
523254
1939
30261
10940
215122
745462
1784
1862
370
2
259542
161
257
268
48
3
0
692
0
18
177
63
1842
291
2225
71679
16349
321
741537
193731
5055
136
472
0
109
167673
186925
40671
167
125
339
64
1100
690
26
18657
353166
2147
0
430055
0
28
462335
17653
4948
14
12131
7065
223539
31
10914
4
0
17377
188122
169118
180117
246
178377
344
398
10661
67705
95370
307
2818
28415
57907
40836
560153
1007
379
547737
669813
21946
47819
147884
3772
68
39488
735236
365
40238
14
94
54
511
15208
14
291
767321
14859
941
14625
20886
673915
1304
145
66424
0
25
248892
0
0
0
171
2042
374146
10
0
0
0
0
3
0
0
0
41
960
0
13128
75985
199092
188
1358576
88
222
60
515
1569
0
6
174
1162
740
0
60
27
9561
2830
21208
0
1
2
142
2
73
5685
0
47
0
0
605
0
2607
761228
2505
5750
92
1401
133
165061
9211
3279
1
0
1102
0
1
4
14
414
1322810
74
88
254
0
6
46
1206
0
648536
14465
2
179091
1651
328
189253
72732
16
0
329
137
0
0
0
127
1278
686
0
5980
1696
1250
71394
30
32
29411
1061
583780
0
0
0
0
0
1300
0
2
478162
0
3474
622
0
0
432
433
0
0
0
0
19
0
529
0
67071
0
0
906
0
0
21337
0
0
0
187257
14
295
32426
290617
2082
0
0
5665
0
7010
12
3
5235
1
1
42
748
0
0
0
0
432611
0
714418
0
0
0
28
95
5
0
254
764
398043
480595
226
1480
72875
23
0
0
2
102
0
0
0
0
48
0
790049
30878
0
58
13102
143
486
9
0
463640
3
298
753
35910
32042
847
585006
1060
0
1666
136
0
86
0
194079
585
96
0
1
1684
43633
0
10643
16866
0
13
2114
548057
51875
734631
369
0
185943
14377
68264
253029
376016
0
0
13084
508926
245
1567
408
393
0
5582
0
1399
21
377
51
2778
1
3
1685
466
0
0
6125
184
73647
0
3
925
1
0
1
590
122
183709
1601
7
160
42
0
2210
0
199
1561
156
2
47
2363
413
993
159
1500
1
393
42244
59
2591
1475
69629
923
8
1390
8
1
72275
1
128
3764
5
69
191
5
41252
1382
65535
26
34068
10231
