2661255
6281404
5056985
2756286
4747616
4260705
8543305
4140683
4611150
5931686
6003062
4543371
2684267
2738950
5881343
1381372
3448631
5557560
5707552
1993404
3837092
3467005
5193482
6343809
5649868
3715730
11369247
2459265
2986097
3034051
8115094
3697676
6220948
7323483
6531607
6779058
6103631
7877784
6469955
5583828
9702913
10692973
13158913
7723543
3705951
1689825
7424495
3874149
4474356
2585861
3058715
1186798
2064876
3280114
3056203
1801088
6958622
5766443
10820874
2017488
1960892
2766801
4194708
2642258
