20661
22225
37076
13736
6876
28951
5045
223792
13617
85085
29276
35055
8650
35337
24977
11842
4528
5606
120234
1368
13525
86250
13365
141382
46300
6074
15205
14284
56447
187826
455923
49972
70532
62878
124910
34652
252202
845705
803801
269790
43459
58727
177415
54880
98229
274420
148649
75187
7915
16106
11305
11179
4826
330769
6184
22668
21604
525682
5628
13922
8880
78849
6521
4744
10823
4890
147673
2306
4993
378116
5660
19127
38988
9505
165504
5422
5652
17722
801
6355
14980
26664
191904
18279
6488
84313
19369
199497
18910
56367
91935
113430
16112
177592
267284
23884
23971
1889
20927
60000
6747
373338
3604
8226
3279
29863
6773
36722
3609
15163
44926
17408
15805
468793
64792
35314
7513
371878
5673
215146
157240
423418
411516
116381
7828
114741
150285
4067
148276
298414
979072
138436
28161
15645
21999
77811
36308
115134
209843
32556
99231
7516
27814
6756
9780
616167
18105
32594
191686
468593
9448
572971
186576
474304
35079
931817
71453
262858
64097
37434
100394
78491
8603
52025
123117
408703
391884
127859
60454
138941
90091
161908
42717
124695
77893
186990
16932
148120
18650
18127
197481
35462
80643
537191
131387
106366
91947
20967
81852
58122
122940
13928
25553
80387
336367
7195
62684
309447
833804
43370
9959
56821
43522
23135
5202
12279
14839
563526
10076
34115
11094
27269
24090
286920
19561
33392
1548
5537
336655
1061
9088
17999
6382
342850
21986
121479
9530
27258
13320
66706
554413
18797
284767
38306
715933
9736
29532
864
24387
11383
15972
401434
663
270986
2648
561431
61034
16752
65675
116333
13548
2279
6260
88101
6625
103666
4204
2251
55226
12645
2321
742
1185
6004
15609
4599
17097
142276
1584
912
641488
553
7013
1063
9281
752
244857
2912
127506
4066
2203
470
774
4303
1926
6869
116348
5426
152525
3421
53448
18530
17857
2595
4641
19977
165876
5884
12750
3488
45731
5121
14903
6597
1688
3286
15037
6467
13034
8739
4880
9888
6210
970
4496
1514
9529
4050
16364
7140
3557
35132
13287
38601
20287
29172
3780
9827
200722
28352
14715
229482
18011
5104
4155
11948
15545
5724
12375
15240
7878
7887
73028
14631
10706
83514
35212
14369
6010
2431
318096
21047
14098
38095
85903
79717
53151
2327
25014
11519
75208
435380
77628
183624
26101
288
109301
28365
150631
42455
17842
7111
9206
3770
45765
130301
73146
104922
325353
11360
10413
3124
187970
17247
288863
9626
149242
11836
654
760
10789
4250
19867
4682
8252
20239
13601
586
67776
2107
39821
1196
180428
4339
747
19899
539135
7264
4818
1877
1467
4517
4792
90543
193671
18909
37331
5229
490167
7012
25458
140226
2849
345550
974724
107601
32894
8631
600927
10612
23791
9987
9841
11333
464709
7566
3342
2920
31844
16088
14376
449643
35572
134620
277262
3961
19217
4115
1606
16838
4746
8638
12797
7069
439128
18176
149741
5158
11642
4006
6930
7198
12227
23652
4042
7764
7477
3156
50460
5500
297555
29678
6681
58662
24486
1942
5087
43475
201176
17796
13622
360318
69033
30498
269407
100079
49266
74332
130912
241823
635544
53506
39212
34216
57013
81242
23155
7771
30251
2789
6424
1111
101645
16840
234358
6321
38891
1325
95651
235364
9463
62842
61727
56039
296495
25618
247061
3108
59171
32803
635482
399605
577105
27279
202053
9553
38289
221236
7667
2274
23264
6301
1340
613
16692
942
3777
3805
22444
11287
52660
7388
130989
88294
73385
4292
26623
303954
6302
4202
10999
117705
237175
31370
355335
171242
178258
94391
302897
36800
77177
135355
40739
368416
19292
547
53221
126292
7719
8061
30283
238830
18767
943
17879
6089
126909
379200
27795
118724
14324
401641
7021
223441
4020
877592
87711
1064351
765
10724
23181
13756
6469
177630
17650
407731
110355
257194
86192
47375
993
850463
14155
9229
3444
11194
536357
44038
179007
141906
171955
8646
243641
73198
214002
8770
37111
19540
84591
546310
47388
10038
320483
842265
22516
5930
140799
10189
45039
9044
102088
249060
11770
15750
70116
28832
57064
9402
41180
8010
174544
323948
366301
233117
17762
39511
17949
31748
142526
58312
185262
6860
18370
16411
82786
167536
24645
21276
1101116
22236
3146
45945
8749
372968
148235
58612
870148
14216
96809
76112
13149
144944
593243
69742
111465
119139
70898
3955
137117
78753
154847
25947
303625
90233
34330
189105
479454
122732
24133
13602
73336
10345
11360
30447
5863
123573
134320
87845
404836
217177
34493
3696
21018
157861
17635
129765
66803
1885
17602
75815
51992
131265
18641
12959
391365
13358
2863
7194
65293
11767
11279
41050
167486
7434
90280
8588
42314
6519
22556
3721
84028
11279
13198
21459
531703
128254
258780
144007
57672
222682
274888
22477
67007
79208
331179
235425
679138
18666
101990
2295
101075
19148
91768
9424
23110
4570
25675
1725
48635
34339
65388
1827
126881
16315
36959
1539
10533
7180
14535
17313
9607
5629
4672
67323
747
37523
12913
276801
28805
73267
4777
6215
93933
1980
1777
1911
58628
8445
26880
184051
152248
74677
93589
24694
352152
451355
11634
14356
174775
15173
18573
4339
52169
10017
31603
4937
13761
19173
55948
4917
48205
4609
5693
2660
19263
19202
3074
1853
43863
60943
93506
4288
15132
21494
10457
13924
114084
29240
20534
44268
571677
8508
9531
10070
9251
4886
4610
9887
2940
36741
39223
10642
96302
11724
3278
1787
2489
27888
42351
12544
264012
23507
24338
205017
61901
13028
6005
4917
167283
17173
3401
1914
12812
20078
4916
4412
3716
6604
3605
2188
2977
12780
397944
18460
33486
4439
171981
886
2721
2390
21629
8099
17022
782
2884
12590
8491
39253
45426
19180
123655
10263
9517
316073
44792
3261
4262
1641
386212
18083
63540
1119
293691
20422
17832
1566
10358
20025
15000
542
31390
13365
11821
32051
332844
13518
11890
3196
453004
3524
8960
101143
13566
454149
7628
4431
3155
16012
83054
268485
154792
28026
18434
2822
93834
15276
21956
512925
215027
26528
37705
11540
17490
16394
35847
21923
31482
3052
13587
362
6271
8795
530775
15531
113380
155477
3841
2166
9987
1250
6770
9701
42365
18619
4719
4100
7052
441010
144262
4956
28147
5171
1059
4560
4931
276102
16953
8551
2093
1924
356334
34889
51688
125881
92086
10342
38721
63453
1377
2234
9256
11497
6773
155966
3859
11094
416081
9163
62032
12004
355687
18851
396660
38362
108898
1002
16416
14324
28433
27078
5224
105513
31615
58195
34899
5321
106989
2717
27200
15605
5183
21252
82576
15470
7006
53335
4921
1454
118622
1942
5964
27815
62033
6328
5214
3192
12707
3295
13486
3932
1434
11569
40362
5158
43081
141634
187174
268539
1477
367818
11321
2313
32240
32071
45004
16747
24119
10914
19869
4840
1893
251413
595964
76743
22545
12726
4466
5483
61808
128399
130042
13750
26008
18911
3794
915
11687
7327
967
3509
6522
56325
1009452
14133
7660
3471
69546
7154
5780
1130
2284
379856
4573
2287
966
16952
18973
30487
2692
6567
1016
9315
2606
11926
33260
783
233813
4034
4595
2848
5698
1326
42649
5725
497162
2105
2150
377
36599
73000
46093
1864
4220
2911
121011
60572
2734
10275
2118
311828
3873
11797
36120
35695
118808
3725
1385
1162
4820
2003
6116
6721
5772
3521
91317
4000
87272
22284
3335
4585
3766
214965
239502
13306
505408
86354
2193
436
6509
66350
16042
9131
128083
8286
94474
8010
130062
1464
167155
4103
1934031
7895
409391
31450
853906
10912
169397
5316
84547
4462
39252
17692
31039
23542
40170
4332
118935
170931
6467
3589
381560
114765
157287
33032
63635
3812
9274
16040
278687
4278
66330
36079
384027
3690
20737
2155
36807
6579
91666
6495
938494
16431
14110
2454
19508
1069
9399
18406
3575
740
813
7999
2521
10647
21028
4462
19086
4449
2025
3751
5662
690
6746
7263
30936
5043
49261
15397
10461
1078
4533
13102
35301
998
2373
1991
33621
9054
2127
19867
5392
1103
41849
395078
2843
3920
7982
12700
24245
3920
19683
975
142897
295
24114
32321
5184
6409
15072
5777
94506
5028
53759
23071
191200
10199
18268
27178
93329
11760
37613
4935
13996
903
36005
8628
4262
25522
4478
23875
6127
27765
6130
143
29322
9305
62372
2684
24465
943
14302
2261
763
33696
512
71019
282216
116730
1197
7863
2133
1608
204127
1315
16292
15418
913785
217334
6591
19256
15974
11425
52526
125988
5482
2841
237746
1848
18600
9313
16135
3090
2598
6528
9518
7217
10310
395923
9597
140556
30436
2478
21710
3269
11999
2921
14202
967
4979
1015
103046
1370
10479
7150
25409
13755
2534
2816
13206
8942
8190
2419
5012
1431
1667
16572
75144
88312
22132
32585
446858
5124
2315
1484
112704
10067
7056
1586
64423
7859
85079
1766
42390
11629
27870
174397
386913
29663
2821
847
11520
8499
12956
3376
32885
9529
5029
123
22202
1962
190147
13226
239606
8368
4491
12956
38215
15581
9136
1741
13463
2381
34374
1516
5321
2639
5821
139012
42081
39822
30565
1362
75306
9866
219442
907
138158
8015
1175
2656
3030
3927
4211
32220
851366
975569
5369
585
9246
10303
355082
2072
73771
125677
10467
23550
10239
648818
47728
255849
157625
51179
15795
1814
209378
14334
77024
1029
32473
1577
1389
233
2155
438
28225
281164
127467
5495
5983
40931
14191
1657
12788
125478
4479
38692
38772
2034
1000679
2714
11389
6291
39855
20986
5197
2179
17258
2055
5170
5912
7019
2210
4471
365
2073
5928
3431
366
68941
3432
1912
970
16210
126945
45638
156790
31424
576392
109982
4606
18012
8652
147095
11341
314929
219188
15237
7202
62899
3856
28714
5737
45823
19672
3164
1637
467258
14480
160163
36143
39545
8719
51098
21077
53502
39269
32376
63171
773121
2876
54861
929
10378
49180
33060
48941
561095
9692
65313
1707
7058
1906
360
4956
48352
6955
27664
2314
7303
2706
10949
127855
9227
1389
9393
33016
7788
45715
8137
1614
50165
23241
67773
1533
237647
37427
83447
31110
6428
1491
4346
7905
99695
2052
16268
117925
2739
2378
4682
467
2170
12825
61625
2614
70199
25532
6006
395
20729
2706
3164
5351
378646
259553
1168
3456
144722
12866
240181
96380
419162
8162
9058
5648
23354
7281
1214
526
9539
1080
569
3193
6780
18513
2305
489460
76459
52116
4298
2546
8138
5199
44848
1856
23072
1755
114148
4615
200686
29968
1186
1847
3079
850777
125711
76988
987471
5206
9482
1206
7583
2717
91711
133
4056
6206
170660
739
12529
20072
36064
3574
10671
25252
48093
52749
93199
800731
7393
4282
3113
17094
63766
216856
318050
9902
15561
218659
90607
224110
79115
13575
17705
18722
33682
86695
8152
147913
4515
4894
12167
12301
852415
300066
11611
118377
34571
21177
1016952
20190
83911
8556
19004
288476
163197
103804
32257
26769
11930
168947
24532
414961
928093
473687
113949
54356
14647
15570
11248
82222
507442
4963
257048
32521
40679
70249
72396
240152
1179756
11586
51919
4480
2187
13778
12663
2445
527435
4387
761320
5189
2413
4195
6118
1052
1033
2219
23759
1459
8814
2069
14727
752
12642
7902
52756
11843
2050
753
42226
14205
92646
17981
517068
10803
35299
803063
127118
7894
135593
10356
243946
13605
244249
33732
226510
6030
364162
259704
31375
158401
9591
761
40242
3455
8959
23373
18852
324066
4971
673
9645
6644
4799
10199
3425
2287
8131
148276
12683
824568
13157
1625
8365
12263
88233
9574
12768
11938
17272
4907
41942
1062
11338
2912
3315
8891
2697
1024
1004380
442091
7708
3643
17061
13337
12160
2345
390326
7258
1834
12179
60545
20750
8624
5510
47954
13632
2957
5224
20869
59988
14230
4658
6945
2667
8713
443
2924
6582
3085
12470
19331
11505
16645
2037
9889
2452
2327
598643
23258
15823
8367
6236
3969
26038
6949
5902
50406
1365
2558
4809
32305
14408
11462
1618
11650
40472
1859
528
3005
2354
9056
1521
25467
272839
8350
233
10941
25525
26951
1941
18431
7516
97030
158
1751
1248
72002
20109
26378
5041
165190
1454
4504
1113
4205
3258
4672
14242
16241
465
1645
62799
16761
12953
145894
353880
8339
4975
18223
195715
12095
28101
108786
5134
78618
77493
540162
38807
29633
10369
219162
3815
39436
264927
600739
5915
34477
18795
154144
264945
16504
8083
31122
63014
21903
3397
39658
18784
26132
13208
42291
42493
106808
144898
162790
25054
192576
53380
53775
34009
362844
522713
98640
49810
117189
110118
141266
36831
98765
13678
38352
2798
74654
8970
26870
18406
113401
60823
19666
58044
45797
21738
333526
56667
3978
226461
160467
20470
6592
10306
2831
6210
47512
2529
56891
3231
3218
6394
14341
11623
2216
1127
13545
1164
60380
971
196767
2888
8349
1576
642552
85221
2123
6375
9680
23765
25542
178616
361638
14337
24991
2353
24338
38999
38890
3483
60688
15198
134261
51615
6166
4319
101357
3593
25207
35418
320188
2317
126948
51961
42912
12114
31451
13902
70463
27917
112358
20521
43544
58727
78735
37791
8720
81855
13898
411750
79811
1077287
100777
417708
9229
323382
525883
79497
153450
384318
62193
19317
21452
31404
3887
2851
52391
9863
40027
30826
38250
51373
357334
84948
1435476
30541
217706
80173
225875
96256
181867
11594
137333
971030
249150
358224
18967
35205
35328
25680
325353
170124
52943
570176
46828
13570
1087
343410
52068
72512
27215
32477
637665
557067
116789
188063
54296
3622
11605
259421
2392
2672
494
95564
68816
3234
15286
52419
9763
7901
2013
17410
7435
28565
5198
3278
5020
2179
1035
2012
82052
3440
48958
3337
2746
678
5870
9554
300387
7201
7677
22320
91123
134637
4910
258767
240218
162209
7791
558741
20008
2418
8277
270460
7655
3146
93212
2541
1208
3885
4442
35955
95383
46899
78761
19324
6276
1450
110969
72849
17355
17447
135140
42652
2694
2847
9301
127055
25541
12224
120873
186019
59203
184526
116213
25466
458795
2443
5491
814
1233
671
902
6199
117470
54578
10323
206413
39382
119894
4079
45184
882781
24263
239854
54681
1039207
13181
51448
77132
166015
12425
239517
479349
62285
8955
171813
22594
76690
91491
14832
64304
2980
22151
1164
143571
426199
328524
202309
140184
7467
47636
3503
20109
6414
9748
35333
98349
1048
125609
77506
161161
49107
5421
3683
16251
99736
117633
84940
79982
7708
9338
18440
756
260899
877
5799
1421
6554
1815
61797
172329
12052
35064
133615
9551
286811
226606
29961
27493
326920
1579
9357
6967
121228
64685
6786
26973
14115
15310
612285
3038
22754
3646
151220
7780
9299
1445
1536
1455
31128
8572
20477
124143
126241
7313
8664
5890
7436
141312
3989
4145
15332
93781
367806
27577
28612
881509
11834
96388
13045
10649
389331
60756
317037
458
13864
21373
682
5562
401969
73030
48381
123362
6848
39164
4251
1528
22572
218164
446659
63646
45779
107909
1094187
1081637
124900
46250
58696
477249
108231
114201
372510
33620
774193
14369
10166
746
16400
1441
29979
50785
37963
26373
7003
20813
30554
9287
18205
110087
53339
134257
2410
26468
7997
5066
2074
8875
174148
979
17218
856833
37368
3326
9917
12935
389621
28071
1952
101059
9196
9722
3248
146884
171980
16514
11383
7877
81322
2467
48143
24918
19868
28995
2606
3265
2323
23428
11341
2896
1778531
1339
11199
74637
9390
13366
62236
2344
32602
23410
10818
1709
5645
2494
3049
8780
7444
4927
542270
20178
9738
17016
60432
468169
13180
95989
497990
79720
491024
26677
19384
30750
128565
83602
44190
196427
67744
40649
16962
8873
14632
7142
376146
143354
349007
30412
1283
5530
77301
4105
60809
314155
4598
132909
5878
9306
1909
33340
80313
23372
12621
61799
17121
109638
12516
185114
28346
22809
93833
42028
906921
107754
559835
359586
846153
12624
622683
4314
22584
21818
41539
37490
573940
154531
240820
365881
509886
7755
339797
10199
5294
834340
16610
66234
14701
10885
4687
14039
230647
75592
15444
62356
4634
3884
13600
4294
613702
28690
44549
47974
535
1278
8166
1875
37575
39644
24418
146919
18428
37309
188615
73701
8450
8982
160617
15415
18698
730
2239
2632
23111
66177
9712
14595
20488
9768
63507
58759
237003
8959
15320
7911
1681
4303
9236
8423
116779
25158
15049
63925
3083
93715
27044
48548
45757
303912
190864
46187
317842
33063
42796
409760
499123
53546
282659
46748
773832
380116
91395
1272556
311962
11380
23105
9926
12013
1070
44752
6846
307764
42997
46491
20555
9385
3161
43124
49520
100064
122588
210928
53607
395928
1574
126023
37278
736782
1027323
397125
31363
27893
5819
38897
5054
22112
31581
19896
11997
8179
11066
184794
46263
252489
12395
31808
157010
158836
10994
118634
136826
24445
100557
293521
84103
1797
67822
30859
6445
109851
1054625
126880
66705
5208
12868
9819
42381
31750
6465
2610
22395
8666
79037
6348
45079
24385
4337
4493
19074
9795
5153
26396
536863
751775
119926
32123
31880
303476
4865
95505
8565
125650
299255
64978
480710
817673
2273
26221
8398
875956
25463
159778
7422
583563
1480
113658
58848
10503
3887
8480
27237
158480
8723
152713
98121
101762
307022
365535
1047424
3513
1434
106462
19679
234369
210665
1277318
36388
13053
10035
204531
14358
137932
13292
146155
21660
23853
2383
31137
11695
279137
341514
73669
809856
85474
343348
15472
129292
804764
29372
458433
73673
142997
3484
44542
170996
215087
182117
250822
207100
181702
12934
103603
34401
22975
41339
218053
11344
152942
46343
108957
76141
75777
414991
94681
57460
15953
7477
531694
68396
28112
37552
58459
886835
3156
449703
48530
33248
268619
61473
93659
188996
3897
46301
13447
16120
32618
7336
14781
150816
12124
19274
50237
22866
14284
14329
8415
100881
5669
33541
215504
126247
669593
29624
58951
16750
289553
2800
210855
6731
159053
393247
39540
240694
313129
9946
52991
78607
121920
6775
25336
19253
45649
10859
47163
13415
37633
3472
27618
597368
40412
159074
186826
200362
199146
258499
1418158
13735
1697
15610
7827
240524
94483
36968
31199
115898
846527
10913
8504
28496
5071
521
17392
3903
25882
39355
94222
398610
19406
20265
93441
13173
5954
3808
54096
116293
206519
5280
581728
230794
78254
5647
585114
16917
20449
277218
690274
329578
52381
96951
67242
14297
1257
2842
7434
1182
2977
14173
7356
36050
99344
3527
60830
21476
2360
2719
10807
15328
10696
6962
66042
30475
2174
745
73148
5784
136945
19803
81577
27094
1222
3620
12537
151350
13505
74471
4598
19006
1471
2236
26201
2161
39091
11569
305643
21626
7917
10092
5183
12279
5469
9181
4821
43757
14011
669
82993
1559
91436
16171
28328
21589
101577
7214
19361
9800
6135
6478
11831
6084
1049
497
21169
33568
522278
107443
34422
160721
11788
100835
151561
20188
1349396
28414
449452
41665
9283
1068
222535
43534
53358
20432
196056
417849
13651
2510
243371
11256
306044
12435
291283
17715
855765
6222
23496
2922
196630
93626
52817
79215
72594
1379
10189
10837
478229
14531
219955
29737
205015
2137
401766
37474
108104
10906
809747
59709
49982
4938
97162
217542
40615
11183
716484
97268
12238
1617
9096
35459
287418
12769
63028
247411
32762
904
64725
21606
46932
9066
151126
550523
630
183736
590
92872
53359
41433
142626
19324
5836
156430
14142
18699
35233
23221
16057
27553
1516
837
1903
10009
44899
9360
111304
36367
1799
3759
22830
26837
103868
20347
17654
13696
5852
17362
8100
36115
68081
15807
99684
49661
577833
266717
125131
262981
85357
5658
10832
8677
1443
3852
43981
113734
30578
6595
22855
155432
8746
143978
57568
55805
23333
131188
42819
28006
648
141796
59079
87754
138520
1010104
199898
143442
16158
2725
6503
4242
6352
10442
923
4875
173995
50278
76355
72469
7727
8532
10395
34103
459342
329346
253723
125566
34466
40388
32150
21815
196892
50065
51087
78211
38448
16783
20924
14353
22957
412779
37428
162572
90288
1048511
65482
13733
19298
12688
339385
6713
100385
3144
7009
5810
34876
5293
5548
5280
4559
651
18107
1544
6959
48
714
1072
101264
2309
8980
8033
10056
1591
7798
1624
35544
7588
45141
13794
33078
14406
117786
148983
74995
26565
136791
45305
197076
10483
206187
112424
90777
5525
20132
585
8765
743
1598
35775
295622
10545
1105703
38672
434300
1019
462848
13553
7200
4565
8605
10351
7843
1355
76004
13465
137136
19396
485662
53948
46655
5305
16111
111990
36387
13833
23255
204829
6506
705
3836
9559
333036
3022
338448
386736
375202
455
11754
10358
20554
24168
77188
7768
7383
1458
10913
5541
30951
6250
560801
82081
30264
5258
27543
9889
80174
500
27591
12094
2048
5607
272372
12518
510101
106420
182078
181718
7388
21818
318801
3706
58352
2008
18949
1141
6384
90902
3140
7731
33667
3381
34871
47868
25436
2492
64539
21193
6230
1970
17053
778
6465
1293
7249
2129
5405
3337
47996
3015
3696
1186
63290
1265
9395
3653
98272
2413
8214
1559
159713
2376
7133
1324
20950
3632
24206
8508
26195
12354
99364
11535
5197
4479
8991
8893
15179
1753
121622
15708
30337
42630
29198
12471
37233
2624
14876
20018
29554
1516
2673
2506
48033
1213
26491
351627
584808
4047
15546
7909
43871
3265
17776
9558
4596
15830
6385
537525
9502
67658
11061
16275
10245
67713
28971
11899
26217
17345
2778
20903
11702
1827
14826
3805
18814
1992
5080
2465
40470
34748
2988
6049
66456
1461
43973
7265
46350
92939
88112
5111
127966
26441
98768
12201
84365
66465
66692
24775
29508
14490
1804
8709
1628
1142
4607
10422
1701
3600
4993
26785
4780
13263
10608
4230
187148
6236
39515
10145
26882
622
63105
12505
194208
653
9659
264689
129228
3891
16724
5122
149741
9332
4406
1256
30362
1231
4330
11935
187536
8774
36786
17077
56095
1759
823
505
6176
11367
3079
1073
74188
7100
218095
4062
18371
1132
442920
10071
39021
17040
23485
741
289098
2736
7462
419
22250
7623
3164
271
749
8981
4647
3002
124867
52940
24607
2694
5498
36306
83361
25503
5025
35691
6717
7458
4978
6701
13329
4286
4413
14235
78754
9408
4757
10783
11671
16787
97899
2858
9166
1319
2845
5091
2791
1387
800
83223
5125
3236
2562
13080
522609
1351
32426
355028
76438
4997
8254
105073
43001
14097
41669
519256
50295
3524
13971
40101
317069
6150
182408
389
1223
1417
9726
5273
22318
90344
4375
5091
20551
1753
2504
5970
1425
18103
10057
9483
208
7356
3882
7274
21403
8503
9275
1910
12222
5463
3392
1105
17709
2573
6660
1468
9832
644
1951
7713
7888
1430
5960
20025
1037
439
125578
10924
86693
215488
5739
288915
75358
13459
14291
39075
142148
15895
76121
123574
80395
77895
68895
314652
122357
3612
18982
5241
6778
254191
159671
2321
70303
23193
25078
122783
15933
152411
10561
80744
79399
93649
422577
866579
4492
22523
21908
41045
598260
16380
302782
31660
79813
13576
48199
6222
10067
84076
45241
14067
4112
6329
69453
8468
15471
320550
892773
268208
35335
2476
60420
9036
31563
13751
57656
7201
801
1719
16170
16273
150102
93195
140093
62934
37734
62106
655796
34959
34584
85240
11312
2108
4434
256982
2569
6329
250159
322070
88394
225210
5998
1437
27804
2613
5612
19886
318551
11604
335618
8928
36046
4042
311483
320536
125227
56188
13903
116702
11922
252997
2668
2086
885094
9944
2480
1549
3937
11507
4241
450077
13626
42693
3253
5435
17797
51909
133027
523
122136
5591
239085
5728
3384
3335
14635
6301
34478
61493
499511
34198
7014
11959
18121
11840
76903
6146
17010
1219
29585
3922
3611
4292
22799
76890
17923
2056
16320
41211
263097
123488
58501
440832
329285
19889
293061
37407
47593
80408
416086
24994
38831
5765
76813
23681
261370
59322
94717
7843
2999
5650
4784
46100
511371
9078
17867
18675
35446
40203
10067
25891
390749
11199
176939
29496
21638
53798
1304016
35845
838197
50291
270210
9516
66921
13882
35884
51520
36338
6858
213369
3892
26814
12492
11892
101195
60815
2848
79144
149927
82150
35789
41331
121043
667095
88608
101459
1685
4125
19619
33467
13810
214914
611145
71500
26502
3579
2923
100558
2368
69453
31339
59579
9228
3299
2282
270825
5423
13937
73302
12584
13957
9879
950
37217
15941
851937
85496
54833
20642
28814
60810
19139
1694
118696
12230
31450
95577
209636
12562
230925
16585
178402
2187
177468
13096
21774
984
66055
4090
43823
38777
60756
294980
28350
1950
8365
58272
13319
5592
61557
8014
8230
142520
40041
67801
8648
61447
22344
435497
278731
351658
1404
8878
1227
1590
2856
7724
39157
91718
35651
44810
1454
962
1075
7620
5655
76968
452381
35414
42234
8685
40950
155141
18449
2878
24229
16303
35915
5116
194436
4427
19358
6421
12679
20209
7681
7846
1916
5257
9119
152981
7860
7330
7765
4991
17430
19377
26415
5677
376520
44304
25410
5959
6792
33273
22342
22698
2753
8737
7840
212258
35023
95429
6282
10093
3220
14817
9958
185219
127865
98989
9758
5534
20824
1332
31399
223921
11351
4523
18191
930
157232
11341
112958
10575
9358
45983
15382
15326
458
8438
351066
140249
530320
77047
67838
8159
95814
17518
7164
1134
7662
1096
8343
6609
4074
4219
12837
3269
57741
18469
120819
1185
26681
40857
100725
31952
5108
83293
3635
8721
449684
4904
10099
2763
24662
350730
65587
2095
10624
7321
3767
321987
36117
99934
15889
2108
3409
9031
36238
53286
11128
4787
7105
33048
52437
8281
221006
254001
34423
62585
7748
1479
13313
25280
117322
370253
49374
33061
59246
27527
37792
10652
685421
24392
141418
6408
69361
270942
72049
2268
81956
21659
63302
10217
288414
68222
30446
17429
30755
18382
174296
51332
1501
13420
650
31012
6169
13146
12541
31270
12601
9937
16160
146737
17066
24309
319691
3945
5616
945
21293
52424
33875
18391
306493
4581
11769
10992
51575
127729
85084
112422
6004
46416
15028
1576
11362
13868
109905
9830
13606
32177
37138
95354
29864
122933
59626
10452
21985
35878
12376
16388
157630
31922
69484
20415
84274
100190
43498
25368
22026
36812
