391262
974268
1658633
188559
1435309
764390
2664770
1005005
1129499
1211528
1810845
1552235
2125390
427013
1454584
298834
750492
2491590
563064
1388908
1068588
478344
1076734
935309
1644177
1458672
3536304
679059
222706
1297716
2228022
443517
757751
1566037
2761401
1304361
1582082
1485058
1222646
1962989
1785600
2317093
1507763
918001
1494793
1081979
1286285
2093108
1182774
1791780
968351
931069
753258
1350685
444544
709268
1828362
1605336
2090720
424945
1024557
165015
1165578
339773
199580
637373
1982858
991823
1548885
651323
1439148
1077536
1521754
1750161
941785
1128319
737893
232613
1463689
592857
950811
868400
1070222
432151
988208
407138
396812
771554
431661
1364042
1250984
167809
2030604
291989
2344800
1079103
1542660
1185411
808911
823708
1238428
421631
1073710
1150944
1838128
3189907
2547120
805948
591388
308043
1390151
193911
1340360
1307577
1177545
817032
1444011
1331876
280021
550141
2477967
1053928
3037046
382862
908031
853735
944436
710300
1983572
2139100
1163544
1131472
1397315
999142
1952982
1539628
2065684
1493690
2888069
2188422
1403551
1942038
2475700
951164
1913687
743409
2094873
1034239
798934
1413157
1107518
2140028
1323626
647450
2345206
1535001
2003254
1839331
1319572
1229065
2687663
2140670
1505459
2521630
1586839
2228103
3053723
2159016
3625119
957630
2594525
2413952
1711021
726994
2720805
720013
2295548
366612
1192544
605647
272181
357472
934846
905813
2516851
871446
2077578
472231
607610
219814
1320286
1194020
651475
2092557
859777
2009326
803210
1156460
1279702
584279
881225
1825069
905509
1109702
610621
660928
571984
857357
208019
682092
1633635
174463
472835
274675
645433
1915507
968929
427951
1254771
114047
393203
184567
1071160
724028
1444756
1011017
3575033
2194050
1381028
1356595
517070
1123603
1633962
2574565
2968106
1752979
677166
353733
557025
341450
796196
378651
1388795
352428
249764
274113
1112950
202931
1437871
861089
1751532
660155
379281
560703
1293068
901504
