24756
101580
24491
14225
11779
94910
18569
472216
18045
88482
30394
35226
17902
28989
37306
11932
4930
12428
372732
10882
12098
60691
51508
201111
523607
107939
69196
61324
64995
633411
365961
38529
69459
54834
146238
26514
304630
655775
900274
345119
484903
28788
233946
34365
35338
183298
145794
77234
39691
15689
20722
13964
13462
265863
33977
18693
140587
469433
10906
35276
4272
118573
17410
1905
12803
6409
82534
4864
68505
484350
31662
44394
32438
22821
607766
3591
2943
14089
3582
30461
20295
9285
178017
11484
11863
118472
21699
339313
22894
17676
102886
108153
25710
172533
180871
515425
21448
1742
179042
559264
356985
237743
606252
25837
16732
68384
31267
55619
20415
8741
18810
58812
4294
403390
168201
33006
564227
261086
28576
163798
261761
375065
354250
150807
22343
98540
141575
37086
87433
594016
903216
182960
27936
14371
27214
137736
48942
141149
208206
59780
100436
13985
28548
119128
198032
533597
52465
184763
114599
481706
25487
425164
202922
389994
528264
995119
141974
289864
26003
34795
522973
75444
27241
107444
149655
335395
550285
234998
77914
139238
112709
163461
15350
60111
89876
426332
23750
87842
66237
57713
212901
207916
59360
475308
123503
85796
51715
169687
127068
72420
193381
25540
21540
64603
297371
38630
48407
335375
656697
124493
19759
34765
46460
7987
5754
9923
11748
446411
71177
25479
15311
35608
21895
234850
17437
122554
33132
13625
248890
2598
10718
18659
31411
256357
146121
152508
14186
95740
13467
92369
526926
60785
239685
32587
583573
21825
20360
4930
25728
29638
24765
326037
15937
182204
3630
552555
579080
12571
586355
70495
4856
2551
6967
90835
17595
135978
19365
31860
66134
7865
6978
8705
10277
8970
8970
523056
18751
71282
2114
14109
588826
4505
3619
35867
105864
10866
294421
7714
241768
52241
4122
696
1827
54231
22047
19411
200438
19405
126151
6076
61827
17277
24164
10364
7031
58842
600115
11832
19977
284473
66155
5107
35533
6804
1966
50491
15617
21491
13817
172028
5560
28431
4445
24500
28208
100612
13219
54723
13294
2992
24647
23454
59920
12094
11488
28072
5513
7172
173560
92541
136940
323085
9369
15398
4876
41972
7316
25031
13636
5952
24312
15746
107130
60289
27209
110347
86065
8316
16858
29230
781856
130815
22434
27472
41430
127054
117474
228533
56574
9245
110227
293674
63162
212766
50276
723
108063
19068
95373
72923
73181
4287
15825
5215
37267
129922
101706
135780
374316
12759
445203
11630
146701
44091
297366
9189
153641
25622
1554
96546
16117
5001
18137
164699
7159
14378
29051
2123
561514
9450
153340
13105
178179
327182
1160
80163
689361
7492
444657
70484
934
143734
8837
139310
482986
20003
95422
4306
350874
23376
54415
376965
3039
280762
822946
101723
554228
13630
510014
191603
56785
16768
39610
19569
416986
20497
47810
17757
67321
10986
15796
408988
19866
144088
174921
21350
81125
9480
20628
16019
17675
20837
27247
6355
372069
17591
116223
118625
106129
35267
9660
11591
17137
5939
558464
18497
20661
7988
38061
6187
332256
14745
28598
50058
26222
7909
68066
40817
164562
37484
60588
630123
105680
27111
250978
195451
36267
67507
128645
154991
478068
178541
62011
91396
53080
43364
13855
11661
16698
2440
6620
6942
98085
12616
173427
38429
60220
8238
58277
237057
10307
77319
53994
35469
200516
28422
279336
360581
35911
64114
546442
358245
528503
34228
228555
23226
41594
191608
13402
11713
116922
6409
1600
2760
68358
21065
9463
4429
29478
28207
53766
6309
271761
52794
76691
62867
43334
564149
16690
8720
9400
144961
216727
80998
329576
268783
128600
48152
325549
108210
109573
668506
114414
435151
12117
2637
63478
115579
24604
56197
132005
412042
125670
4194
27904
13202
473979
421569
25569
107023
7683
272483
23494
270065
23684
754144
88120
882168
5065
41293
526139
89910
16523
120935
4019
328974
109167
326761
81705
72290
2852
708396
17905
127591
4699
10239
412269
55691
436100
141988
181331
14954
382149
96356
125716
122710
56623
66893
34502
918146
96305
5005
581046
711230
462624
10678
193510
20296
60142
14013
350085
272886
18661
12917
28903
151818
48456
36643
45849
27234
147240
357386
290142
682810
18044
20378
52248
59561
193322
118421
186512
18555
80584
22262
84163
602485
36718
42565
1007982
12795
10714
46244
14955
302472
132993
133265
959057
61540
129890
134990
66910
135412
466818
79141
158947
108251
63232
6118
144469
139022
149141
46770
279028
88318
50309
121567
385499
200259
17628
22598
42654
11677
14203
9369
7031
165496
253181
285918
491389
334668
187606
11868
149099
163912
27504
178130
35159
17054
12672
104988
580852
74265
61299
26304
259524
38691
13002
45351
119908
13561
9047
75951
139379
21926
599181
176099
32122
41994
45156
7302
34520
29804
16964
19359
476436
59964
299252
149628
62446
147685
211585
172253
76699
227990
338475
432516
572045
24825
176165
9893
121897
96928
87201
18053
66887
25150
16007
29682
80867
33671
111173
86584
111254
53515
53855
6238
34447
24100
16598
12810
23150
11296
12355
20064
5781
80745
25154
237993
40018
168565
30752
11321
112101
32843
17771
28493
94178
10268
47755
700855
197178
59927
97251
38174
281944
381190
47721
13098
305642
5575
17018
16305
97936
24865
20686
3572
3390
33409
71383
4418
60262
64647
8486
2087
18652
5860
3933
20486
31144
105434
142789
2547
12826
19201
17388
19151
130800
27370
21737
108040
435924
24658
12085
66479
13026
12793
5120
9170
2505
23113
44959
12074
121255
24677
4514
11716
37874
49939
34421
13960
311493
8859
91519
87541
110843
30993
7749
14264
107927
23003
24462
34577
77645
107659
31284
52723
1987
5867
11482
2389
9050
20207
375007
57871
16327
7032
164849
708
4495
1912
24049
6570
44828
2253
11616
6550
8183
50513
57407
9137
86956
46978
31490
223781
45442
5734
29719
9058
249881
184636
114877
8131
344363
15085
36435
65369
4719
138793
103412
1568
73128
36474
240468
80721
221542
25395
25519
46239
495535
11988
43605
97051
41353
433858
29142
7284
20932
50517
127869
230145
162289
97582
18192
31564
135780
237592
63273
371021
237680
105543
65117
26703
33522
67972
37840
74688
48397
33403
114607
12928
60880
61369
427876
24968
596987
138568
14263
6563
210010
3007
136203
22938
420382
92680
10177
1914
42766
337063
641954
5197
22714
44956
2053
4092
3114
190042
23602
2478
56462
5961
366337
21326
155630
146334
517798
17021
127415
102075
1664
2681
7869
71136
17014
652327
15003
11453
239617
11165
47313
14201
329909
6864
365527
58371
74977
1853
24289
13369
43732
30258
26334
116244
42107
58535
25582
8607
143458
7800
55012
6668
11320
51754
103818
15768
18370
46248
27960
10270
357404
37048
120407
22473
55305
64221
422224
5721
28175
19388
115237
3032
3636
30357
20942
13237
94933
356169
147290
175245
157236
650006
13660
3220
118871
63471
127164
7947
35621
77180
45467
116102
26284
181198
899644
38744
33225
150148
27114
246417
56168
194324
95291
18122
18384
51171
2253
545
1275
18588
1057
13108
20634
59309
818587
4210
9891
4834
26607
9966
4425
2272
519805
296527
14622
51655
23472
15225
38611
62767
94224
14918
2080
3131
6529
8008
2240
1619
294360
3052
4885
11931
4120
9205
33242
20440
449883
33397
58999
1588
80239
37327
128852
2509
3347
3274
78287
392618
5119
54424
15601
274199
15649
10808
85441
75279
148138
29443
13186
843
51215
3055
13821
116113
5562
53147
185538
5403
102446
10632
3158
8449
22057
152364
195940
92957
372021
65636
6398
1163
8404
53920
247972
14292
159043
31707
109901
11198
81281
5426
176201
19565
1590138
56918
338732
105316
718509
22459
161170
8478
65324
11190
317252
264639
20565
25727
52562
15963
121184
611220
26320
12961
315533
60465
177117
90960
69508
6931
18610
116468
457277
17045
117282
62860
271998
11095
16330
5500
49528
17697
136585
119524
984459
22440
27215
21220
44661
5418
11388
4481
7846
2466
44039
12783
7759
13233
16256
6928
8707
8789
17537
4415
4359
1679
14380
3980
18401
60867
72977
51061
8903
94795
2380
16170
110479
918
19870
5270
28202
6060
11353
6591
3356
1967
89661
443341
28919
16572
21738
239670
115407
65241
95705
33836
518338
5894
355989
37832
27961
6809
64324
95657
43508
65184
33813
5879
175548
25451
29468
19991
61273
13285
20345
5208
28543
21537
12379
19022
4788
28198
14410
23996
55294
41538
7605
6302
11804
7391
103168
37814
33555
1501
1162
13712
2626
77145
4054
458625
231414
167382
2818
6331
1880
3470
185766
6313
140318
521
817845
283366
31804
26405
14947
17080
95594
181088
25896
16821
337099
13458
7188
7441
9298
2415
37159
17346
7534
11420
6286
415094
10107
124021
36834
39847
17555
5180
8540
1311
10487
2749
23004
13589
101615
1808
18690
8617
72021
33293
4320
7735
5018
1406
7363
4577
27510
1126
3836
40085
71191
137408
20639
96369
409444
11769
19209
3653
156785
104318
39922
645
53420
20253
708229
107295
14130
54579
43313
238913
277572
48910
23323
6724
15890
3071
81103
10167
69191
19921
7306
5189
25908
6045
203060
14232
737275
17257
100611
112093
212482
39154
42125
3259
36455
1183
24033
32
8070
1607
17996
86493
21295
78771
63155
8190
125938
16614
658734
519004
172405
4902
1680
74802
7261
564692
7950
10513
709299
777904
17499
2613
53978
4885
292753
10714
168741
137558
21481
31626
51073
521126
47254
168421
153592
44671
37064
65074
286461
27386
534630
6582
64095
2396
4331
3284
14378
1568
43353
243288
126237
11583
16561
27878
49670
1146
85014
82063
5684
44425
19861
26757
804035
32198
89539
26817
65195
12062
12018
5837
24080
10245
3825
4043
62038
15558
6744
3602
7177
9830
1046
6557
47808
14768
11547
9752
41776
125211
71345
98851
58114
545802
115831
14980
23010
46217
161170
47611
900994
734181
29592
9812
81963
3703
15250
457789
137263
58752
46490
20108
494326
15102
276747
13386
120514
88401
96116
19510
82514
63141
89545
25146
999714
1793
234175
6532
9790
26048
343179
260265
753827
20353
58728
16240
23948
11538
1997
5189
37077
28133
25043
24308
149939
5383
8062
172576
4391
11186
13447
47921
6768
50925
19519
14436
49678
13214
34214
6584
489942
39492
94838
18821
9584
5837
22392
6530
109223
3580
82051
156422
3663
23596
5282
506
8711
8256
310121
234883
171592
237360
35628
3327
31620
33933
18838
349024
889448
184335
519221
6348
103695
10001
265176
282982
338149
40676
4054
3798
18488
322923
7721
1928
10874
2711
610
72221
12561
121487
571
373679
114695
325211
5009
4394
564538
7922
460597
1014
59409
54741
112567
7512
106627
7177
6232
1898
8079
717109
116497
51384
842759
77557
16891
6975
104375
2428
140170
58272
7123
23788
422179
1126
54886
63799
5764
1631
16777
17645
122557
88286
122691
720089
12827
8990
4993
20981
142012
274698
336074
13147
8283
214479
42326
237009
50673
10484
17231
54446
65723
63094
246073
125692
22184
5022
99598
6132
715065
336437
44263
115274
119594
27782
837802
49205
86880
16964
48695
194912
261088
161871
472383
28219
12243
115648
23027
323016
807056
334102
103602
103577
27508
70746
193392
30009
480408
34529
781148
48194
60493
61309
91969
172266
1362960
71384
62213
10887
3968
16632
18228
7090
551481
128070
672130
18741
3636
28190
16297
1929
42828
7171
299270
2642
932
15375
9401
7300
19831
7336
86987
37392
3479
342
32684
6651
140380
13834
653330
10423
32189
729166
102450
22662
125464
42357
507449
7648
172155
248473
168854
32591
318244
140614
47835
118552
10415
15430
32755
8397
16223
18378
100322
372475
5853
6742
12206
17113
85600
89150
15136
5297
16113
73131
451812
664363
46178
16299
21693
97378
84550
11703
21076
30075
42066
69560
14584
2809
14863
23333
4464
27365
6884
11279
808216
368622
36777
34554
15821
15818
23906
19750
474773
23410
4267
76624
72415
137565
17235
47670
71368
190268
8190
4501
22398
51932
13121
16839
10759
15052
11341
4670
3559
6428
5588
9848
26683
16557
16136
3744
10509
6448
541468
459209
28621
10555
7439
10344
3220
84509
25087
3554
61424
79229
6352
4578
97318
10595
3955
965
23969
20150
2923
1379
4396
8598
9048
180223
31029
200829
1740
1619
18067
15575
109549
6723
22459
16871
91475
7647
1212
1790
60417
11570
20360
18301
149716
4493
235502
12213
47328
3279
34353
2807
7370
8394
4043
118455
77458
26055
228361
255044
10674
13932
86838
238251
88315
28036
179439
4839
152220
49258
700679
30474
77686
10629
496753
17194
71908
275410
560218
16412
93115
68671
210901
360244
25408
11051
79752
103480
27187
7894
26137
10293
30391
48731
49803
50733
123325
151879
126126
35799
82666
120053
26249
41312
321137
486969
622336
74960
615003
256271
133246
128379
169746
10173
64936
25635
83704
22033
220035
26028
106614
109548
16104
55656
46090
33349
321630
36016
18370
232752
86740
49834
8688
444062
17567
10930
34196
3127
85003
101357
2783
16714
28415
25212
7415
7316
77550
1806
118657
17502
128033
14448
3025
1681
606205
89715
5192
9211
16453
15850
56260
461704
316461
25287
39559
54410
18830
23067
105772
2204
59705
93276
54875
96373
39747
18999
112378
20833
64699
73847
236152
99434
122988
47125
66513
9816
19478
36117
68833
60938
131708
29032
90418
69352
77317
38648
19665
50930
22215
528051
60919
1236689
95398
327063
11084
253627
488225
123136
90510
514579
262934
25359
21247
20343
12860
392509
35968
10595
67977
21220
38082
81777
316397
124288
1609573
29651
198846
112995
323792
131952
180799
60532
178219
1087602
173787
298172
34489
51047
47171
99202
312862
207736
46818
451943
57271
98728
9015
275795
121936
158499
37032
35741
483366
546722
594629
229404
83217
14840
10014
284518
23556
3914
2232
171317
65302
7627
162147
79700
73531
197513
141699
42127
11545
32671
7544
4297
5392
9473
93185
3821
38340
300151
37824
7707
2382
3141
16502
31879
212037
16364
5086
36881
198071
130263
5031
557473
188593
126639
545936
519875
21144
56172
22784
173976
30057
4296
71049
4864
14049
10061
22379
53078
144665
139926
65957
20335
6341
8054
90597
146164
17728
44721
169132
39719
96127
23787
31663
182507
40904
17186
147089
171637
156539
163684
481428
32283
612146
10394
20298
410594
1219
1375
38471
23046
279105
317976
10178
256870
94483
126801
31458
70743
842282
26536
311261
62651
917417
4067
119139
150039
222169
16182
174767
369684
39908
12843
343917
47639
76545
607990
19965
122379
4595
7265
3010
65961
372035
410264
229117
176122
10017
64473
4648
79307
19618
25200
160854
142984
33735
637788
119316
225481
115292
7349
85312
17144
129948
160431
50370
140235
9884
5589
19384
5444
271199
2610
13268
10144
25314
10256
77242
160347
18163
49152
103340
35911
262692
314721
216487
113850
450209
8208
49567
20437
212138
141330
27391
74778
39927
199337
591616
189913
281613
11454
642665
6978
18866
10277
6758
1795
42056
21843
66113
79206
147637
12786
38574
11260
26447
487357
11295
8153
36726
301605
797133
111089
242270
593995
365620
186400
55085
12243
271690
21311
716924
9978
54574
5687
2144
3661
276482
33964
114619
66739
9787
69629
28018
161505
6428
159661
388873
51797
130379
100540
916119
883732
132486
284196
61086
380339
107936
65767
341184
35310
694466
23554
12334
7811
13105
851
17850
26230
116156
16519
5825
55051
377465
406830
350930
101046
99872
97304
22931
34536
25710
10858
8953
32643
109364
3608
46539
781847
13976
24804
7680
50694
312677
40443
2677
91200
12053
9538
5917
183266
260498
57793
46209
449075
76642
13326
137305
8737
17672
135455
16982
2667
13908
52074
360137
11705
1419385
12189
68125
74376
49129
67650
515539
15789
53658
64633
36293
1510
6203
5885
576
9850
5167
20532
459565
34505
571684
21196
88872
410549
63240
128335
659196
227891
992739
60427
38146
27402
130330
81375
40373
318212
98765
24976
79666
2891
10099
39600
428051
100506
485347
12043
11106
42138
72492
5394
120908
152240
8220
116031
96382
80683
2614
6598
126359
24401
88736
95040
10996
89052
55550
310896
31884
52149
85577
70988
745457
56697
926490
292927
701676
15918
670370
9011
48679
6467
33831
25139
558467
127845
532308
251416
421678
8428
372030
14668
79141
1087062
121655
61322
81841
27819
11226
10350
246958
124616
146584
24307
33051
2043
7892
8258
472287
80362
41114
94718
1786
6506
71002
3926
118454
44940
29500
363254
7592
85640
180503
172429
60425
20056
408041
34631
236222
1432
2415
5875
32094
22909
30143
54769
67895
228003
61072
155675
281852
12013
31091
7880
28643
55006
14027
14362
119198
57765
36329
71425
25244
77867
22478
45632
27863
283144
130235
61058
364249
57415
67520
443975
461641
57262
243768
69853
681805
334749
220110
1503815
315716
13900
47045
17955
21132
74703
36637
12253
244805
124273
52956
46134
23026
27761
46992
137432
146438
182350
233327
48646
1000531
38902
290582
103323
708974
840035
268380
53380
625822
6220
57252
18647
35959
52234
81560
17257
17100
29579
200292
56506
376200
35600
31244
77317
745834
29656
101612
162744
24763
195393
250756
59082
1840
23358
49535
72507
107544
914408
84046
117044
8988
7901
25277
82471
43221
25091
14888
35347
3113
64716
435328
72741
61893
248570
16043
23204
30910
8063
81172
446210
842580
133998
79455
56604
333695
18899
163495
47844
237116
391731
157770
349891
697820
3687
41370
22060
782285
51411
132674
21718
474187
8907
166025
110412
56784
11829
30437
241375
242367
60894
182970
84454
80367
296167
268426
840870
29498
88021
149901
113352
185903
568382
1002691
619328
22220
49707
267655
77450
231959
76701
150505
32029
33083
433770
55286
40132
294258
303986
63330
680242
105345
237551
27805
200465
616129
247727
1203769
146723
236134
472341
88703
172451
218800
683557
245670
219881
127915
34781
89377
120309
33068
56731
273251
14113
94343
58755
42777
106876
98138
312494
129949
35308
197537
15412
480623
248421
19957
51537
61514
746617
14325
309893
48871
59438
198593
206056
89573
665728
16584
43881
7180
86470
52352
4203
33317
90877
20278
10522
49583
76004
17367
186726
56200
47836
6229
36753
231164
268005
719493
79095
101739
27063
264197
102430
289693
167106
602242
409000
113768
327918
289443
22445
90569
167347
475254
14409
18028
45248
14791
58366
30239
32451
138046
10078
38722
683386
439268
224091
180969
188254
129998
703223
1180962
14305
47661
21172
62870
277888
87108
53592
46367
78621
659472
95638
15162
5620
7623
24481
39051
3291
21613
39704
93421
308713
135619
64484
476515
24032
18274
11318
65844
55501
178735
42744
489569
319630
111473
13454
659847
130172
17567
290462
539458
251999
26794
644876
58788
22175
25351
19197
29446
4522
5210
43996
40916
33713
43343
37401
61974
40415
3611
46112
18341
40759
25797
113282
50541
27930
11864
491
131441
4156
160709
257518
109477
26278
3379
21943
5244
160309
6412
493972
17487
120918
3728
17377
175237
10704
21532
32804
274093
35403
38824
66673
5999
41043
5564
56296
7644
75037
181976
8267
61311
1957
47567
17668
69304
77802
49160
287962
199403
16925
8969
48543
43444
17978
2232
1012
18892
36651
489808
171261
38176
128677
12941
56020
195460
99079
1267204
38842
494003
45224
83748
8549
184571
32447
217285
22914
217926
395763
46560
5501
155880
11129
199003
6353
221931
138947
732257
73276
199796
86449
271527
80029
43188
104048
193698
10287
237585
16871
538139
12975
545813
166935
187485
19630
630352
107936
100942
55302
1034323
112532
62640
51041
177470
533001
25393
43688
702463
33539
19719
15079
211859
61726
202168
15530
155712
170918
85924
1864
199754
21271
218658
53335
348035
396091
2316
90854
1788
83257
90304
34667
131570
40686
17695
123217
32145
23356
13287
16264
12257
19141
3662
85869
6458
14664
43691
16909
187512
33445
5775
18531
31527
28886
116049
116275
9247
54633
10300
108950
11744
34338
92084
30900
550786
104205
525354
364979
143404
316073
399105
50425
48391
15972
11806
109786
36742
85193
89394
8577
47602
100283
17256
149115
46872
49129
31584
382928
42520
32701
12233
143576
602686
73398
163119
818380
235931
73768
32958
30252
18426
4295
7794
73008
8627
1678
93940
57783
42894
127556
46916
460465
21264
21292
388353
241504
338057
129302
57390
45854
69317
7900
315844
79781
135673
48475
37976
5376
58881
14214
109684
529857
143446
224398
50506
891751
39201
7387
75812
14191
254379
9958
125857
6637
11674
6568
51438
478588
25778
10241
25449
12290
10362
24320
50102
56627
3931
30568
74546
7222
54715
15518
11412
6333
6820
3929
86349
8742
247401
52932
30153
67822
113452
608381
123948
74261
92033
28961
160477
11056
348653
65501
123638
98977
18971
2681
41084
18324
45680
13549
253334
246406
903863
190511
369815
4605
399967
24332
27749
14785
85932
3425
14546
4683
56935
42311
231744
30967
425072
68502
12917
9297
26124
47686
18904
10170
23386
195910
19043
54633
8847
11394
411927
7519
382406
347865
962350
2275
36736
14391
42733
10745
85481
12060
16187
2030
74736
12610
131574
12570
475391
130372
133858
18094
134412
27227
61735
33649
57433
8914
6713
22049
302410
19849
336387
106935
208434
218104
20809
7257
478332
22121
40393
16533
28151
823
13059
634218
5043
14733
27149
74379
102756
36940
33221
2311
121292
8537
11657
24766
6549
2976
25875
20664
15978
8149
5468
12058
60914
1244
8023
2745
128286
2038
9036
5228
150165
3101
3409
33419
113385
18350
31118
3204
20174
8168
29105
3916
37164
8368
53453
10366
11656
3303
15587
35877
10626
10263
144717
11990
51530
32491
38694
12414
54989
10621
12565
16142
29191
3330
2308
32519
137188
3857
35038
214116
514377
7356
32442
11308
95668
22322
36885
15738
442959
128748
13698
446223
15669
170312
9348
6481
18921
65310
7653
1512
30904
19176
801
21877
17613
1750
3605
5120
17350
15188
15273
4446
73339
47488
15468
2545
95851
3606
27515
5748
121948
90308
85464
7451
75075
260896
125404
6170
121058
81131
30070
31856
195877
55328
4753
12371
2736
3318
29937
13068
737
3185
6762
84410
30103
24023
28722
74318
110224
18658
20263
5202
39407
7487
132967
20642
646618
2675
95269
277384
86555
12282
5012
202
232856
15652
5760
19299
79477
1877
6332
14045
99735
29517
20461
231956
36651
15848
5929
3252
16113
97615
3947
3171
95849
14654
173241
305825
15635
3093
388937
19966
24473
87955
19636
424
247154
8559
4493
1586
45618
22196
62956
7152
2090
32093
9198
15977
164113
73997
37601
43727
79564
50244
118515
36312
197269
23477
8500
80973
42839
31160
20745
2742
2133
23722
94109
9582
257784
38932
206206
9366
92153
6981
9357
10025
45436
5834
4057
858
15696
50966
8444
6857
2483
10391
539206
8470
158877
246365
46311
8588
23431
98704
133459
25596
133647
344843
53905
8672
76145
49218
232575
3883
219234
18192
254173
5654
36121
5508
202552
107023
5037
217141
12250
9502
4641
16749
11539
19774
36948
21036
1505
8970
6294
43051
90069
18958
8974
15629
1446
6587
9663
12485
7343
2701
45682
851
2548
1034
10941
8604
7396
736
7286
18376
1598
1725
200774
14974
108447
184278
29267
316953
131547
9123
9945
60583
115965
44901
97360
165685
111120
23491
93543
234460
76600
2648
39152
4881
12760
196766
95652
4712
292492
26129
44196
43018
92616
171601
17132
104647
104702
277697
388587
785106
15994
23980
22478
27556
602313
23211
213814
108169
50384
67757
67914
150905
62658
170377
115047
404560
8369
10305
132360
15562
8370
591241
1297145
189551
20369
17891
49496
10164
28733
76225
50504
211597
7052
10203
76669
34696
224075
250885
175682
116053
51275
19980
696038
28064
122568
139672
26166
5158
5866
263988
782
26425
198123
203001
121778
296248
35783
623
48083
500
15970
285750
224112
10266
259496
13077
84529
4043
276127
265345
104934
55071
16020
124011
278628
154960
26720
6647
838631
44997
2556
43463
56921
33320
20431
474240
111885
174673
9315
13528
27205
182213
204713
118
162671
6064
200070
8460
2078
8671
35165
8216
40235
38073
488075
54060
6361
6454
90249
63208
112172
6846
14263
2140
36408
39586
25549
221631
26752
57441
37129
13128
39658
42048
152494
192009
152325
496445
334896
27696
263024
41865
89978
473168
346288
57946
76030
17180
126709
123915
210777
18223
47571
25374
9119
34160
33917
98292
663298
122259
16272
17096
38690
50700
203825
120377
284545
27313
176392
113561
106358
69218
1059389
65577
1588460
78871
372969
36445
186858
31653
78261
300741
23108
19772
740772
24935
44962
17638
65609
240465
96883
195337
54652
151401
109563
47578
149393
453070
618415
108988
107255
1550
43858
32141
54644
10820
219572
559314
76487
30069
45905
6470
39906
6991
114354
60737
84395
76005
18635
7216
272897
27817
62275
52508
35042
442580
92307
2378
87768
29790
686772
67954
38642
34286
60216
90794
32307
42726
199614
62281
111281
466441
169569
29479
163398
12498
138444
5362
165227
8330
19774
7620
137951
10201
31102
51798
531183
241154
16185
6637
18214
33173
258041
26802
72825
55128
15281
208912
31326
74471
22200
273331
8575
666454
214081
235820
2569
499695
5794
19602
4900
12196
313267
56414
24267
190815
4769
4737
28456
24970
28592
59692
369164
19572
28783
15253
88428
647650
14881
11998
14065
12799
55810
8853
199252
22362
42571
15823
141651
87064
3627
14302
8525
16130
8371
117611
5631
19256
13342
6055
21547
31826
19807
18046
306113
90063
46734
7135
8594
7986
17797
21324
3487
5725
15061
156921
41504
183585
9020
9185
5580
12004
27633
295095
119154
104060
8320
44564
16574
73385
79296
270887
108900
16609
9094
1821
162199
47575
230083
48031
17306
303236
31307
52487
135
4285
470517
90466
533044
85166
110543
10795
96369
12259
9368
1464
11544
7188
35507
7241
2692
13569
14931
4829
70605
32009
67806
16324
79390
43333
172239
14205
24406
102636
405131
100984
859100
20032
37981
29882
47830
243715
72621
14311
30207
20336
4465
205519
45955
51282
136363
6388
7377
31256
31367
34386
11170
6790
20091
26336
25547
13945
204330
272641
133386
44270
13655
4788
26519
29473
117067
387536
183430
306746
67631
35044
155792
32405
602975
13282
69650
6825
117784
277094
103796
63453
91544
76446
73325
10125
171933
134148
127124
13989
40131
21609
118524
414613
21521
49478
1063
48756
15882
10788
47674
101418
20130
8722
9563
195774
26174
22972
251517
8922
57617
18032
185755
50895
35835
52645
260012
4782
17341
28697
66940
91209
124525
159179
18877
45781
17645
8431
5859
14507
130053
34511
23069
35607
37795
99763
44496
99007
40533
19540
36957
32202
19287
45005
168112
63309
49309
20388
102178
138111
32034
34232
27476
22914
