1965407
2687501
4832251
659218
1714897
2822835
4445189
4876091
2662816
3712979
3587558
3207722
2938920
1416502
1646842
1465351
159987
2548636
200779
2221556
1514700
545631
2645114
2982388
1936326
2640115
6609723
2170272
1630413
1517009
4023405
1892005
3372976
2870151
3311116
1547632
2541609
2979002
3808611
2371008
2338662
2969956
3103634
2738328
2658393
1445396
3087751
1936822
2566599
2688350
1708012
1544827
982252
2074154
1506085
1189750
1763334
2107099
2890007
2286936
2065631
587368
1826373
872809
784401
2076934
2523194
1144214
1542621
958464
2521044
1633975
2319508
2590253
1258475
1177517
1724936
749327
2128999
1143457
1032664
2278315
2003928
566077
885972
113628
246910
566112
1186708
3382086
2273835
503877
3111789
411177
3130347
252992
2221543
1222906
1512195
1364712
1962555
842616
3228387
1945315
4471296
4525524
2505942
3867851
3042745
113770
3399948
927546
3061219
2282808
866553
950594
2016969
1184658
181565
1383912
4520068
1033518
4275603
2096474
1396861
2280074
2283765
689526
5093960
4160793
3408027
2114894
944294
1205885
3846358
2173673
3911485
2443788
3419679
3527335
2761685
2953403
4217575
708908
3848554
1053691
3468587
2187993
2064286
958488
2579199
1519114
2452922
1823411
4216796
4138438
2407985
2278549
2259286
2127244
5649197
2226119
3700761
4282784
2808030
1433185
4662911
3249853
4757304
1874690
2208042
2169123
3462183
2301193
3500771
1931019
6453286
789737
3420958
220263
975517
1082414
679394
2020046
4862207
2836239
3152644
1311446
2135967
819950
1748951
1782319
2319432
4950811
2427253
3559051
935339
2709339
2556224
398629
1424972
2970274
2904445
1233252
1087352
635723
1068804
2044814
1489126
783945
1684796
777735
1425912
208257
1884025
1846280
756159
146298
2281512
682509
14877
565987
2519213
2385815
3569246
1857846
4795235
3463594
3258146
1874944
954024
1517811
4317908
2798756
3209151
2436234
1737920
905869
2202360
1697397
1193864
844694
2551312
2130786
767357
1031609
1501048
899939
2558249
1641346
2470301
864088
1132430
519060
1683569
2685632
