3507723
6652206
5548405
4041192
4723118
4657189
7843240
3920316
5835908
6196871
6211049
5460510
4345172
3257004
5700688
2873099
3893481
4575057
4696755
3307578
3477774
2373077
3881854
5870142
4945922
4410033
9155983
3088893
4281079
3329014
6843780
3678224
6407109
6277222
8153118
6948583
5845329
5507954
6656649
6263783
8964481
9213574
9887495
5793479
4618428
2252153
5739355
3470783
6001244
3685266
4572935
1909537
2466433
3109568
3274978
2119791
8115561
4512572
8683597
1785949
2953238
2165387
4870419
2872720
