26219
26256
19512
26189
3980
7787
4814
62847
42410
42029
65501
7134
1738
36388
2448
7608
3980
43264
126884
7949
668
107901
121222
44596
125110
7818
99181
2777
17017
226232
69096
98125
36743
175624
45844
388229
64749
155716
52341
139394
149763
446280
99023
79666
10849
82015
96956
40340
4224
17619
2235
3161
2781
13419
32851
5341
20790
43175
4295
1370
3492
2874
48935
5755
2947
135678
14064
4545
412680
32074
480161
25519
54718
11890
154763
37817
16655
21061
125817
87481
1377
8699
14150
5086
8351
6245
15765
160977
4495
73473
120816
3631
85241
45356
304540
10295
115183
35786
16172
287722
86399
237459
173846
832474
72805
364495
284951
115739
58903
25650
33898
17210
2176
49968
21815
36021
15188
295055
16386
37548
206713
30279
79977
2991
7920
54590
46399
35126
19151
32777
203362
29473
19421
62478
49419
208039
81568
60570
47042
8755
26877
68143
109569
326867
17716
40557
56541
1947
13013
120038
24890
276024
35247
26316
54423
7710
19432
101792
120926
133498
91070
16104
81198
76016
280388
313360
564893
167414
47875
11225
82922
16805
195963
65818
59779
124595
9811
5538
46619
2989
17633
4379
724481
138386
23764
10981
171334
1465
51484
11668
41390
182590
4716
80653
20513
9122
366082
728915
21470
44873
6658
37273
35102
10682
41001
4766
45590
332461
5509
1885
2171
2234
2974
3072
33692
11882
1829
197945
4453
11163
30794
6403
228495
229476
41196
50163
15948
114669
36613
86331
8820
97975
211919
171096
445815
2645
3730
24953
3991
11763
10277
5659
2959
4744
105487
1353
2303
6081
50313
27456
3288
512
3121
17460
11258
63303
2110
1017
2903
1187
177346
9123
7043
9129
19350
28271
5581
36536
29270
4729
350201
2166
27428
21989
8252
471129
10902
478
12765
17248
7901
1573
687040
467379
16008
3140
442006
10941
17644
12070
19049
57312
3503
10803
3138
3539
8715
11621
70639
113410
6619
1033
17079
32518
23681
2685
64196
3255
2078
23636
27987
16185
111746
791997
4335
40391
10115
1521
302236
82424
37779
1324
715388
915
1462
10775
5765
121869
47427
36436
5807
6502
2499
6336
3282
16732
3742
2212
12709
7483
4126
2864
8217
8017
18595
160471
14768
1029
31060
3237
158820
30049
26730
26742
73829
4870
408718
1585
8051
7664
343438
125555
106437
10143
53110
771
14220
2191
5145
77650
33314
27350
43417
18894
43899
42824
283894
364553
28144
8303
27646
53290
27385
22083
84823
466059
26264
28655
2427
29670
76755
33874
17073
36895
23491
55536
119144
230194
297158
2287
60323
10953
88526
66931
2487
71374
281085
3205
5931
2407
1386
172954
146087
15157
799567
4249
67212
63717
124087
9993
28072
672765
18136
253377
719369
33820
99445
773946
149085
198880
34989
32030
5835
57077
57385
6876
5665
41512
15295
21260
75084
43802
375221
12846
21220
7818
5532
10577
15326
1261
1949
15926
1690
19664
38787
12948
36205
7827
1258
7497
2570
1341
37653
37194
28164
890
15073
1137
5493
19035
103522
718807
22744
35616
12415
1121
4540
7348
94930
21416
7746
4440
756830
128760
12933
23244
1436
40160
197684
7027
568834
97320
3555
966
8875
5520
2046
19124
11114
74969
12250
16330
78792
9846
19276
5976
116374
68460
141521
13239
23104
28575
12500
16788
60152
15766
15591
17936
108406
8960
61239
67957
190861
9633
18666
72005
12707
19476
8214
676406
21430
7069
12080
1636
15389
45878
21846
16358
95827
2334
10193
525476
335149
3491
96252
133655
33787
30178
1511
6486
39253
72625
261461
11442
441881
29361
15957
2727
72936
830780
47147
88430
14592
1657
28255
52209
10782
6712
106645
45332
265066
11732
141544
58999
144325
182732
4545
271226
6396
92769
9741
15396
9764
25921
2497
61828
83286
654521
348
1508
5542
3549
6914
168106
1425
135760
27389
67824
170019
52448
412209
29311
131072
858
75319
37989
244828
100352
149907
62572
171513
76177
11058
29560
13174
45195
55439
509783
155053
44969
1985
971
9669
8591
109394
23758
596063
6223
3374
29839
13430
80503
114995
2228
164316
120270
4729
73830
411026
32393
73471
14813
142204
72287
3438
8448
427596
48893
6195
72798
48361
35814
21051
34184
526633
39752
289327
1116
675299
19967
6434
60341
3236
316918
387387
8292
176741
25614
42268
69643
3151
135093
337320
44173
64450
95437
9436
2436
27912
4872
100363
50303
118912
40491
58933
2204
374271
45908
435540
4857
47919
6253
20371
12289
24401
84989
15333
112687
53561
31163
7613
3380
37197
97650
8699
672619
8169
170321
2166
7561
3249
3240
48697
66804
301737
8182
4719
7629
1726
4121
4156
25144
14555
1103
1095
2870
1611
2968
705771
4466
21078
7797
2241
1194
132515
6891
113598
22118
26592
88916
1263
2452
22856
48904
77875
278316
515024
6182
1365
846
6614
2681
6669
2061
62154
4208
1276
3330
3624
11115
172607
36103
656973
2239
5994
14396
945363
62285
65138
3913
8624
25058
259318
45416
104003
199177
132258
101891
3635
2758
96453
13728
63864
7236
18592
2338
4680
439890
143428
27521
644594
30298
26649
79188
60058
72365
1724
27656
38322
6665
26553
1164
13848
41520
7475
238682
60182
85855
36575
1191
37876
24836
13561
5022
12702
11311
40778
1844
3081
3678
9428
1800
4500
3546
48930
28549
5001
15728
8584
10758
315228
13625
75871
3715
10824
1238
5003
15822
15
59428
34895
262411
17553
87362
2994
2295
1737
5284
13211
2288
124303
39784
1222
17848
29174
66660
3918
46073
41140
65872
2896
1466
813681
43440
61911
821
1500
3967
209742
24594
1202
23788
66128
386278
27571
40838
78838
1808
3958
5546
5718
30270
10623
9711
538
5066
11717
16188
14479
257428
23091
39989
14460
248022
12399
9414
69218
165417
295666
110893
56683
24405
132153
9461
78455
235193
17250
16626
61094
219100
141742
259904
808986
988
126658
64179
9271
13346
189496
85376
1241
3842
3883
312558
66530
4633
18203
115961
8535
391843
86543
128713
16069
92306
14862
123440
48987
333971
254261
135024
10193
21207
51745
129948
4461
29649
8821
4343
5626
23394
11192
43048
12708
53457
4024
16671
25074
3008
14371
9978
24171
9545
46945
150560
20
2130
4210
13833
15684
697232
29678
77531
5654
4627
4480
7783
209997
1042
14514
1911
5762
171
2082
60100
34903
327
2454
3431
1253
1506
1784
7915
182956
4043
6287
6414
158475
5832
62616
84515
268010
18514
200241
16695
44482
1169
1783
5151
34970
6447
23790
176427
4724
1034
22835
19454
23344
5389
38397
101622
20161
58972
94572
24614
1253
4905
11525
4499
4243
576
4101
169507
242848
7652
23449
73098
3014
1590
34635
1597
2348
21385
24355
136431
5249
43441
1269
84019
161247
230830
11266
10193
1956
10845
4488
3276
5300
39703
25893
8543
5916
143886
19065
9057
13655
724732
30390
2831
38873
773341
36650
154916
1569
12780
37010
2722
3417
27073
1082
142427
134010
27645
570016
506
3792
1296
27727
1568
2086
930
43171
216783
1096
6807
1620
442308
8332
6226
10314
3970
1371
6395
473213
305848
290453
9910
2321
3264
1939
1066
1219
364
23016
8145
29263
12107
14745
19050
22120
5994
799
389
9829
7269
926
4837
1902
7146
23322
507684
78136
167131
33175
2771
435415
1212
16240
3170
18907
34569
27371
8361
1137
48636
8769
3300
476659
3177
90275
23835
129101
134046
16249
82963
18186
7986
2327
6468
66173
531331
17031
33399
10272
21728
29391
3571
100463
144307
119167
12406
686529
5455
268995
9411
24467
17171
91736
8859
36735
2547
12526
1364
3735
132088
28275
402961
7399
181131
4237
70409
6248
79240
121846
1508
62693
5119
4371
34649
112080
806
12362
5921
329963
1502
26088
193
9552
386
19453
20201
408769
2405
3797
1320
35272
4356
38987
41498
70469
74633
2201
3226
93806
4202
34223
155380
24808
13011
1287
2930
4623
3216
8620
27358
20162
4901
561
2765
9067
24871
32502
4596
61504
2127
269
17538
13099
18512
116758
34130
13264
200067
779201
158053
9691
50596
17856
12289
34627
150414
31559
28874
21669
11792
3912
5335
342295
3178
1663
511
813
1089
4627
1790
324778
3125
3862
11116
34686
44724
6441
170500
43988
2014
1055
10135
1149
6145
27932
26210
723403
28341
1578
3499
1791
1629
98661
400103
2821
308251
43735
317
14061
10229
7583
2078
13874
2348
2639
4248
5137
119354
8162
530460
17907
40902
46152
128156
3210
14977
1392
7068
15743
2771
3671
6855
6801
4482
51910
4399
44392
7661
15709
2618
5731
7172
2002
112216
5970
3231
27443
270
26796
5551
162138
5425
60811
2012
35034
48502
3090
1979
359952
8825
13342
11902
52737
10710
5539
13632
30296
22381
17075
7208
43929
28580
4537
7776
4288
30460
25559
537
6300
18633
22844
39439
28736
1261
9007
23996
28331
2808
432761
10614
17997
23684
33934
3701
959
400
2049
1433
94110
36219
47138
36491
5835
8281
16415
1848
213966
35569
37002
23063
25973
115946
37748
46241
106535
8789
20380
21072
1114
272947
23392
25234
5546
38478
14471
154721
22397
4457
51239
4822
116340
2263
3539
415558
16620
1099
2387
5537
6839
22484
263127
575133
7088
317
14596
32652
47775
7740
32376
359591
3215
230318
47619
29827
134675
18088
106743
4704
4166
9638
12913
3170
21597
562
46378
70736
443
286
1110
2162
622
16660
1949
4201
1073
1303
3477
2224
93041
110546
15060
344384
3928
325730
770570
2031
22340
48877
78371
6028
28865
111636
35621
39954
96637
14246
2217
41676
1470
23958
3869
25013
1103
46305
37292
2154
12240
12940
24332
66676
26783
129136
450414
252421
55618
321829
86267
36579
39024
812870
50796
42244
29872
4193
6882
23051
37358
31332
47117
12785
20438
78255
400379
7354
47082
40775
27529
7324
34734
24703
52588
47845
11553
4849
396880
45409
19621
1800
960473
14400
20637
15335
25169
7373
10178
2660
89387
4629
2644
1957
3663
970
20493
3684
39603
277177
356290
57514
95691
9132
782
4429
56939
2584
4522
5814
16422
5738
36946
2809
543660
132134
63711
5313
18985
5369
39579
745
96704
118628
30733
74044
40236
3728
56593
141065
9195
37080
205507
218562
45021
6800
7394
418
8983
2634
1825
1989
213393
158243
3143
10569
64452
9048
5907
68986
22957
809
290383
30447
400366
288204
3049
17855
3962
4552
9241
26913
10320
60481
12071
272651
7228
21199
3928
2895
8388
14098
11561
271
7957
7065
3474
22862
4710
11510
1882
304814
8469
29728
86044
115171
499994
90778
59511
5909
119706
34086
1629
6653
3218
6854
84797
3361
766731
4784
4469
9619
3236
34601
76700
74529
40971
64382
28210
54944
361658
16082
30396
127890
28553
9124
295551
73026
164131
131601
51409
5811
190321
84693
507114
587333
52625
300189
40123
232505
429495
666050
55347
117571
77103
189813
220436
26725
713085
137111
5674
46361
20505
35125
77240
84204
197970
129298
125159
40500
664063
89849
116337
49932
52828
17170
35139
190687
4310
55571
51717
45661
29686
21764
844
20294
28951
28188
90351
43128
122937
715
631
65719
6765
3045
9363
363111
87635
1162
16606
27037
33274
26135
651
4587
8264
460
3228
9806
7415
37134
35586
79044
12320
581
21158
393
61898
3694
15681
14703
309865
1444
21451
411012
7038
189012
32842
5232
499654
5465
8529
27987
46019
1412
1460
4929
20848
38196
1167
2592
6742
3476
3267
3647
46810
61941
3098
6568
4550
2022
4872
2989
104227
19011
110085
4397
3341
34587
35314
505
33885
9280
936921
3124
31374
1858
2804
2261
16937
8388
263177
26743
31924
76469
25817
2527
813788
16624
1480
3090
16575
12201
16749
15819
40147
31389
1571
7673
141616
77775
34516
12103
24539
24567
19840
1430
9450
591532
26416
3503
11481
4169
158650
467
8090
973
64287
5066
12041
23409
18547
940
37640
42797
114923
3324
8319
15958
5634
255621
11592
2009
242134
4706
561036
20505
35159
7049
9414
572
1044
2306
5695
2810
2418
3181
26381
33200
10828
2397
118300
7061
699789
23553
36732
35151
23651
4026
27893
537
11267
11553
126128
2287
12433
2203
37793
16436
6278
153
2103
1433
14063
7507
8055
13708
6958
1881
25176
8502
33399
20371
79679
84491
63148
13760
32247
70184
8979
15736
63574
107733
4614
43141
206633
17595
1385963
325
77101
3322
4098
241301
215544
79233
20785
21810
27507
51171
57754
306622
18967
206444
6363
546
48285
57247
55771
16117
57459
22180
205771
11034
8457
88906
6596
2477
756331
814431
624419
5888
52537
43399
38873
185218
62733
43543
19701
5451
28430
1290
207241
6787
8587
1729
11453
9243
29358
3992
12121
1906
53161
20699
29714
267957
9745
2623
33144
183217
17002
2966
12710
19814
43491
26643
31656
68955
102608
3607
7476
41174
14822
5785
82129
5577
159754
66321
8793
14591
701506
8857
41043
11642
5873
29917
14915
29950
38836
13455
78126
33824
53879
252517
142010
2724
41485
2735
30349
9634
46210
147932
33539
62361
133067
8099
55862
5456
58634
10825
130418
16326
49180
3478
31542
28285
74765
18466
20144
18958
44776
5143
145144
230031
222253
157534
239903
230146
382208
134842
3611
15465
7753
50534
25475
20360
24982
17585
13503
32615
75864
13994
162943
834842
438989
91454
2163
11940
210659
9294
237787
14075
11991
118254
35226
79975
31769
105259
59683
136803
22920
205063
10705
20145
70758
59714
105844
6776
38706
324532
1613
4765
175275
325288
16092
37599
52129
14635
12325
107900
1798
85357
1217
64081
14158
166719
21586
792
675262
2036
23713
1379
15565
14298
3014
13008
4093
1867
34109
5131
34316
5176
3511
5969
153671
3464
41761
27739
122917
1778
7314
49005
331790
66400
487567
89115
99733
326909
137970
55182
2923
109714
84574
72472
504369
109179
3908
16044
19346
25040
7337
5916
5594
6872
169
516322
40169
38378
664599
32184
269258
7723
5354
37256
5157
22065
58608
2133
56968
77235
678787
5490
5255
137116
168769
22305
666097
50867
74926
22006
149458
37415
228446
2025
25828
2064
2858
158501
7022
57494
330246
62497
287902
4271
37289
17635
112749
162478
128575
53599
58785
230338
685070
2885
9123
3244
89695
28305
132468
368813
222821
5250
23881
14599
833908
3355
15845
2758
1316
2019
3264
2170
201074
28093
149273
2169
4180
1147
165165
815820
56075
482002
75859
93108
92933
111713
111978
21968
14150
191871
31543
12062
741
8707
46039
6885
12257
18855
224308
2306
164153
108508
89744
823280
33302
8084
390332
75690
19383
8676
68568
36414
432506
89643
259743
359592
159017
43499
298985
45874
334098
60180
284026
54201
2527
5983
22314
26137
205504
9113
366275
8985
117062
59365
965
3407
140175
2248
33054
48414
181337
16499
111573
81757
1823
3797
7377
32899
5381
111926
398412
3830
19516
118125
29115
831250
22542
164108
355796
27432
129918
4316
12070
3679
2370
2606
31265
11213
2554
3301
73828
761
16799
26104
39573
37863
30312
53088
2387
16889
771404
44097
100335
5206
42507
138023
74020
29850
277322
2804
380962
3902
146624
94862
81459
1057
36527
4905
65035
20950
246637
91467
182556
31956
312395
1021
4641
3589
8318
1795
28855
1148
694364
5895
15900
4764
11495
32254
6870
2305
9486
11502
114987
25717
196327
63382
363648
54129
26546
36984
45247
59066
17269
251522
34509
2956
132234
6880
111665
117999
28319
292932
122600
49167
11069
2283
417471
8158
67027
121878
5776
11937
19899
2789
297
1099
463546
273387
65583
129020
102099
22387
23769
49228
344557
61657
67991
21783
51666
182473
43211
61778
132115
276748
12282
53250
2396
32506
399650
1464
7914
146432
40765
24479
1436
4569
118694
10194
188584
69799
1791
227454
3775
25658
23536
3657
10272
3955
10802
4050
43476
1653
40898
10775
27328
352818
22255
126440
246312
150048
1288050
72460
28576
14112
156019
18681
61687
5565
68080
12721
137188
12858
349462
23347
7197
15468
108020
63834
268373
561153
155335
66344
41521
3329
102105
2156
3940
37414
25147
547526
15344
24815
18382
15209
30251
131239
4943
604695
7221
54046
23442
10938
16583
258634
806823
2819
4131
21813
27886
46598
16069
49042
6186
6228
13783
18576
80049
81640
135679
62739
41896
34483
23097
3842
4252
6001
38895
747428
23069
165072
1959
191458
16080
3597
268499
183635
11064
13159
33690
51748
99434
59394
14324
354413
20823
153239
50427
44539
111077
42096
50122
695120
265724
13967
38572
37380
105466
198307
144099
61741
27935
86393
443364
327906
8684
71729
205992
19381
11493
1226
32380
155930
15430
119493
542849
169121
351630
10699
9414
37664
577382
51812
81592
3820
11070
44546
165442
19408
42034
103623
79876
685954
62162
3178
9370
1471
15690
33847
600536
146665
191071
54714
30389
18473
139589
32800
701618
40983
311233
8663
345489
10522
54536
21127
36306
241512
1904
276448
3520
4118
3202
6935
62638
690686
137757
10987
4466
39210
83549
4572
5926
506916
16016
131
550067
20684
110205
45897
52797
9658
6602
876
409439
37453
179261
149492
280616
372269
35142
44464
398689
1389
5955
12752
460268
899303
36887
45421
118574
41888
542490
2002
158064
23878
4074
30904
1062006
5474
45627
14917
5583
6499
22166
58346
267050
98080
27653
41626
476983
87755
127393
660124
73294
48331
37426
562536
98858
61088
693930
11540
617272
94963
196693
74175
210411
4392
9950
14475
7716
55593
7273
62922
125987
117836
35092
12060
104472
49535
3270
47256
648584
114346
52221
404762
85068
10180
23773
119806
598150
77884
181013
79036
337361
23572
174489
48466
552351
47231
126973
22008
2210
15281
27177
64685
1219330
58615
92048
27911
15060
25879
149621
11069
290819
591549
181510
207091
38939
39738
9144
51472
16895
165375
27297
73649
4246
38845
13133
4380
24155
5847
11914
34878
187427
13356
12424
6816
4537
6038
27844
22976
81916
14157
238948
66342
97891
97007
991936
353381
38787
2147
30884
179116
103155
52584
397391
29359
16283
8411
58681
6812
6637
729
17691
11937
15531
4774
75560
54669
24398
1756
75095
144737
17769
23946
35092
121286
66731
59434
421370
1188
527431
276156
470382
34683
35235
109807
184694
8034
43554
20658
313361
705
1271
39396
3571
410
18082
47956
64960
38077
2817
2182
15694
2152
7196
12582
9936
29520
53023
8138
18501
7083
47259
431028
23567
118347
28683
26162
308641
56868
5031
1093
59861
26058
4847
12773
4866
5762
13213
35249
5425
21090
8574
16773
2417
26185
89059
2765
3444
5144
8661
599
8181
11988
25836
4050
1343
202316
3262
14109
15617
14152
6939
7431
31735
1363
16226
2741
170764
2449
9698
13005
4115
1308
3765
12562
21028
213
51949
1554
17283
17982
249596
26599
464344
8943
89328
1372
4180
2695
56397
3911
5432
3622
26353
796
6772
264
94510
20722
18704
1119
238
1175
1683
12796
389669
43084
41860
384
4542
60790
4719
12020
24324
90684
145747
5643
2112
88176
57032
2725
37463
39768
282363
970695
886
245193
146954
55606
4036
10609
24400
24869
29030
49957
4000
386992
6913
3007
31129
26492
202179
14840
14991
255518
85650
9253
18435
135057
29882
18937
252560
36457
148420
131703
890010
277536
19965
4556
26285
10723
5099
1270
12454
11663
1418
21038
2108
25698
44469
40125
26828
47818
2174
27
4336
5791
3036
1248
1450
14917
3262
3632
1122
3182
19730
97875
14788
16927
2724
4386
7810
44016
13062
2630
2585
826
1885
388
4496
5048
46776
2276
36748
1786
3278
802
63176
5779
36760
1130
147718
20490
3839
3661
31605
4691
229257
21822
38607
781476
183825
2990
5332
55498
7974
13674
11283
3034
6814
4841
37525
3491
952743
2728
37086
4315
37035
94010
47107
29247
50834
30107
81732
12528
28731
38025
3762
22719
121193
136418
304214
16680
18939
1265
24961
1370
125866
865550
83016
89068
10122
9019
4184
304281
5877
257976
289044
31444
89695
116824
36497
33661
10238
114116
114401
14003
11975
57642
22317
124269
42122
20504
7084
161644
4801
11316
3887
32577
4087
1126024
10944
95425
4159
6639
6199
24212
52471
121637
210596
27723
4162
3213
3148
2922
988
1956
18801
1217
93340
1760
8815
2924
19435
1513
23949
1342
72838
29451
345363
1767
429599
116198
45950
15377
12438
10044
24394
60163
63417
316651
313608
52830
36411
36279
27286
48190
3826
17602
7302
27591
3042
64951
3898
16197
85541
30817
762419
25564
31515
39367
19090
2102
8766
15017
6651
1388
2551
30240
14263
4448
19558
12278
46551
5133
3739
1822
29446
16060
11819
33860
55997
8599
14513
559
15662
1686
26985
3706
21989
41346
21284
4248
69345
19017
13478
6844
38288
1498
29295
30670
517203
110813
4156
1618
386300
7202
666314
8391
164657
94130
56291
16145
16300
137454
19958
1844
17834
981
286049
3822
32321
92101
71643
37360
17165
7758
4188
1737
35481
11016
119
1982
1906
3933
10548
16503
150061
5636
15799
5393
626716
25329
3056
3611
74118
5545
4232
2349
11676
2962
28411
7815
9090
6885
6214
2933
2020
7666
65400
32212
155784
2748
12894
625
24885
1635
731
48707
65147
2775
6144
906
20972
2027
53676
50649
58840
7935
26978
11251
4304
10765
54433
3312
11791
6071
9503
23460
38953
2752
11567
261
108976
5689
3257
6919
37101
1945
4640
281392
143582
1480
53374
3005
10182
7559
11829
3968
292811
4809
789
3177
10757
1515
12726
6369
13994
109091
734
1668
29643
3132
9085
25901
3769
4461
248478
1546
15198
23544
281
7880
4094
2136
37454
52040
5986
209647
69981
12356
43240
162646
8299
139289
33072
126030
567611
3580
30940
5913
64936
25659
48017
3915
3376
1665
40438
234
6814
6302
2021
5564
3873
3119
22638
18419
4895
1293
1136
2842
15553
10038
1314
4444
81255
3209
1540
2704
180646
117253
1108
1111
43715
2728
929
4060
695
689
1804
13842
2451
16471
3228
12455
22895
32192
4939
339
44734
3653
17980
38619
73021
1926
8593
4897
90471
18992
15604
28354
20048
41097
118391
4197
65370
45
7103
3412
390
718571
9879
23382
3076
4760
2800
22665
20369
38698
811862
11380
23752
156381
14857
30301
137325
244862
10116
4021
3382
6113
19622
4170
2075
494397
14772
21242
6367
4491
9011
2134
13557
4393
5663
299494
6597
8846
10700
16991
3829
13748
70551
45861
22772
1232
4611
4341
114872
36495
18684
170746
52264
399310
13893
85782
218506
41677
126925
124419
26335
72205
32851
30440
94893
5711
8673
2145
667
325
3115
280
1774
7444
11201
1557
1929
1594
4869
1326
18822
5520
36851
65830
9472
28461
33950
3208
15661
40909
11506
4104
6930
1177
8329
11852
1225
1479
4288
6630
767
379
3067
7037
16194
20323
13063
594
12803
3663
20752
10612
26559
78048
219537
128126
29963
245150
20547
69251
38815
12657
84558
26085
19584
28084
22272
57864
2333
2343
33732
105967
2900
169348
157152
11987
16742
17960
24390
5183
11041
49917
12698
35378
15315
39288
267000
2521
15070
79256
354828
12807
162092
108896
186569
58064
6308
106487
9819
111132
30030
3915
18645
12728
13847
5403
124683
12347
80762
65068
231404
42473
5344
28465
5967
12190
13430
685781
847715
203531
56951
197232
60307
22018
68326
1466
97487
228737
791085
3850
198592
3244
30919
29640
4114
2296
142619
975065
350110
56534
131499
243981
113303
29930
95527
110866
17006
184603
3295
8892
778271
44722
134561
17985
3093
79030
32056
106380
40880
3059
28838
56285
63214
25393
24396
29491
32576
22556
92575
52991
15800
211574
16344
133796
62224
1456
442801
118942
65703
76770
33392
1897
5327
7297
76071
2956
5302
27357
11401
42914
17253
28710
316713
36652
4983
48077
288403
20282
51693
24463
18093
58531
15422
93562
69472
25132
23961
29820
200185
62628
100957
140197
399407
203288
12035
59513
133978
211581
250473
50240
6029
70904
64851
4064
59523
20699
176424
187085
5932
6592
30562
12587
8732
26240
6811
94238
179705
61166
800654
1378
16608
891498
9101
62760
152794
538294
40129
346580
139504
74309
220956
44876
447334
26945
440469
335231
227470
43673
184245
19807
172275
38800
55930
15457
19201
2387
6083
197360
255468
34128
407463
9450
13671
101014
32464
63221
164067
2242
25508
1110
2928
57386
3796
1775
12009
25387
6503
9212
2690
1765
5939
65870
607
198078
12749
11212
1002
2280
16384
41884
3757
8068
8171
3311
29613
154
43988
6402
42208
17013
6039
7058
2693
55420
7076
70745
35033
1828
38199
20729
4479
13313
49112
1481
6181
3665
49382
4788
1157
1126
1738
4132
6224
6195
292929
42136
9133
7990
11581
23963
39255
27996
47852
1311
266676
2137
6762
9924
50042
4649
9457
32769
160317
3836
5085
3670
337
62852
21116
780
182892
5394
5843
4314
1183
4204
17359
1952
21645
8276
19083
2829
14011
7201
22467
33949
4533
11097
174131
651907
126946
1245
46420
27861
14114
407
100846
44442
14311
3131
32794
5249
74880
2757
99419
4682
49412
2989
56349
9393
10448
34831
76413
12808
113986
8708
114938
6182
6831
13555
1512
41426
7994
25733
14185
21024
629
4151
5190
2973
946
82412
973
6629
3709
617
737
3855
69931
93072
4125
3003
1742
6730
14650
129147
61216
1888
38751
8587
12831
5737
2521
4206
208433
161015
442843
100914
2243
1645
9388
2504
12869
16614
35078
3766
5917
3132
11628
10361
17195
43487
17745
4894
62299
21631
14779
18850
221649
190483
16124
9716
2154
1179
28671
22273
251483
61377
19982
9322
988
820651
18790
13307
1396
202264
5509
33567
14106
3071
2937
25916
33494
104969
17163
10469
60677
152264
57798
110641
374856
236806
33747
91118
3240
22351
19896
5882
257772
9979
57161
19930
213705
14423
566398
26271
167024
29616
3537
59079
8828
10668
1463
9997
4456
33222
35621
591
25461
3287
277613
16692
59528
6810
39131
5337
48667
9747
2444
31967
29846
26448
115523
39917
15517
103885
3297
79473
13317
18730
37707
4428
2162
2795
4668
20805
20027
8227
177657
2007
23018
17147
12873
74080
203544
19709
149614
812935
3243
3722
18602
39844
98257
8369
65538
20810
3897
17653
20697
115687
34540
10475
43952
14932
7697
19124
91153
93875
79766
41101
68639
49370
15712
32678
23601
25363
