96985
942326
147098
164090
800072
53676
593352
1287079
35213
2194571
689259
508419
564731
627148
1380858
476238
17278
301048
871663
88779
126550
683588
63023
1374222
398411
1321986
13022
447105
631011
1577713
1198529
541081
2086240
30479
350006
343686
1174434
911520
1977377
198923
398756
1774427
835045
1337029
16067
532257
710331
913957
829844
2194037
618947
753104
103630
222075
1086917
45996
1156983
737198
846268
845231
281802
1167118
1535006
179953
34385
2919
662052
312055
186455
226681
34110
173314
664295
11611
1147956
107497
63553
793002
134903
158916
82546
167725
492729
179811
2445
43840
92432
1405164
664423
629819
799729
5494
1018242
12471
411059
574055
221472
35373
227792
172869
1282312
205408
589509
1513953
604792
673488
1462591
265046
72986
61647
996033
834909
29054
56981
809112
13376
759438
706198
102335
488848
956342
400360
1491441
109529
231006
165894
141805
742990
76720
800026
2050036
736045
218079
20541
79181
587110
1386950
721985
268394
788045
1178590
189662
1199735
247778
1046697
1423852
1639641
695989
689481
1133273
966126
264413
269332
521017
1259313
1491078
878282
690530
9693
713380
2339270
56645
147270
885564
1284075
621365
1422465
87261
570825
661814
670746
957582
18328
193084
1385747
1105559
146420
1259014
221928
175202
64592
999614
238351
173628
746938
148470
1259243
282972
135828
494374
470789
11570
469256
504648
362440
194719
535999
1337170
1023116
193401
232349
479442
170960
18657
241388
8924
213274
756658
481622
114023
24686
57740
375186
52192
129217
628573
428931
11178
678850
15759
11266
8435
9739
293828
1254564
199626
272078
20092
737490
696367
846776
61118
427997
669469
790569
71357
469003
181799
2308101
343783
549058
258040
874011
18956
139285
608667
621055
18571
1556061
1074759
780878
174386
483746
711506
448873
51229
363854
742296
198939
994202
20768
483318
809392
32168
118536
1000403
599729
158679
8604
2441
839189
10161
764409
31902
108358
539204
262272
3361
749945
192661
23531
1061190
87371
552673
11828
41084
267283
172449
729522
478857
748567
20325
1752721
1923443
91335
524886
780243
736509
22149
430323
221580
5289
1146580
78924
23403
6131
98837
136056
522106
477564
26052
20310
11923
969947
368582
1105521
434072
117461
55375
583885
324516
28105
10795
3434
32275
161884
1105495
8299
192950
1098432
159372
276301
186220
2117
715138
2231
1120
4076
5271
10265
6571
58168
230749
504964
17477
833141
204603
484341
44468
50492
1701823
721360
459842
160129
48706
22887
1455848
746490
1608702
7435
98787
773677
191401
46168
784772
4956
588028
164430
492204
1118562
545971
91597
8776
11764
51365
7259
695586
24469
2315522
173573
754412
931735
873832
207406
970656
49202
2226278
18133
161135
773764
18143
256694
13039
727333
56613
22341
16173
90645
680365
456507
1610467
668126
1291240
398204
303
66287
175835
715463
591895
190258
799330
1000439
6926
473591
1039744
12491
828540
15320
647913
218009
41047
601320
28559
915027
1216017
181011
737454
512925
1448602
116027
1386841
611626
1114716
1058
1464240
14236
369319
1496
21874
4673
1130311
831739
863923
943082
1602780
21766
261545
5297
49684
1502316
328814
316540
46838
15640
859840
311467
757411
225004
594975
123208
39177
294
103218
16155
1028749
6282
275589
488584
36766
2019
582624
106431
40341
27705
123298
321263
118299
24214
245222
317310
18636
1373796
323152
342105
550909
102387
12543
106632
180444
209899
2837101
824760
505382
778033
172505
146240
539585
586599
896306
108566
32002
118427
1255848
82219
751048
18055
988019
305023
617157
603622
98304
164493
93217
218765
1652621
940915
374011
1034802
9295
711060
2365459
746510
2974695
136769
2139365
169256
1248638
2072959
204609
253427
423289
522502
162237
88668
645871
12729
25425
1143294
841696
695328
166060
32073
598115
104164
217794
305464
74907
1395207
1393890
5776
762240
1123047
1519512
865203
1347190
693070
1394845
87884
159026
11276
594151
877469
20740
211620
49364
332563
18887
244050
478217
624733
364879
1343976
961862
92569
734672
469537
747833
1030971
1146390
515094
1221671
750918
581084
214324
363628
2873015
632074
954827
10946
210159
1093443
986834
8869
46566
937987
656983
4146
651203
981674
603593
5965
2204073
35221
228560
22928
11956
921658
1083250
2305141
272623
532604
83400
1108993
5501
380088
4009
27394
56567
21702
2639812
1678804
7509
1608042
806343
1628280
53476
249936
52978
1028795
612
361274
113443
153115
343098
23727
1234602
971055
89629
707484
34640
187854
1275558
1202263
3483577
216100
95129
52972
39896
193873
1588125
2908646
741399
31664
174142
196656
1543896
241619
519804
1469649
159331
6399
603261
586594
658411
1130321
279655
681933
841270
1002192
315096
342228
1000336
2452418
105491
3143925
685223
697215
580133
971945
1266531
3303851
659243
1781648
594323
1055611
119721
902114
776188
1368840
130958
1294095
509375
14122
16021
236745
307077
748366
1809974
1301903
621029
1364163
6294
1040517
869136
2230520
622508
69026
824125
8936
127712
707165
1008262
1361789
1162736
406117
852792
11928
40418
176351
472097
70031
8244
340061
53785
758077
226478
41209
42497
784127
101910
141471
547014
14821
81456
234927
207350
2344142
74988
675541
577155
335303
1657447
1128768
376488
1471091
437694
1612918
1017270
878208
156284
919319
827907
2765071
308000
266366
504452
6222
4872
24800
496972
669202
106247
817968
824967
669030
56641
179787
216894
804197
833759
1430338
953106
84352
680990
774155
1923519
297260
323691
86089
1373376
1683938
667627
120573
608087
27942
36101
531384
2672
373209
770997
641852
440647
213576
67678
2066839
273044
100115
410508
896171
467305
634646
93614
1999568
1061197
488574
212953
715350
453396
733835
39745
657431
248489
171284
854807
423325
109576
85531
12979
163336
119731
4147
156028
3414
13300
103420
12227
384612
12887
22878
13088
1263413
462322
1195656
290317
62086
30366
6474
69121
5615
97385
761029
314144
33780
114665
4139
43357
518570
43791
274401
1245041
295371
58788
7626
47732
239035
6432
3768
156972
71603
670218
369036
4571
175976
399930
281611
743704
13455
811443
128468
1333
6157
7752
979505
83673
977071
614704
59247
327378
582168
86503
51111
5940
96484
1169
6244
9330
991
98450
253618
9184
223488
87547
182965
304462
345410
500562
1672237
10199
751832
1394516
814389
26768
2558163
19782
408036
256574
1193564
102763
487968
190972
741334
12190
549454
159214
424053
1052943
956473
440227
746808
406349
1206321
510331
6570
768281
92562
30061
369103
78974
533404
227322
1511472
159832
368902
55694
510629
394798
1302864
2016700
3155023
791798
781030
146743
815124
792810
1271904
462292
804184
2228
28947
66524
1083809
53616
1051051
714410
1120177
937609
746296
10725
651853
238418
1274916
835089
1325926
1747531
7891
749398
32887
362780
1440242
3762
508085
565843
89764
128640
20548
516798
1284
50781
588135
11612
704494
22966
149846
175492
600237
3189
1715509
178867
11234
1111
84763
517051
209077
1777087
693496
494558
567192
99604
503669
29946
356409
16689
2031780
627210
688294
121956
428557
335101
1336891
4250
484384
125288
474657
321824
601478
16655
202625
2924
450752
274887
182983
43679
205726
69788
