0
0
10
1
2
0
6
0
3
7
5
2
4
1
4
2
2
6
0
6
4
0
2
4
6
2
10
0
0
2
4
1
2
4
4
2
7
8
2
4
2
7
2
0
4
2
6
4
0
6
4
0
2
7
2
0
2
6
6
2
4
0
2
2
0
0
4
4
4
2
4
3
4
8
0
4
2
2
8
0
2
2
6
2
2
0
2
0
2
4
5
0
4
2
8
6
8
4
2
6
2
0
4
4
5
7
12
0
0
0
2
0
0
4
2
2
2
2
2
0
8
0
10
2
2
3
3
1
8
8
3
2
4
4
4
4
4
0
4
6
2
8
4
6
4
5
6
4
2
4
6
9
10
2
4
2
4
2
6
2
5
8
2
6
6
9
12
4
10
5
11
9
2
2
8
3
5
0
4
0
0
3
2
2
4
2
10
4
0
0
5
2
3
0
0
4
4
4
4
0
0
6
2
4
2
0
0
0
0
0
4
0
4
0
1
7
2
2
5
0
0
0
2
0
6
0
6
6
4
4
0
2
4
12
10
7
3
3
4
0
2
2
2
0
0
0
3
0
4
2
7
2
0
0
5
4
