29636
17790
271221
12952
723
202100
1105
1183
41573
266842
12158
79030
5161
11547
11727
155
889
8343
22598
6595
17347
39950
660744
14074
5041
19815
16641
3741
66
42460
17709
3776
44272
225
16786
54752
33516
369780
26369
90533
17893
6395
398149
40217
41301
312223
193178
29672
22
4705
5100
27
322451
67831
12923
204230
5689
262
36924
100921
8523
75
150
80
51734
0
428113
0
159083
443232
7455
42
0
40
26847
165
15
7561
3136
19620
545
0
1
23375
54039
215995
120967
1003647
139296
191203
469609
55589
3134
7648
36807
1208474
7
2916
1024972
234
24761
6947
1016163
167660
1090
16408
72912
15974
34
3631
176
8762
0
3
27359
8635
63229
46440
1240582
222759
40
85
17980
19910
9601
19561
20093
206233
18315
994488
50708
6176
17002
25129
25609
53401
47552
17419
5399
107
55790
11
5309
0
21156
0
82157
5877
93025
6575
947480
42201
50391
19352
26500
35
84940
4378
118429
82954
0
314
274923
8028
6079
68
43499
94309
22391
320750
62403
128231
415858
8620
1527463
8038
25619
76629
235797
66
519298
1061374
1468111
3903
127185
125465
47295
4909
6123
7748
146615
4268
9977
196
46
75
24953
15380
775494
0
35
0
6
5100
0
0
8992
5364
0
6468
80784
309933
22510
497546
6708
285379
34
1137493
69252
144557
10714
327182
57802
34781
14250
46307
103556
18928
110
71044
397
72687
96481
552358
190160
396005
869
86775
4153
121001
45760
8545
20368
96
0
18930
20362
471
74
40942
3725
3
639
25559
8367
690
116805
320413
514239
53492
20741
87722
89264
23746
347
111255
359627
73375
16917
36007
974297
160
3722
1273566
186066
177289
489319
417717
780495
19872
3983
1367
7728
651828
6
30211
3306
6984
58119
281
405139
58856
72
5261
19835
68
96237
11672
61555
840009
5477
0
6025
0
9084
52045
0
71970
3378
442343
43086
37215
107656
361327
12569
163163
5307
41
14273
40
34306
135
95384
662
0
8
299454
100349
192588
71178
456186
467
8
31
297218
31292
38865
1639
1346
33527
56139
30260
170425
196823
427386
86214
41387
12929
71679
158803
19649
781575
26686
65
12445
131001
138861
801188
154548
5046
667282
59573
4967
43996
36869
87
122040
14478
27662
114357
8413
388
79695
207719
10686
4968
19174
46956
602302
3412
1002512
86246
29318
106431
115728
28
188760
207
47
36090
162429
2903
213276
944796
186
162639
0
239
0
0
5694
0
8987
99848
20129
1541
82052
47
1004870
156
24362
16
3917
11680
179655
3836
103154
173
106377
4775
4177
115892
13769
139
38529
30244
104212
17765
96821
6478
207831
42046
144221
85944
203
493
1227348
103437
5760
12873
3915
567397
12169
6669
31778
770650
13355
1534
45
0
13437
0
120810
34
0
186
12
4326
23035
72
0
8654
0
0
21263
16012
4489
158033
204905
442
30971
3705
695916
225769
298887
144771
624687
11495
139385
122177
12035
68
64
9
23298
850890
150630
17
24624
20894
167766
7366
12123
0
24404
0
7382
5013
4374
0
7
7450
38522
80
33933
14227
7819
830
25000
134139
58303
31747
24334
27528
61070
40829
44807
994806
35340
160891
33858
58104
1996
211129
8038
34901
129092
20052
23643
4358
193631
280
8
1215
143884
6378
4020
13246
96708
25887
30
8
597688
10958
104678
169016
4140
774344
13241
11083
14807
95359
21083
3079
363582
2913
6779
59437
146101
213613
0
143152
356180
134
314651
41
22
24
95266
84954
258870
869643
0
4514
88806
184
52514
167905
82022
76891
3469
5519
262342
21340
10705
296
64501
33637
90631
6106
184774
170039
338499
8
120205
12217
910
2328
83119
41437
36671
299863
741773
556787
23643
9133
46699
11161
447685
22836
188401
100748
932427
8196
157401
6413
25107
14125
36576
1540
589
23464
14
17305
143966
14358
124292
264
12756
55
978623
21022
190
22130
109792
51641
113915
79452
25834
47153
2824
76
903110
8182
9776
1
161743
11767
253039
139506
19473
109203
8036
15566
0
78
268
14
41959
0
3651
7211
11074
28918
7974
4473
133224
8779
31014
3667
188492
87605
73546
122022
256943
3487
122674
7317
81907
917200
108407
26148
95235
18151
168884
65871
83672
116973
170851
43179
461108
115742
170392
1177
5026
290533
81315
572903
2142461
8373
34184
0
2324
13947
19276
72651
29343
857032
92194
157
19601
59
65605
38794
197755
45787
9
1523
257
28243
70
17600
27800
502723
8287
906030
325619
124913
15187
359265
1051104
434585
38969
25121
338490
478
26515
185438
86035
13843
125251
214491
52325
26264
33188
4848
194730
21415
5894
65
7
4873
460
48625
0
63413
42995
61
546635
27558
44033
531481
435114
24781
34016
9218
156966
26495
56039
125569
53598
22072
5303
5946
12
12867
15
4944
1585
690
5365
421
0
75
129584
45683
115189
186
83370
466
166416
12238
23021
72
95395
773802
0
35
168569
12
10985
4546
123329
22949
23
26
0
24405
123377
8928
64857
92976
173
18453
46105
160
0
34928
15607
18
0
0
0
16488
3614
12604
5867
3605
0
0
8920
19
8078
42
154
24
51
228829
29
12193
195307
529276
0
8089
50
315145
817405
208743
19001
26040
71585
15924
456464
45879
56986
42643
383
10845
484
256
57922
218658
56035
293240
14798
0
18271
0
483463
41070
228396
535061
78384
103295
203573
41018
155626
9262
122856
0
5706
8654
60934
5414
186521
12141
78533
76866
96
5309
19863
37804
190979
14436
38220
799
163357
14268
572441
3661
14699
304824
771313
168331
133485
9189
3501
5987
0
5322
310
139635
44985
89366
84925
0
98650
553623
226632
19866
8219
350
54774
8214
302611
204
74200
89605
29152
74805
33772
216009
21523
704458
233555
664798
361531
130968
51954
34610
101479
202454
199609
363416
0
92802
4570
0
26700
183784
206990
92435
12631
555
21345
49
139
28439
1225648
2379
141
0
36391
45754
10478
8505
0
17
16285
14028
7780
90153
3565
0
110
88
22557
15062
278181
27185
0
93102
12920
5637
0
3209
62702
49
586
34927
0
0
5355
548
48948
7
220288
601
31
88861
153210
14331
398944
184875
89493
9618
18152
78137
161
38
61259
5789
596
210
112
31472
28725
34953
26620
374
12705
651
1749
662
278289
101301
88016
9602
3185
335394
2673
36481
18681
109742
412237
120229
79
478535
7213
8341
22560
92281
56
73
916
1044118
14725
35740
937093
176982
16378
8
4316
1169648
164
8425
0
58171
26846
0
25949
253350
8047
69286
119386
81334
32834
377108
52137
637017
37318
7694
0
32281
0
0
6226
195389
131
104323
60002
66477
954368
422
159
13227
0
27
164362
56
387
864
188843
1211654
653559
654
11668
12631
369023
475
0
0
195175
6
58
206875
96736
300673
4461
10016
394681
9928
7669
731589
37979
3306
4285
211635
21010
234
121118
55
186763
0
85798
80269
138
3856
30528
0
8805
263151
230529
307523
482143
31792
12
3617
11
0
10
7214
28803
560229
52
12
7151
14
7151
16741
6933
36419
95017
62529
234475
144865
18756
1023
4048
4551
422877
64
331000
109531
0
292237
74637
45215
293915
282526
14119
436157
3748
22165
112037
5399
241763
138407
33694
380
19929
978854
6219
0
1192
97091
8648
0
3780
35670
4007
129246
106945
433138
20492
47961
87956
339554
933665
154
30602
30840
194
28129
23988
49414
1061
97977
18032
7869
10046
5904
0
603430
237614
4559
121632
3686
1137
5684
197100
38
0
90624
146
23
80682
5557
50544
16359
8668
0
24
3265
13134
1010732
101244
86189
5108
254534
23751
18612
10206
9309
29982
520
5230
14637
691421
134970
37026
45
211546
694227
200
293056
40028
1012713
319319
359068
89157
66843
72
47847
36447
0
104194
110
281850
0
27392
34927
14347
38624
0
0
65884
586
3265
1366
273490
8452
8590
33866
0
82464
9
17390
31582
130977
97061
7735
0
256092
27617
0
49062
7563
11279
17892
4334
11508
72
173
184751
0
260792
421
3623
64313
3914
32296
282206
1018
243268
8183
380413
130626
319549
4481
870
32620
465432
244458
14428
14906
22087
38356
103864
0
0
0
215436
4727
72
237
247562
3713
265613
24845
4611
65868
75
8808
275852
31638
21171
541
65777
970
784
3743
47990
1525
5137
43751
101921
7132
65574
30583
6324
1432
5064
56303
3409
13666
18517
124850
13307
29650
41494
183648
45354
15394
71689
867783
433559
7453
830
15296
847788
10188
84022
73748
2825
15014
768628
66021
74704
713363
196365
4332
31724
957
65069
71513
424
12357
174558
17963
39085
597
24328
37456
1195339
278391
818747
29503
23203
69
488457
14619
3909
3648
0
0
22597
447
12722
319
12694
141944
35944
406
1000782
1596
19554
0
99
720426
145798
44935
402879
0
197372
378
3796
45420
3615
82197
368374
5048
606007
288418
12476
11485
64612
22038
46633
603345
294972
156416
293629
304716
837842
26996
250718
180139
65744
26460
740047
35
196037
17997
449977
2
14543
3476
7919
14492
0
25
28734
233712
82376
0
68065
39367
4321
92258
177565
3481
15820
16909
7525
55271
88193
24615
0
12638
69086
164512
10090
13631
83683
202125
124
32474
39069
140789
26
21862
115058
10345
38591
37265
3594
1977
216020
7849
43700
5359
54236
81431
447772
131314
23937
40572
94497
5433
61894
1307562
166950
849737
18295
11027
780637
22552
247144
45014
8162
1295218
35742
106218
156658
91062
8518
47550
130960
3800
59853
40891
3
6562
1005800
292461
285459
410810
46
418226
14442
5130
7
8145
3902
0
27420
234383
4
68934
0
0
5037
170095
31252
186770
62531
2845
80429
77121
273324
8238
0
17212
945185
6100
15195
114289
101165
221564
149685
78187
90717
74676
0
165466
50809
0
13185
18356
135250
5328
25863
105273
395
25882
0
25114
204730
4602
28880
1768443
156040
412
57
3625
1596
0
320429
0
89618
81841
51982
6644
85773
14052
19649
8322
182
3751
17269
49177
700143
5606
58105
97466
91805
24177
106621
0
88368
81
1067991
28
486492
739
31
0
147
0
197420
0
813
228491
134124
22714
3985
26048
4016
10166
813738
0
12410
3551
6
64300
7340
179523
5898
39
98722
0
61240
305
66886
42975
220009
559026
5265
4184
0
4053
104022
111957
940934
294589
3623
488454
18830
507977
53491
8094
4133
0
92871
5329
0
36211
173673
0
0
159
22066
93
202221
3550
348925
64290
333154
27899
17707
611432
8981
9696
369268
40506
227517
488481
22139
164587
37296
7970
288191
465869
27081
100934
123
42170
36603
263755
1456807
474
282578
116414
73752
8873
33960
18174
41456
518622
105580
243480
20581
179064
469
85933
104889
185
40965
245174
14914
40916
4459
0
944472
799919
1006833
216720
3899
49236
28
186231
192744
6
7990
78006
9325
29396
3692
3663
302326
4648
1162175
3902
0
92379
3149
483082
121174
23390
333
3582
6538
865642
311
111615
88
8286
3533
57662
8182
859584
8663
38425
449
35155
127
7
136
1728
202
95
22082
5901
55827
480
0
265417
14261
6167
19518
24852
298657
40017
42
142445
88500
22945
831994
541881
8654
91198
5546
24398
3680
24217
222
6169
22795
4675
0
92439
0
3557
29008
37832
367204
30312
34221
5501
105659
23086
714
130
50117
26882
807298
31077
66
24432
5100
15623
0
7525
8248
26547
8202
44383
27230
11
51
120542
5135
4109
10528
20120
42382
0
4082
0
120898
12376
8579
0
37165
6466
2328
617436
103570
9439
244301
0
0
3523
82876
154961
1449
11485
223
1046
146
0
87211
30975
3389
42
0
221559
51826
553169
91038
6922
8756
184166
56114
23394
313550
0
17239
7252
97712
102777
1082170
67689
376971
3756
271545
188
112835
26
21895
5056
164808
90551
4396
3577
83441
14813
97159
40029
18865
243
27563
27527
148546
8156
10
36
47830
51
3593
19
7980
608
26987
60
954953
192026
49605
493104
23144
54298
797209
11376
310062
48
396284
63957
0
20
0
5293
76704
11975
60024
230651
291
76231
29592
6234
6536
363551
174828
142703
12361
158505
7158
9213
23494
28924
14861
13997
187
4023
660867
27334
29634
32
651
101581
0
33062
8884
4775
118474
86705
19406
0
1029
1096365
305883
8076
9864
6276
130
279707
0
160270
713550
85863
1619
285790
16720
81281
7390
33200
0
13822
69
3530
839501
6
15626
71064
0
32
3632
823666
541
115320
48512
78299
7054
76
788
9326
87101
11242
747277
265953
369391
66915
21737
2579
48074
15478
87284
222464
9613
3239
138681
5207
57764
54167
47768
32256
41029
11367
2142
30079
16098
4230
10799
72063
21992
16742
1989
26306
29066
315289
4579
93518
124122
227
55397
73493
3239
18351
155
78369
15981
1022053
51
8768
23235
8822
8627
338704
30751
225812
1015018
45769
16236
0
45252
417335
44429
92524
8485
39672
2553
1348217
224958
1175416
55090
79308
46
778892
35
8966
86753
468502
543906
55226
28882
58826
520
58030
16218
20333
21735
34997
421171
118863
108563
52321
25876
172
6
33464
230679
12452
517356
10690
133084
512317
354945
23
135
70853
125391
67
15777
226572
10039
537
22367
139402
79977
6244
2
57258
223475
13403
183626
166230
500
0
3932
16377
11193
17519
88837
17723
3943
41807
269
958737
96713
4702
13446
31252
23
19
136493
186384
114181
22401
12084
869250
194973
3515
19
67
22673
6555
436
178828
14520
8728
186129
83132
110074
550708
148878
31323
4121
250644
415127
3585
1198503
25474
25670
10096
6524
9559
280253
90140
313631
31302
360138
946704
11621
17481
123714
20737
59070
91416
895809
38106
119847
15630
32395
7123
106829
22592
207304
216615
95880
175284
82761
107503
339933
38539
65775
4370
104669
208
4888
8514
385942
203283
120581
271262
196875
14
63716
1
107475
195516
120552
20026
6069
102
34374
235209
93795
77995
146037
28474
209450
54238
9
133
12
0
0
231789
632278
20747
169
17817
178
389
9224
130740
312774
125445
197
5328
18
102402
7609
772687
16279
109484
381
117329
70930
14595
201008
117
44214
76546
3756
40790
29878
852914
0
0
3687
3563
38595
16
18243
0
35076
229574
742381
117133
723
156
47901
12948
54007
48313
27358
108572
71670
925340
1041195
841073
53090
73729
150362
16251
15364
8091
62124
13254
0
93286
171641
0
89256
3713
1
5544
1615
79173
266
183192
0
491916
12
21518
3738
8431
150841
287244
38457
237
70664
13957
6286
128251
68801
274728
223
92438
6115
27543
0
148204
23
0
13148
8
0
12917
197692
262108
983780
658
14409
135520
38627
20446
9410
68112
143143
268327
7824
11684
131984
87
38932
762431
73086
44860
0
213188
7480
3602
28908
20976
5375
395
4286
67174
45964
501571
5133
76981
5102
711895
21216
15149
7721
454498
66113
12
22664
43982
19245
99648
355656
48907
220302
27289
330009
1349710
355920
219096
113936
3627
275631
65794
92638
8292
12647
260
8051
21908
23200
111146
25163
103802
17435
383800
724520
29789
51391
51866
1083836
422333
8029
14645
12703
3848
132139
19330
438347
138150
198869
18495
111907
233678
921538
3698
31
51959
7992
22
3792
88
314
0
365
175987
6350
4379
9323
46627
24841
3891
107595
201014
14028
7035
12
199001
68428
4026
148696
30378
49118
507
612670
20928
108588
19281
100
29706
23085
12793
56310
14951
68146
3130
14
0
29842
61117
474
5526
27808
4609
20507
165435
1276198
14578
29535
3552
87095
53665
3480
838353
10
23316
0
15277
0
12951
13125
161
26390
99
3545
0
0
4
15
978619
27609
48351
8699
4472
16629
3981
10951
27368
819513
5236
570860
0
280109
15602
71928
37858
32705
653777
5390
7
84144
98809
29798
4274
367127
22361
633
64059
149268
74723
13
16930
684
82021
5481
6354
8365
30925
12747
81112
42558
89176
5482
421969
21518
17172
1101654
73213
35
660903
33
64471
116193
29952
281787
62
5783
8612
86702
10705
353531
35041
36917
128797
13463
272682
146765
15435
1701
487814
10369
31788
24469
657845
319820
173865
1036308
44054
216809
1955
18370
458075
345047
73174
12452
125019
31210
9
535744
199
420294
0
763709
391
51269
14694
3592
11
690715
27250
20541
63424
18076
22
7788
13
53
400018
56203
121597
52318
106
0
0
0
0
44995
11135
126269
28
30781
20588
9049
371173
33380
3544
315711
4064
219329
0
111344
726975
11275
16282
10467
211072
51861
3692
18867
59920
108825
3744
162651
53417
14979
15126
3140
53696
65935
523889
6130
5147
16397
3601
0
3761
40744
693049
255604
639105
13
292733
150210
41784
63194
496062
75606
54245
319737
98521
383186
387896
145583
467146
293269
316638
148099
131752
763776
18573
31063
392528
158340
0
70551
13516
27327
609796
19785
59137
51889
70217
514266
4229
591741
392274
82907
651774
223952
832698
65976
57841
26792
48539
416421
68189
171073
66306
44423
577516
276299
33864
122028
1199
116408
407
290230
145817
10113
372835
361228
45455
21192
273
927850
166
191492
147803
1090
458822
64653
27719
518539
27647
28
34
12257
444219
185761
50712
11991
161
116140
88704
365092
4131
113143
40943
8199
34339
64014
82612
12
19661
202662
66183
7959
260123
283797
518567
1050842
609187
108041
150992
568342
218435
196811
377747
376007
236855
1452537
564070
46077
599
67762
26014
1016607
34409
23041
53
27656
4616
5447
98
2970
204011
49028
375727
20103
11573
176430
7807
9250
41945
13632
2114
842555
237350
86214
32899
18983
22209
142311
24773
10157
803395
320083
4143
472797
742928
224423
6241
9560
27664
179197
27371
307
16
93969
14960
86013
19
0
13
29781
15
127226
39125
148
360488
30765
93923
9720
63790
309298
113470
53324
292862
720
32718
17
26897
0
0
6590
161
35761
22
14052
89238
27569
3894
5393
111335
0
209
305756
305093
675730
23119
479407
4
358892
4131
5133
1080454
3876
58644
93074
489425
180192
92315
7674
0
174845
340
45921
58784
886505
30531
546
23329
303364
69007
87713
151112
141089
148882
237635
19
53000
4755
61
26877
77792
298948
602688
30657
183246
587314
535387
1013049
826732
23065
47963
73
7990
217
319005
14421
17
33
719
610047
7562
16265
7040
3694
606643
27597
122141
3304
558926
793745
697601
8088
10190
83574
966392
104090
316882
4777
128834
4134
44711
31027
117
755
89036
693797
20086
48462
3513
463447
8820
3792
187366
52030
483133
44
403319
660
6245
32432
413528
109459
742
349977
32
24497
577337
93668
1100717
80090
333
51201
568905
64451
0
41702
16813
0
47
0
847401
9
15193
94037
47826
248
3037
5010
124660
22365
12143
30910
967974
6128
8399
72812
3960
6123
2006
22130
237
88761
46
0
121075
7
0
10559
55610
16836
16277
813771
14390
22913
15872
67
531250
31666
32559
95219
7565
317
57
19596
4970
23146
104066
870460
67839
72011
54773
20051
1262369
94643
39647
339947
109049
22777
22780
13258
18174
205
425
18889
1043
9006
162553
65354
5702
162653
4472
25931
7753
1755
17211
55530
24318
1807
23719
122606
17719
9607
53806
117312
9207
61967
35
23844
749
136
405040
435823
1160
5313
9095
232368
164325
184360
85986
13633
50167
47
22989
22197
211
12516
10418
16977
10610
6358
4542
52077
17440
38366
137553
16559
100277
206652
23166
933976
19301
48092
10226
0
6
5365
0
85135
794413
66700
88500
18681
243197
53432
49902
6128
22863
161
373017
102556
8019
974199
1266940
57805
3886
6360
261459
113
96327
172
0
6144
91471
13
129749
122214
498346
4513
1390
1499
42365
21071
1000
37600
193497
117207
143416
30054
390688
5796
183
32306
108727
5
42
188
39
10071
94031
99847
105101
32380
34
79583
11123
772122
34
86159
53
0
65
0
63
92376
0
155504
696
13088
12
9683
7156
24
39994
0
5448
32329
30
42220
130
24
432912
85753
50143
65688
28557
18912
30378
22823
38600
3469
6389
0
93970
8997
266208
11748
107389
0
5534
23495
54317
8552
103
92025
17193
47807
117871
22
6
8034
118
64690
119453
158618
69291
83995
225035
11476
4531
3724
856424
172
7353
1637
32
245604
5576
97921
46105
13795
109
15
42659
6072
543734
22401
5117
221
0
0
42520
11884
23044
0
15607
0
0
0
0
0
8028
3578
8274
0
6564
0
8627
482
1
85560
70
1173
34194
8459
39819
21032
22
92614
40490
305370
3818
16917
7276
16186
61
86337
16231
59226
25455
35339
3601
315516
477
234848
84
10478
7
0
22615
92713
0
115
5362
648
0
78265
17
6089
31161
764
33072
556
110708
298271
22589
0
0
305093
0
40717
4082
636886
0
5879
17255
0
112924
680458
24845
0
21603
3617
56
212087
117644
89526
33798
216580
11
9840
0
6471
192900
18664
64270
57872
619719
7280
4211
991001
3542
260
12788
2232
69647
65108
7628
779707
19191
87517
86385
3601
795230
0
18746
0
310707
571891
469288
15258
116424
142789
0
41845
4833
0
7657
14185
12195
3480
13851
0
255235
0
208977
700
1935
157
171507
13939
255116
47248
86638
115045
9862
49346
33200
176552
18605
822938
764954
80370
30987
5739
2445
200174
128
67
146
733
16094
4410
6432
7362
377717
8778
15395
3580
65465
3640
31132
0
9966
22910
47669
95411
153517
94830
18971
102473
0
114352
62960
19795
173931
84110
50204
377556
535
60962
241948
656
117
276362
0
276699
71135
3934
972
92189
4713
11497
9583
530
25831
11
463329
6644
3685
53676
44714
150031
147196
22
204639
10496
813871
18794
231
27689
374647
4390
640595
524663
35079
0
95573
7078
620693
10283
578225
27413
442635
30952
174876
44879
469277
904
328359
3714
977596
123189
20793
260
950977
8081
121755
973953
32
68661
21923
191
27705
47634
266781
88500
8654
3869
9
0
199690
107004
35521
7567
20713
141
59641
0
25201
100294
576801
34604
19
53
135
32525
6922
14193
71
86170
140
58105
203
98457
6959
115435
36887
6333
678134
22516
5230
0
20768
6
344
10703
12541
3752
7607
41281
76388
17
99397
105674
37
13574
23353
31
512814
0
92464
136737
26463
225
35531
6149
11569
15638
168009
96706
3270
0
53
14491
15851
231920
17814
863779
779867
44070
2704
3641
561197
17063
291947
1000037
163242
8729
17449
208121
0
6572
13659
761274
8
0
273005
111
15704
196096
147199
828357
14211
37463
56174
19647
51
7549
13642
342349
199
6969
6947
5293
134319
7753
33
12
21717
0
22716
102593
30850
12642
11352
17141
3666
27234
140227
29693
136365
879533
37396
21512
253656
89446
258
92097
62933
1422
271714
10737
5617
13323
1173729
24940
85879
132139
672697
208279
10321
547416
6964
80392
4675
122637
796655
107976
92857
33733
16902
417417
87021
82
42612
250559
3560
6
252
377
5997
202544
51491
399839
8024
51982
64151
49
4445
775451
44566
33193
238
22871
9
49
10684
500936
34602
1117
4453
82049
3675
5329
246
20150
15148
104005
93269
4449
9547
51244
29069
457630
45625
174291
8956
320957
47463
194954
17251
7276
25829
0
15440
405552
323125
386442
47823
70767
143553
15339
33760
15868
646444
1311
183802
351531
408958
198239
375578
44723
83437
527101
897383
64401
232747
359505
16165
11097
31101
1118008
6800
36020
93184
0
62600
0
236845
143375
7235
750102
183616
15454
38385
28842
404012
36006
5291
133010
8729
9574
815119
37232
89154
19
13402
2543
71922
38002
0
11
14007
0
76
20915
5096
94657
162474
32181
6591
135119
87595
24757
142331
1819942
11
18837
3918
122275
98994
194
36016
40016
90128
28943
25
63
31326
110250
209065
95906
8
102
89279
12607
0
0
86595
0
12666
3243
18176
69585
326
343763
947621
110916
169
6846
62719
5612
11501
222
119236
98
0
98653
30626
5994
5861
60420
18582
959068
33
10
50
51897
18649
4569
9808
4
656428
13793
288
506183
117631
4083
119224
69465
233
11
720
13293
7997
11
16773
8312
14066
21746
0
13682
49101
0
7176
11475
74
6770
13148
557565
223
0
0
4077
0
67964
0
92599
321701
8089
102790
426408
41
7
68385
17683
86391
22555
1725
0
217964
3916
90103
0
96148
6083
12638
242699
0
0
125432
0
0
0
135615
16316
275
152934
743251
165143
0
130
14420
0
26939
28
2
29025
12
8
1207
14687
3546
0
65
3205
549735
3898
832652
57939
8670
28
23017
59
0
49
9314
74677
118542
6144
6911
74950
0
0
0
7579
22
4052
0
256
19
0
8349
5416
1009398
76478
20
21309
39664
14191
39685
8688
5321
136988
23
30237
74862
153354
123240
30741
962289
10365
4606
66222
53178
6
21840
34
71914
22904
69833
53
27451
39307
199327
16617
27802
0
14344
1923
197380
442695
222827
919037
21833
30676
180740
70416
133147
788681
89673
21
93810
148558
359426
25263
117788
24535
382713
118
83422
37163
43438
45860
316
21481
20180
111
13129
6076
566
41
4963
7119
59630
118936
703
295
20904
158
86504
572
34436
238
128264
126938
59
13623
36
12
10825
53
35269
5339
14
3985
4740
263396
47831
34138
9395
94144
138
3769
73971
379
33850
12923
135208
11539
32666
42061
814
3946
63169
605
33456
27324
161
890
20264
1983
31107
4326
3612
2993
7171
490
