473820
244432
539215
17593
57205
726108
44035
508799
457143
642732
534126
456060
11168
412456
161644
3100
474368
439735
36546
46056
87128
1295143
708258
1554408
1135721
1199124
38118
31136
12017
1530702
516715
611127
1094251
135103
330917
92033
78773
1037971
236298
267653
444590
393920
509179
1687740
381450
3205651
231202
220627
16211
890886
7362
11235
474104
487715
1593677
710948
148249
356783
1066668
280607
15450
37027
48935
21821
1172199
179366
469581
1069819
1882539
1898478
787671
59483
456869
223228
1048594
44767
353909
473752
364469
29519
174898
506303
717808
519938
68597
415008
422582
1060686
87126
1083480
613891
195698
154054
457557
900182
1251667
324051
485904
1303564
17076
141889
101175
1024505
178371
77140
319859
107539
459302
108577
1161361
771078
905795
55677
50905
225800
8242
300265
459419
1244953
638329
18745
1259478
665787
95870
66656
37290
270198
571881
269829
1245555
490940
495803
270771
131787
39550
552279
1123933
152794
455735
331159
539584
284969
1442824
135518
306029
234981
116735
708377
334931
52117
1405862
245624
811479
1094488
185886
23964
500483
994565
299798
151582
999000
100588
373685
260828
44979
88172
291426
320615
340682
1154826
333630
406279
611663
367882
2482992
73803
987371
58959
433356
22242
701270
1439442
1777462
638776
558878
227635
241367
10584
92775
512264
786760
416248
350477
21767
8912
21664
487849
164380
896018
505046
92035
29966
175498
72063
45206
23625
21558
802
13558
296746
935526
1301487
176602
461843
30554
402506
47380
1539706
197350
468520
227035
485659
50120
166226
806716
1067429
130257
107613
83004
988314
58332
506460
551498
1666323
845804
882166
61516
419389
262940
1146320
83846
22421
114843
26690
181838
25883
39863
88894
102984
176721
988260
165842
66062
207006
67432
21014
615897
548541
897638
405054
99615
1156536
1113033
1184047
77347
282408
664806
725536
32348
158661
1066465
16978
87872
2275531
414129
61334
900207
422452
919411
290016
331089
172098
408350
1043828
11700
372485
20290
102315
912427
43554
985769
332766
1098755
158476
565456
977829
88045
135394
499065
1274254
27535
156215
322259
644288
179673
424522
63267
58159
1020146
404382
75434
63260
882925
894730
1943874
151745
126575
194595
99201
277249
211781
174009
231873
156818
84895
32262
507442
78035
854309
1005050
732506
326320
90699
91413
978298
101792
325195
56847
83301
224012
133757
190726
174715
853661
377559
927167
896171
1051291
214028
163680
57656
2262765
447033
4787
22421
492436
982838
1023120
645362
59087
1145798
68892
1177184
1073720
509343
960465
305275
56326
402804
232695
162263
99971
101471
305430
243564
131756
45050
374003
720422
64084
2755453
941972
1699596
533753
326975
60983
1763693
411303
36950
323949
444722
537051
382632
998079
321248
219863
185560
290106
497945
151899
1996717
10437
375263
209812
20705
878111
193803
264317
1480648
8569
894131
141294
861884
60270
175473
78788
842335
113044
986232
1532171
70662
364951
88630
262538
866187
787561
1013446
166007
708636
310776
1958105
305083
687584
112985
760963
64038
2879341
59440
230440
41243
1268949
759615
108422
986180
131448
1068905
11442
37971
30917
385280
408769
433469
1981741
52692
49826
94340
656708
307688
70849
994317
19260
54071
65217
48839
359267
102639
505092
284626
478771
9326
74688
269181
756401
309175
288849
1143112
430235
19220
258872
219669
56690
162630
123711
28392
1945546
920792
756416
21884
684848
367795
700422
139987
33894
734621
153190
52762
321748
1768159
295643
682124
173166
65280
975826
49533
1018733
260944
160132
1328814
261946
393590
239169
328470
74571
338331
430591
155487
114049
1324793
48554
750618
1070999
585951
1297337
1758845
866943
1374570
463828
75976
729258
82747
724153
990622
106050
210092
166837
361647
496416
64527
115079
981845
68020
630136
1205066
26058
264678
797422
369681
1683496
125261
272984
1255188
373636
1060005
85748
718308
471900
158877
679864
383026
495249
198599
658824
289939
11386
1038987
20271
528731
121885
849835
357962
822101
1130647
47694
87417
1279439
30392
439905
2980348
314042
34410
82235
305203
204546
356503
435100
134109
191994
138462
134077
34687
1361754
473473
241315
88608
1487053
119393
141567
574871
866105
564619
490566
671862
1436107
536885
472170
45040
149734
1611420
1537171
109337
559074
571292
1067748
17130
140544
91378
536955
303626
410685
1072350
74546
111235
140983
99674
487175
1890928
1203584
14981
51322
35343
997942
46162
81237
1245743
438997
725914
144976
225541
216569
92545
159923
884379
1124758
951275
330481
89586
638182
402371
486704
754769
1265566
1136197
251792
1001231
913057
989988
132089
318061
214050
18013
320254
620486
517800
1236347
184745
200149
668874
52521
737793
12852
1414681
409180
1111623
1134736
1111025
636401
496677
820710
397563
1288310
1666088
235606
531797
949335
111642
534591
588763
1480551
443738
676170
468684
37948
343010
73320
492830
768004
2035947
1483492
2162516
355917
1239771
63558
808568
145767
29545
1061420
104701
1067624
1657858
72849
26813
36897
134838
634542
569253
498553
41270
48430
33234
38639
1231857
983968
1062255
706131
109753
996230
497840
202898
242244
327594
1488692
2391540
97474
249441
788410
489561
1682582
884867
1249188
548295
515977
583994
171403
1249539
484258
449462
1446618
624098
99581
810422
270719
236993
995726
304964
118725
90993
49114
982281
531473
193956
39501
1378515
1359431
474845
73522
31756
507267
37977
112016
201889
223704
11836
729279
492884
203636
229227
47111
110116
551762
1103549
18172
1322524
161172
27529
1607358
1836462
600404
125382
836907
46500
192356
579510
167721
10093
403876
890748
249521
109569
298906
207392
243339
17776
377941
298290
64328
580255
59832
327747
148489
130152
510552
106343
934231
527843
102718
449590
7952
79696
9012
10816
16778
160701
57297
33645
237411
26938
113583
327814
58388
17366
52628
31879
644080
219636
739848
14306
790065
299161
456649
13370
529200
1441147
25661
640699
146943
961628
1174449
95135
34824
53571
631549
398731
347527
174417
1790994
222186
12659
34747
524558
55232
65837
117922
98178
829725
258471
743286
37171
46917
404925
216393
721456
849493
1717687
96964
1147983
680738
950894
981217
1905845
190376
318463
6352
438626
64708
798452
33742
11482
111405
226396
766993
73500
88654
214834
60972
584701
32820
244270
48336
1338720
923171
1890284
299394
542057
438812
1121381
124419
296831
30928
183260
135596
310835
169564
1334809
384671
196789
1068305
1261760
597711
1024232
536332
301854
14364
579845
210179
1497435
63153
605379
40855
175156
128419
1177016
729890
70473
1422942
330689
703997
1135122
826938
1513317
1196057
200895
463527
1020469
398626
152312
949099
178210
37513
65090
235067
1954831
179232
507266
65228
495037
65199
46556
111919
1646621
51824
138193
191698
1290401
9351
43619
1367193
500278
229109
53058
63832
80806
457331
2419
142770
586980
101820
15167
177033
135282
89960
353082
1071545
25465
241976
42684
16923
1676038
29327
73966
201029
58156
19604
16518
1099231
72894
119282
440690
929187
122068
429377
494713
46792
1699190
437563
1122265
471146
445794
421379
232075
45176
125730
33678
14962
619422
219547
22926
147907
106383
170949
493036
36159
246244
104668
40220
