4489870
7585298
8059958
5126268
7403646
6787390
5635045
4280322
7477606
6189095
8582909
5629066
3114573
5150851
8447499
2150607
8281243
4158183
6148183
6581013
3503724
6464304
4356252
8463924
3993794
5624087
5272647
6851590
5303020
4385577
5306693
6923217
6592496
6603259
8876694
4597755
7904431
5862389
4163327
6341530
7870883
4196900
8211174
10324640
3900799
8547058
9582936
6885032
4963409
5830575
4824340
2615636
6415045
3754159
7669204
2877204
7394991
8314121
8598084
6185735
5983650
2708425
7216617
508725
