530753
1010010
3007899
1003425
781944
1054270
634715
2324584
1970727
3012376
1874980
1627123
1765235
932707
1676655
1319571
562893
629381
377509
77148
789056
450438
985664
850425
584391
956986
2472856
1391250
735883
468884
1834230
686313
2443341
271819
1832463
1020747
2617717
1921563
2687484
728664
1412412
2523354
2293185
1250975
865727
976007
2551875
587810
545318
1238928
343146
994043
227556
611287
607762
709521
713260
1115479
1266211
766680
744165
748206
1267874
500740
283228
965672
1019289
993740
411086
820532
543944
391866
1087201
2910342
1056843
1252120
191348
141833
488530
439533
239403
491532
1523395
569456
142319
540362
731242
438270
539293
1809600
1686243
413659
1083846
203473
1325092
675291
1376976
324694
947647
296450
1208784
622293
1967046
370858
1865356
1519640
1872911
2622645
2398487
200038
2020839
1024965
1074209
1329287
544749
100130
556486
272807
382089
910832
1874320
588039
1656957
1165320
632953
849685
807202
761415
2972913
1198906
3410080
2424718
363763
265342
2055913
412740
1110461
1307032
2732196
1745319
972149
647952
1269641
532164
1852598
796337
3873879
391044
1156217
463375
1770368
926991
1611403
1165668
2332355
3145930
1129528
1212693
542104
698738
4025943
872849
2715035
1129557
1760705
568461
2668393
2205970
3333031
2154048
2262391
1275513
1827505
718528
2009861
1307723
2846533
708755
2891230
321814
440760
720988
281594
1074074
2768947
1701291
2431874
1248515
1147854
391990
1389073
842069
1782653
1637702
1061942
1280140
112446
951119
2190932
609432
1414525
750876
1840253
366576
207760
436224
438742
980078
612768
259502
539243
226788
745412
404495
969488
287671
225735
244532
1403679
704861
101989
244504
1601753
995061
2187242
1640203
1419808
990614
1335964
1210529
960819
289757
2159284
1024499
2612370
731654
1699307
629827
1588070
854245
1304195
595471
610905
651293
418611
808894
1311712
255625
898910
404878
1196337
1605721
643555
810072
646446
781986
