6466742
5493406
10092775
7464931
2251649
3841838
6380039
4800531
6570826
10157841
9192977
5431182
4057752
2621636
5039948
4200915
4002021
2647811
8458959
1657429
3527105
3019038
5833977
4594029
3644652
5283459
10038650
6917161
3770602
2685640
6526073
3510785
12381527
3945473
7641817
4427945
8670213
6202190
10548169
4142884
10641107
8879708
12019656
7611332
8278461
2890995
9943037
4156803
6741268
5251915
5244276
2410640
2369371
2963070
3180008
2993233
7633974
5314081
8030243
5371297
3595779
3334874
4916193
3169157
