104
254
9854
124
3248
6721
878
12320
2249
3306
178284
4453
89
1487
19
61
53
2227
16
172686
18
2021
175936
164238
11783
1797
37204
89
127
2386
561422
10423
6762
439
874
78422
275
72744
10856
88701
1019
124808
2499
658863
40
184468
923
29797
170
2010
69
1037
88
5
582
2034
250
212
1154
5
25
28
1613
278
58
0
26139
0
547075
107
711695
35
18
1628
81
671
176168
589
247
251
0
1196
5270
3
23
130
819
2452
6121
176876
178162
13
14
163526
186307
113
75184
455
73383
759483
363
112055
76577
799786
12668
676270
526296
38862
9878
0
830
12
1
27973
13
28175
923
190794
545
1670
73182
1378
499347
28
9955
72654
658
140
367
28421
51485
6038
167
10009
2180
178966
17
1017
88
12
409
294
3527
76710
600
44086
128
1
13158
493323
2070
921895
1530
104751
9855
358
72859
99959
4000
2423
106
0
151
6887
248182
105182
516784
101613
830
1982
876
10768
1073
514
178636
558239
3
22954
96
98
2093
72812
799378
113123
78243
142
582
86
25
1019
9781
30531
785
75056
17354
0
251717
797937
16813
690
14
997
14903
0
22
2
928
504347
0
27999
14
138
2
36
19
34
0
81
587
1
648
312
116386
138450
2288
26822
2
205
9940
63209
227
273
123612
44906
463737
6
0
249
787
0
102
3731
23
223
0
86
64
2303
1367
1713
124
0
6
97
5982
739
15
45
70
851
338
6309
61
0
109
968
2370
24484
0
84
478048
0
0
80
1
548076
98
13
85
30
302
1393
749434
713128
5
15
772633
312
51912
3
83
357318
104
2
1623
818
74
55
100
155
24223
0
139
525
176326
34
289
0
3
39
772
0
2299
800246
904
0
1
9
1146
245
2946
403
790059
27844
223
1450
71
176714
5165
109
1466
73
6
500
74
6
1524
298
70
401
29
36
3874
122
30991
170445
3680
39
68
1237
2591
251
10711
124482
780
1420
186603
1066
3364
1230
782253
549888
181017
194
447
24
617
19765
15978
982
9866
56
1677
42
492925
159825
185080
188740
42
24
176
72944
9894
221
188482
783861
112248
20
54
29368
504012
335
73465
735
32
306
100
76196
689936
399
1
1
1506
3351
45
4028
395321
402
44
747
5
76499
10514
315
800357
2
13199
373
129285
1548
5968
1473615
7017
182354
676485
3091
40741
1278668
88037
256
43435
132
2
9921
18574
11
61
52
1
1
35541
24325
677846
79
1097
60
117
5
0
10
30
55
372
33
26849
2
729
4
5
8
4
28130
98
103
69
1
871
4
9
1679
190021
726558
31301
6449
2276
17
1422
59
8128
301
72843
108
764334
17
28645
710
95
570
18448
347
1424278
19244
2
68
16
11
0
188581
942
106
3464
0
568656
0
96
57
2
592
335
1089
4
444
232
221
5331
2719
26967
45
73679
600
49195
537171
5452
232
18305
121
2486
6031
844
754047
27
369
100
174
229
83825
1524
1682
1675
0
23
732243
189148
147
371
24
3
281
103
955
6
785
85350
9429
687331
4883
54
1
647
800614
441
2779
108
120
1641
0
2
287
39964
112
361933
136
1643
55
10269
75179
338
116338
88
64898
266
38761
303
3814
0
27137
2307
683914
0
14
225
64
110
88373
9562
990
491215
12380
74372
2690
178890
25624
525340
59
127
53
919907
141
1632
305549
1731
33
91605
4785
422
5848
206305
209037
10663
454
5
13
1113
7458
83226
179
259232
165
254
16663
872
81124
3040
1189
76585
1105
9
55
1217383
4556
331
95
4152
25967
0
493696
710493
907
9838
317
2920
18
174
946
592533
74105
248190
477
695303
638
136
30050
0
76040
525062
2309
1385
9823
152
72732
38
29533
244476
4717
4703
322030
1786
263
484108
276
11682
9701
560
5494
729
13
218200
43420
185031
60510
1927
8
0
456
601
86
4430
2898
176157
64
654
1922
880
556887
1312
719596
0
39170
1406
151139
324
5
191
279
214963
43
176
22246
24
192
121
6
1995
5
72670
182
14
28
799865
91
147
785
2
81
110928
834
120
76139
22488
127984
80
218
1120
98
431
590184
439771
486
19
0
212
46
2009
15
201
10
0
87
1030
30
15159
157
265281
545
2
116
771097
45291
167431
555
9668
57
2567
143
9783
279746
9874
26618
37
16
585
2
27661
2285
0
27
276
252100
48
1622
796096
1755
29478
624
9480
9329
59
360
460
234
1
1032
416
72
17
1200
110
2353
494686
306
15247
75
1
1
933
107
2
0
13
28
10
1
1660
0
6873
730
199
0
12
7
501543
1157
1606
85
51
1
0
47
0
31263
58
617949
37
278
86
33
61
1
0
2
83910
1613
188
12
7
1702
74
113
27
23
179
37
797747
73474
52
412
590
380
438
75060
1675
97
29043
175023
22193
766
52017
5910
48
1
25
753
440
20
4
860
0
432
7
610501
1416
45
904
135178
91
1990
1277
4100
619381
8
31735
366
319051
297
228
87233
2508
956
30526
85290
77103
121
798605
712
323594
504168
0
295
63561
75350
2
131
92
178330
227
436
7
10123
277
305107
13189
723
113
39717
8685
6419
182015
924243
31887
1857
137
621
31959
354490
99
8
321
9
2
1021
7
2326
25
28831
148
72
175571
492550
11576
1220
32
1
537
34
0
1
0
3546
96
264525
1247
499603
1
1445
0
215
0
23
47
101
77
4
8
14
54
0
172
8
5
10
13
2292
10065
2035
6
0
398269
1
0
1721
96006
247
1476
449
46
0
2
28
284
105
1403
73322
25
7
964
240
365
785
5917
32
1461
158
574
477
36
3267
1403
3
169448
182
666
411
72003
734
3121
1690
29
111
1215
1
0
19
333
3391
31
202
6291
2864
248310
112549
1
49
26608
85
30
54
0
1818
0
1514
452
346398
1291
697
6065
789094
1975
744
23649
797072
80448
3
1
67
3
0
28019
46
0
2786
284
63634
600090
0
112
9
1406
3
696
13
1557
386449
1
63
169
773763
0
101
55
121
0
127
551118
1144
749401
2
1602
472
1375
35
101
12
101
194
35922
611
0
42
1315
115
0
0
307
475
26
1641
0
7
177
748945
75271
1516
779
16
712962
112
0
405
704
103
14
34
891
963
16
28077
771555
1
178737
499271
8
1293
4729
73590
50712
2280
256
73
2118
734628
367
0
265
101
9
4
358299
10045
85089
437
715486
220
85287
205
23795
638
309323
47
1764
1071
330
104
1783
1031269
644
710256
9815
495358
451
1206
10789
776
74923
34
1698
7
91
41
355
1589
0
132505
216615
22965
48
0
1472
15
22754
92
441314
91
184
65
520
2
176429
103
9952
249
131
25
101
0
138
2173
80
11
0
0
0
0
24
60
34
37
0
3
0
39
1004
109
227
5910
0
985
7
13
118
47
2297
74
800007
76460
72
9854
418
550
11688
204997
9
2752
138
504646
51
0
179417
0
47
16
1
5
2
0
1159
2
332
237
19
6
1405
540
72662
56
0
399
0
27699
1373
2198
789127
338
0
27905
1
13
1189
773439
134
1129
491663
887
692
1282
23
67
3343
79
1006
1
23
176027
4917
736909
33
0
110314
545
36
500084
1373
1457
71437
35
5
6
74
87
7
24
1582
0
116
3
474
419
7
856
473
9964
463
13
0
0
405
50
1686
50
2487
483676
22
292
725204
490919
71514
12
28
445
10160
394
20
9519
24893
610
193
87
148
125
1019
14925
1412
1
66
86
13651
3984
67
918
30694
111
1326
18
740297
17
1654
2285
4143
899
2
28
34
50
505
2189
424
923
3833
38
962
290
179024
488703
3518
322
569
3048
104709
28595
9817
50
246
803
810
176912
122704
338
30741
144
4
4
974
3
4774
151
129485
92
61
187353
1023
72
44
1049
621
1687
695921
517355
48
3
403
1274
6391
610
640
783185
1057
1070926
1009
15868
175845
11385
639964
27743
316
3
491573
23
77
3
69
448
28
0
23
0
11
12320
1
678
0
19259
0
54
483
8991
9804
250567
973
42299
719574
0
9909
281
362
12
447
531599
6
5
1675
2398
1602
241
2
439
0
41
549
10234
493703
4
0
75
35
158166
1971
1903
703192
600535
498318
186630
1800
1863
10833
796280
490295
98
178903
24
0
1
279
99
120966
95
129
0
296001
0
15753
86
100709
634
969
27918
1559
10119
5199
3592
258525
69
67
2
1905961
46
132
104850
2529
4435
16177
7
780
10
49
6
1173
0
29244
1267
485996
176849
622253
297612
537974
9892
20
83
662
1
2223
73447
78
31816
262
91
241968
2
7
571
71
29
1
74
13218
0
9
179
1020
18
381
75490
1536
182
506199
178401
10856
79
554
0
61
330
1089
112
437959
129503
146
1826
75734
5
19
2186
72
161
10759
8
181831
179302
57
1311
1345
0
72321
1897
805
580
4390
389657
96
75
1072
0
2658
904
105
3
1650
611
368
1007
1072
416
367
719642
1692
19982
74658
659
513424
1483
9904
328
683
43
317
399
1
7
1062
1461
804207
2
1
477
259
785
72644
840
19318
80477
177385
1236
188632
1494
10369
100765
28775
447
533955
55661
260382
344
899
1391
11668
90046
741501
1216644
438
1282554
29688
179337
179933
716021
197187
178666
29149
1075
243574
1360
1170512
482899
205
5805
2097
10200
40216
159996
72469
476878
508956
70728
796928
195318
18994
19691
77228
152
115
51
25
1702
14224
495177
29243
2408
55
11
7968
511
51275
75396
1045
33
3
9926
152
15
218
177881
93114
2166
436
9
70
30
60
28
66
0
11
80
90
30
9856
49
265
168
5845
30
6314
0
79
424
450421
392
984
213050
1388
534842
1547
135
741101
12671
463
92
6250
6
24
1057
19
199
35
88
18394
177
2
3
1466
6760
4
39
19
13
8
45
102
1872
4002
5678
73
15684
43
87
9873
9821
1046915
35
2
0
146
366
1211
0
217806
914
207
62
146
16
718988
25708
6
15
0
1
253
9964
681
0
0
433
3940
546
8
0
352
21
43
8
73907
255264
1
1972
19
3
535820
0
28130
0
116
27
60
7
5
0
105
0
64
96
1679
1
2814
258223
18
7
87963
13
725003
65
212
2
33
0
37
0
1
7
13
3756
1049
172360
23
318
194755
11717
722525
23
4071
86
2
71
31830
0
516
239
45656
5
9577
355
486605
23
633
2
81
2
68
1937
9
56
75
0
238
67
57
33
7197
41710
17
4815
58
187316
2397
172
75528
1
55
111
108346
28
1549211
139
1756
88
56
86570
509696
1108
69
497936
417
28649
0
596736
315
200760
14
1525
1644
973
2164
1846
1216
125
16598
14492
595
4021
22
1
795990
798494
1401748
5724
82890
960941
83
93795
11223
6839
179012
0
310
4
222
61
8
161
160
2
7
64
1
20
41179
91
951
541399
24
1
179690
432
9867
4
733
74431
45537
1647
10
49
141
0
0
116
6268
29
20
290
132028
1
27270
577
1044706
67
0
35
1680
162
92
15018
324
154
169
24
278
687177
15
27938
72250
1362
30
2
2274
523512
1026
2209
1046
4
141639
2482
29396
6
41
2653
27343
977
33279
3875
11665
3337
116
15393
16207
142
82
173168
47915
560743
10690
86065
514539
211205
1245
999
266
1878
26213
86
124
277
657
808
178821
321
648498
798680
546813
806
0
23
11727
278
82125
178
181
894
41837
1011539
101306
73869
38
56765
377
79698
225
6963
18
1829
92885
231
16334
507391
45
7
47
223048
2468
36
5
782
4150
89
215
6542
229
6694
957
95203
5
29
752565
5
178073
815
138
24441
369
42
167
1
29501
1523
7
63
104
3285
170947
1429
9911
4649
517139
6
9817
494598
184048
73116
1013788
506001
796
6761
4475
291010
561
1521
103509
246307
707257
93959
10001
93
22
1140
85
20
10
0
7
730044
7352
7312
765452
575
189168
67
841
138
10
439
3345
50
493090
19115
755900
73309
0
174
164
899
787211
167
2784
1638
40569
10
98112
224
1272
83
297
84987
1450
1557
1543
349
235648
4495
4108
826
341
188052
25217
206
215
91411
699149
495
9951
78
263103
471888
18744
203027
186557
594
4497
743
759971
1357
97
80
2
4
9
75
130271
147
15031
12
0
3
15238
785472
496
217079
9622
30877
109
80
32108
414
972
405
495865
1031
8
1647
6873
1510
1719
46
85728
7
86151
1870
189
871368
381
714
176321
53213
586
3
495522
903
624211
322848
87839
193409
820158
3
178333
574
196297
9488
667894
182309
321
347
28145
176267
442
7
585919
1447
125
1
39
0
10326
11
424
74
74603
826
55
1917
13
689
3069
400
19
2624
362585
174
133
349177
486
879575
67
2782
191118
1550
390137
1462
142
891
1758
115
37231
122
455
207
75082
700
99
1875
33
499739
439
613
77
977
694672
25482
312597
94
502786
1906
3244
2
214131
1483
466536
56
10320
101
415
0
0
0
5933
586
161
85261
216223
497572
179019
48
9
348
55
28808
98
15
774123
9489
3426
55
13828
38599
1317
87
1
4
1063
10
518
476707
1264611
9979
34848
260
12968
14128
353
556016
1113
30
2481
1576
482865
132567
57
178648
6
4331
127
1030
479112
465
697
523634
948
296
126
0
405
109
253640
42392
100
531069
336
402
10152
1746
944764
9754
497084
178582
47888
224213
2900
11633
68563
533030
2389
13
364
487103
819543
73
3295
5004
35
150
12
2
653
416
446142
77646
854
180292
0
32
4604
1010
69
352
788
2085
20
406
5864
261
47276
366544
42
90
95839
531182
1096946
1561
2406
3108
10521
126
31205
97
3466
440
77344
171
254722
86
0
157
10338
6118
421926
714946
77603
6084
253
56
8434
18
637
17200
9922
293214
414
175910
35
20
257
4114
14
255781
559
4181
44
2
102
258711
810443
2
0
174511
17003
4089
53
29496
364
743
57
246
41800
37642
3219
37
1029
791
65
6
2312
2803
6319
796467
531054
84881
346
347
20
1751
542073
1296
98
0
115
0
208622
0
9
687507
790
530412
1036
1147
29447
3003
26031
777716
545294
1534
503
4138
1632
11121
30852
18679
12587
2245
586344
224167
13
5200
96511
13
177763
163
1324
173894
13067
501111
834478
4
189108
56
55
7345
766412
842
513296
119
951
10326
100810
121
210
192218
3101
702722
5787
2237
1263
9
423
4
229944
29729
496978
8222
165
123
55604
613
491709
494620
677808
28438
584384
26
312
1094
1253
250554
329
2917
1311
85
457
80
686
693349
11604
324
17
6497
84375
2
29950
698556
13843
91
1190326
35088
481612
30406
24
9431
71
398
573110
12189
523815
277232
601533
1005948
82
390
616877
0
1693
273
207411
795218
2504
13705
2711
15649
711477
17
223447
175818
133
4574
1057409
5
1778
303
979
864
28050
203
1144
207045
579
28193
740770
16098
32158
711752
2162
18533
4734
752821
504942
180599
684853
1231
225138
838
841988
2190
5652
56
1487
178
1339
483297
9234
2632
548728
357200
33467
4094
179091
3357
103
739
423479
31911
27357
60339
343
9565
18274
169611
46914
9772
5703
85335
619463
12170
508415
6595
782493
31347
519304
49
29
3
667
561919
1413994
80392
986176
2583
107
71877
237401
2433
85025
848901
2361
54909
56813
19211
1248
31484
498
529316
65081
1745
38
17
725
1
6434
3
36
11
52
135
312
0
594
448
160
92
572569
461
84628
105
11417
37874
904229
670197
494129
4
83124
1066
1023427
204048
611933
5173
548
2103
30465
340
125
44
663
4
175516
13
74682
797
563
5
31
416739
70
32909
8144
527944
9448
172602
169726
281
711454
187243
747697
757
178778
5660
2247
24
17649
29217
46435
0
10
1627
54771
1
197
374
146866
28114
269
162
1252
31
29
31268
134
71
183
702
83
250
81
705430
1769
258
81407
1189
223740
63040
165
112
735
2913
29
611
399
10
0
6
21695
65
111
102
527
89
121
11
13
183
490
10
6015
120
33
0
4
195
199
1830
78
1
0
5
2
9
72592
88
53
51
159
174
86
13
155
1
4782
2
36
22
9
5
590264
1697
218353
1
73
0
757
7
292
23
292
3
843
251
63
0
504011
249
73439
967
38
280
9
259
194351
124
5996
197
15
2811
153
12
11048
88
6215
50
103
33083
78766
39
328
108
482533
894200
135
669233
126138
988
1
0
495081
101
31576
2522
237
178430
6588
135
1381
77234
2597
28044
49
533951
531771
4
117
499856
1028
39
588859
204433
106983
6418
999203
679502
5306
0
16350
133
509
19
105
399
1
453
85
0
5963
3
2880
34030
106
6
27945
395
26
20
78
1982
0
1038
15
16
220
176179
34204
66
5
28
24
147
175633
0
257
8
56
932
490485
87
18896
0
77587
0
62
227
161
594
3733
19
91
15192
2
74
96
0
11694
145
2937
815145
236161
3842
1819
215275
44
6
401
0
306
27073
6453
51
941282
1
2015
6870
23
497876
18749
58695
10082
4350
160900
1416
2205
165901
1418
919
1624
84739
91262
80
1933
147
133
7
744
1256580
1928
902
6026
427
146
186103
15
77470
670209
9777
30636
191876
765
72654
34
188894
126
122
3868
3972
5937
18107
22
1912
9616
607
17
348
61
9766
585
1065614
102
24
0
33
40
29197
26880
10288
36147
249
0
2329
0
3
5
1
98
52
1076
27
1599
311
233054
3
110
188
115
56
251923
7
42508
175741
145
59
792
626
33846
286
124425
10569
784110
20846
17361
3
2489
10295
36
29771
56
23
18
615
165
9875
29713
3880
693056
24
8327
6
25089
61
10
10
20
57
2
369
31256
19
142
6
3637
1
99
136
71
0
272
93
246
10
713
937
585
10166
133
1
67
1038
263
0
295
381
86
12
1243
0
517
2157
703932
148
411
331
179193
3096
265670
152
75815
288
4841
494635
2987
74202
216
2
1257
0
243294
13414
6273
49688
61842
8
151
1198
115
113
56
1
1
80
31
10
0
1140
576464
88
2092
88
255622
504
2
1
65
0
446
1528
610
11
399
107
11
0
13
22
9
10
0
3205
532604
0
1
3
29
2
59
76367
50656
48
8
0
55
2
6
6329
793
0
804
28
17
92
287
52
460
17
111
8
6
4
10
1
126
1
0
0
140
12
631
401151
96908
0
192
78
1047
14
3277
169440
1767
63
3386
62
85
34
1718
25
6061
29
4
80
119
0
432
120
0
2298
258148
510
192
46
3
17
5
2
104
12
28132
3324
75988
1854
557
10069
1373
85019
1785
532514
711847
9805
1931
1885
138949
46
1
104
80
98
120
0
38
0
80
0
70
35
64
9
0
0
10
1
71263
0
1357
10
87
1
153
1
49
83221
6
0
1578
75
8
66
132
26
189
38
17
170
381
3416
6
299
2821
46
1430
2232
172489
126
83
23
3
150
130131
83
89
46
6395
15724
668881
490540
25
0
12273
0
1
719924
183
26
70
0
460
35
3489
1490
796862
1
73378
64
88
130
2166
589135
71
16693
0
605
28743
20
620
236719
607
12833
142
1400
383
1
277
15
49
917
1648
71487
0
2176
1635
88
45919
429
378
1
109
1
106858
1221
12072
66828
1155
175491
29
206924
1045403
744
58431
269583
243
1537
2587
8109
51695
5
613
0
66
2
0
6083
61
81
51
65
1
2
3
0
908
9
71
503117
0
753
2210
0
6
680
2
73444
986
53
64
0
1
6
129
0
34
556
546
29
0
237
235
1
596
1
146
271
64
107931
84723
372
57
610482
2
117
132
1416
7015
7733
75
13
206
40596
25
20
912
0
2833
133450
3553
1877
124
0
64
113
1980
146811
6
39256
435
397
15293
82
10
176427
13525
264
5905
572611
118365
2203
45
1
13
2
6152
302
25070
54
426
439
32923
52
73629
2196
430655
1350
17
5882
406
439
152
757370
787988
3090
1
87126
108
511
28896
89
268462
185284
760198
6
133108
95
28295
30
169
1683
85345
884608
175021
495940
197169
329731
3810
176429
1237
84
201
819
1502
130
797033
10
393845
11
0
497916
1412
318443
494033
1472
60
1
532794
63
0
0
30336
1
64
12898
755
585835
3
63089
347
113
252917
401
188211
13034
1048
2
5288
74
2103
0
125
15
46
1690
1331
2360
255276
304
851
191
4956
57
279
5
11346
178950
28055
25
3
1672
509887
1162
542315
1200
524
1119
536855
375
9924
1959
95329
176006
121171
20863
5
13274
671
20
5612
428
1862
509180
423
15
691
29
6
9551
252
30183
505449
83318
804757
81
28118
804782
809
203632
594244
741693
172731
209084
5044
480895
443784
3217
447046
18427
69193
579068
204301
479708
960195
71072
5537
138
415
575
6341
0
4
94068
191444
224
653192
30095
21
177201
175781
10692
220060
3434
183428
2
38
17
0
1
312
434
48
18
399
5
13
107
24
197
25
0
54
36
4751
14
1
272
38
127
250
15
233
2056
5875
44
468
59
0
781
73
28636
6344
8
1861
3558
14
4
6117
28063
1
0
210823
3
348
491373
3121
40
3315
7
563197
39713
377
888
170945
3298
26
951
31
16
542132
28
1
281
483
62
0
352
1949
16
0
48
0
993
179016
0
413
33219
765
1023
0
9871
23
3
4
3
3381
1
184
713
60
617
1275
87
177357
338791
688
56
76826
2309
81
1
502100
85
36
15
88
13
0
28
76166
0
31
93
33
36
0
140
222
0
172387
3381
88
82
3
702
6
108
259
976
354
142175
0
78
82
2
2
153
1
56
26
42
2036
2209
8
131185
982583
898
0
483
15
100
18393
27206
6
1549
237
13
0
382
149407
208503
869525
11849
7
0
66
3
1
29
247
62
19
29
232
260
132
0
1687
38
25
220
0
2832
1509
185867
26
5
227
318
10067
6383
928
270
315
79
1
800705
3
127
0
396072
69
0
69
6
0
25
100
499
2341
258
311
188051
511452
960
469
95576
72
12485
10
239
146
27996
28484
345
2298
73001
1139
6010
815698
2240
231963
29
80
112
21
3517
355
67
400
654
8740
99
36161
2413
526657
173807
15
1023
281
45
321
34560
16
7
529
2427
451
953
138
74672
31
19
306
684
140701
24
59
3090
493383
496
1517
62
122502
2
272
276
6
29
173517
340
1174
785491
704
1
2828
11876
1344
62
27477
8196
484
326
5803
1368
27
33180
1544
1537
2780
467471
88599
302
18836
11980
1805
144
2078
58541
1783
29111
