659615
1379715
2355214
134402
1845148
1612482
3472681
1402783
1710675
1294190
2521123
1836610
2339165
705608
1356620
371144
726220
2962380
606864
1756878
1445620
594418
1883202
1751316
2059948
1985472
4700181
899328
301003
1453395
2366689
777682
814614
2594197
2587101
1753486
1580731
1915345
1855837
2194168
1714703
2565162
1775221
1369823
1757449
1296521
1469877
2284597
1870519
1943372
939202
747380
780733
1587028
989434
818492
1931789
2332575
2574936
531920
1313336
84894
1101094
796109
615891
888758
2514094
1062021
1783177
725656
1745646
1295060
1748282
1852760
1265319
1117595
895852
256946
1967118
942075
1384887
1227517
1125212
394995
962151
375837
708152
771209
872706
2078862
1717902
187410
2577177
294810
3255681
967952
2016009
1365743
1339641
1166315
1912260
588829
1499018
1379287
2663114
4639861
3434044
934689
787267
266562
2080542
240880
1577052
1775125
1408225
614794
1612446
1343744
276855
705533
3068040
1203668
3667683
638852
1302813
1662402
1558219
683349
2375355
2645679
1487068
1373219
1479121
1333475
3085372
1960294
2664561
1933725
2649358
2698692
1698646
2646205
3699616
1210634
2568213
552865
2440619
1828594
1129819
1562906
1461216
2423983
1805803
868217
3339048
2123856
2144032
1911746
1670857
2365901
3230172
3131065
1824123
3262233
1868286
2412429
4117196
2831855
4873796
1119069
2894579
2921865
2155779
1015634
3154660
972704
3277704
281604
1364218
344974
326949
442933
1184188
1043945
3033278
1282274
2474826
269054
494087
522545
1663597
1580476
894933
3432530
1035392
2224525
953745
2011283
1367434
256293
642000
2488875
1013429
1169261
573188
577661
366047
776979
417718
817982
1832396
83187
607429
292091
816495
2165869
1158582
466655
1940946
178760
362559
288630
1302073
1108605
1852638
787003
4217713
3094296
2054705
1684508
682628
1698101
2229169
2921476
3735971
2087714
585870
426587
376947
774392
878014
597609
1611986
591001
437393
518504
1306544
510081
1951123
1312564
2272492
737648
572684
515578
1960925
1031910
