1100731
1695998
785003
756060
822691
4615628
1599799
922412
2164285
853479
1655484
1988041
767307
3221900
911700
1970
2726369
4637171
1337602
1499323
1610456
2255755
2937379
2432644
1462364
812251
877732
2410872
11527
1660909
846461
41467
1066692
814946
2440601
2131074
1466233
1380143
1001701
2022917
1305457
717723
1534416
3272832
858687
1372266
1418428
2778956
769877
770875
825306
4248
2590795
1336118
1635182
896305
2719724
1504616
1841822
919944
212249
557695
742897
7368
2212042
2797660
1002470
1284244
2416143
2345918
1618647
707543
1137948
2244103
1576648
1196742
703774
1684325
3222117
694779
575745
759515
1639714
804111
570689
1334791
2952994
2833541
700305
3102912
2408586
1546975
1463646
753009
1011911
4830672
1559490
84657
2172114
87793
1623404
1644314
3018155
780782
2405978
97508
1710779
2508008
301805
2430374
2421423
1538910
932311
2254843
1607117
9738
1002497
362713
1561752
1400470
729805
2491621
1753678
191551
2344560
1100385
2268373
1306182
244178
1576080
3178642
1817436
3173632
1390662
1483839
927441
2385134
2158115
2133339
1605620
898422
1546176
2147110
816290
3144656
845145
318787
1967167
2028993
1547792
1692720
1840575
1655157
911252
1520105
219399
2607620
791177
2467342
763535
2343202
1180807
1787382
2348787
709693
1040883
138610
2895828
2005330
3571635
2204822
1621610
965202
720632
5179730
2066704
1859396
1546952
861211
4767
2448358
944852
2004746
856756
4032712
1684777
2538373
851495
822849
2152211
3080917
1236840
780731
1094487
1695556
1045232
3788499
889420
859719
3037
766289
638810
1465424
1638550
860
6205
705312
7231
849729
847282
2859480
2043407
63353
2554175
175320
1125766
88248
2240529
1919272
2515546
781819
1122287
841504
1384740
1848622
4895216
1882824
840604
2477447
3045487
147550
930645
1944149
398389
3954323
1530360
2148038
1731667
88720
911931
1054839
968280
1215604
700857
558562
1275102
1561129
976955
1985661
921223
1693999
2917653
560029
561752
1426891
713047
