737
44859
8405
399
12258
32776
12432
756689
833
83981
18060
2898
7
3520
14000
8738
512
2103
614246
254
865
2058
69700
45124
610774
2464
29548
5508
454
616859
180853
12247
5934
15
37969
1751
211410
755081
830804
474556
431675
10992
498279
1039
154
63787
32662
53226
366
1705
0
1319
1169
177378
1371
346
174827
211547
1718
471
553
444896
2001
1096
700
0
51199
41
257194
670807
72
1128
1580
8
659446
99
26
58
305
140466
0
457335
8226
3
1190
46343
40535
226782
27163
32401
43702
52
985
41436
186109
549732
4
0
249389
676038
214895
87546
541266
426681
103
0
234
29955
0
880
1939
4686
44
39939
181622
1
614924
187
79574
182827
3409
634090
176475
222
2724
481178
3755
130019
5660
678473
1208642
981
990
298
5225
2313
2661
38723
454377
833
7671
0
930
411951
516000
375219
5
448271
368
522047
161299
1177819
33865
224452
584041
884540
178039
481686
2472
41
616716
348
48234
8800
5255
56526
702983
55647
62978
670028
609596
1021
356
194310
187983
174272
28
180
25714
102
45705
331854
510233
58023
41393
80167
716
204
586
52940
545368
1077
7490
1
183543
0
182489
914
755003
353
31
372
182
28
0
31
1325
731963
161
465141
26009
176
69
183464
46
36714
1384
94203
181257
33113
0
33078
173
57981
309001
477201
6550
325
802
436366
214758
2574
57930
115898
720365
31145
100
26038
177611
3
0
182973
2
32684
0
42619
1005794
521
603084
459251
0
0
390
172478
2079
4336
26921
43789
48173
2210
2
821
73
0
31
587945
1085
51222
31
32
870336
0
0
144857
255963
98
682302
7846
124949
297
1
115
204
86184
0
2
181395
422
643095
0
211773
2523
117
621
1039
5
657992
340
290431
383781
65
300
2316
263
0
23176
0
21
236
137208
1
176
227
10
5571
330261
0
29386
110404
255
54
2440
23637
0
457954
176957
58489
334
27892
406513
143032
625397
1
34
56133
42
98
1263
2441
470
9643
2690
32275
22576
37295
39355
4114
113
409
142146
636366
82231
1829
184123
1358
27535
37562
248713
951
645
989149
182335
2211
37447
64
51
6647
180
183343
1693
199
465
0
0
2686
38727
475
88442
380201
21
520947
25197
50979
1286
64194
26
476101
0
328
130
7732
0
222
247530
833
6
476855
52
677883
0
25511
112
47
216616
31944
2244
744602
1332
180765
359685
0
1845
102
671
489527
426122
1714
2589
15532
3
731
759383
31781
2637
778155
88638
618651
2140
548028
415951
87821
26187
1374
50608
39403
3
122198
139
35546
0
3832
123922
50
183503
238657
65309
35484
606
2
39
4
349
0
726
39289
0
1
181905
29883
75
2
1903
0
1
613971
9734
1
2412
188
0
203
0
68017
4
10543
834
155209
211
217925
102
51
218963
178082
177558
638336
151979
480970
8
5649
190041
670765
445328
4
832
225
177
5379
960
5
2
3
2374
474727
7430
166
3663
118
1
182269
126508
758
7485
797
3525
3624
1307
503108
527582
32062
1028
513363
546170
192734
26222
183837
32
26716
458060
102
815
404200
0
0
862
463227
934
4
73
855
7791
0
0
55060
10
1938
118
293
154099
38
8962
295
38667
2457
0
384557
914611
178104
87
2111
37809
8014
659892
2407
667948
6734
0
31111
0
274
3
145180
299879
412663
207
3400
1352
615624
583769
11012
2441
0
183359
59428
190841
0
695909
38825
797764
3
22902
574464
431254
8887
329
180
676300
1230
453500
59008
13769
2
801363
14794
649477
303
677
1186643
516060
150354
72416
223
77
242067
42934
186105
4
241
32522
1501
764247
5638
64
665874
689980
705146
1199
204443
129
0
3
362798
661081
1385
6677
211
6739
729
105
431950
1417
3528
213194
493344
446307
407
2
1149
0
48251
35129
35821
77
1452
3
10560
657543
50509
12
800463
87
0
345
0
202228
210171
457620
1017867
3
69001
267
177
25914
147015
10156
8795
39274
220927
389
489172
2185
127238
60368
498023
22812
13
312050
351188
491723
506
77
1149
2
613
9155
5
191233
452683
532220
423310
34972
625134
13
9917
2044
118
2127
2
66062
70
648
629198
2
3
25627
58659
148
0
141
177929
100
0
1412
0
45317
655661
262700
32026
63245
32306
14753
505831
148
25406
114
84892
393
5445
39250
8496
484680
33284
79819
3055
1668
453013
1232353
758776
932
455225
0
754
209
360
244652
971
515
185
2257
353634
52576
355074
130456
335131
94
494
797
1634
21
7482
56
509
1255
665
2
83
262
0
267530
1
596
0
0
474782
6
377
23183
182736
0
1
648294
7421
12474
471141
112
37182
285034
0
0
672781
0
374
0
304
3505
371
147
104
0
178121
3
567
0
11
0
1
20
0
2
178851
174
35155
0
860
0
894
741
1426
18
4
448841
734528
2181
297
162
0
225
0
45
2
465958
79973
8793
35070
2
0
178
44571
120977
311340
60
679350
244
5249
170433
10603
87
3
1071
3
3
297
36626
93
18
3688
54
7
9
35033
75
26910
60488
212311
1874
1853
70
28529
0
32245
0
0
67
150
0
32783
167
1
30054
19
1
2602
170
194
58283
123
98
1673
132316
102780
604608
16
244
1111651
442
835
6028
250
429
367
0
3400
596
4791
3431
40788
0
433661
11263
676890
815
28
36769
5009
179155
4212
103
653
995
258
66466
57473
120703
72
104870
111001
806958
54611
708633
16611
8718
177248
29687
26615
398
4006
3
436
0
182038
328561
26301
7475
181188
95
564348
1163
0
1
292189
484
411354
0
212789
4796
1
0
3
183345
657399
18
100
1079
0
160
64
32598
2304
69
1184
25857
29130
3008
423829
39187
553349
449240
144
452041
0
0
522
2
3
604553
225125
0
74582
457055
10
8530
680576
747
47180
128114
189997
21
206
42
1098
420
1201
5222
55
171471
2695
342
1780
976
2193
334
176
3358
932
720
19484
199547
42634
3211
602462
45082
1580
10086
2414
4728
471286
306
0
391
165583
10
0
2050
12075
29487
456508
243470
32042
185068
178503
598161
3
0
186230
78693
520
0
447449
858
829
412152
2
524640
798770
178397
8314
55524
33115
179808
180
118219
50992
335
0
0
33
0
3
878
0
10
142931
2112
922763
46
2
447
0
1
28169
7
586106
97013
98
120510
86985
181
459750
1040
255805
1573
0
19
291
60
0
990
653000
56274
1247
155
6865
780
808
64167
242748
160
1
6
177855
49386
7029
0
479
2
1677
651547
2182
4722
205
615
9390
90046
1443
38900
87256
84703
4
9
30158
1910
0
190
150
191800
181314
102
466223
176
3622
2528
208
187387
3696
385736
64649
667696
0
639
58
2
151786
879
212355
205
35495
6735
97
2967
14730
58470
1530277
7390
684448
4021
1125355
339074
112091
3879
1052
1169
642072
327319
4
711
1506
133
34960
657949
50467
146552
32836
39658
38385
2118
6490
282370
44
5794
375663
321
1777
413
58728
0
77
124
32820
27511
9134
2751
1785641
2181
184122
318711
2223
991
2
86
416
0
23460
0
0
2
0
0
1
2
1
0
18
2
519
1
21980
167106
312105
1574
780
400
2341
0
232
0
219
0
2610
28
38848
1090
596
0
3212
685635
5435
3160
1474
907692
59278
301
3
329109
565541
1
213498
42
1003
0
3548
452580
749
1
226876
5424
57
0
401
857
428
717
168737
9379
209
238
431
39706
308
5193
0
28062
23545
7826
0
817
133964
0
57050
0
458999
131
0
317
133
177061
174
656104
90347
29363
1914
0
334
0
27271
0
127625
1
766457
1456697
3412
611
1
147369
1972
205
3
19
628671
1069
84
1
1
0
123619
1198
69
2604
5941
676250
56269
177
68
0
9
0
2055
6105
132
267
1151
301
1425
5
2188
4179
5432
3212
82
248
7001
26
444
3
4843
5390
557
20546
38240
21624
824
47574
653927
11088
8346
2917
12683
39815
6369
31163
22
536
763469
34108
42793
948
2036
478411
306077
1755
74652
62618
327029
1140
1041
2790
230
7727
170
1
143808
80
2410
160
648147
6997
231543
12861
107478
1293
206
2
8771
85
183697
0
31510
12
7
1137
240
0
34548
27224
671
10
432185
592007
84741
0
8
63857
10321
631495
147807
0
691693
775141
3625
0
1128
1
978693
9075
47152
32672
15
6434
0
692323
460029
240695
55387
34613
7603
8424
179111
447273
724395
143
33
0
63556
0
0
35816
9121
28996
1268
329580
0
1002
611967
1061
1028
569
71
183176
11
1685
798720
1062
13
41
1147
541
471
75
7645
2
36275
0
504
61373
3
4
0
666
835
141974
608
2958
0
4639
31
38791
8079
830
919
720389
39547
39
5093
0
482845
596
854484
692349
1294
117
642345
2194
0
608719
676320
9668
282078
203
706529
0
376661
0
659
169016
2631
1867
322834
6611
19294
335
954484
101
34788
39396
26
0
181904
548771
1135618
2040
199
33945
0
482
0
410
184385
0
209514
7544
5240
1
0
64851
31466
7685
0
369
58951
4
557
83
8753
0
1452
79
250867
433978
77813
1267
39339
28608
2
38
486816
0
475840
539953
104
891
56
63
27186
76
496321
4914
671
185104
9
0
418
14
7646
443118
1626309
244
590496
511
2300
255
399923
643518
52263
27544
418
7
1668
214354
31775
31906
74
3
111
8279
63131
134492
157
97700
47025
650372
24
148
631874
3536
653107
1
152686
93
358545
0
181110
66
988
69
1347
717861
650108
5145
783549
2505
3704
9
71546
0
671
0
0
0
484259
32995
1638
4703
8298
99
82
418269
26186
7849
931030
768672
2608
0
9090
75
4147
30507
68992
6912
5
61621
435
239858
1749
51584
731
6
7887
1431
209542
553133
48
31797
30485
0
688938
3554
716105
500595
361358
460196
778719
602
35850
64106
104
231611
35381
91419
995206
68050
2382
88643
4735
39706
696726
550444
68266
1586
3810
11
421494
8588
456194
93
621261
47876
25997
449744
32672
1291
1366021
85728
19337
2878
65
50494
156
80
633117
946
723202
27355
4
1
9
0
113420
69825
765209
1258
0
1148
475894
149
5171
753
35594
56
51
35632
5
1
98349
2143
832780
208
928
540740
929
84146
33127
921
662937
3
752
499153
510257
12606
235882
183632
107
2851
1
65143
2918
921
0
2573
616933
534718
774
117
2008
0
30478
4795
268
449
31
25842
640511
688273
231
5
149359
205
184249
64731
637
42
83213
81840
70
157
969
755
716
59
572
1200
800140
39317
66
356
1049
836
0
2557
218280
30
0
180767
470454
935
302
1
1360
34203
66738
25414
761
365
138
334
2
0
0
80
1974
43
4
0
7632
17
1
1
2
95
644714
645000
8359
3310
26802
1174
9495
252
1
0
0
43064
2
2382
61796
0
47
129
3
176
1
0
4
4
1
194
4467
22
0
0
665
0
197
34069
33692
837
748
140696
0
0
10813
163
460
17
37633
431472
321312
2880
153374
0
632
2
147
4489
8
220
550
34260
35647
182983
179050
9829
3
509792
159
8052
30
5
180630
440
485416
447532
1516
1141
660213
341
177658
682026
96678
2
69131
6971
71560
978092
1183
7921
141523
0
461157
31596
12647
26900
0
782
0
6
9209
179899
302262
117
177365
976
276326
1616
209903
739708
653187
7468
656779
445439
36335
76
4755
125
1169
1
61
1202
348615
3
177
187622
460411
178332
70
220
53459
187295
127
32749
11790
27148
1045
549325
88055
13
2
13
480800
373418
2
18
9588
56
0
2191
281729
132
59674
521
242
5
457533
30
443318
481134
43
0
0
7484
0
220858
636561
190
3803
1
0
430902
118
236
6788
661
73383
115027
26040
72
590040
1615
2801
184
38308
122638
468318
2420
323004
827
753
446089
18958
12385
16118
445
944
5433
28390
16261
2422
2803
1086
3388
5940
1358814
4104
93077
1803
175788
207940
438775
51388
920802
34881
111818
8003
39646
1616
523938
54388
31941
190
33
3
199
632445
132143
1441076
2686
456715
7106
517756
499964
90969
250
185559
753916
654882
321272
25736
35646
3729
1068
190668
65768
571
732000
490198
4943
60601
63857
1127
440943
26
203291
215104
51231
1061325
177105
85559
828
3867
683634
531
1520
60
180420
184612
6
402165
1180
23255
138177
336611
227
5
209411
29
49
662
6728
2061
2
1229
185949
453055
5102
204
0
243
930
62412
7766
13
478906
25533
40815
456
484474
3672
550754
604441
542257
55850
118220
37
184130
0
0
168
0
12210
14
1
212
177608
179623
483112
832
1
3
9
254
21
1356
4923
14
406264
464160
874
53174
307
8361
3292
574
2433
31126
447324
713
683647
100
1546
573842
882
1152
23
187859
77133
244297
0
5285
66069
217432
11643
433597
361106
852
35857
2870
795330
95
447413
165
45141
2667
47293
376636
1336
341
668765
453477
28
629822
53
177932
27
58
7027
17
486325
34214
26427
453745
831
38715
144035
513
1830
926
85068
474789
108
667375
37398
672448
3821
254
13
0
179031
35988
1562
453598
2
863
41005
49
679482
1343
0
0
48
27707
32400
27808
0
30015
0
353
494802
634004
428
4042
44938
799
104
110
184789
668
417
25291
4032
182307
5092
295003
416019
331
657586
138
25946
271
9
2
1118
35262
126560
190247
7060
372
1251
126
15425
604804
3795
101
42363
235057
779501
68375
861690
887160
244278
673
0
43
53086
449
628802
6519
1081
141
27373
880
183073
49561
1082
1133
443
59336
29860
193802
0
193222
394982
640
4008
42742
798965
695695
81932
642687
1646
122489
38345
378
60850
59523
738825
184536
418
1
2
0
22636
177093
163
75
33244
11389
814144
567021
214032
426772
5435
1938
151
37190
35899
775
0
263
31978
9
0
1139276
102
1090
2
128506
675075
0
6140
76
2135
1434
151
48573
469798
19558
61
576153
56543
63824
1492
194
3372
233169
157
0
2
34434
307477
166
1571551
2420
760
37982
13782
157216
649132
37073
1543
612105
395
12
935
1
0
669
1208
4627
726741
5312
664088
462058
483712
665887
389672
331872
908674
74456
858346
33119
770
210036
39654
32624
8762
439020
147245
453417
7532
195
1027
11
759682
516
1004186
8
31577
4697
38153
4
453371
181121
1455
651369
4550
0
32547
880
43582
6
31091
35028
49745
4877
30708
945288
251003
1933
8190
7400
691182
8919
839728
954
694981
0
826827
11
11
0
5159
65
616579
887
663698
195477
184282
3
506959
1227
34707
1329271
278
65852
166516
1
1775
1255
218421
470290
4576
92444
1
125
3
96
646472
1285
0
931
0
0
3
0
198
831
0
792140
355
16
702
659902
55
447406
484242
1513
349522
0
46438
780
327
266629
52413
0
4696
351335
842
2478
66452
215
925
45
2120
105
1305
97
481229
431213
263
46279
409225
3939
448222
16918
513
4037
26137
4030
583322
323
10
631917
1013100
5832
491075
3135
739828
582427
980
870691
683809
3489
841
1476
47
743
18
202
547053
710
28695
70
1
12151
281119
0
1590
361666
3223
31138
1257847
180892
77049
70902
277787
795517
8339
1087
630326
6942
25510
31049
692
4
1439
1348
33906
0
29885
30144
151191
69
10105
2550
661898
88
349681
7396
487
30874
175147
50824
62
51490
30
190652
204
837946
71830
186524
2
75
87
0
5327
38
0
2658
5999
13131
572566
90046
34435
223055
9431
21
991
4645
40452
780974
892171
210826
442537
227
1129920
7
918791
37985
103906
998001
266735
48176
686987
12
82
2
721853
84483
507452
97
647045
0
361
16
447611
8599
319532
348036
58633
2197
526256
455011
3616
539617
89080
794111
2335
963
506473
108708
46356
884182
973050
686670
2014
256
150793
1831
29460
188475
292323
0
18
584995
45666
70631
235807
981519
11866
674090
554982
184593
61501
36062
703023
146077
1320973
109198
41014
604614
40798
512245
181858
1009158
179157
422581
21
31140
511571
16621
1755
962
2277
3
42758
588017
53647
45037
464054
183525
178456
11918
274442
975
571371
6844
1620
7098
5646
684604
36738
513590
859
79
177304
933
68843
659010
1256
187
139
9
19087
3814
32306
67
0
1937
444068
598445
5009
416075
49990
53493
92
12138
40847
222910
1194290
88708
1205
87426
207664
139090
178462
351256
768638
45878
206587
379567
55675
2616
61220
10488
459322
26048
452804
15
110
4617
2733
443232
280
54005
430
563343
513866
1409
178229
14301
40524
676607
1360987
1372
5270
868
87044
2288
6123
15930
64455
468757
685502
66549
1256
1
7590
64541
47919
27
607
1105
473623
89383
307
389
627964
888
0
0
160
2
61
10
632202
633349
675
6
215815
25601
1104
502681
165514
181423
305
686707
1154
159
30
1261
0
0
2
2
140
185
5
136
177611
327
100
0
9
0
811
191957
112015
8191
60739
0
46300
352
731
364303
3
430513
374
44956
899
678
4
657269
1609
172
1303
11531
577670
1366
139
3562
984918
37545
154
63072
305703
352760
4961
5144
376
36976
415918
2849
39328
6891
36794
1723
466746
86827
53547
339088
308759
60
25370
100
1
1
42698
0
363
4663
57932
66915
1245
183180
31289
191252
7132
467
1326667
55451
239551
81938
88346
372
40676
158
304335
1214
49409
485732
86615
102
484517
26107
182378
61
1784
57819
692465
50961
84426
117552
180877
2171
0
416
83842
1487
347702
2007
633915
844
582117
33928
2489
6309
1270731
484834
88201
111790
1446302
327904
30
25712
199371
714709
1094
19084
669459
36
698
100
316204
183069
219208
1089
350168
194164
145
889
21809
1315
174579
27
506602
191270
196
452873
321
347
1
351
335
453747
0
573
2516
374
100
185
10
1
0
68385
3348
100
3922
523
820353
65
1
267
496699
10
177562
177252
0
400
26014
170396
816
2338
9508
432998
768073
36475
579799
68316
32059
470707
512454
864
2953
880
0
320
1601
1274
13938
360
2204
175903
10086
706
169052
9949
33333
565277
26569
6398
38
37570
633346
41086
36485
824707
449428
53572
1580
570
1352
1036
40
5910
0
0
191
32007
486
26077
84117
640009
560
1964
34977
182911
389
473994
1
5290
1089
0
612309
83203
8072
9038
49531
236
158761
56846
22
731736
35128
545535
0
871502
9
0
179
37321
248390
27159
475222
19
1417
6
1
553936
0
1089
7437
70
285
90377
145578
22968
75
104
211592
732
19101
103
0
9
175
0
26208
26158
543998
28
1181
14060
31781
635826
185745
5915
472059
1638
184515
1
104960
231
470904
471
958
5
389
440
108
818
15862
243782
875204
416439
34120
982
222754
67209
346
69
2
2
1
0
2
353
212362
459208
186077
8
0
835
0
5
31
59
343
30
0
0
2567
0
2498
0
631765
216502
1292791
1
36
2444
4
342
672
866
2
372
180458
304
371
674
214709
470624
25574
0
937
0
178868
228
665
3
27
0
502672
13
58805
38181
46376
496648
1
615
215102
9295
66689
126
2
139
1241
684772
3091
25432
1020
866
632688
61
61524
16
131931
378
1
0
31
0
333
2
1264
0
343
0
178503
2
0
0
174
0
2
0
35155
0
0
3
255
94
0
986
2239
61
0
43
9
336
8
1139
2
0
71
1
677
135
1410
2503
8691
177475
329
8411
18
0
100
3
99
0
0
1
449784
0
1539
40402
730702
23
92
857
1536
7
54159
1681
427500
163755
837
643831
0
192302
16
102
8334
110997
2
3
11711
1
26800
57376
3759
0
826
23
1
337
6284
2918
9590
38626
331
22
466102
104
57788
60
22760
50
45997
1260
32188
329616
35000
0
70
0
0
783
430102
322009
2
371
0
0
44841
0
2361
2
1297
9862
96191
1
631
1033
118498
220
176316
0
0
134437
57075
1
684479
1909
125539
679149
1762
86
1
0
583
9
1919
1540
5597
82
347
9379
173248
246
2
181219
73887
392582
1
173
5391
1075
735
0
3
53
3759
423452
688
744
76211
48
468902
447411
1457
8
35231
820
69
0
382
0
98777
3
6
29
596
39
340173
176881
63112
287133
2
667
1209
0
527381
1513
0
12258
25321
26859
403
1008
20
33563
497884
6
7625
420
864528
2132
35839
0
406
136745
2376
3381
25926
10
27186
12981
67185
0
519
0
710131
103
17331
234478
3588
1847
1
270511
114067
1103
509198
91340
70516
1040
22055
35409
54162
45
518495
0
767850
477053
872
0
306414
473624
32122
318052
0
2861
53
5
304
25235
150962
619
67
99
1
0
2453
0
278
502
0
0
5
0
5748
26902
42773
112
166
5
4481
0
1
0
371
0
20
0
34955
0
62
446857
12
56916
100925
1
0
0
4038
683
33970
1069
58
70
183137
236196
59
31306
179027
1
1400
57772
200293
0
392
0
6807
188
790
500012
15
16939
30432
1816
477861
818876
14
8030
54540
132541
199901
9772
97557
34944
65349
3467
617855
176589
90671
177831
726
498806
36
332
177136
242
2095
485737
1641297
343711
168
1
447696
254
2235
565325
267
299646
1174
100
801
185799
43908
446232
39916
179788
26
83
486479
116469
85876
177640
149
0
1363
680765
0
150
486689
40976
55992
1377
4
25992
594
53
467
73236
182313
71
47215
25604
769
36773
43374
42554
12
31996
0
177076
853626
3025
28245
64
1140424
125898
2482
63389
3179
2103
0
760809
140092
539
26
1038
0
573451
180046
1
454395
8393
37506
31575
1367
12
4818
99
524
12175
179092
14
27269
1
205
85178
2570
0
978
0
432651
0
2
350943
0
2390
50
1245
890
3860
1490
457255
958
185642
684269
47
59940
185624
300908
638748
5312
1027
12
32258
3154
120754
175630
3835
3406
71
119
96893
12104
2129
1100012
616189
358819
12994
1668
459014
350648
479682
217279
3290
484109
6980
214538
33475
1373234
92328
1937885
39014
122122
46260
2589
300598
2742
308133
7
0
834592
0
8272
450141
50085
31275
639
163900
180918
35520
15339
0
4329
699256
711894
1163
530302
2
83718
0
2
1
455213
214658
113
2026
31
0
5
0
181717
32535
713
608
3543
329645
74399
63944
4995
33934
1065
652647
0
46
183675
6959
405814
174
572
26055
405
186641
1037
922
2320
485631
348989
560942
178132
738
193828
998
180031
44
560
96
0
0
467442
263
26
14100
298363
52740
3357
876
10554
175499
553813
30799
2444
1470
0
32110
0
1449
27
430372
53581
845357
1766
182289
3
556483
7629
80
1075
0
597292
32864
183634
187808
324
55
87453
1
353
0
183688
2
28
0
3
658489
838
300
13
54
244
27
472667
9399
118
2676
632829
195138
0
2
0
0
0
272
320
160
246
7
3434
8442
97
952
38128
216
2306
0
100
0
677
13
1741
0
229
38879
1
281268
0
0
25975
0
0
86139
126253
2
2595
1343
63273
5196
650
424170
3308
1
1
0
212620
209
522792
25340
1036
468151
451347
751
3
529
702528
273706
247500
42408
453114
477932
472835
3
0
0
2468
2
229
0
0
40
445362
0
283
53128
60
101
165
7404
505
4
69
177296
501842
176877
838100
0
563901
179626
11
117737
1
150
439
0
51
100160
3821
339
168939
1197
0
456845
818
9
0
0
577
431430
7382
3047
1978
682682
6924
2207
3063
0
432442
140
359325
155765
31124
273620
664
39296
119648
5146
1233524
64777
960
0
32840
143661
6348
183
32107
206
25928
41
180516
466598
305
1198
3230
783
601362
518807
7547
2032
177
340
1200
826
1105
4471
0
1
43
6369
2
3
39009
50
124247
672
1011
173544
4124
2848
4932
470648
2441
3
1568
234
310
517329
1632
0
209
1112
2
837
3593
1788
1439
297
456256
344
102
177798
22275
7205
651
129
703
5729
9959
219
181774
1
1976
12182
1073
178
9863
89
