1317
715
1356
755
160
5133
15697
1885
5378
9152
26528
3589
949
35
553
438
2091
172
5823
1642
34753
4207
3013
8110
808567
5927
5943
233
1927
45884
3735
9810
34696
2556
2724
71093
18283
80736
120200
215557
13681
126721
814117
6530
1543
2778
119863
61992
57
3624
275
21157
198
809
493
1329
566
494
5478
4
6
230
2254
2868
2129
279
639
807897
49849
256
16757
226
127
1734
6402
725
2775
66
1923
146
39
36213
25106
6
144
9609
203
489657
38
2923
2037
3
2085
6208
954001
28229
2625
910
2034
831785
5642
418918
844006
1807145
5441
174017
1031728
24438
2175
10
124244
446
0
133749
1623
809828
454
50678
6329
2862
40607
4843
2852
250
1018
8823
243
486
49044
123800
327885
1846
344
119959
1219
7818
813075
2695
1843
297
1634
1506
813788
67677
162
10261
18296
1517
115
2243
889
88971
780
812
1050
122692
247
207134
13054
39229
1416
934
363
27184
15171
64281
138206
131359
24621
43973
771736
114731
5642
44965
6188
302476
685
475
826258
958
144056
217
195476
5033
629
881
123101
81
196
60567
241
1306
5768
1146
8476
2926
946442
1008834
7039
2902
98
313
339
452
1
20872
87
45100
122
51
159
42
33
248
43
1258
3
568
1277
788
4414
1425
9194
703845
110
7534
1764
13191
72
66397
524
13632
836281
821126
664421
2037
7
380
0
711
3531
561
1
38
15
516
454
13
858
430448
102
404211
240
161
4637
7165
655
13
1530
1669
580
1494
451
35
808506
1213
535
460
0
3638
915392
0
67
4338
1624
988150
84
335
293
4
384
1595
918373
17053
60
27786
954575
120
467
3120
269
5495
22
1918
122
58
1777
32543
1128
6594
95
45
1732
709
2619
4
802474
1205
0
74
132342
45
8
1000196
2017
812160
898
75
39590
230
748
265
159188
248
1034
13
26
42443
28962
136335
6381
74
6
23
64
12911
115457
87
612
78
2989
120
332
9510
6692
11101
561
47
1807
484
487283
1183
231
42
457314
300
945581
235
3372
179
10435
43563
3304
81
1216
697
6
313
246
3288
832439
95
117983
4229
7
1927
835274
1632100
124559
19
4970
31199
7862
4457
4350
818113
357
593
254
234891
4117
687
20386
1802
1481
402
1615885
133961
75227
140
3325
43
1244
6221
31
10331
414505
980
128191
817
493
847580
163247
64
1653738
7
1828
7134
20542
10561
129119
905646
490
27597
828200
2130
44562
1069048
46024
38397
24976
760
658
1224
4647
5941
117931
1797
0
1385
1646
135081
8770
3529
996
108
3
446
80
225
127
1251
814657
76
133232
97
491
1672
1524
1569
2
150
1570
810154
454
192
27737
5
82
6316
4565
883549
171
1826
11650
3
1936
8
4484
1022
3315
224
939618
8589
291
3271
1448
2315
28278
601
880415
4131
237
0
44957
558
65
2823
106
54
45
46
5964
8412
342
127
5509
164
617
2883
2117
31879
2825
1799
62928
3923
518
5708
928882
169
3887
1822
318945
781
7134
1478
6054
294
26
924714
265
157
218
973
3399
119401
2699
1980
2070
0
2769
847395
10367
396
1442
6148
811915
4462
13
1362
299
3367
970236
472
794743
17304
1361
18675
89330
1000499
1545
5402
111
437
5418
328
5558
147
12459
267
814394
760
36761
11
161210
38115
1162
437827
62
69813
1925
5679
980
4233
16285
13126
9563
816212
5930
28790
332
10
18496
128260
184
16658
6331
454
10672
1983
808450
7796
2857
340
34706
56
87807
35370
1612
6369
7971
87
1524
437
124764
1
3500
264215
842104
2949
120108
31
17531
3046
934252
32772
946936
1801
809
1075
1904
201002
7029
1589
131441
6640
33114
4463
872039
2910
2563
859
42169
49076
39
393
932874
672
554
927618
2359
142
2961
3734
76538
9512
14201
13
833702
745
95
6940
268
61388
934947
82
34049
7282
5389
6788
41
157906
628785
17170
7125
33306
46660
257
2959
873
22140
755185
48811
53063
5128
309
887985
2861
1744308
1504
29865
2334
4488
48192
438
3254
826648
6416
3034
508
1465
1
7069
295219
2008
864242
2163
132686
33
444
4972
55
810995
20943
1495337
7915
231
164
490
3903
139580
627
471
4
282
199
30
24
183448
0
13641
204
3
67
28765
187
348921
1073
31595
1927
588
430
2183
20646
75154
137929
242317
1604
23
30
349
286
60
233
964
97
57793
0
104
512
24682
807480
138529
336
48
179
968638
20057
11148
3812
1334
13
810281
255
2914
934495
6192
9713
6810
890
308
24
7678
2923
1583
65
730
1751963
26550
9178
954018
30491
123083
8867
1560
7130
1759
5456
2153
15
1595
64
811
149
33208
852168
1474
815276
119730
7
33828
4501
2968
5522
498
9
723
743
17
37
284
81
21826
1449
1659
217
913
236
356
1228
44463
89
262
2909
9
45
23
138
79
3701
592
34177
8543
5347
103
40
41
27259
33046
47
84192
944
1409
124
1362
2385
1200
1495
4378
122153
90
171
997454
168
1481
1
18958
4
126451
2556
63
4276
127348
790319
10140
27374
234577
0
834
0
1111
5210
7
1
8
252
1192
8
1351
9492
2232
1622
71
617073
87727
1958
1012
35728
75663
1815
812155
1975
25516
1069
28469
10118
541
813205
27688
21229
36269
10652
998255
59
4803
5907
153
315
69995
2148
214
259
616
36254
1555
2621
9992
135159
1867
837499
6323
842894
1801
13762
118072
812869
12213
103446
717308
7938
34221
2275
1144
9784
625
1849
22
1099
811751
4234
2201
1968
670
6160
768
1550
2088
713
117
22
36056
823
931
47019
0
0
30
680
6535
950426
35007
7033
259
592
1431
21044
429
15
526
1
120
241
12722
897
409
47
11727
78
5
0
11
34
177377
1861
211
297
30700
27025
163
407100
854837
268
9956
24975
10929
775
10
407131
389
5279
2324
813617
4
122
748
109
781836
835
4760
981
16162
2332
19664
681
824
682
3296
8
1907
1139
770
35692
3094
28
1426
1965
12
204
3130
1526
0
42
549
70
1495
499579
164
166252
3071
427386
5575
443
47
718
343
143
126913
119272
49
810102
906
7290
1565
6938
28
151944
116598
2376
825425
197803
631
95
3
1129
45
196
4
521
1437
3344
7240
67292
1504844
713
26
10
832911
1540
14
0
552
6982
17
140
247
958160
324
119
1637
1684
884
7765
988210
40426
17856
838
79
5
34
28
33
2810
175
45
5336
2
832421
481
447
63
217
10
343
13
16
2588
1583
8
2694
873448
41939
39283
6627
117201
13790
688
97
814669
2039
516
27737
59
486
84
3089
4
907017
45832
1953
382
5676
36770
19875
6894
1530
5749
65
3336
3069
850627
233
37
490
5200
4328
5321
6540
140650
72458
2101
835469
170
159327
302
8057
4353
5352
124688
27924
130
3099
438
208
13328
6339
816666
2426
43791
66
4815
6821
38777
31961
131
12467
436
222
1552
6297
7
484
90
668250
444
561
2
442
192
29896
327
116014
2
228
106
789
303
3234
809011
1380
6476
1869
4231
130822
3
227
808527
122079
5514
0
1207
8
955
0
3140
6847
27398
27
379
12
43
303
1027
133485
198
8
35
51
682
47
1
361
32833
999990
6222
4
133313
1574
1062
2607
9206
3
811949
5151
211
27455
2
44427
21005
31
1
12141
32
118
798
43712
742
781321
126
349
15494
691
35831
1223
1
18
33223
34
711
1515
2218
267265
24204
202
1137
0
0
3982
904152
217
49074
5525
59
2
28091
68
219
138
3564
810212
0
1376
40477
21098
853930
20
4449
84164
143009
286
1007
6
6406
1116
93
164
106
50
231
349
1314
7351
901
1558
322
215
2
6
10570
138
98
36170
12508
4296
91
6863
181
123564
776
36771
32941
3547
1610
831850
1451
340
148
6516
24
259
3115
2451
35963
16105
6336
32338
3356
393
126
448
5525
469
2
456
135
13639
372
10341
1513
2163
6195
9537
719
11185
4
95
527
6785
309
387
35
3
42
1876
8543
2648
5239
239
8
1143
1096
490190
3247
4262
120430
1342
2794
1599
5746
1620
7569
3254
1
39
799113
485
1557
81
454177
1
5560
7881
0
125145
68
6460
593
6278
950902
3047
50
11
469
208
1175
16229
466768
853
110
124
117
1074
87
417
11045
380
9781
63238
5421
2882
857
7927
1148
5991
4
357
4
1031
27705
121845
1228
33
0
12
729
297
1436
2
124
8
316
294
4
1590
6245
297
819292
185
13756
917115
197
6
30789
805951
6358
1669
7055
9450
41
301
119181
365
2787
80
3951
195
168
2
758
996
157
31
2
202
7249
6712
485011
809297
112114
876
822733
810416
3339
1201
1119612
4542
1444
4663
19
121657
1769
2631
810
242
5651
1545
27642
57240
1034
587
9205
937
806274
6323
32084
2386
6956
4910
3943
235567
21631
8
25
1892332
7464
4306
4268
396
85
1292
29
1332
91
25
17
406
30
114189
118945
33970
800947
937444
4622
4676
206
5
66
2201
1
819
9
19195
229
450598
0
25824
7
2963
6
35706
697
376
11
144396
5554
121
804376
818609
1912
8832
124050
636
2329
12154
3679
187608
3561
410
479
368
8
251
484
137369
4416
827
96
40934
1133
6851
1234
572
9
947750
22
16602
2135
45
4092
264
805
1568
1193
806
7952
263
407759
259
151
1760
31
354
238
122319
58
5889
1852
142
667
1748
1105
1034
4932
124903
11842
838708
4808
466037
1041
7499
5
164904
13184
64
124
7
102
810549
1496
841915
49
7
77
0
42
8784
124642
2294
3132
7913
9614
10432
376
908
2894
19040
268
8344
250627
9466
141960
577818
1532
137475
130610
803392
882168
122544
14098
151941
38289
14152
829364
20816
8329
1397
6024
2937
7872
824382
27939
8089
5740
7838
1744
103902
115774
776804
51595
9520
2400
1060021
49066
18338
10413
33216
2862
112
37922
285
44
30750
5417
4549
31007
76
756
1843
405
221973
3961
10566
21
27736
1234
982
154
251
244856
813618
1548
980
33646
118
571
218
609
450
117122
185
2913
179
1729
6334
46
19
11
232
699
1698
1176
16622
409
378350
18
3926
956615
402
5054
3676
529
12290
114
4919
835
68108
113
929
372
110
1270
137
33174
302
43
7
242
1246
809405
4
491
1732
14
78
156
27
3289
6400
94
1801
16454
5027
86
3147
1000
1785162
349
223
14
810082
211
37274
5
19744
1081
72
4861
28170
120843
888041
11779
237
809
168
250
4940
42
490
13
6
30676
131392
40136
492
803962
2138
878
817740
1368
315
135471
20
3371
1543
821
7602
1190
3
220
5210
0
13255
4288
6360
2
808709
1465
688
395
74
3326
31
818925
119594
2161
142504
0
885876
441
403
1013
1536
2
0
403856
68
34
4455
397
998
7629
2984
1318
3335
1603
876909
1068
622
1881
251
6
219
31
991
504
2708
142
6245
1137
7431
43
181
0
434
2
25
1890
46
1506
107
66
333
1925
991
3
6146
187609
4324
808840
3486
4332
1547
21139
811547
2929
56
477077
4242
293
1907731
315
2582
237
42
93867
35242
9906
98
333
444
1442
1556
15104
290
818529
36
24
1820
816442
767
3336
73
3048
10420
18325
131
5182
59
484
964603
997456
870457
4242
23857
2399
3497
128225
3723
2716
1808
30
4547
222
264
0
6266
277
164904
871
66
598
124
106
178285
659
942
44513
1876
12
4646
150250
1226
90
187
402
6454
4452
8979
4
2697
5
27701
1072
105
43
3810
58
29669
0
8154
1156
665751
122
4788
960
1526
814819
348
674
2397
1479
351
956
10112
856659
896584
76
5988
34
809876
74
102
13473
946
127186
674
755
3891
71
36961
6723
451
7095
3548
1955
10068
1796
36119
4255
1273
16190
25280
899
6043
6150
801991
10325
75294
217487
803986
181565
21138
2619
1326
3254
499
131
1874
356
25088
219
1820
6949
24850
1801247
1186257
124415
83
8263
39728
89
345444
2398
808614
2801
4165
3064
3082
33042
15486
63463
16639
351396
866
386
2317
2188
18399
807
637
45498
55
264
42
719692
1912
4481
1358
0
1179
365
399
7572
191
2276
808
100324
817320
325
922905
61
2318
222
774
133
82
47
406
79
3139
0
114493
1
114597
2399
3782
3822
463853
3639
38723
698
1538
117381
1607811
11244
820612
116844
21359
937949
3484
3806
6052
8924
2858
18262
21201
48097
91
1027
207
291
1386
71
1359
27
194
843279
1322
2558
907630
2493
2841
962
8
7
211
739
2018
1021
2306
1489
927412
669
858
5947
9246
2060
1780910
102465
754
4389
853
27218
443582
819
7042
159
303
6315
1864
1901
6960
1000
138130
1657
247
2185
3204
814659
67719
116315
809833
19485
838251
293
15
83
9657
4792
51121
774880
934858
3658
16241
2049
998322
4925
368
489
3
29
9
18507
358270
22887
205401
179
98
29
832104
982822
2129
937789
7368
1560
804005
5795
2059
6195
2174
891365
33943
99
95
2149
1921
425
2793
662
33286
5
86012
4420
123966
996526
1177
126085
792481
240028
792
12
4028
7863
113439
827299
849877
20822
9001
797
36632
260
848408
122985
168746
35263
341
3590
3841
2010
47610
151
139592
2095
495
12580
63
0
161755
27270
655
11186
38078
30
437
963
2773
2114
2365
2877
27
638438
439863
457
119195
13448
3153
999564
1138
532
644920
807479
3436
1695
1923
109
95
934
5466
596
68
811
41545
2
3656
44
448
4577
12135
1523
193
12262
831523
8687
154684
294
3124
11539
12685
18
669537
343
143464
375
816986
135291
9928
8
35784
68
1484
729
33213
127325
12217
739
7550
16
1526
320
256
23
18234
323
917395
690
167
100
15776
9201
820
264
2391
2060
10552
4293
13373
33785
818927
583
22168
775
5411
4961
11711
3251
6111
143
9755
1836
119701
9928
1886
800293
5637
123626
50
395
476351
908
204
29911
314
80
458
42
412
294
825320
39660
8278
8452
3301
170
781
4499
92700
96
2693
6962
3051
53442
807369
35025
225384
937139
4662
1764
144
34759
942155
7
18
11463
2368
126305
1657
76
885
533
12515
41396
768
2209
650
109
331
666
1720
1662
124842
2384
11801
124
99
0
7405
11638
580
122531
138136
124812
969734
481
27205
8852
987916
3772
8787
41
7744
1154
9540
981
933756
28147
25
3213
6398
1691
400271
829755
6060
71257
1642
33239
810708
1791
1877
18344
8833
962385
32746
8434
103
233
4964
164877
284
946972
4072
1726
10393
6238
3753
821571
1000001
62
403738
2636
4229
706
284
1421
119
460
1534
2354
194670
811350
809004
149
2353
11352
1079
2
6565
1581
2506
840236
8338
129703
26
5954
1138
285
44575
153836
6743
6070
27290
76
2581
5516
70
858488
3374
17035
122138
8896
1769
4332
17889
816854
80828
2454
626
6795
140470
39795
10894
1437
35932
1785
53063
724089
194
9155
104047
5469
2644
184
2915
3707
3450
816290
956103
8803
26456
221
12
1558
902893
577
1703
857
628
21
7612
280
121344
815563
8930
842812
4431
3384
641
70
1874
97
947150
8391
81407
2246
4322
107
365255
7822
1745272
34287
21825
1690
137753
6733
39323
1140
6793
653012
256
1386225
1404
1200
428
3152
2720
983317
14332
383
2927
9062
127878
1711
239
787602
15817
3
860377
23415
9339
2126
121811
859
7
411
17307
3909
6990
57461
237060
969560
126061
937
54825
3
2506
3032
137051
961602
61169
3205
7755
6389
825207
3
22605
2231
161
5976
1817354
3034
134
2560
316
336
936
657
164003
2539
1748
4201
31124
7673
4013
739922
3324
7050
22181
885399
693
8941
837536
1819
993173
127438
97184
28573
1463018
4284
31761
7251
1495
3370
279
2646
110071
14754
8689
2659
3326
4003
168
1650
144022
29033
17120
1109808
1451593
328
27193
2885
990966
565602
155499
6579
44332
4093
41739
32290
49138
444
7432
5148
65
3230
3276
4105
1883133
4319
4215
101366
170
32937
50488
795
129583
849887
13453
831473
536
10975
300
2998
4646
42037
1291
30304
821
5777
31799
0
24431
2
326
4369
37853
37075
150
13725
6
714
3249
2203
3114
2
131425
932
130247
2384
1933757
801747
6512
67
3361
6469
6378
10574
13665
345
27591
2539
102627
1077
1971
76
48
9
2539
0
165
32882
1708
672
1697
58070
806
20849
1214
275458
8574
53417
341258
1794
18502
811421
886412
2681
4656
9537
13203
152532
129452
193
834064
76
3023
28116
185
18
20
7345
2006
4707
27560
4644
2036
6
1
185
2962
54
809020
1557
4629
689
213
5967
830842
283032
12357
28332
647120
1617458
29296
544
9680
1855
10
1608
2633
2
907
37451
143
1064
27841
2181
1525
3344
808929
16
2925
2681
566
51
135224
24114
604
1
65
795
336
1508
798
191
117120
5
4366
811738
30644
1009
7180
117
2916
35458
1580
86
40
36
1687
28
15540
8
2908
1111
138500
425
51163
33
661
0
258
5310
11596
390
6205
724
2243
449
997
109
2694
712
73
104
3
698
2
66
157173
84
6926
28
102
2140
1230
202
122582
10117
363745
68
1076
2690
39765
394
91799
124
970103
1364708
40
790327
133217
306
2008
10
3590
5355
10187
123838
1846
826988
2170
339
587
3314
24353
194
776
7219
75266
1935
3858
3293
6947
53
138403
3650
64133
395
256096
4192
3236
3
1823
1527
395
30431
1803
1711
900
79
464
2104
102664
600
63525
7187
125
0
1078
276
98
1356
346
1129
322
74
0
386
1383
1915
594
1173
44
245
236
885
1673
56287
765
270
436554
825
1
0
357
1
227
0
0
74
32977
457
1656
107
5793
20229
0
303
807427
999
2212
3843
2392
154893
1023247
1257
337
8854
608
271
170
5
5807
829
15179
152
965128
1701
7863
1915
2911
251717
20226
16123
790
5445
14937
353
1621
38649
2252
13916
27360
214191
130003
1335
3624
0
1564
142
808372
66749
746
2842
1065
1609
5
809514
913
847715
41521
1784
943812
5763
4897
738
6108
5202
6550
677
7322
1970
571
9386
1033
8009
8645
5688
845
147954
1906
313
368
1960429
263
92
131
11
696
362
12949
9185
819367
381
2937
396
61
266
1534
7
808763
4682
127003
0
395
27748
6599
46
33254
44
803039
124592
823847
231
139435
7246
33449
13393
1465
1041
14634
604
247
942798
11500
1541
282
250
30629
9029
27
122264
558
55938
1729
7171
125453
979
29468
779
856640
395
3790
2897
11462
141
228
244
236
1517
5
4334
5543
2016
2880
33
2657
516
69
5475
12
305
1491
807495
440
6141
1
29
1612
40
1458
252
585
5047
826
237
6728
568
49
6
168
33270
4399
10610
809561
63568
3081
261
945670
16621
1912245
244
130373
46606
19641
160
118108
2738
42
239
831682
49
625923
1891
44039
7265
837446
6608
808015
5547
1619
31
845539
2938
248
291
1367
5574
1476
260
15769
433
834
1
137921
4510
5349
3
6840
1
2552
1867
996
349
136
2509
1747
2939
1485
0
1021
0
312
93
8386
0
33067
240
5567
76
19478
5355
29316
39
1135
0
1426
146
1864
6325
339
29019
6
99
200
2190
2700
1503
11915
938
3354
4239
166
9
6237
5
815034
526
431
896
15
5
17063
6512
846002
2967
2000
681
782997
15263
694
1721
1425
351
36
549
2743
54
131083
4
21
74
45
3
27271
27015
131
52139
5
48
13079
1593
3
804982
68
1588
292
117784
3408
564
3172
460
1572
1849
5483
134636
1010
19360
3103
15721
864388
0
30125
1377
4084
707
1768
114
147
332
117099
58
44
0
1042
0
15
1575
94
4321
48276
37
47
796653
30018
33527
37
0
3951
48
375
808694
7170
83239
80
66
1018
0
52
33152
139
5221
1208
2918
3466
32012
326
126
1484
1812
592
278
6307
46
3720
21
9
0
1229
2984
9321
2232
1269
115
1949
5028
2418
5887
149791
0
1491
0
0
884012
5
4430
1114
129
4
4
2994
1969
995305
722
89
943
189
2696
35989
137027
817
426
49
64
590
24
1
15627
35572
18589
13
1859
5790
526
120425
974
648
7179
1483
1049
289
268
0
25
1510
1493
9714
0
48
2
128629
9490
1711
272310
585457
786428
291
3963
9172
11589
8531
51310
6269
41
39080
1192
230934
198
248
0
447
0
0
0
139
349
1840
171
98
4
10
0
4
765
3
3355
2
3495
3357
937
28
4923
6
82
13
91
1382
103
1
0
727
101
68
682
333
0
34
362
2112
0
0
67
473
1465
18456
2598
163077
7950
86
9475
0
17
2140
2175
9548
2962
1690
835
427
181438
114
1
4406
13
44
5834
610187
807344
3956
258
893435
127
501
3956
6819
10050
18140
1979
902903
1008
1725
21817
178838
857
1146860
35926
99547
3188
4696
21
174
36
206
813143
147
249
414
986
472375
2078
1227
6962
59901
1227
99
1561
702
1
2916
930480
1067127
28505
51
8741
393
1436
31789
167
6613
935607
1001736
24
361076
808920
71
316
27489
0
18189
1087439
795395
2406
43437
8498
151678
3778
14529
5916
240
286
1959
309
997930
194
3038
331
97
298
514
2963
2977
2398
5613
244
28704
5564
344
49
10298
1992
1364
8329
437
129195
1546
69010
27389
320
827953
4757
8126
806825
809307
1466
321
286
529
651
1602
7920
573
2428
262
70
5920
100
6507
843414
28403
6516
5216
1469
7386
407086
244
811483
5037
5881
6306
67
15366
28389
5264
130070
878174
54626
1812
581
101766
809338
27191
20806
1056
5522
5587
457
34748
1554
1621099
5253
2978
372
2699
2982
12
5969
11
8534
138293
7359
1106836
84
2334
1804208
642
6991
12675
866640
5038
76169
6096
1480
99693
3672
183884
52250
744075
11330
3199
3930
7579
1237
13054
2817
9207
28095
24706
0
2226
128155
129223
313
19173
4167
412
1911
3753
8269
57958
985
158307
0
3041
1819
28010
10
19
813918
110
1625
2237
7
2600
810152
84
266
1622
811739
738
10
1500
4299
334
5469
2025
1440
252
1
2691
1390
7582
41708
93018
121659
93
6272
479
866
1910
24
58054
4533
1820
159
7285
10
7
110
3981
47
704
404214
23
106
1398
343
21919
171642
202
771
5043
1118
1978
120
35617
235
43528
456
840
2403
2731
257
403
930
47040
658
140
647
315
126758
1781
215
148773
421
49
254
0
978
140
140
230
5488
846
5544
16
19
1455
7523
70
0
2177
952414
8182
0
793
34997
199
67
7453
5942
11629
71
3144
1690
1
236
32772
4
2912
102
1416
5
6223
104
16823
796727
2688
36
9
27111
53687
818
1
963
118
3598
704
718
10
29
64
6015
0
408214
89
33128
795
8
330
1
0
10122
5967
27589
88
6
23
798
34042
297
4
8144
1156
31
0
41
272740
591190
57820
18831
56
0
247
2
323
1
4913
1
721
67
992
6
33012
0
1526
14
38
702
805997
15102
798915
136524
42531
191
472
237
1913
617
7661
67
1346
129
111
1000114
3113
107
149
3387
110
27433
1242
72
27013
0
808981
10091
318
40
15408
1220075
6510
33691
850352
102382
2400
810994
228
234
32219
406
16586
3707
950
1495
12230
24875
146234
328
220130
661
809315
812132
816
2296
339
0
762
91
1082
37
1860
404237
20483
6194
860
539
1214
356
124106
338
3
10968
936
1985
1970
1009
7484
32178
139
797995
46
206
3825
5805
1004
10
1312
18
33602
34
275847
112
457
769
66
6735
798787
632
840
981457
53
48
1731
10942
13237
29661
4502
4024
4197
1434
1527
3403
1043
2685
2768
23658
277
1331
262781
1069
34318
3145
35992
5834
1272
15327
4068
622
