4503379
8169182
7183786
4990480
5921073
5460547
9531911
5092797
7221004
7442456
7765702
7012069
5089114
4107156
7478011
3433215
4871835
5777894
5833304
4122732
4308113
2974745
4922318
7096732
6131944
5337098
11732572
3668797
5163589
4177509
8767944
4752806
8232142
7799127
10053067
8801149
7229174
7060645
8171458
7741305
11534033
11857685
12442639
7232187
5383827
3354446
7040472
4112419
7315090
4319384
5452537
2231636
3194937
3860604
4312302
2988125
10088229
5642013
11224612
2038670
3720729
2756801
5777623
3949062
