2793
8072
13030
4006
2115
77779
6994
39265
19029
29965
57560
32139
5382
1927
5168
4061
4016
18104
13036
15117
754
122298
298467
47149
155746
4625
164168
5973
3695
191694
97564
115655
29695
29356
28976
290493
82598
163968
34606
164703
291055
177823
98448
60489
24490
91781
36090
106273
18876
2851
4375
67471
1356
4764
7025
1989
5267
5646
84170
2608
5425
4235
20815
5087
9859
13362
16149
7296
576594
16006
418538
41421
52499
28367
34648
102303
35689
9876
25947
30179
70928
32130
40654
7375
7427
13074
8278
181117
37432
210534
138419
2385
83879
47402
387293
9670
96332
45038
71662
298088
24559
165721
278514
823388
241144
443335
252990
83426
46376
20496
28673
52889
10414
41394
12124
17350
12599
292594
8979
34690
190578
52602
105840
6093
89423
54670
32481
23560
39192
32663
171863
29394
4490
32027
40823
92547
43263
94584
26499
14249
36852
17331
227275
233199
26242
43148
62680
5617
13734
97403
38784
313397
22411
16133
51613
7174
63860
117567
38919
119148
171309
10338
199955
53837
150200
253466
588126
87327
55012
27555
79437
14546
26179
54221
52521
78525
7783
17802
48219
24323
20657
43140
793906
93664
18210
13637
60507
3648
41373
22487
73209
181359
14972
37051
62375
31918
240347
657690
40274
53845
6417
92729
11084
34432
48996
16000
39224
453176
4556
846
4616
23536
2652
47852
69447
27974
6325
4826
10645
1273
45112
2048
118219
176822
7067
39067
17504
30056
7359
63479
4938
34682
212437
312424
460911
2392
6116
20309
8907
62637
28829
1087
26156
2987
3652
851
21007
8350
17266
15274
7925
1483
6954
22770
7795
45499
2769
3638
2904
2738
58345
28210
12036
38266
12284
28879
12124
13854
1267
10839
341840
491
12583
5906
11321
592530
4773
2165
15278
6404
7405
2169
703266
400430
1900
48051
503486
14087
15968
27514
23603
105198
3266
10540
2490
19691
6299
51866
92759
29503
26628
64837
9287
33637
8236
7542
39453
1782
1827
1428
44348
9860
5790
807353
7288
13941
11493
8906
273790
28887
101115
2180
757741
894
3572
15095
4406
36748
19648
71712
7015
16696
2221
3857
7638
15205
16787
1653
28195
7066
5209
5412
8756
18845
12206
148238
13354
2523
4827
6641
165057
41642
119211
6362
24578
2355
462265
7513
18734
7850
320998
221846
130412
16426
43330
1106
10717
1164
7415
94688
40068
36235
20241
14105
20484
39301
274305
404890
18026
3714
17259
133880
32755
15290
81217
358292
28695
7604
5141
48648
96263
43436
50271
40924
21715
37972
65251
306702
383018
71173
8952
4050
44783
23336
4867
32308
265259
17297
5172
5461
1347
281889
116060
29534
740128
9006
84879
47913
233333
73150
41535
839506
25659
207619
728009
31135
98109
930543
110257
176811
50790
15194
5061
27464
69209
8638
12337
38509
11152
11876
57183
30105
328809
19358
58088
25478
26879
13811
586
18506
7505
15004
1677
13318
25847
16391
4753
4240
834
12584
3063
1048
11648
16975
1204
1091
19680
1887
5978
5439
170504
727915
37236
28033
5044
37
12890
3081
86151
7970
31171
5645
762116
39291
16450
57428
1598
46998
215581
8804
460160
51051
5811
3368
30994
21858
3941
53202
74335
49592
3226
1525
124801
8721
14186
10962
22850
38299
19703
21938
17502
27389
16793
67038
91324
21705
24186
6480
63444
24198
63032
76903
118345
28002
12066
21367
11711
16288
14345
686705
9384
4715
10483
1372
40146
7941
25146
6698
54816
6440
13443
546524
119161
11327
30452
15102
123017
40461
4190
27076
60762
116871
311160
2916
445001
31164
17257
634
174374
823065
75357
37396
15403
23373
30513
8441
12862
7764
103998
17536
536245
22275
180635
3147
147841
84067
3226
194607
6621
155290
26369
12030
13100
36932
4050
40693
81866
653183
6087
2550
10413
3976
37411
194661
5705
109871
27883
17756
77983
66093
289115
28124
251411
2930
61464
17298
323328
135029
166904
120209
31142
118366
10458
58970
20400
11217
114461
387215
102494
48810
2081
4862
26841
8065
154045
58623
568176
14100
16110
43844
35001
76826
25563
5639
220886
23548
35485
14363
535092
42017
66436
17339
250524
129298
9979
9835
317683
8765
15666
185241
50942
22696
16850
38858
637035
25566
145634
441
668937
20590
2486
128158
1763
215779
514056
5687
68063
24939
53693
39812
3576
167674
290056
17290
46060
67946
22787
16390
62539
17888
117643
57589
148554
90366
65576
5142
346805
41868
324958
2607
37532
71786
11389
16194
23395
66024
16809
13815
71669
1517
18234
4742
14700
73503
15394
697414
27991
123712
2318
9183
8263
15642
66841
179335
189597
9146
1148
4295
3976
25628
12103
30667
9582
391
1747
12333
20819
40612
723207
48734
88534
20407
4187
934
98254
3561
102651
79211
59820
103215
667
10839
1295
14745
80624
392957
516388
30047
1709
2298
30727
8624
13509
2179
60259
4105
3614
5171
12740
25841
27661
13326
690039
2861
76281
72319
799177
122406
24285
4389
7725
814
167418
65666
97464
207598
94690
125434
40641
23319
123152
19299
90293
5918
5442
4301
67632
259677
21745
22632
621427
24146
44551
56119
46564
105949
2371
40426
46861
13327
1584
1515
78488
42425
3362
180731
73915
75295
74295
9049
58584
73986
7910
12282
43957
20262
1388
7509
42682
8663
3596
784
8718
20162
45731
15598
6097
30537
20216
26014
378376
73075
79771
20599
1711
42759
8880
2936
66
70594
36987
297775
14412
192477
2989
89021
5973
74115
5998
1046
135357
34169
1251
14897
47195
36101
51424
102311
58580
48282
29139
1811
828388
17866
4886
806
9159
7092
24976
13113
946
53489
61231
273288
15232
46265
57842
552
3356
18399
3478
60893
9904
10146
6275
1917
8369
8409
17518
131652
23613
59144
9896
200079
19852
14988
36653
341319
251243
3898
19718
43928
126832
22321
206722
164057
14599
35257
25076
213022
32177
83557
812616
949
135796
59589
46581
4450
110227
79168
1199
4036
1530
176702
32549
3998
18729
73875
128689
287219
38426
138068
154529
210788
65188
159065
56883
480414
275627
56786
45551
20112
40462
203442
20543
6474
4797
3763
4942
12791
17181
34248
5646
44228
18322
13712
36604
1579
83434
10197
75054
14681
44162
159164
312
579
942
1616
27603
713926
36208
87108
4520
19067
10345
6053
51901
1848
15679
5975
623
596
5917
1853
19278
251
23729
3205
895
7562
3681
7851
178455
3783
8460
9377
166644
11973
24723
83455
197684
15989
260184
52340
58222
3580
6438
4067
34959
4135
7785
144100
2293
4638
42634
5923
31754
8658
11389
2401
10015
17600
99469
39208
2816
10098
11147
2479
4735
2392
28507
131318
34472
6256
88382
34846
76123
1138
4422
705
4563
12445
42295
9320
48130
54255
1109
155621
131521
162127
22828
10237
7301
4676
4062
36790
4548
24434
10537
11400
1155
142370
13324
27043
39856
724754
24110
5203
40222
798275
24806
7046
12412
35277
30872
2933
5971
76724
2167
55937
10863
28747
580028
14498
26819
19362
12021
15607
1260
784
14032
181051
5831
5447
3998
514643
8429
2253
11007
20153
1081
7162
597276
278156
431601
1431
5985
5371
2229
5657
123
1933
6695
7698
35970
4130
15528
5685
7422
20606
1616
119
9094
5851
2027
18924
4059
7253
15899
550647
120766
168504
21838
2955
383974
926
2895
4713
3499
8939
2560
48861
2338
35711
34500
11343
474109
28248
82766
50467
25836
35721
13928
57242
20131
7856
3367
3596
34298
572208
22397
22594
22927
23370
47454
2925
153500
154431
100288
31230
706905
4696
300396
9445
21179
46550
120372
52893
113397
4535
33964
1613
21630
116278
13053
282832
7273
344517
4202
79975
4651
101487
71000
5826
128099
20702
5020
23111
9547
12322
23032
13753
303019
1493
31670
1474
75937
2185
52909
1528
459927
4425
10532
5738
43761
11978
13019
74005
33095
112655
72704
10552
96261
15941
73516
134250
25207
5562
527
1859
9166
4110
4616
26856
36177
142581
1406
3085
21132
22066
6020
13276
52474
5643
981
10026
7167
11524
12885
10499
14922
82695
801889
153692
10588
32635
9468
85874
39499
135244
558
15299
14541
16002
51591
356
305482
5557
49120
4569
2591
1123
4580
978
282798
3381
28977
9019
23351
31916
15160
131575
125400
990
3906
4986
1068
6655
17775
29104
723736
45415
6742
546
16050
20759
24462
438564
2243
278689
146341
4231
5624
12604
2842
18131
40412
6040
8459
504
4070
36155
6806
548674
3546
33811
53162
179266
37546
21736
564
12166
8093
4805
2472
10003
4352
14460
19528
17585
41150
6761
30070
2823
15453
1571
4805
80856
8333
11376
130772
2849
11135
31768
134547
3250
22402
5310
66556
143752
11622
447
411280
11576
11279
11059
23757
22908
6908
29871
3349
67226
13260
8312
62422
54074
6064
3017
4095
26899
22035
734
7223
6706
18554
14009
13906
6988
12047
18123
31016
464
409960
7976
56289
30577
23307
6621
10021
202
265
1768
5335
39541
51926
14727
13848
2531
32285
4362
201116
76015
48813
8987
26106
73449
35058
34906
145095
10295
47204
78105
3794
297180
17918
4040
11584
15521
17835
24227
11682
1109
47278
15462
168123
45132
2047
492216
6870
6091
594
2702
3966
40772
248202
536444
85813
9423
3040
11507
24454
13561
53414
337148
4134
305414
157958
89883
167944
53237
91735
11068
5939
29483
58651
8104
36886
487
27527
70574
218
80
1133
775
392
10562
8881
10384
1506
1912
1082
1006
3922
152404
12821
203326
7794
386442
785145
2526
4384
43819
94121
20899
38499
115594
22521
11668
11986
12627
6708
171146
3879
6910
12469
5865
7216
23307
85414
6837
13630
10730
45608
42917
49184
96019
438013
323071
66566
379541
48743
25891
41717
817200
70129
61069
79962
17940
7753
3128
13825
57032
26954
17343
41466
169676
303999
7153
37040
48094
22962
15571
24450
29094
63582
43045
14344
65842
440096
14181
34569
3274
929138
25186
16849
48562
20073
6981
59835
1571
42792
6130
4119
3303
7365
1383
24699
3357
111615
315571
525862
114277
123335
3310
928
2514
47564
1882
59613
7658
49514
13068
14453
6273
373298
5828
20137
6541
39331
13049
8642
8982
131689
6502
6779
45745
24347
7253
149659
149075
14921
39730
181002
207703
164383
27515
16537
3749
91200
1564
7149
825
142488
175077
46676
1895
99598
4371
18880
32761
11961
725
295382
8467
314871
162503
3386
9674
1432
48702
3347
14224
11351
31992
7434
252092
5044
39040
4710
918
5706
20763
11465
1370
8331
22358
4124
40860
9196
13262
2922
248326
59220
64443
130263
175546
517811
24097
68165
8732
73740
109830
12387
21539
5012
8563
56739
6115
720964
1205
43998
4608
3877
18926
143257
67898
44895
58520
18602
64916
489241
28896
39706
175538
64560
80439
229674
84122
180524
149730
24169
5241
176225
47659
493422
638908
25857
427446
114562
235389
349033
529669
88931
160189
58755
119947
282095
41601
729235
99406
12398
116209
15308
45638
64783
123328
109482
156757
139116
34735
850504
96817
74445
52319
76229
41611
9677
184308
3154
50886
45950
101357
28658
79778
5095
14704
33496
18198
83288
40554
44326
1332
645
35703
8320
1028
9678
231876
61213
4317
18374
67688
26161
39344
2338
3828
13946
6125
4715
38523
8322
37965
26994
28180
8139
1059
12678
817
130862
11385
37162
5026
264593
4211
10537
263740
21353
300595
73997
51587
475174
5194
28588
10164
61957
4281
1530
6734
66156
10037
654
50897
7281
18247
27029
798
34869
17325
4308
10685
8927
2519
63280
4155
9599
1732
154668
3746
17510
29069
17291
813
10012
7858
741331
5878
5019
9160
2066
3663
58408
6382
323096
51571
12936
81196
46760
1463
818999
15120
5452
8398
16712
27486
11891
4387
6242
10631
1247
11358
30002
116652
27010
58537
34590
29419
35837
8867
8408
540801
35576
5041
16584
6752
260403
716
63422
2552
100382
7791
14682
5217
22506
1538
47017
5231
4933
2836
17539
17192
5471
304520
8693
1351
228751
15185
593005
1166
154847
6276
15643
6736
20728
9592
8051
7463
6057
2366
15163
19115
21609
4011
204384
6063
702427
8306
23599
73845
20157
3670
34870
2693
13159
8069
96992
8813
62588
3623
55455
2437
6533
1
4597
853
2984
17077
10785
26088
4324
1683
30890
3393
30582
36604
67060
65129
55896
64160
24933
51833
31760
53118
55230
7586
5664
18734
186708
13484
1426954
931
37710
28580
16805
150709
180603
191665
868
51686
24000
59923
10689
211188
46109
310644
8984
460
22607
41977
64468
5416
14371
47740
236500
18284
10668
56648
8135
3458
719321
816827
545639
6059
42011
62633
42996
183070
67556
36582
61800
1897
37979
12658
47391
16961
43202
24609
33229
5092
20356
3395
23136
4087
34399
5406
16987
439562
11748
15579
110258
27283
47290
3339
19488
25775
52508
88989
44255
20953
64836
361
1609
13963
23397
12835
45993
3555
283011
12289
4741
9084
601742
5586
13363
31748
15146
29080
7390
15996
94123
15609
77370
57605
78795
377632
25764
5164
43075
10576
28675
2358
27027
176597
12731
20358
29329
11308
50024
15934
71869
5684
72392
23890
49951
3010
35807
16035
61914
46368
11750
27297
39218
5741
32572
348868
293245
207459
289094
283683
314889
155712
9621
11259
24988
30081
30017
14178
37358
17475
63815
15285
82733
16102
221774
813687
491235
62265
9704
10102
209731
13306
218841
17488
63678
188137
22144
83233
29953
101811
45035
162725
27867
125579
28078
53661
10879
164379
89129
36749
94695
390865
20640
2270
6996
257805
39951
13569
17885
15415
12755
5184
776
55184
973
120911
27295
165312
6296
2106
685717
10175
21917
2583
11105
9114
2548
3800
2119
10117
27195
10212
47888
3109
4951
10409
146455
5555
27859
24125
247218
3266
17407
22277
275294
130482
375368
106966
63371
475370
45488
109245
8471
20601
108945
91020
622479
100153
2914
3611
5626
52333
24303
3171
1392
4955
315
547683
24067
25282
580693
53463
111732
14828
2908
30323
5646
3326
69958
9625
77983
22824
696136
10465
12555
23729
108353
65919
733762
95064
52090
38609
228067
12153
211996
2586
10685
12261
20723
56626
21180
90329
227889
29391
256138
6431
67205
40280
4249
233175
219220
44487
38775
245472
672589
4809
2609
26122
96257
70555
130327
345060
296244
15575
20688
10924
820318
3138
38527
3061
344
19898
2112
9725
244907
11208
230756
12711
5029
15100
37328
866192
5651
423061
141153
89811
17371
19529
106373
22797
9168
58925
103121
33186
7331
8692
41670
30681
51640
3656
343307
4742
165869
47799
116244
821971
6257
9852
283719
58841
18598
11212
64840
47518
576148
123417
205064
231572
187910
7045
165880
40693
343354
151861
353996
162397
6400
29357
38792
16110
197223
1402
457883
20710
15719
1556
4551
4359
169141
66019
28972
33362
84600
1673
18748
82776
4618
26481
20835
2432
5962
182373
295305
4539
17734
117012
26561
806091
29805
127065
222673
15764
158255
46614
27098
3230
1768
2401
24026
14002
6368
6497
111551
2354
1149
31017
17163
64002
16951
32398
18910
30947
766352
47549
187728
6470
53641
122718
102050
9424
164641
4716
480334
9803
198721
92280
70616
3793
108183
25678
9943
17064
102256
105310
232554
19924
212455
1058
2450
4544
8337
6552
34232
6180
664698
6128
47028
6123
15274
69496
2020
2469
12269
21110
90515
69157
145251
149135
403670
29634
21523
48633
37062
21803
23727
255919
28331
8898
67540
35536
125204
103253
15497
263944
10672
41690
27689
1172
363313
26836
30834
259328
7339
25896
34378
835
10490
1233
334234
326471
65562
124540
158053
1956
26428
66752
420161
33002
91874
75852
66404
216033
42448
53537
228293
248005
14794
22331
3252
106835
637973
1637
65628
15264
12269
39681
3997
41390
144745
22636
138937
100522
2634
182522
46701
19807
34956
2565
31111
1787
15325
12775
41690
5099
16141
4448
50443
493917
25199
51286
185113
152488
1033985
26416
61115
30174
193575
15885
82494
5268
89129
8129
48636
11886
208949
57352
12167
50698
48184
142973
256171
534287
245725
71426
11724
49189
51352
5233
72708
32254
11261
454548
60308
22298
42945
17223
16366
80923
49540
558120
14136
196745
80238
11282
28412
308950
810109
2138
34968
29086
45384
65035
9108
54330
20819
4144
15773
22510
56732
136684
38906
48151
15236
30306
49269
9414
9646
23752
39180
712560
22345
207414
2162
62823
2023
5393
451881
64533
32574
3014
3902
4843
69628
54499
70487
505342
21636
174215
21492
52547
42584
45945
37127
731087
260381
32959
32749
49026
85603
183062
272286
72789
72294
126900
529007
264834
11465
49461
295377
9797
16812
2250
35838
149172
27966
108763
411955
29362
500141
4522
14268
34965
578073
22214
54372
12184
26037
27774
188646
34126
71292
184936
125501
699492
68607
1339
28960
1055
22040
78540
562007
74972
153513
48596
37128
25990
84720
44478
747937
32822
230221
12879
300546
10284
37614
16260
40245
276450
3410
56123
2697
9082
5641
7347
60830
810390
130040
5164
6983
141212
65205
2583
7924
481643
60391
3682
651821
67880
204922
61953
25081
10180
3844
253
500737
87298
182067
144277
321271
626907
74248
16096
374470
1245
17617
12938
488727
748382
123141
62024
16851
29938
559084
7289
171111
46575
2373
54356
1110477
8323
32791
39329
16816
75117
6274
41459
119968
60865
137396
66192
598087
76970
117795
597605
135114
73417
24530
572410
56681
97508
714797
21230
482372
50528
112923
69468
179297
9511
65580
31371
55671
184561
4837
77732
216617
101565
36783
10754
112032
39931
16744
57227
660971
154594
49720
349801
112696
20095
15224
128872
490702
67511
89576
114139
421953
51796
132306
65153
708952
35643
150918
7936
4776
9127
28385
112609
1146833
91788
134035
28279
5987
57524
139781
9771
121924
619585
50839
341123
12991
44787
6583
43930
17735
199590
63360
55656
7167
15882
144118
2175
49352
4019
5814
11924
167843
23409
12198
9719
3916
3753
36478
27494
102313
7974
233298
77114
80399
57085
1077965
299504
98704
5583
71361
51466
112683
122488
393899
59321
26998
11145
61701
18990
20884
686
23137
6785
48201
1790
45469
86692
23044
3014
73392
138652
13460
71063
21924
109582
57276
69652
278258
2022
439431
279692
606097
32695
67156
39840
55594
40577
56934
27506
379753
6361
8021
8189
2883
29
11873
26202
13824
44471
5923
5301
16891
1174
2281
28399
27128
10893
15299
22419
33334
26293
28670
421715
43385
151787
40059
20003
241278
35728
4825
696
54992
23171
7210
9838
6061
8477
9708
57875
2548
28261
86889
30484
48611
36274
50635
1317
9182
22988
2889
476
21619
47683
35994
100
748
36570
12425
12171
9282
9550
14598
411
2537
1320
7206
3676
153896
21858
37860
6867
14601
17627
9383
26622
18775
3646
38166
43739
21676
4605
382877
20103
350275
3768
66397
1094
48333
4439
125554
15456
12209
3456
40893
650
24915
306
90129
21154
19541
579
158
7024
390
2313
430413
10314
47803
661
37160
45731
8806
26778
65742
72879
119805
9116
2457
105073
39572
762
45407
33563
410074
950560
2611
279223
138495
6503
20544
9096
36492
50705
33803
45816
10248
230341
64257
641
14476
65500
52432
7560
4976
331908
152299
19950
29878
86034
76433
15243
404474
88435
110681
118854
885040
295237
12302
11358
67096
23943
11096
4433
24629
21353
4561
13731
1585
4868
77257
54361
29942
54507
4932
11121
10895
5978
7218
3426
17409
27069
571
4844
1721
2922
20395
93043
14474
78085
5486
7071
10003
9542
48677
410
6444
682
48886
243
3526
6544
36311
4277
33446
1291
26628
1291
71677
35154
122341
2696
9418
17879
4430
1693
13028
9405
122613
92150
107496
668782
151506
4932
5006
30165
8321
9906
77519
2562
3615
70952
77785
4798
810303
5370
15593
14338
15011
57338
69538
107531
10787
81495
75197
4477
11536
42020
1928
32410
36336
130328
167476
38092
2664
927
63245
763
8695
1007760
125197
59807
39018
18963
8190
310252
2690
310956
343114
70107
61291
141867
44461
34655
24606
98365
75668
25409
33191
76413
20121
47935
60201
13833
26799
22527
6921
9062
24762
41503
26846
918274
14971
98770
5837
63365
6901
28023
38697
62916
311889
65550
14166
5150
8366
7478
112
1808
10156
3477
33644
5238
7094
1779
89854
2817
123746
3076
17716
36661
209068
5196
332544
16117
21262
13125
39536
9255
21656
31794
80661
254401
268823
46622
61958
19663
31640
38835
4174
41590
6871
46766
9550
30025
2865
43494
74665
32479
795427
3518
39700
46884
17031
18380
4151
8655
5407
1514
8391
22037
35029
14991
34406
5677
44833
13228
6035
3071
22399
24618
74417
19591
20742
1769
12999
13863
5535
2464
35433
23833
7901
78663
16158
728
71094
15987
24055
12559
4349
549
14771
26872
486902
91206
68360
2840
231454
24396
630056
13641
210734
158453
61926
9271
30220
76622
11199
11690
17862
50347
202954
15971
76471
80360
109557
25025
21202
10799
14723
1428
57110
6679
203
11085
8992
2523
32360
1486
271565
22734
23266
4432
579892
10716
3863
4072
48777
5286
6673
2249
10946
10215
34928
47595
77164
11334
3395
6729
7962
12435
84032
51162
158637
1444
7359
811
54311
5210
3377
64577
49794
15716
19644
1707
41723
10494
39736
42310
183200
10808
12423
17465
4429
21183
28676
39579
19263
10454
23129
4358
19878
36906
15499
657
75545
10777
6998
2025
17555
6240
9006
205972
208535
34753
70507
22492
4361
6403
4049
7151
14925
76353
481
43885
20717
3421
3202
9841
32358
6251
43890
2357
59379
36842
3180
39707
1206
9765
291540
1159
10225
16331
144
5816
2727
1149
8550
9917
24442
81254
59947
6993
45276
188365
26789
142286
65173
125678
587612
3573
23694
6349
149353
31829
27859
14215
6839
78101
87597
3340
70190
17973
7781
1216
8210
6202
21926
1269
8309
44690
4943
28072
29764
4720
3069
31728
10613
3896
4922
5875
148834
141864
5445
1085
46927
2098
1400
62403
968
4663
1470
38458
3164
17692
2323
2949
11075
18489
53621
177
32680
4263
28035
10507
131976
46033
22087
13383
188016
7223
43198
67180
20426
47014
163068
53356
47808
73
9113
1726
25774
725620
6142
13159
10450
10721
43639
2833
16271
7243
831503
20333
5472
100522
13788
56701
82139
375675
2373
2465
4062
2886
16693
3781
2504
328738
27432
54025
3375
4707
6350
3807
12442
2870
15334
82150
4823
2860
7181
9585
3354
19457
109830
22369
17037
3446
25739
46502
154909
46315
50071
184530
22521
299463
9711
105678
198928
75149
71823
166543
49010
37150
56955
40187
80944
5898
1853
15019
1399
256
3935
235
1028
22722
22588
5362
13488
560
690
6423
1610
3127
4623
89255
757
47053
32400
21955
7893
30412
5504
2481
8268
15177
13800
36380
1057
817
2156
8335
1036
1626
7963
12828
7869
21427
13081
1041
15056
3991
12448
10298
28795
77187
281548
150283
4456
132615
15427
34804
26028
8994
103492
10927
26480
48772
21515
37830
14267
13457
53394
60556
3295
170130
125038
19177
11849
27526
17305
6784
8424
41442
25887
44944
16189
19803
254549
7341
8100
119617
511754
11329
141862
40412
155212
95545
14147
1577
21083
2294
1586
6378
11474
10268
17122
14524
123298
13457
60049
35641
248351
50682
5367
13619
17573
6795
36478
709557
806353
249452
31824
121754
14754
37418
93611
1844
90923
297968
810583
21428
174438
16002
16510
8454
11252
9165
186375
969890
247912
50251
107224
145217
81293
28058
179283
9014
21525
85967
3774
19235
816194
11473
160719
19669
8330
65373
15834
131018
64895
2024
57009
8557
69595
51473
7055
40608
22684
32075
46654
29736
22711
172502
10420
135137
63489
4865
283928
147808
112872
80563
15522
3220
19886
56054
36775
3103
13908
29964
15161
14146
16115
10467
177927
43389
9525
78296
178827
28898
60984
124149
10777
100800
15766
109128
33233
5226
33803
6272
352567
53179
94423
35612
255607
188805
134730
74119
161874
173656
116361
40738
8612
22478
69572
6304
110442
20275
95415
120666
27670
9703
99659
116399
2807
38761
6904
195666
195242
64560
968649
48147
21122
945528
60601
44141
165100
593779
70048
199387
138380
170004
276640
33928
547494
29775
417690
310416
276693
63853
72109
11863
27578
19287
71848
48643
45769
4501
17261
192199
305834
20443
454139
9697
22512
105258
52763
115992
191873
2948
81243
5003
3225
8629
6288
8349
3182
35784
23024
14662
4926
10678
28895
17474
9367
34993
14252
438
12903
3138
17282
19943
2581
39437
23722
18453
12232
161
27599
27554
49572
7370
42864
21825
7423
41092
51051
30325
21456
17955
27933
20205
4830
1164
63478
1105
19534
719
57024
11557
3855
1347
9924
4366
74699
11293
192989
36867
4286
3225
14438
15293
26718
11153
80661
63074
439958
27658
5877
14517
45774
12210
17709
10872
138128
51524
5067
13749
48
31610
90661
2581
26625
2497
2828
3772
2408
23054
27330
747
9634
2698
7825
4618
87771
6575
28037
24741
8349
6444
180307
669964
37037
3561
43997
27638
31478
964
220712
34325
18087
7795
105724
6680
21939
8463
58974
22697
43521
1650
28776
12804
9323
3985
26761
2970
14694
44639
10860
35448
3602
11915
362
15544
22491
35861
4741
20555
3445
1593
13463
3880
35402
11128
2162
49365
530
2043
6457
2756
131072
174111
2477
951
3916
13791
1743
80762
54815
2888
18400
4752
8541
2199
8760
26151
188327
146119
431600
131753
475
4640
19046
1649
2104
3067
6105
37205
1633
12831
3795
27706
60895
8609
11433
11368
38900
9726
10142
28581
163819
184843
11267
18750
2160
1170
46620
7197
125799
7389
24637
10473
948
813331
13722
14343
16929
194520
21379
16463
12423
12186
48556
5242
20355
78936
17425
25343
243535
219622
40519
82851
136295
169540
28684
66198
14464
15551
87685
7128
317025
16172
108254
10507
66608
45674
615195
32840
191419
14010
9341
24712
2266
10064
22395
4328
6639
26411
19204
340
25188
2781
188120
15750
82112
30077
13692
7123
13775
3198
3631
17066
79932
32244
10025
33526
84435
65055
1665
26902
3642
15363
38907
2899
2757
7398
17318
79531
20548
32260
243039
15940
7639
5407
2244
15413
70157
35112
56442
799512
2276
7190
25870
115872
55836
11624
42744
29532
4477
28526
14342
21468
77392
3330
41347
20412
5773
15517
121824
14396
47237
113386
63324
49563
82171
67718
42941
50942
