127807
208352
109248
132741
107368
310963
103206
742635
401563
1734835
196469
376867
19634
350096
550578
73538
100493
449715
180661
58544
102213
172854
190289
524462
68841
250898
40769
72959
590037
597325
1066825
99427
1083643
175654
396404
114902
789849
951597
1484054
252639
269187
848182
329826
340950
207433
659938
261781
307251
543276
1188414
132279
541373
164536
338163
300744
172890
311812
594071
867835
165786
508028
435493
168606
335949
27388
46924
78166
640367
181995
371552
8119
130359
279950
32966
177189
50083
50649
25966
18855
140163
25654
97823
291645
23460
52002
129940
106031
166923
299113
170458
699644
100484
172962
219569
546177
184677
396857
16324
102564
59978
137758
407605
50697
271565
584080
310069
919365
524393
295505
43709
400300
325046
19490
380005
166900
197742
9779
472683
141100
177515
559804
542885
839619
218025
35912
61992
195082
329580
211982
308995
1116332
533680
32244
58768
98327
176370
294576
255791
682537
521826
685855
229274
210263
11175
534213
639553
1782162
106487
401476
352341
762658
580945
496729
396244
601871
1168096
316671
257957
114415
195156
1253432
54800
344959
368607
984566
285951
909157
278395
723731
261577
471847
687527
122401
173770
636178
93438
203006
252315
281175
183337
228426
124979
76535
550156
417514
227594
1086549
160660
59727
59170
276911
19299
25826
87666
619070
146526
116471
607997
781287
187366
91488
170898
200607
37552
283577
173961
144249
600101
72959
136455
234011
20030
349789
208847
240181
14402
61096
33306
453370
65580
76217
47615
151892
168365
308441
453999
24831
131562
453067
337359
514054
24781
439074
83175
648298
140332
121505
22893
571605
7627
47713
361873
163636
212793
106603
416671
101140
23885
269918
476415
590372
184341
167181
308682
51303
152115
109570
174835
72637
2739
39868
422710
250363
208901
36449
750105
36579
222484
170928
11631
943351
102165
451540
12794
34948
86320
209560
5003
595412
100005
44570
183009
138784
133072
21889
10487
213825
222312
681231
44645
238186
158954
1835380
1111825
207914
111739
351410
347283
276787
257011
303739
41250
1055572
19950
111
7608
91926
13584
26407
67777
102900
24867
27444
303272
36986
49161
86049
188268
112652
175493
43853
68956
46832
100626
59340
72121
274586
19844
115071
1006093
134200
207034
7395
43249
335553
42832
19166
56222
83833
11782
49006
82856
325805
106567
53394
118843
413839
17943
69742
26778
274956
42590
34158
139948
83780
182949
374031
5135
1555215
12693
411293
583135
393799
223769
235238
9259
432174
31499
109496
800784
127737
49231
3744
12395
120777
176882
636287
144412
722306
160203
26954
363620
171722
166986
890958
83573
617363
147996
148369
68025
176983
48992
67951
296791
50998
37979
122243
70004
152564
97768
400516
97869
575892
8022
2159
23521
432035
24545
91891
241921
763001
1028027
14026
125790
184702
22589
887891
20713
594081
487903
38849
261385
30778
954565
894248
374818
255066
547074
1334985
144759
804670
164719
1097908
25549
1070065
20073
6025
90676
107842
19030
454670
743767
341544
501765
868868
96004
277725
16859
47389
744371
48059
59522
81494
12876
1087546
91545
518706
113954
127615
26086
115538
19031
35151
96439
566826
22026
115189
18760
16536
11193
377414
90358
25531
33816
277908
123183
10526
28147
427326
266731
109992
625038
310201
717818
440661
103063
64812
319936
441815
166968
967652
410532
248142
131009
326628
337210
259918
8168
27245
10639
26833
124034
540323
20150
325214
139970
172204
165796
169081
257707
43921
414291
197758
425044
1336482
833555
638635
40012
74221
429186
1195210
439327
1473615
164497
1272946
303844
321789
1260409
240807
189763
203325
29227
61436
44192
75129
35144
413169
426610
794294
271127
34470
47543
227477
99062
115045
128471
264306
306653
387392
23537
385135
255131
1157439
921489
899879
197542
372347
165151
474134
47406
222971
383926
57090
376239
149617
227935
122180
177550
403306
416721
241328
451481
163010
16464
331990
133193
158065
239238
813942
445221
317617
467694
126648
219350
508372
2052540
588697
1099374
41985
120221
38713
306998
70972
78119
768072
356532
50132
203453
98835
135461
43520
1394658
116974
101511
14266
64188
555200
386223
1212802
237398
207071
129235
524544
69450
429099
66671
181552
214793
262352
1544989
1397957
139336
1162332
781255
748457
23125
430326
18076
593636
9869
130626
288557
256247
15964
92090
282437
216080
7202
206717
179165
375696
654715
995679
2285684
253879
34654
343623
111315
312620
468089
1955903
182371
135103
135349
594395
427496
284187
39678
1255156
57377
87377
76141
74405
386118
933377
263441
753480
742469
803101
593713
86232
268789
1478318
136745
1553975
239690
368896
56681
1314862
467923
1167071
262545
445975
261672
335206
337840
644488
456925
838876
521847
580547
123609
81121
114756
143377
365675
690618
579894
769721
516038
123521
147236
433079
223398
1618182
168644
371749
739868
27809
350554
159934
334735
945255
640915
1074827
212989
196650
63555
219482
23790
95631
55970
228373
77349
105900
16401
349956
67178
74508
70676
122653
159425
74321
70216
550214
253317
1539660
224857
427281
104890
510659
784220
380941
36936
553984
500842
971572
439098
893100
19858
509645
102545
650550
331058
102772
172991
34282
3754
259166
45494
37519
58374
317361
806426
69391
28467
104451
206634
143953
461882
1192452
28191
15038
216591
8368
997485
139181
559976
88233
673499
943845
311415
127724
14189
778
45510
125173
62438
68570
236542
414003
465976
52888
14079
1364750
588299
119487
130289
661448
202349
300984
18801
859616
564411
53404
27675
579596
266816
253273
348314
646412
233718
38177
117313
104302
41126
113231
104527
220788
273376
124448
180006
88270
70501
176592
19301
167572
59288
34296
9850
909767
35815
133866
567715
107035
42213
26881
3233
98449
101484
221561
176013
338522
67273
13548
32845
24909
74210
144960
197639
321885
37923
20475
150632
73868
8379
46647
265793
383307
491545
34503
3468
293882
116351
115693
50582
60878
74194
46897
2199
91250
4975
816858
178970
496563
162663
290471
31448
51690
122592
23268
68794
68326
1333
117005
867
52632
91735
321383
242228
342744
388758
27464
278765
230879
193862
1322687
140594
551654
200315
231024
56179
1295408
74547
142620
35954
494053
318491
105305
244903
558796
113185
440780
355115
638706
337392
783238
39671
390669
28880
277151
189772
90153
549388
90694
47662
265073
123529
700399
539792
450024
201211
248692
22171
447009
68679
631115
1311372
971213
280593
277082
49849
479597
212916
762835
74911
953630
177086
142397
212318
99891
14562
737341
163925
278092
350188
205887
40789
233607
149661
138084
239014
422704
451643
8687
219244
8524
503510
198568
6026
82150
26753
117311
208068
25212
270557
111028
15849
228033
13838
233900
17220
220399
278026
141439
7657
801684
148212
1382
117535
169564
42855
260943
359344
233783
69164
369133
34148
152435
146353
462949
40536
614498
34690
710745
296161
124036
183313
293856
39517
24219
225569
201336
207161
198806
242786
276511
28379
73898
158889
177861
256519
338299
120543
