464808
992291
1811940
225594
1363146
1299158
2991273
985010
1240222
929417
1987238
1366116
1860933
645503
1136380
384376
524653
2349320
513374
1328491
1119369
595096
1431685
1502156
1765711
1639611
3624705
792232
349919
1146097
1898004
514247
711699
1859623
2121461
1127923
1341336
1545932
1338437
1949590
1569667
2059169
1496788
1065701
1404536
988023
1222790
1830881
1364436
1667957
818881
488345
562355
1175138
787674
724272
1499210
1706809
2120462
358676
1179909
169813
1044514
474441
318808
763804
1874887
923133
1478055
631243
1363707
1092799
1276882
1472494
1025210
903890
757237
269414
1560776
717559
981182
1059077
997087
431080
952095
218011
590953
603919
818203
1674450
1226532
149986
2016568
355818
2705624
777998
1774161
1238996
859603
1064870
1490769
475132
1284871
1143254
1786713
3820830
2811740
714327
879359
274750
1598510
323790
1301380
1464187
949540
558624
1388587
1176892
230099
524049
2450028
870774
2975982
532269
901645
1203798
999862
561997
1926079
2178550
1172334
1101653
1033578
1258108
2354859
1612754
2176168
1491911
2257789
2208016
1437114
1951829
2528465
1015558
2154242
459763
1875572
1332978
974124
1322571
1211740
1978191
1386711
603293
2719074
1933535
1656294
1719022
1312624
1567819
2460461
2476634
1575618
2423684
1548691
2179883
3335289
2132239
3848490
977231
2591020
2442240
1829007
658291
2527816
765638
2605032
212404
1492047
294770
261665
334507
1040886
609051
2530822
953931
1965403
270685
448392
319416
1465727
1227168
797353
2712659
687841
1790237
847377
1468369
1132088
229249
341903
2301417
940316
982070
289079
388373
473726
754605
233103
706206
1310437
214363
431891
237270
647186
1784984
974434
492318
1584225
212928
258082
106666
926966
816418
1460254
700858
3596049
2331537
1463007
1306812
697397
1037086
1758811
2354113
2985919
1570549
505255
330470
389443
549594
730104
339536
1312248
567282
253692
422955
1216075
262186
1634863
980856
1620878
624159
422781
471770
1359753
608405
