186146
752695
198103
90932
618744
371579
810674
1439936
395820
2798553
748669
771163
98920
391809
967563
123882
210379
695603
799378
72419
303308
464581
367671
997959
843941
1542029
196049
224684
661305
1243942
1496962
388481
2030423
329594
621919
170541
1147019
1493617
2666031
456177
715964
1438387
419595
792575
383347
1095930
858433
364237
357279
1255153
136223
544069
103877
340734
284797
503628
345183
878570
1094251
214356
638244
1267360
781569
217699
221328
24663
711937
640033
89057
661798
48295
242252
248048
37217
1067609
81672
89731
370484
163178
150713
184444
60114
903178
41821
54684
204641
317125
1056685
314501
433785
839662
259948
317153
253961
625936
632863
545843
87931
236516
657812
695488
1127657
704949
797553
558427
935001
1811408
1014436
597617
175428
723481
438504
64060
509832
329955
65155
674923
594855
142658
410275
1093183
509106
1072248
386545
82059
155841
483189
319072
513306
933270
1667365
507609
157880
104367
113822
507759
967944
201866
834926
711763
1508728
242466
571507
190423
1335023
753472
2124301
652083
585000
615052
961833
715211
901344
817133
1382472
1630061
718761
796984
118081
123621
1813659
143363
534222
911512
1248717
376380
1528901
603942
1016491
286286
679324
901308
88551
316896
1469840
633510
384160
846922
616113
162632
218216
978969
234361
694221
863423
1046284
1528760
493985
179313
209877
314916
114694
42758
100900
371756
89084
151216
1086243
992417
292018
134365
76868
154938
45204
199761
205066
298350
614452
118836
62184
211249
116517
347746
274324
274504
242903
76833
24703
378608
288531
100666
92785
205945
641467
653396
519728
316780
161580
636025
529046
817782
128595
738000
383035
931125
236822
158480
237874
1628302
314722
678575
360532
833638
323978
68981
776949
766514
39552
829114
499815
957284
111564
282760
147891
163509
122117
90477
641543
600017
314443
70612
720207
1065549
319022
313021
1515735
515152
313244
65198
20656
1150951
139692
970209
117490
146961
100468
402352
28220
619385
132401
115137
736635
469578
282081
70271
334451
294209
182577
1015614
157162
428207
278177
2210495
1271196
370386
694012
973638
513088
244240
742581
579330
86609
1318084
109282
17080
65253
48189
44720
95185
288614
60450
136290
37455
521552
464009
785194
487542
237057
360354
153495
111178
77538
178212
52532
174349
75128
1193740
26525
412184
1231187
273175
465126
39187
57256
623749
86317
35109
148959
66705
19964
21285
325544
607684
409788
111843
969930
639857
53339
160873
135886
1086626
643073
75212
42282
232035
210444
1568798
875718
1876564
102589
812117
674247
595518
386707
656011
18644
510610
103048
310798
1105664
126039
49701
96776
35209
137465
268723
876103
236952
2112059
104139
859336
682328
492724
293286
1528178
249580
1623857
87404
85151
219229
249765
206017
121698
593622
96509
118491
212232
19970
1087830
73283
1690473
749269
1054487
436188
22139
333697
1196379
665565
600482
329834
893066
1438240
79562
234854
627785
61918
1096870
81932
848323
733903
201409
656804
131131
1516247
1287167
443223
1071400
630393
1662427
389322
1601910
517048
1824551
54397
1553275
76924
332647
70945
154492
103585
988528
1037005
959932
651738
882613
84352
590011
66750
265015
1575244
308362
120263
67317
65076
1509048
141162
526717
188874
267531
111996
22166
28183
73264
30597
1218029
86993
238389
100116
100677
20308
502789
64138
195067
122421
181636
522320
132222
152256
726989
367356
389239
1236522
608805
990057
874323
195669
100103
165577
746867
344641
1644660
1216006
394316
288141
351634
611210
470358
548798
352435
104647
122180
408887
996273
80789
1208331
100833
205704
270760
155639
600228
253011
269722
384899
831380
2485344
1067903
1035681
586289
232142
630503
2241404
842102
1971232
235065
1044441
535320
297018
2092337
371449
164866
339952
558054
72403
150843
515831
55286
376036
944082
1741702
361022
132261
103536
555229
301349
317299
319814
432181
945912
1317076
51041
847873
374800
1580200
1406438
993642
422738
900592
163528
1467574
180555
210468
1121412
160986
582237
117402
231523
372707
248214
1129125
665857
385727
1185183
1012050
55820
224842
244057
574551
1400791
1636997
523795
1013198
392330
292027
500401
1055350
2720934
752985
1298981
22718
105755
900559
683287
96582
265954
993799
372529
142632
577173
556677
471013
74590
2243722
274275
692838
50958
36815
1367228
781736
2402090
361720
406876
129109
1323079
167693
558786
70631
368714
637453
256956
2548013
1573386
139128
1848905
1021490
1776472
89974
512009
26164
833944
24777
702799
442830
594533
337472
127646
484124
356318
163776
314742
333734
794309
1126020
1012803
3071554
454304
231764
466258
200433
499507
1730785
2491828
807484
118927
482880
562416
1234001
544641
199602
1511766
49039
100829
609508
418855
658417
1340057
636681
1340423
941505
1233866
865244
308819
809372
1921030
453464
2778011
441788
372602
612778
1692363
658608
2625624
799888
1426823
485075
442843
431087
630446
1127404
967660
637548
1236479
186437
319366
108969
360078
732120
1067088
955558
1520648
694228
557276
151149
950203
1323653
2458101
593830
381844
870895
68657
598326
765817
217300
1118162
995954
1490260
846183
53190
174333
262490
61601
282553
91056
472715
251644
753009
248492
429038
79306
261696
336652
279545
627665
87773
88532
1028643
433751
2089455
489466
972174
382926
876711
1262949
557207
681881
1307511
1139250
1622202
853947
1067910
290067
679528
441259
1103396
248261
502765
313068
145408
187640
262084
93024
275076
179233
716415
1609317
501796
410505
271831
466603
569550
1018177
1433178
111001
53296
458317
708322
1406211
205426
611463
137405
1385964
1083997
285419
118876
554797
49293
64996
152771
45569
415154
993502
351276
650051
194290
108530
1918423
1071928
112410
144024
716274
167910
267893
79413
1240959
1127896
195107
68272
851192
236121
135563
403271
1230598
557793
148414
783893
291009
167149
21051
78798
67598
146871
193797
281152
51118
153441
141678
50173
352231
160383
62911
94306
1033815
101945
743569
677860
134085
161088
71091
54208
73451
113236
165357
568496
383557
248492
24704
50564
127145
320119
104136
996839
421310
372405
52700
259683
297906
92653
60451
783451
717474
286028
68461
112775
250560
275063
471518
269343
60300
399697
355662
49174
124400
34622
1027096
261231
774175
232832
684898
334075
559566
61368
120690
78671
130727
13504
41842
35604
41920
260146
662542
256796
641408
674312
182824
607710
498712
334545
1940836
183341
991566
305874
745616
240687
2603560
180097
432091
71430
983924
1079723
237064
225012
1151161
40284
574048
499339
1140254
582793
1024912
195226
711901
199294
462934
339532
190764
573991
373607
110308
492940
175477
1180801
675357
1374225
313188
484177
146511
907472
447756
670775
1809633
2201706
617681
838900
384196
552429
710022
1129055
114651
1050183
127694
233300
353571
760840
109283
1032300
345455
926839
642132
550840
246392
923402
147997
368381
359535
1282174
967236
27968
663790
27872
490761
939642
92056
417288
389201
39567
272312
71208
587270
99736
72539
446936
56213
694050
162400
643696
324509
668994
80867
1460356
208815
24324
46299
275123
182810
293131
1533958
670666
120558
415417
148265
92049
178503
758039
121350
1108274
184033
801445
647266
293489
506006
731503
55947
172188
229838
340091
453438
398416
315648
313108
69254
296709
259001
251088
354513
251337
344083
