155
475
415
284
26
12912
990
2688
501
230
8548
1328
11
12497
2696
11
6065
218
32
27
24
10089
12917
10390
9980
10168
1803
4
0
10141
5425
2768
10172
36
411
12
42
6789
870
4487
2699
330
5925
17085
449
14282
34
0
6
804
37
6
7035
13032
10121
5799
173
253
7618
2723
0
61
7
2736
19736
147
237
14111
7945
1259
7580
44
8784
7
10281
24
235
9896
832
19
176
1036
7634
129
65
474
267
9752
34
6581
7128
21
19
817
9716
10408
40
2928
10193
963
22
27
10223
12
17
13
34
2000
35
16273
7573
766
0
5
0
7
2855
347
7350
7094
8
14703
2755
3525
22
49
0
2743
69
18811
487
281
2875
90
17
2845
10284
403
1064
6475
7121
352
10156
4
499
33
1
6988
5891
74
1114
7
6499
10002
3198
8
953
10007
4616
48
9838
6285
2964
2
106
387
60
1056
1013
6248
219
219
292
7143
27158
5814
4991
1
57
395
2939
10408
1402
5567
9000
26
140
6
21
6517
14170
235
3956
61
25
20
1588
157
769
28
108
1
6293
12
405
13
865
5
0
10
1009
17851
2861
6579
4353
15287
1
15037
56
329
27
143
5642
7054
1282
16784
161
119
9
8028
22
2631
7293
6268
350
7970
3
562
24
10042
6
7
17
6
6142
60
3
33
36
79
974
896
864
2668
29
51
793
7750
8779
12271
2
10159
10792
7428
6
417
505
2929
22
12312
7704
31
5713
8474
2874
4
377
274
656
15
259
72
15
7650
7
7080
827
0
9041
13
9083
96
7063
115
8644
10014
125
20
626
17108
0
5248
2742
12698
422
232
0
466
10847
9888
51
11
1303
7941
12890
25
29
6159
87
884
39
983
187
5759
8470
56
264
801
2804
9146
7590
2773
83
936
571
20
75
5682
97
219
277
963
374
13913
210
9956
765
1295
34
47
217
27022
297
0
90
937
9996
791
9665
3307
8362
52
3526
7377
13
490
124
801
2
839
6327
10
411
3
454
6314
22
7
9905
9
22745
9934
8000
2842
5889
97
10431
3010
5
3272
183
5182
1634
9995
6056
26
2021
53
6
7
19956
35
5361
22
5
506
283
840
20552
0
4886
89
5125
0
3273
2
1056
394
7351
11020
0
2371
11
2
5343
665
7590
119
273
152
8982
3639
181
6
679
0
20471
6285
22
17
12013
7565
61
10058
3
1684
798
8
13
5
7036
938
15806
16
230
2
6319
26
13
5159
5
6
30
7
2842
125
6546
435
337
1
0
10
5377
2185
165
10032
7060
6
6328
36
34
6343
10
15
9426
13035
5021
0
7209
136
6942
2764
801
2925
2851
5602
6
12868
7049
9890
25
49
9941
0
17130
0
213
952
44
2682
4941
269
293
5768
131
2662
5989
10230
29
8198
10119
5748
9966
829
828
5497
332
2814
13352
47
15926
10139
3534
186
48
7803
1141
26
7
16252
0
469
14736
5
442
5763
1610
17174
404
191
10191
1101
9982
12
1145
6170
1
403
6375
316
3632
1118
6404
816
991
3514
5379
7062
9883
2465
517
7310
0
19
1896
35
169
27115
407
64
181
34
52
7063
6351
5983
5
5249
410
19
10764
6243
6715
46
11850
934
132
6943
481
3215
170
3827
11039
114
837
14
11
3392
19123
407
7435
180
9995
10
15
0
4695
1
188
3347
32
0
4735
26
945
15226
5202
8
0
0
10007
5
27
7268
4412
2915
3
27
281
2326
208
5502
9849
5374
6007
437
7442
155
3038
1333
10037
587
117
9551
9832
1810
811
7056
12217
405
29
2795
2946
693
1
10
108
0
7416
0
4021
259
5446
418
1215
9945
19859
674
48
7597
9848
7539
7836
664
32
420
432
9953
212
244
153
9
181
153
149
10141
16209
12741
17495
176
16165
2331
8101
837
12
472
60
4948
926
9
3
5
1073
149
933
403
0
15
393
0
10178
461
10016
2941
1
16265
572
17
21
36
505
18706
6
143
5670
10045
8333
21172
10214
2920
7297
2756
1
10296
198
96
10191
7399
139
7312
46
2881
15767
15
398
0
4
763
8815
6583
800
11094
16988
9784
34
805
265
25
92
2614
1289
19
333
139
11
51
6
5834
7024
10012
7
5806
41
0
9116
8121
264
818
7379
16
158
2754
2751
0
241
755
5
2
35
0
0
15
7125
358
21
15
6
54
6283
1252
14
63
5062
426
26
7953
4
405
0
0
12
2709
16
10
6999
48
864
573
7
0
5
0
9671
175
3029
144
497
1
107
6
300
10713
3
12693
393
9947
10017
878
9
2849
2736
332
5612
7171
11132
442
924
3532
409
18
6291
6306
0
2717
24
5338
1
10
5387
830
5714
5184
6833
2318
9982
336
790
10046
17312
914
7047
0
46
23
6704
0
0
17
6345
5617
6
5749
7044
5
10028
67
2691
40
5950
915
30584
7775
9785
7062
10038
161
199
18
2718
7067
182
139
6527
206
27
10028
13632
7414
10868
2727
158
8
113
4731
7937
5
2801
2375
4337
6949
3475
400
526
3048
0
3047
791
13743
10244
9838
26
2911
10063
8038
176
706
1687
7
11
10
17706
176
5477
18
191
139
0
5696
15601
50
35
5
15766
0
21
10125
2755
7
0
7
377
7965
0
2713
7196
0
0
24
6179
8
2731
1539
16
0
12
2
18768
1
23
6453
127
11
5
10909
33
7053
102
10890
0
193
502
122
17146
2905
1658
7105
2905
2837
39
18
885
14
42
6106
45
16
34
18
2507
2894
14
103
225
2
