3721
34423
16808
1798
2326
15831
10507
189571
5257
61717
35640
49063
13462
7205
10298
22949
186
9741
106299
74
255
67152
24287
122948
29355
11434
11391
40113
51917
141066
267769
37241
103944
17507
147089
7200
245287
737001
674167
263322
53599
27931
226108
15287
86247
179266
100608
195272
799
109252
12508
3133
21850
291027
9407
52859
14831
507714
2305
105
4778
59305
94928
5156
20586
10859
69740
0
5433
263317
5028
35192
20128
35
162333
148
15977
10665
0
10878
0
17041
110448
10139
662
83741
17557
341842
34023
80631
12941
43838
4717
157863
317308
77564
14605
0
11897
28746
20387
347491
2225
10616
157
7160
25866
62354
356
59749
53153
18388
176
468819
114887
38812
328
271375
20454
215924
142291
363425
419453
108934
10963
110256
138033
493
183230
272201
1083238
202608
34023
29456
239
38880
57158
135894
138173
49127
11294
8812
19030
7418
18949
745900
41675
30726
149979
360626
812
544522
229866
314512
17466
735198
89086
252688
21516
51963
35679
41307
24603
54263
235315
509244
299657
63170
45820
196017
59031
94780
32281
93996
38326
277412
24368
108025
14501
2562
70726
43492
96445
355069
223210
34877
13633
19964
49833
147294
79104
32014
847
149103
299761
0
194673
437163
739133
142239
30430
110785
5060
18429
0
9382
9123
531785
8416
15904
16923
17598
14941
321512
4998
12022
1500
8180
455941
73
0
55903
5774
341646
141980
56657
11347
42320
4263
75632
564060
3773
186918
20044
835742
12930
49598
0
3625
23
0
321280
6721
226616
1111
633658
32161
40750
115002
218658
0
0
7964
39262
8201
142764
587
20138
9443
3262
10472
0
411
0
12866
42
0
74759
33
0
621828
9
2345
0
39866
233
148702
520
110470
6890
65
32
5803
4832
911
3762
95273
282
210182
5805
111047
21204
11764
11
5237
7183
143489
11254
20980
0
38658
4909
13064
84
0
14
3462
15975
110630
3796
3872
0
16
0
1198
0
17493
1090
10874
220
116
3234
1
9183
24212
31231
71
17
144593
20244
0
143606
5703
7583
628
4443
40880
4096
4941
6210
8241
10074
53858
19282
8722
53051
38051
4503
48135
280
449962
20985
132270
21258
31484
181291
16638
1000
60531
25210
80094
551708
18110
98640
20984
38
37156
17781
96217
111
10335
10168
4809
3949
43247
110721
134063
107817
353853
8009
6392
3
97643
22941
243623
24
111858
12294
57
52
4062
0
27
4533
436
11917
13735
17
49814
166
12979
4034
323086
1876
0
12527
494100
4273
11867
886
10
1003
295
99328
167562
5610
24502
22268
442581
8063
20882
144279
136
203204
977934
137964
47924
27003
555747
52733
18939
25954
12043
19806
472681
29190
119
6462
25113
73706
20712
492706
5132
326063
298959
16789
18278
859
317
134
53
63635
6
4528
465164
0
242327
4653
8045
2023
42494
0
988
0
260
202
3768
53
27446
5794
227667
24761
12325
90597
20023
498
11128
52925
218621
63910
4157
369940
82996
7113
200511
72168
61625
72298
181219
110377
842697
66963
30819
34957
68649
40988
49679
3921
19979
3851
7645
1
102635
8354
128295
11
97597
352
195193
104470
6302
124816
82122
21448
242023
36143
182284
2
100420
18233
587593
447019
612509
20071
262552
12267
61780
357639
177
661
33786
48
0
42
35040
0
96
989
34521
273
150463
6442
194112
26585
41811
8775
42252
401691
537
27
16774
162644
238363
13450
326432
70272
372873
42932
345872
8685
29782
117757
3836
210850
4232
0
28478
118365
110
3374
20604
412877
7236
621
16276
139
115500
364934
18936
97169
96676
537572
5704
204132
104
835166
86078
1119971
11
64
30335
4879
259
149807
0
470696
31400
376460
57170
18446
0
818760
6475
16777
1
11676
505981
35228
186855
132833
168846
17
181830
50853
125562
36590
19665
17705
57584
477310
9558
4920
393088
816478
20083
3130
167441
124
34133
3828
104833
234859
10564
22109
25187
6769
119795
58
83337
24940
46179
207891
291074
293799
14579
8143
8051
60817
121522
49559
261025
6369
50875
4450
164803
180252
10914
12096
1218450
9494
133
11721
0
518015
170486
49303
800957
6158
134408
78156
15233
84073
598818
42653
154815
102407
128988
7066
96612
74546
139059
29855
281839
138300
15541
44083
589028
79420
31
21903
58263
15921
4755
15101
7216
88060
77360
41097
226498
266590
27960
7586
107534
154847
9534
199350
8793
103
39029
26839
17909
216368
13007
501
351616
28534
5868
0
144191
10331
9597
21754
58853
15393
75483
264
50847
1841
23157
5667
87295
4560
20765
16634
346485
58214
272870
178558
133569
216673
178732
422
38169
27281
289106
156317
746674
737
54113
84
117923
5769
39621
8194
34243
68
26605
11245
13230
123048
15341
4490
84472
17115
6105
318
499
34381
7139
342
7740
7870
28826
43775
30
113493
62985
287771
12581
52416
55882
6
32430
0
12697
30977
194915
14
42232
202379
250572
48817
38191
11
295735
500854
4517
74935
198959
28
20480
4045
19327
13295
101314
33
2997
37741
15548
89
4814
5713
1
94
93370
5734
7200
197
15690
28278
92455
0
18339
23698
3686
10018
35622
27066
0
17508
548873
1093
95899
18534
9418
1836
0
7204
1975
13943
35131
569
84824
18035
0
26
28
32938
8981
594
301340
3659
36823
211158
63547
10666
5093
4379
68422
509
0
7681
4392
121
4605
10561
3323
280
8242
0
19828
4354
481176
0
38583
0
207216
0
5863
0
0
11926
0
0
7590
5062
43225
12992
58102
28902
149912
10124
5142
316981
33724
693
3132
557
450871
17645
13780
0
279793
14958
5410
374
37974
7075
15367
0
19195
31079
6
27363
263097
18409
1037
2985
474653
10119
3793
93265
9177
467983
3670
12608
31745
1
48586
169352
115335
9012
24487
0
169920
7545
65332
481671
364494
21747
79575
10335
15067
109101
3939
45025
9596
7
9430
0
3167
11290
453799
40834
251948
138211
28746
28
7336
111
357
3023
31206
11065
20216
6305
7200
316070
120778
8121
16867
5851
13
3890
543
244876
19555
5170
2530
827
457548
37939
58151
111818
90152
8071
9993
31983
0
3814
47657
11322
40889
225339
96335
4415
448720
5333
125745
400
258289
5875
307482
33997
54136
5335
35478
11371
137407
72075
14857
76504
123229
20131
34657
6288
81687
1632
12328
20021
17858
7943
131765
35675
1111
22185
399
2024
107097
1024
24672
45205
19093
1115
187
240
13981
23
2127
92857
0
12394
21766
28
23822
129629
101572
286333
24
347969
7051
561
24910
13571
23109
52552
21366
24224
11128
19066
11
210961
375651
13657
4877
16845
12616
161
18775
38387
35884
41801
38
18295
224
33
0
0
0
10930
351
74571
993524
0
1028
4153
23261
49
2809
0
45
330822
3804
4637
5702
23183
16300
18927
0
39784
0
96601
652
448
6178
80
140551
8106
4201
669
8093
19922
35564
11137
598944
916
3087
56
17043
19069
37678
4061
6
66
187597
50403
11437
8816
889
192348
27972
8357
30027
45542
302825
535
0
54
2557
8
3682
222
1
0
59636
7245
87961
22944
1933
1318
301
205869
190939
4012
441810
103137
26
18
25813
188855
15113
7
222562
34
94551
6460
95376
268
139187
70
1879048
1027
471276
124751
825330
8278
125651
1588
62671
4683
28331
7168
6518
4775
21239
483
80890
179105
11
7690
438124
90206
195947
49811
28031
607
24160
9860
185780
3385
21500
3884
361821
31
14120
4853
18259
40
145785
575
908668
14829
8280
2561
20295
5261
7226
7956
24
2896
14
6462
13
10648
11179
15
0
5720
3075
15975
0
4
101145
7188
15654
6001
8688
29
7071
80
7819
8210
19832
0
0
12
59967
5258
2373
12729
0
8
45426
403389
733
13597
13912
3523
29650
7004
4082
0
79421
12
15460
26425
6688
4387
17955
32743
90363
21681
39897
9
120193
4784
25797
115518
72837
34105
4967
377
9904
31
2483
36232
242
21440
4149
16097
0
0
11297
0
6021
3083
84236
4604
24241
157
0
20063
0
17361
4064
59323
163542
304433
54
0
30
0
148633
10
4615
0
899608
227944
6794
14202
4752
5241
91164
122144
0
0
164891
0
3045
6533
5707
0
0
52
11947
42552
22
402153
21392
37751
15629
31419
9124
4876
5574
35618
8090
51
216
152
35747
0
4753
2148
37264
14614
21
98
7197
119
8345
691
1134
140
415
15200
40464
86204
87375
1713
440634
85
1454
307
96267
64548
2164
62
161243
13995
54461
480
3382
233
46126
114198
380939
22952
1081
1
5008
58
33266
1853
41014
35
56
19
272
3488
352567
5337
204745
1394
608
1414
59612
34090
22206
15
111667
491
21304
0
5860
0
6964
165322
61802
10376
7011
11408
184445
11261
224049
60
57844
393
39
4834
7
11129
35901
13968
818832
975425
5549
20
14
24352
362333
128
45687
102935
37824
21364
101
673922
25310
308054
87926
34491
12267
534
129228
8534
51493
35
9063
0
0
0
969
0
23204
217994
46283
4521
6123
17790
8666
60
10301
72896
19004
71868
0
112
998196
0
5079
1633
46466
9
3165
26
11640
0
0
0
90
4821
2
15
3946
7455
60
19
56375
5073
0
52
20487
110939
73570
272799
75818
579199
112005
22
0
22493
75613
8258
380706
192917
30880
0
44789
12
1353
2
26956
63648
391
1013
572570
9771
76054
6300
87694
7997
51807
27037
54356
32945
55000
11349
712210
4488
59609
0
44153
4301
44740
61384
560568
18667
15588
101
12240
1023
0
7262
33818
11723
11229
265
460
5754
28898
112209
73
0
5987
66022
0
8772
62
20
10373
9092
31597
3
499803
127829
106504
68084
725
16
43
6945
37475
1
20506
147534
41
163
11347
0
6216
91
44880
1254
155178
40328
6194
166
41664
4873
1259
7272
305132
326042
52
0
86881
55992
268856
128604
456795
143
4
5273
16195
1744
39
13
7713
29
18
1139
1964
15225
22
458256
61850
28384
250
3883
31566
277
71938
17174
7739
420
87121
4869
120451
9212
0
36115
1559
818916
54751
111987
991093
7845
10363
4
7552
7
106518
8
36449
3604
148925
0
921
14440
9798
382
184
29804
88220
34110
117024
731407
7136
14835
707
13300
11346
212053
250359
29864
11291
249365
90572
194216
69592
17
13504
7198
40575
41797
12872
152206
5263
127
79
7254
809128
206376
32850
137412
47534
39034
990032
35671
102137
20621
34264
352622
102086
79784
14282
13796
6880
123075
25906
535888
837377
444295
86591
137671
42832
44603
7764
49825
475662
13356
208463
31656
144741
106466
55818
152034
1135607
8001
38246
2243
0
15070
11
4781
509320
3289
747611
414
4
14973
13
14484
10
0
4058
122
0
50
23670
71
11020
4382
41139
17822
0
4068
78231
65511
224003
19017
495665
12521
38120
740095
212713
15922
41716
9730
198686
11956
407356
33579
214072
4669
570499
160676
30508
62564
19450
0
17987
26714
0
21159
12720
314814
7013
213
1717
18054
429
11049
108
381
4969
73130
12725
775599
37730
19037
3829
1013
173062
20805
7845
12080
0
2415
29
0
12066
4501
6450
2883
176
589
1000007
465180
4448
590
63821
11631
15
1134
499386
20510
0
16192
20219
11692
41852
100
24229
13678
2
218
232
16383
49072
31190
3148
6994
31
8
0
0
5053
7208
4558
7087
11
3817
0
291
1188
470575
1
4
5707
721
7583
10660
3537
3938
16449
289
4068
9356
76779
18382
0
129
8469
23483
67
96
451
5134
5859
4697
13439
212050
0
0
23278
16487
21140
209
19034
6456
126989
8
36177
11
49528
4332
34829
16831
177433
5080
600
22
4855
9
11128
0
52
93
0
61572
12
3476
145405
396152
889
2244
63658
203529
9048
35596
112128
2204
33599
91809
673141
35929
139605
27142
150292
3020
25829
296089
443490
6884
14091
7950
159506
173710
4543
148
45235
32098
8892
5260
37262
52714
69612
9935
31204
17496
100665
53844
194424
33401
98946
47370
19139
35941
492501
616983
62693
132602
116859
65905
163541
24431
90634
12453
28962
21523
34828
9796
66463
9214
94107
119214
22297
24019
49752
30345
261315
31697
1352
340382
67702
11545
3943
11317
22
238
12621
59
34624
7136
3956
0
82570
164
152
398
9316
80
84983
552
206369
361
6055
1284
731856
50421
306
0
7291
10723
13442
114472
247006
5902
5855
5768
32315
753
115297
89
161388
11553
92587
37387
20139
84
193356
234
97534
14649
192085
9860
209945
7163
9270
28795
33589
31583
67409
8204
165388
75091
43546
44241
101117
22584
9836
51195
12051
215760
106380
952758
65892
293060
2491
366630
508595
47218
90556
256332
58601
37547
13450
182725
0
3428
26320
18146
69074
77542
7201
28339
348140
20361
1569345
31805
154244
20247
295238
78539
167471
78695
76021
1068810
135234
417234
21715
15502
37547
14153
405116
257751
31337
533876
11728
14351
432
323687
200690
69426
44029
50191
532248
612978
215545
185923
10222
8
322
291041
1
989
9
40897
65047
5236
12960
16654
3506
11062
546
7527
3280
11055
20017
0
35103
870
155
372
62858
959
19547
0
15780
0
4167
6495
259004
39
554
35675
140230
114488
201
258271
252887
154320
7011
577302
20154
129
138
316514
63741
0
135821
149
161
17798
6501
56467
51826
20744
214835
12383
14854
131
77874
42978
658
803
127464
35625
26
5294
8862
142402
38113
43987
118895
177038
11043
136934
303098
9103
421629
1091
1940
16
3
26
163
229
113093
78771
19650
455455
41067
117812
121
161949
745874
49711
322698
98540
1018675
12935
44182
157801
128704
2676
304277
379408
40197
888
180953
16617
100403
188448
11154
158222
14940
7031
24
86202
421269
182924
192221
139118
55
18653
5
40
7829
29560
44441
85575
67
107501
94356
126904
15458
23453
5731
75013
41411
109782
39992
35853
1092
37
20086
0
291007
564
4833
127
34
15972
32803
213006
7243
13138
136058
4466
235976
224808
30203
23304
247827
10128
3929
31073
104947
148256
743
111624
5657
13370
778176
249
23379
2203
124968
8956
5267
1607
562
412
69159
822
9407
93374
138516
29781
20716
3952
3363
152316
1293
12667
21231
99726
347728
6416
46207
584160
25286
30981
289
6966
431608
22571
246989
385
15
97313
0
1168
536602
14838
34298
193446
44298
31905
1546
215
55943
204473
346610
105909
41428
117623
1046702
1203779
116980
18947
56199
519810
74867
56516
315672
16660
882007
20653
15136
20
3739
7
10096
12083
20051
20573
2419
17075
29545
13
14679
108760
44856
226738
4640
21586
89
11463
3759
6289
146047
67
0
819790
54919
7713
8812
43150
403175
51044
79
30514
1649
952
619
106838
236552
61959
15972
3317
55141
1128
25125
3276
6512
10825
442
0
29534
20478
4143
9097
1733722
564
0
63415
12189
11089
39982
975
19654
9407
45556
0
241
204
0
7549
18031
5051
505566
21391
1771
47821
83964
581424
13746
65031
483600
87778
464317
6194
23228
17177
121385
74510
203
489452
107515
8795
20983
13
10030
30777
394131
75507
351385
21061
42
1425
55530
4786
50313
206755
1664
58950
2611
49213
81
193
63593
13265
9075
34992
38
82279
7614
236279
32762
33957
49096
28103
833425
83051
563965
361746
819235
13
604262
108
4062
9336
38675
69084
644559
245147
203326
330806
505236
29885
317842
20490
1733
788811
34119
78822
2442
9404
26
76445
258612
42115
14722
14895
44788
13
4108
3834
471708
16990
20756
101277
0
16
3814
7729
27994
36394
17749
160946
4864
9685
189818
95519
2479
61288
148102
13208
17070
5161
5304
2235
7711
17450
4176
7707
42818
23682
38127
9304
340978
6457
7643
19105
159
299
6061
329
129218
27488
3185
51030
1610
59924
26423
85928
24911
205862
126756
15613
204190
186134
46599
331112
485951
97995
265148
43094
924221
321686
134409
1189481
301089
7400
18936
1005
2597
403
16606
16561
249773
21448
29606
74778
41
2777
13642
74115
44598
78728
259500
32468
395069
233
123568
13276
657722
1095959
375729
24410
22136
30803
38717
32
92169
22829
103176
12066
1156
4995
211249
43492
222094
30820
97371
134427
142780
7131
68839
188080
43670
101316
203197
37996
245
15003
126653
1634
127670
1176025
100755
35843
7993
7067
61
14890
37762
6431
0
31742
143
30469
13512
11947
14707
3798
7490
13230
31644
15181
34358
663606
713945
87534
23423
30488
263098
6143
71717
6425
91888
268391
41926
473047
817010
144
22229
690
827559
78795
111013
3915
463094
0
76825
59477
16571
7488
7703
60308
244530
5707
127317
82422
81006
448283
450859
1220836
1064
1230
111014
3396
220645
161755
1202261
42733
44834
2759
182147
11098
166524
116673
118451
10290
30552
339
24192
36575
294206
287648
59690
811109
45762
288884
43991
226998
960193
28452
363352
43660
161496
3386
45824
142003
348020
171950
390315
190881
282330
3875
46082
20188
113273
73254
336580
9665
39557
9228
76386
57528
63919
543605
59604
34803
31624
1392
589005
67459
17397
109057
328
848945
3
434938
93659
11484
397100
60793
99869
129412
1480
23884
217
142547
19430
7788
6891
82912
8948
10564
7652
45246
13047
51916
83
39675
6
26984
99149
117682
519988
70053
35783
40421
140428
13778
422947
20858
145002
219671
51169
130070
253535
7685
146517
83890
114646
29003
13843
129136
5212
37
100302
37015
145542
10771
39647
669367
11596
68289
152978
200284
163122
226274
1465901
2950
18
9821
5135
370096
54031
21410
30888
43063
803374
25177
15912
22899
0
2152
43398
0
4690
15747
126940
329607
25023
51
98448
59
1404
4743
83521
202121
369690
4699
560201
112903
135140
110
501275
16008
22898
249297
761773
200172
71527
79050
22852
23997
5853
1471
4699
13
10172
104
43
28620
85264
4548
116215
35115
9701
38
131177
26378
5587
3791
33570
21302
10946
0
42342
3717
136138
6688
79081
258
17
2740
16922
86927
8139
57576
9759
16266
167
197
10674
379
7641
8847
354406
18367
6157
4638
0
36480
7322
1661
9084
36655
44397
333
103644
31
102017
808
24014
21690
34092
13256
56162
10841
3850
5027
15960
7214
4068
96
16693
26443
310534
66895
65230
114750
683
79295
131116
35675
1265685
9530
360847
159686
3856
21
251284
103381
84008
12583
242683
382835
16489
37
238243
14833
159870
25089
181215
36409
835782
2395
1644
13031
496122
90358
61359
99017
38382
68
5501
20426
303782
81742
316410
48820
122115
238
244922
26958
50296
2269
840159
114241
40876
5860
48807
111024
52665
6050
668478
75979
70368
694
7914
26139
314440
35481
63878
246311
100738
292
31049
58842
122369
11206
71092
705062
17
59575
44
138051
45408
19853
108023
31415
13128
66340
4806
133392
4364
40847
15918
24326
0
159
11137
17
30608
10172
100292
56458
4
19010
29939
137668
14819
28221
10572
127893
624
59301
8045
30628
39434
6486
86631
33708
676233
289426
65159
171916
64257
1291
2098
4828
145
2162
39007
27586
7743
43141
23650
107600
43012
146034
46002
33661
8479
117573
33484
27641
90
146593
46831
47835
145301
909316
226334
219240
95930
1417
7494
1293
10443
33402
162
0
100109
64425
45640
144957
683
3624
8188
13731
539057
325330
397335
149866
47117
43319
68315
54
297431
25331
84192
59792
21581
308
21805
9399
22857
332645
117828
57137
43760
1131807
120646
13309
25282
48207
455899
15908
36436
0
15921
3839
16611
33766
155
7213
24
16
17570
8
33257
37
0
2167
246958
12
4446
166
0
87
16
10883
3196
27539
38957
134
16164
6399
78552
160067
236503
10740
118180
31295
93274
4819
265753
23917
58070
73
4457
381
75
1
11
568
243589
14763
1130110
5550
483209
0
490063
48
228
825
4615
4567
224
406
96512
75133
216532
15473
480699
31261
49702
7046
10435
181786
11479
24380
15199
354388
614
334
1029
8395
387401
230
170409
545465
250289
0
21716
7538
19962
97035
119398
4287
99
51
15949
9
22224
3
475285
32868
32951
7
36634
9608
41183
188
12063
72416
0
0
249375
1377
528710
58751
199000
253498
83
10510
208355
619
71702
238
28390
0
11133
75659
5983
1036
12174
26779
80593
4369
24078
5685
22093
4020
7217
75
71572
148
43856
307
1338
231
167
7918
15526
43
7218
19
27855
13
15055
21
86553
9393
0
187
61531
0
9507
62
15821
0
4683
0
46993
5182
92140
22725
10141
22
12130
23
9497
25
36906
32117
68048
82820
102
11119
21895
36011
6971
22
16864
9365
3804
51
17431
10
143041
360933
476300
8177
128658
45
14147
12499
16910
8171
252
93068
84
405677
7235
86580
12711
9
9250
29133
7169
3977
9044
2895
159
32395
10899
16
7695
11143
298
453
4122
7279
16010
39265
188
17
27832
4701
34993
103187
80922
58579
61268
462
65595
6661
81703
6
87464
45717
33082
15734
12270
15735
8
10620
4068
3095
9356
0
11
2728
12699
45274
2731
46795
5402
21689
100159
16714
5043
0
12071
0
85091
24
361668
0
3914
306421
131718
509
825
4338
57782
5601
33
823
51097
136
1040
11701
199129
298
65519
513
30597
489
11
24
15883
368
534
5844
22363
146
216540
5631
46598
3951
384969
3899
44681
14697
14
0
230267
5667
0
0
1649
4449
48
3
0
12268
9328
0
102461
18794
1077
1033
8095
44292
38798
21554
4386
9973
8239
690
9905
7396
12382
15
5615
13425
126805
6216
181
10945
8683
63377
122699
0
7713
61
318
15908
6
78
36095
123533
9578
95
26
10064
520533
410
6471
399600
31618
253
4877
72843
76469
29964
25044
602461
108386
8775
25217
63062
302690
8
178620
176
10
7994
9656
5031
62802
51062
11278
18
14057
80
4266
5616
24
4845
8480
1
32
11903
794
4230
15957
5
11107
0
0
0
7213
293
0
7584
55
4068
4695
15
644
0
6972
36192
11461
16655
0
0
117992
0
78941
136204
16332
172926
25907
4741
37293
31295
119942
66355
106383
107237
45849
62046
108213
322985
29191
5142
130
86
1768
291017
108419
0
47846
10933
101089
90921
57495
227918
16292
72429
51416
50460
342265
872257
564
13467
0
50964
667043
13919
266143
7252
40730
16237
157292
1247
512
27202
13506
9931
20753
35803
31377
4174
16748
383425
927408
262230
43415
6677
93158
26689
78282
69236
66724
20273
188
172
28791
17435
225860
57385
113322
145035
63949
27767
514682
15031
25788
48603
12675
5404
4543
291571
15963
0
247598
257630
94426
212744
7114
0
46033
91
12331
1838
159528
235
247753
35
85479
568
215936
249357
64133
79972
10977
50448
3216
374067
10
0
874747
4530
1681
189
3069
638
35838
466838
10884
13322
14663
9
5008
45357
79534
1
405983
30923
310563
22
4832
4
9624
5076
43137
75971
545932
4113
21618
48535
45793
6472
45166
48701
9359
7724
25519
2174
51818
216
3332
33625
373
725
377
36797
158065
80111
34009
328841
306030
12092
263412
13413
62740
113565
444966
12856
124068
4472
47508
26355
139304
14950
93190
3143
5298
2654
4690
39004
392507
11379
16069
15603
32162
26739
581
16141
595995
6674
124078
60041
19757
61568
1280272
37101
810574
71291
412251
10522
229867
12120
41176
54431
25280
1301
210713
4951
30066
3561
13403
49543
52038
642
53051
160137
82378
27348
113176
59101
697261
70246
102066
16133
6654
156
12628
60585
138491
591892
35317
41700
4692
84
97118
37
35534
27578
152548
8311
9756
565
307148
187
7858
86528
20108
52322
11528
0
34528
5544
782619
91042
57165
17
45685
98682
74607
501
278591
11348
14621
63954
95849
64002
182182
96822
185075
0
126351
25913
34538
42
66045
160
20696
62199
39961
201586
47897
232
26960
16047
16572
5482
26469
94986
10745
228498
8615
154207
4073
138602
5837
434132
278061
499327
10
22838
4921
1
13341
10980
10934
41578
22123
6561
44
24
12
7227
64
92025
400643
35510
16707
593
29036
138277
5357
0
8769
14074
45723
1309
249877
399
28848
17003
7563
9830
16892
12878
292
0
8890
61607
7153
4605
31099
0
64118
115
23511
10
308575
127633
15804
7042
8154
0
26822
11664
14862
4597
103319
122803
35466
58352
13743
0
15707
5844
0
392116
123544
25755
15082
825
22541
234
10327
254965
12082
5055
1
3
126191
1509
42132
13926
34
101128
19801
23674
82
15378
294445
104495
636769
167041
62912
4365
62543
13165
4645
189
6
302
0
119
11428
18712
35952
63
43137
18881
27858
2703
22424
134302
42194
19382
30626
36288
496
300
394605
15882
5645
6541
113689
229166
35041
15951
111510
478
10
274062
5952
210700
54828
135
5774
9807
9271
126975
26168
4076
34762
22466
20667
398
149570
290903
12002
111238
5288
4774
6315
5358
181430
299462
41998
70083
8215
15336
38931
37517
739995
17538
103779
4445
109745
307200
89727
5319
68708
24911
33203
30851
158369
70151
25199
499
19486
47826
408645
72583
5070
4000
41
74241
10510
245
138252
18984
12971
12050
7413
81312
6947
11534
292390
10456
1079
128
6997
29109
30554
39441
360736
4250
4841
7651
13539
27611
59442
47404
1697
24853
35724
142
451
46558
150999
9339
39218
20915
42920
179892
36972
70911
153713
9771
53894
17798
6066
5522
151433
12773
34814
9313
151178
171545
106985
13647
23739
40329
