527194
1027614
2681582
836609
694385
1017670
519866
2027592
1839940
3142909
1667672
1288686
1884034
796599
1596076
1350289
706911
476718
442126
110110
490854
542698
975149
911431
557722
884369
2316579
1221044
625833
575510
1787915
675680
2268825
352418
1548316
922004
2662322
2073742
2436275
705534
1544143
2355650
2107273
1083800
778513
864940
2230235
421214
495677
1367462
277638
937223
282256
682639
535083
523106
684973
1145504
1272477
677986
835376
671447
1296597
477281
285321
874628
991183
984500
418756
762000
568037
361151
1042623
2999622
1081649
1347081
95375
220687
479499
425597
194278
474851
1432314
489945
167201
588308
692670
474084
362172
1739224
1760977
495326
1074000
248184
1442109
814931
1439899
388199
564627
378352
1113126
615953
1959385
350086
1754569
1448727
2018314
2452856
2145056
198978
2012167
1003215
921431
1290639
555384
108645
595252
311693
426450
782047
1741677
663721
1726913
814211
476263
861715
760375
799802
2608880
1091356
3285840
2525644
503689
173719
1847571
473938
895182
1017853
2825901
1307952
949646
617320
1359145
494173
1590085
942553
3941741
415140
1228463
517262
1732429
1122626
1605731
1162474
2160181
3037500
1072882
1084151
448365
561778
3810729
809815
2686297
1044096
1595186
751372
2645120
1829116
3233502
2145197
2292470
1523032
1852554
670408
2095746
1219667
2697749
731260
2650556
254919
436552
528651
418711
908270
2578051
1608458
2240019
1296638
1047165
371708
1341552
568359
1668869
1281599
995201
1290695
130546
979483
2063599
814592
1329944
735496
1537353
362578
157838
392274
358255
1019733
650120
226596
667935
209640
714837
281394
966015
285252
261810
263116
1451438
617415
108859
213662
1291858
848566
2028473
1462031
1265463
1092249
1530181
1168038
951593
296190
1842749
889604
2796119
795623
1577546
564331
1407400
685983
1130662
610825
500234
632278
445495
731997
1216615
258031
858735
537964
1109713
1458695
519710
753722
569598
636146
