8685302
8924563
12287967
7181790
4182413
5409403
9309822
5779878
8187249
11725899
10321902
7687131
4264290
2919491
6596618
5816493
6401258
4030818
8858491
3348155
4394411
4469289
7130204
6106985
5476966
8401525
10419047
7564966
4553737
3940952
8102633
5157307
13533786
5669497
10134435
6498924
10977264
7152330
10816925
6019563
12580898
9106851
13622724
9957964
9003887
4942631
12019902
6070753
8516497
6106037
6686822
2612482
3139434
4320445
4664516
3894570
9651034
5787815
10965960
6883370
6146270
4246128
6614622
4117857
