24888
71077
137024
14400
104752
284363
230846
383670
427601
437381
639644
243780
27229
98142
136730
37544
43450
1027663
197959
222750
112223
151623
262594
503172
529432
1193555
860107
158354
87473
364415
386615
198095
459408
296817
204450
385648
143419
548090
89375
339220
312452
1161411
203904
324243
86868
854517
251059
102758
92488
1140665
86414
459814
14831
41160
95807
425417
234038
189649
821310
123639
37305
38968
45543
90910
21641
108222
113546
394352
564014
98370
1102898
503090
236913
40138
86837
66735
135238
46676
941647
344905
831498
67453
98217
93448
26853
60328
234860
120172
185989
499418
768853
66299
171986
156419
626079
174640
515056
219262
236544
618885
137122
302291
174061
860491
297214
1080975
1733795
348654
149541
71187
520066
41757
29803
109423
104944
101910
30085
858202
103508
192873
874852
89591
828780
35184
146420
126290
131908
92324
216935
237767
300784
156372
683686
164420
99526
753151
319376
137982
823923
904707
222892
104620
458812
512626
328069
84134
754342
52209
318093
208596
599522
566127
317218
89403
659456
35116
801654
120312
200163
651761
348647
384092
192477
646763
868297
358327
598420
323342
472419
85945
354846
493194
569485
141108
152608
200966
857408
23926
515943
15526
45096
11893
767430
107508
229874
55875
1003250
30190
78044
79110
681064
841966
56047
560646
235005
261545
380965
717999
301833
135321
160017
331558
156596
64298
47528
40286
95271
471678
59541
65941
458897
14935
235832
72018
108733
877038
12285
187795
533723
43833
174438
32010
180029
271149
718310
250006
216382
544193
991733
245673
224564
225881
623392
374583
735304
357889
123105
105371
98327
80660
250830
11292
915671
96437
74841
57869
26302
62621
179781
320664
478024
58483
173147
31401
148558
127806
16621
129505
187949
104594
112615
201851
292002
34300
192569
200787
797606
853047
42217
86036
657451
53623
301014
497642
51474
752817
447771
9709
167979
83715
48260
31031
759266
449093
51259
81375
552927
215084
165929
592218
62394
323029
864256
315732
233454
185342
683923
193111
157204
36777
312771
42767
458676
64632
205244
92987
277830
30714
106067
61382
79019
82687
157696
995499
417496
57971
329658
13621
241102
132103
230044
45710
846900
9853
774592
70363
28319
72540
593007
226643
31183
13947
84556
67177
116852
129122
136505
110539
456772
86935
94170
90252
86149
82277
110300
485942
89315
22382
119324
34173
250914
295397
237120
210819
180276
85567
728719
38059
791355
47016
463492
591799
294008
64867
97934
11315
43315
13429
426783
1081022
182813
267932
128007
34981
49000
145113
860197
499522
977352
80708
184574
432075
153719
278522
413163
1039829
169963
63906
16565
315413
678365
48314
165152
461230
99890
186902
127813
236123
501662
29023
427744
129313
66641
865547
31375
72186
312365
52223
37906
47157
411792
626709
188736
9878
797656
106720
214872
611871
311302
563747
333366
1736111
1175629
406000
1074239
121905
412256
1083674
261123
199804
251473
85896
219175
36758
327546
155095
36285
79110
56686
60660
346381
578603
471802
162471
27964
47572
133564
14827
21756
191638
108338
845196
97031
370013
861115
104860
135326
172843
110082
566426
52565
247470
188589
171498
80131
434329
844753
52903
21167
60807
168666
781867
33555
151711
68040
65169
32945
84331
304149
206659
145993
283745
1472726
482274
84912
530988
92194
122417
221733
1549992
781405
386759
85101
124961
63863
78016
419090
305031
147865
111233
50140
260395
688741
73352
119301
641240
169731
219006
102633
230598
302340
206809
68881
709329
994719
170012
102572
178780
1624794
328329
463011
243360
421383
102972
520102
339539
109819
86414
283118
691522
86521
33741
153019
187914
446720
344870
934585
211168
912119
30196
78160
614830
826777
33430
188147
700546
1038740
347423
166568
143771
574775
357665
454830
703292
682102
493861
843238
15918
346091
905219
746778
263176
292411
139556
231304
1143982
439145
126355
1115141
458773
789329
105783
524167
131410
291903
227295
86558
428839
1022805
377394
201842
113427
129073
156356
63580
926415
260138
678694
344087
203570
528623
207053
49803
699769
54320
132606
633082
143109
346733
414813
347714
435347
331866
28379
871057
144124
685735
474961
531846
589858
83059
134566
432327
63977
52228
91889
613957
1498446
196447
219133
398552
146620
972535
111139
578720
112251
638040
212360
1231253
132683
57143
209474
218172
49611
929551
121302
510110
209962
717032
289332
930484
381588
322844
802372
303523
411100
928166
688098
181015
436627
858922
30120
956529
162001
1000774
412472
340140
34485
915519
178340
536319
879852
58908
968420
948466
409418
1313413
684206
214956
1307957
199201
307018
1286381
772206
845113
939352
222141
178325
409363
171753
1236646
206657
771430
544384
705460
185933
1349788
246001
1163271
107437
371426
68304
123427
210192
119344
401138
1696273
219200
681169
112419
51532
200685
394455
210468
498866
1307272
325040
434670
25273
94750
21107
51768
75974
631365
430540
142809
33438
62357
139391
126856
42641
144446
103954
17987
168804
60848
42754
75803
745828
85028
99793
68020
154199
6790
344055
143435
311424
204796
1515189
330820
107501
407230
55497
416438
276321
428192
1439884
134065
109390
44510
229291
39474
57463
13530
136382
13996
41567
72332
44154
181505
263173
42395
934895
262542
27686
60172
889946
149821
138638
97875
435247
11302
1172525
367330
592216
292931
270358
246730
149442
99180
1194377
55444
471574
36090
13540
54525
95089
458737
378687
93638
647648
200688
80052
42322
941049
146616
130098
128264
65096
51130
106165
113996
82114
243926
54205
690739
207634
894390
124528
97915
369264
212011
173338
19332
268313
608505
69658
40138
54583
25764
247425
48589
165355
25294
226813
49104
70666
120515
383479
38137
462257
30809
101158
60531
63488
63085
65233
427753
30010
171643
252795
415126
694305
124370
43154
12529
42542
35937
115888
70364
258270
85969
38705
60449
42848
85803
69926
192204
226713
49583
799889
23271
859768
106734
407847
41076
414605
56495
194303
68400
114052
105629
331409
485327
475378
169229
96391
3517
28885
59003
133256
134500
59961
77414
23256
9641
108873
84327
440044
192590
205352
117623
142371
309182
146938
186415
385496
576767
451948
39226
93639
242962
391617
66187
1612907
208179
559359
989989
136400
1440691
513746
222795
826715
355629
203618
187362
52999
382194
179530
596611
40277
96632
145850
289108
337439
194247
119517
662906
596840
567588
163721
390703
48077
179066
1176303
1130820
1072529
570691
1227164
370686
176848
330111
957992
328443
334905
26862
66785
123986
104838
48746
57425
79725
98846
135206
126066
121083
65468
12867
296076
61774
112342
368031
99107
218288
118911
141071
30825
83728
176259
712646
110846
296226
57091
137137
44834
147830
106444
52096
81877
48508
107084
34699
219878
57876
128713
58212
766747
13023
44132
103166
130482
167881
282891
61474
173002
962210
393381
30511
200613
550076
601820
185584
294546
915091
239619
18196
93684
240700
70973
45326
96993
165651
123993
30431
213354
130178
918198
172615
417206
57486
76451
179631
225233
107157
