21709
1644
4844
211454
4411
34813
54
1659
85879
235
6194
1661
232819
4365
1697
0
228866
95
1
0
0
240520
49125
2480
719
2287
33
426
432
1048
84973
169
90454
2
88345
0
25
1776
712
443
93438
415
224344
1473
790
2591
87953
0
232428
1056
0
0
230488
111
1357
621
58
591
762
88547
0
0
0
0
228893
0
227931
0
43133
1509
0
0
0
0
384
0
0
0
1
0
0
0
0
568
12439
228902
553
365801
31382
31390
17516
233574
2078
30
231571
1015289
0
0
368756
58
264
230318
998202
4339
34
0
0
0
466
232425
0
4
231946
6
480
0
90082
0
378951
96853
142
0
310422
0
6206
254
84851
11845
1993
994511
88448
0
0
1852
0
2
89852
409
674
219
0
0
0
21
587
0
11555
1
11663
160
77407
207
322059
55
89850
0
1441
0
475
231895
4456
0
592627
208
0
0
225685
0
225151
395
4930
1459
222886
231542
367247
1
411
571
120384
0
331806
399253
392361
232917
0
89654
678
0
0
0
21
0
1837
232029
0
0
0
0
367041
0
0
0
0
0
0
0
570
0
0
1
583
234370
214
11655
0
31512
0
644655
0
89496
0
33696
3
568
0
0
31394
0
4
4367
585
317381
80
321302
695
56269
25
65
170
90654
0
0
0
0
206
0
0
0
0
0
0
0
0
1
0
0
36151
13221
315675
740
0
208
1439
4
1627
31347
227700
919
0
0
366595
0
0
703210
43423
683
364607
14446
353635
0
8
660
55
368020
0
0
0
8
94
0
44058
0
0
232454
290
449
0
3
711
367148
0
2
596
0
0
209
209
631980
178
91993
234289
0
232866
5
1932
43210
0
232043
0
383
492
4262
231113
0
0
12
32655
4241
43372
4
33086
421
0
0
363569
0
233539
474
140
653
212261
23071
1158
8365
1502
728
1232
404
12000
324
1856
353928
36
0
31
31351
31437
365177
21
79
644838
0
1181
0
232390
0
0
1499
0
6753
0
235
89315
0
89323
0
461
176
990819
65
998698
15695
827
1949
0
0
0
69
0
209
209
0
2086
368020
56
6368
0
58
0
0
264
0
1
0
170
227134
5662
0
1000000
5
0
0
0
0
4344
0
31317
4462
31402
43
1613
96528
9
0
224239
163
4327
236
42881
0
89270
4
12179
11724
9
65
399485
621
0
233396
156
324831
0
0
4
365933
9
645
404
21
231964
0
244513
6
0
10
0
3
477
0
0
0
0
0
90227
12
4
185
12459
175
89303
0
378132
1715
3
164
44739
0
349608
4916
0
0
142
225448
570
355664
31494
0
86211
322
260499
80
0
0
0
0
5
1867
4346
0
2
226
1447
0
0
165
84832
82
210
11290
4205
319
211
13269
404
591
0
994671
0
98581
8
100911
707
120223
0
209
321738
0
0
4
323072
0
0
23
11686
1852
56
19
31418
0
21
83994
356006
166
174666
31804
138
103710
89671
5
534
9
18
209
43887
621
217
55
631
1596
69
571
2084
0
329750
0
0
0
1434
90451
11706
277796
0
0
42
1
229191
4343
89405
652
0
4
13166
0
4344
588
11548
232874
31412
0
102
11763
74275
0
233544
72
540
0
206
376
1487
32868
44674
31359
830
0
0
231604
236742
89822
1892
237408
368020
4
55
0
89388
19
974
85647
50
138
0
0
1556
1
146
4
20
0
368020
0
1
227760
453
21
100639
4024
231877
627
686
0
369670
0
205
0
0
0
101586
237836
228396
62151
35592
0
0
1442
0
0
0
0
0
0
0
0
0
88
225943
0
1898
0
1724
599
224825
11281
221226
224195
9
0
4680
139965
13105
2852
514
638
30873
535
1473
223
224008
648
131527
0
31306
0
24
233542
150
133193
632270
458
0
0
3
0
677
411
0
366394
0
0
571
0
560
233050
124753
229
0
667
0
0
0
0
230206
102185
0
361456
170824
31333
247
1490
137418
256325
211
69
335408
232842
0
462964
209
85878
31457
32264
89645
279
47
1
119808
2521
0
0
0
0
0
25
0
0
0
0
465460
0
0
44566
262779
682
0
855
13201
340
3428
90042
82122
0
0
262587
232058
457825
0
0
0
1628
0
0
0
0
121055
0
850
57
31206
1253
629720
419
572
0
1119
367658
422
0
32044
0
0
0
81
1404
0
0
0
559
1442
0
1
0
0
0
209
61
0
631980
0
0
0
0
0
0
0
4
567
0
0
0
0
0
0
0
0
0
1
0
0
0
323136
13234
0
73
0
234443
336560
32856
0
0
89948
572
11548
250
1467
652
26
2
0
0
438
31347
208
321447
0
0
581
0
276602
0
1463
367809
321320
0
580
1441
116900
0
4430
0
9
0
2
0
45417
56
0
1444
419
0
232414
3
525
0
571
156
496
0
277263
1
54
32931
367811
35155
32036
425
0
85
0
2
0
233418
0
60
0
0
4411
236202
43
85027
4
163
209
423
85401
45
233043
35025
570
80
7537
11679
0
133185
322466
133168
350373
1043
6862
534
11887
32795
12132
233096
0
31486
459
0
4
0
11785
0
209
1
649
1
3
0
367716
670
0
0
21
0
146
82742
0
0
0
0
0
31344
0
0
0
0
0
207
31831
4747
231162
454
0
0
0
0
4326
5
0
0
0
0
21
0
1461
0
31555
8
21
11656
13869
81
4395
11649
231982
0
48
1437
0
217
60
0
76
383
10
0
3
275
224020
483
1302
0
4427
95
217938
32821
87537
25730
0
238086
689
888
91123
283
311154
5483
8
226758
740
0
0
0
0
0
0
364523
227868
6983
368091
0
1
458
0
366559
4
0
0
0
1886
0
0
75684
89496
1439
32488
0
5222
222760
418
365110
75
0
0
0
0
570
4461
11683
0
31364
0
585
365925
85
0
0
0
0
36291
0
83
0
688
731269
368685
0
31
209
43145
69
209
0
682
0
0
1507
11764
363050
681
11707
2095
638
36
353552
0
413
0
4
0
11
0
0
2223
0
0
2095
5
0
4
0
60
35541
23494
31465
324837
0
0
0
0
0
0
0
706
297312
0
0
0
0
0
0
82
4163
12180
220
43369
321752
232849
0
0
0
218361
25
44059
53
0
244539
598
0
0
13170
232845
43277
0
377
1624
232023
8915
4
86176
138
4
368020
0
448
0
0
61
4453
0
0
0
2417
224135
123883
6685
741
11905
32830
366764
0
0
0
29
0
221
11749
909
449
316057
216
435
0
0
465461
31425
917
83780
0
1628
0
121331
134
0
31408
0
0
0
270
631980
0
1
0
0
0
251
369485
90306
1671
28
9
407
0
233878
4
9
51
0
0
277762
35174
1072
0
0
234716
1
281
8080
266930
358145
233601
31486
11724
1
416
21
82938
31344
0
31831
231616
0
0
1440
11657
0
0
210
452
28
20
232820
422
546
79
0
228155
458
0
0
31296
0
231515
0
42965
0
0
0
0
0
0
0
0
413
0
1510
0
35565
52
0
0
0
4240
55084
232418
128329
0
244191
1549
94608
0
4447
2412
354070
1523
0
422
85938
0
106
0
0
0
32875
21
0
51
14497
0
364159
0
0
0
0
20
233239
224446
458
62
0
401
83
3
12281
612
644
156
105
64
681
0
224630
8
216
4
12378
1103
10607
12465
4267
7002
6888
18359
1948
0
21
230848
227750
0
428
1474
361120
672
139
137
1561
2021
353395
5001
468
360907
148
2
3
663
1
14020
220
61
168
0
4
1
1769
105
682539
352
42785
1693
851
0
457053
0
0
0
0
0
0
2
493
432
0
32983
1444
84
398725
705
63
0
0
347343
18696
1409
31514
0
1475
3
48
81
81
30728
1716
3
48800
132901
0
86589
11804
1
84215
99836
8439
253727
1439
5015
48806
0
259547
61
4501
0
366228
1441
0
3
89545
0
0
0
1419
80
0
1
27
205
1417
0
83
1845
232654
4918
1441
0
1
456
420
12549
472
1441
0
4332
51
116540
32728
65
0
0
0
89477
278
0
0
0
0
0
0
190
463
1
209
175
0
1
231524
96573
621278
43359
174
170
0
0
0
1096197
243249
818526
0
0
137257
0
96619
0
84725
147761
4024
283
87231
1838
0
29
3083
1
11686
0
0
4327
996759
431
457381
231015
0
321
0
0
0
16
0
571
208
169
0
89474
0
0
11706
235
232793
102297
25
10
13518
1475
91733
0
0
0
368022
0
580
405
144
31359
4924
2050
31903
0
0
0
0
0
2
0
31611
234277
0
1444
0
209
0
4331
494
19
1945
733424
33055
10
0
663
705
0
244567
2
31433
74
89782
0
0
83192
0
0
170
0
0
10880
563501
5
4280
1432
11816
6827
1492
1440
0
0
998184
21
123009
2
0
0
5
0
1478
0
6
1478
0
0
3
0
0
261
367788
0
0
3
0
81
4425
0
442
0
34943
0
0
77
330
3639
42
165329
4462
89137
0
4626
155
618
80180
321327
0
91082
520
276810
1437
0
176
0
96352
335
85254
1880
11690
1607
143
0
0
0
231966
1
185442
441973
35383
684
3
99799
80357
607
13024
3461
26
6583
133
334307
761
204
13101
34314
24
31100
0
84855
6054
5015
417964
0
81
0
6
567
0
1
229403
260403
228157
11682
559
0
0
11724
85226
4070
435
121331
571
0
65
0
367796
366170
368244
31465
0
607
152
1441
0
0
5
89642
574
232825
0
0
90119
96
277946
13
0
0
0
324830
4406
0
8
0
0
277793
156
90071
1419
5
4
0
0
365906
0
80
9
0
0
0
540
646
0
10
0
1
439
83
0
54
205
21
34
0
244690
1011
0
1730
31336
0
335930
336764
0
233494
509
2
0
1397
13
0
318086
150
0
4924
4
0
0
142
1525
0
3
0
1444
0
28
0
0
478
368197
4
0
47
421
0
0
0
0
616
209
11728
540
0
0
3
0
0
1645
3
88750
0
1686
0
36448
0
0
0
75
0
0
246073
85302
0
31536
0
0
0
31352
13898
92
0
148
0
0
0
0
89302
412
0
0
0
11708
334969
31449
0
0
1522
89667
3
7
0
271
3
0
0
368184
0
43198
2
1553
71
0
0
0
0
85311
31451
232845
0
1440
0
4906
12
0
0
0
1
693
81
0
0
89654
419
602
0
225266
1
0
0
378967
706
797
133650
317802
1023
263940
175
380
0
275426
496
0
0
0
1
452
0
549729
0
4640
96547
0
193
13329
225675
481953
622227
0
31537
146
11756
0
667
3
0
66
41
133650
63
0
0
0
0
0
21
0
0
1439
16264
39
0
488
1029317
101831
1365
83800
4337
0
243793
231979
321880
264905
209
0
35363
2
30393
225
429
0
231203
0
0
138933
5
410
0
0
0
445
366685
0
80
165
0
0
0
231002
84684
740
84783
366085
43035
232
1745
227
2180
579
1502
149
11670
257
0
644
0
4899
91610
2
394
1836
16
0
211
0
1697
22
13108
9
542
1821
1008
1510
1414
655
753
87440
0
0
11686
0
1
568
2121
21
992551
0
4330
0
0
9
198262
155
102960
994512
1852
445
21
12108
80
321756
231936
231138
225397
1514
365163
120188
621310
672
0
0
366017
0
0
5
31502
366434
637
0
321148
0
2261
0
206
0
1
11814
213
31347
0
20
0
0
0
11724
232984
324124
527
632189
325016
43785
232426
4278
12
31566
1
221210
4249
21
330
0
11765
0
0
2
178624
1518
1850
0
209
56
0
1
19
0
5
31362
1449
69
11772
17
368020
0
9
21
232790
0
0
346
101941
357
174
225611
356112
35106
0
12
1
146
18
302
98521
90073
209
90227
11709
31493
356170
0
89785
1
2146
2096
0
379386
21
322956
0
178
0
32856
109
31353
0
233446
368020
2
50
85
9
227895
423
365900
0
36927
0
0
0
492
1643
221013
15632
5162
30664
2038
24
32060
2
2
0
5141
0
429
30829
2222
102350
232849
63694
121278
0
0
0
232061
13394
89540
488642
0
0
61
31609
1228
637
1486
559
1443
0
0
0
0
0
0
0
335624
4
0
0
0
43
174
729
89464
31462
0
1444
232833
81
0
367811
9
1425
56
86600
209
5295
11709
0
28
19
434
0
689
277316
0
0
0
0
4753
0
4331
0
42
31370
29994
232029
67
16
224551
5802
88737
226021
4806
1115
0
371114
366653
366559
259
103976
31343
0
570
92
0
0
0
0
31
0
11769
677
0
15
705
1441
4
11724
0
298020
0
0
0
0
89857
244552
463
23
327
3
67
2
663
42836
29
501
154
232418
0
121199
0
1
55
0
0
9
31446
358
367347
417
82984
81
11657
175
136
0
31240
42903
0
0
4410
0
0
335404
328722
85783
0
32883
0
20
119
5
1347
64
0
12381
10910
211987
222561
62
311
342656
309
1
1
141913
230321
0
468
1431
0
1487
32832
0
32944
11642
84323
50171
31359
6820
97
0
1637
80
1
627
4
1436
264
0
189
0
146
174
233706
132670
283763
1160
2239
4327
1228728
9
571
89642
11732
179
92916
0
31939
47
0
232850
209
4371
367357
663
0
173031
0
0
0
4
55
0
5
0
212
0
0
4246
23
93759
69
1457
0
0
19
0
218108
0
4446
869
2
84995
277045
570
232891
0
0
571
0
138
89642
0
499
0
0
0
5
0
0
550
5
50
0
1730
661593
262
85186
0
142
0
0
367797
1
4
0
0
0
74
9
45
7
0
0
0
0
0
0
368020
81
0
0
0
1
81
4348
0
146919
227233
244824
0
452
4485
228361
0
0
133650
0
21
16304
34951
83826
447
65786
0
234
0
614
0
231656
184
252
130
4616
85
0
383
1100
750
1
590
4330
198478
42
232529
365251
672
0
397612
0
207
0
0
11805
232845
1
156
0
89150
209
5
85
0
0
522
225778
1
705
334637
61
0
233042
64247
232953
228017
401632
1519
228537
720
0
132993
385311
242461
263354
31887
1405
0
5875
43
90217
0
367811
56
50
434
0
1
288438
2006
2
0
1438
0
0
0
0
265860
85138
12
173
0
0
0
0
0
0
0
96533
20
176
2485
155
128710
0
0
85419
0
2
0
363
201765
0
12278
0
0
172905
0
0
4460
4443
0
221898
0
232989
0
0
555
0
336555
21
0
63
0
0
0
0
13267
232403
133394
0
31351
342
51
791
199555
228782
934
239983
170
219
221854
233053
256001
5380
357963
261036
187
367812
533
3
260771
157
0
160
390
165
101352
22
86392
397
973
330236
63
12185
30977
8140
9082
232314
383896
4936
1889
2217
7089
60433
510
2981
13801
718
6581
244630
20708
1550
59
31152
55
61
172
82236
259020
258623
1062
1181
4
359983
1
99898
609245
893
453351
12342
1457
34581
439
421
0
90
131578
42869
0
3
0
31132
0
0
0
31366
0
0
152
84875
0
0
101
120910
61
0
413
557
528121
623190
46168
2068
5076
234079
101034
0
133607
31539
0
380603
233070
1
426
459
0
366202
4
692
0
0
0
568
0
11989
88801
0
233710
649
1
608565
11985
4411
225396
402
702
261664
223415
230045
0
449
11674
227594
685
1438
366384
11701
0
1876
366800
31757
1444
557
2
8
1
69
421
31417
571
11724
0
0
0
0
21
572
85852
484
264058
0
104103
31593
161
16663
119705
229
354143
0
2
3
571
0
0
0
0
667
0
554
30606
21
0
0
0
0
0
230176
0
133169
4451
366105
0
4
0
0
399433
0
230323
31526
102185
0
31404
0
0
0
0
0
6936
355215
76
229
37856
217755
0
1467
31333
0
11692
244
0
11724
3
1525
0
0
66
135302
2174
86567
34303
345750
368020
277796
0
575
0
3
207
232893
412
0
2
495
334975
0
493
19
232041
527630
1332
89873
0
345639
367750
277802
229840
1444
81
278002
148
1426
647
90956
9
209
4214
159
13
0
265836
232
241
0
133174
0
0
1
89643
324831
0
133650
235
205
3
31348
4436
1
0
0
0
32097
58
381738
87141
424
0
233453
1727
0
1
0
0
0
0
278220
0
156
459
0
156
0
0
89908
163
678
0
366943
0
21
13
0
0
0
1
4
2129
0
0
0
0
0
0
0
0
0
358850
7033
0
384
443
465201
21
0
80
0
0
0
11989
9
0
100393
134237
578
233
0
622
392508
236316
1019
233568
89909
220
649
539
4
0
0
649
852
1
608006
443
1147
13174
10
72
12248
5
5
6261
1599
0
224529
6547
862
83533
1
1430
816
82778
3
701
81
0
228183
32861
383
0
0
942
36947
246960
4
230212
0
232011
231991
21
225621
27
9
0
478
0
18
11897
1
0
240341
0
856
232618
0
367659
1633
21
1438
0
0
0
0
85
366378
1645
31336
21
11659
21
0
0
0
0
88789
1438
2484
366595
703519
5
58
8
32398
0
209
2
0
1444
233548
0
231593
35413
33570
0
685
0
1197
1339
1160
58
628503
8
4908
0
758432
27
69
209
5495
0
0
591
0
0
36943
96701
228836
84866
0
1593
150
366609
422
11734
0
0
0
0
3
4924
0
31616
1788
0
0
1440
0
1
0
0
0
0
0
0
0
84050
2105
0
1
81
628
85222
1403
1
49
0
4779
0
263374
476
5
204
1444
0
0
0
177
11
0
104435
0
205
466
32381
0
0
0
161
11342
4747
335
240
119658
477
1
0
367086
0
233074
667
0
121797
222
232816
209
83
0
0
25
0
44566
86
435
231991
0
0
571
630860
1120
422
0
0
0
0
0
0
0
0
0
0
0
0
0
591
0
321876
0
504
0
372
2
11727
0
603
0
32990
71
233399
0
0
4
30585
0
587
1
21
0
0
0
3
0
0
0
0
0
0
0
0
0
214
0
1439
0
0
202
2
6338
0
87016
225572
0
0
0
0
0
0
1686
133169
0
4451
0
0
36374
397520
0
209
0
0
0
0
0
0
4
0
0
0
0
0
322368
431
254
598
44639
0
8
368020
0
0
0
0
0
12403
230088
265385
85302
31465
61
0
336628
0
0
0
35227
234635
133385
0
31365
31323
1440
132
0
0
0
0
0
0
0
0
360196
4330
0
0
1
0
14469
0
0
0
11990
129
220
0
13843
0
1388
354276
353571
152
430
124
1
680
0
0
0
255
6951
155
0
30730
132636
84731
7344
88
0
0
89300
0
9
232004
1896
0
31384
31296
0
0
0
208
0
0
243029
3
1745
88574
23
11686
0
243
16
0
0
334949
11724
0
0
32030
0
1
0
389
2102
0
276019
0
0
3
1
1519
89648
0
1482
0
367799
3
442
65
136286
2
322010
234011
0
704
1610
231966
138228
80810
5888
80640
34233
5914
2942
0
255285
498
206558
0
368020
0
5
0
277975
0
4415
368020
0
0
0
0
87
4
12355
31336
0
0
412
0
84
1444
28
2
0
0
71
207
209
32030
246084
68
56
0
0
412
0
0
0
0
4
0
0
1442
0
503
85722
0
366424
0
0
0
231994
0
233264
0
496
0
0
0
1440
0
544
0
0
231631
0
410
269977
0
0
263107
2
390
1102
6
1697
0
1168
87506
0
0
0
0
21
232020
0
390607
366037
450
1681
0
43374
0
234482
1000000
35650
225527
79
1518
0
1
1443
367811
0
0
35211
0
216
121683
0
277793
421
67
9
504
599
3
5
1424
2
747
0
1444
314960
1084
0
0
11
0
1
81
0
209
0
0
0
4756
4463
228410
89562
366561
11692
0
31
11794
4
32160
374
214
416
154
9
64
399467
0
4
4411
419662
32811
819
221918
1845
13133
226591
21
37171
90
21
264
146
217945
379
4
1
21
163
0
0
0
4
0
696
275503
423
89643
496
0
229
410227
0
1
45
4
0
0
4
378103
0
256
0
30665
239
4328
426
205
0
231567
0
0
80
3
609
263911
318565
19414
30
4867
19
11660
0
5089
84990
0
41
130801
0
98910
566
89327
0
232572
4442
0
133189
167
11655
27
363663
20804
255983
383
575
225800
546878
9311
74222
251832
1092
131
14788
1048012
229738
421
11887
0
0
0
32804
31537
0
334465
11680
424
6909
0
234624
11954
6
1934
0
0
366764
558
31486
0
571
0
106
232815
0
0
0
0
0
4
0
31465
0
12
0
11718
11724
0
61
645813
0
0
2
80
90227
0
0
4422
472
349
1
0
0
0
635
14
0
1
156
0
0
0
1438
0
0
0
21
0
0
102095
366722
90324
4
0
1007
0
26
33
2062
0
0
16256
0
27
5
242
1616
365989
0
0
0
0
446
63
2
0
351158
1965
1
761550
5120
170
96734
0
10
3
1356
1441
0
83914
9
0
4341
1
0
0
5
0
0
0
232413
691
83
44567
232002
422
0
0
0
321851
0
604
265366
0
21
0
0
0
8
201
0
0
0
0
35629
0
0
0
449
0
0
31473
0
0
35182
0
0
0
243226
0
479
6878
352582
507
0
0
7044
0
231592
0
0
212
0
0
0
387
0
1
0
442
235687
232106
136020
5758
26
5
0
0
0
410
0
0
81
0
0
0
0
0
0
0
0
0
0
0
2
0
21
444
999307
0
0
0
0
9
3
1461
0
81
0
0
88705
43212
361
54
134443
249
0
0
21
0
578
0
229
4
11681
0
230975
0
13886
461
85438
20
0
4437
430
255965
11894
354153
229787
9
100838
6910
1940
366690
233031
0
31399
11689
233943
19
94286
362
0
0
1435
0
101520
178
4
24
850
0
2
2683
193
1445
150
4
1
488
445
575
482
0
0
66
89
70
11839
737
11
601
3
0
1116
0
0
1
0
0
1
620633
3
1
247
447
0
25
453
4508
224799
4836
2614
447
4460
99733
2
1387
0
0
0
486
0
0
11985
2
4530
1995
95
20
1
3
