24797
41829
194023
7143
72504
345669
201688
352617
184477
752624
477927
510084
10992
5654
20963
21973
40216
981250
52529
97665
32833
571698
379658
270706
694611
2190092
1023555
247517
263918
245184
214744
98427
264033
188098
161443
345268
118216
1221512
416203
247432
517118
866220
523461
463889
106480
1421301
58854
59491
236005
881814
41641
391693
7173
389507
12590
270346
102051
451742
982795
31039
6191
6067
19983
366530
8203
78506
46782
332735
438792
5998
1528082
549620
195648
14644
48690
37688
143898
31256
636667
161761
991751
93803
529499
9664
14760
113730
465768
211825
357199
509584
585598
26044
94689
49539
493822
120891
1132063
382129
445559
720642
427407
621442
714317
1115130
261759
2159542
2163792
381988
51821
428959
745124
45780
4839
224019
165372
90844
6867
1042087
26463
137260
1013912
231835
1096392
8541
94974
115325
126252
76531
92042
164151
251589
34673
969978
42351
433336
1345594
93201
225445
678768
1151203
92251
203418
455897
190337
787328
86442
1043774
16431
877515
278561
737192
708963
285793
419292
875055
33413
648594
188807
650198
427054
552923
646261
579727
821170
995353
337721
517463
269944
361648
318107
930027
367292
322024
63338
583750
302264
980517
27390
561656
17000
35083
6215
1305505
119703
277747
27132
969871
18004
43317
13253
626337
1054445
77197
823548
226644
116947
323981
633507
685666
38006
37830
266572
84123
15620
21554
10835
63129
384676
11351
93536
1003074
4351
225615
428926
170859
1006958
13436
82893
421009
70299
57742
10056
141664
197136
333630
1274616
251729
324979
1452067
275863
113728
54152
341037
249681
857520
223766
20041
89568
63074
156663
70335
1080
592960
19895
29916
12226
3804
19477
105577
122038
417817
37606
81352
42040
88841
350719
19361
129951
37665
2851
28492
69374
480139
15892
49303
909869
1315250
1017187
20636
43015
820017
8593
98659
543357
51634
486176
289717
4755
30224
41993
24294
391071
1355774
580237
86895
36076
567412
253833
87606
1277773
241086
378590
1380675
934499
266552
140991
717005
295333
133928
388986
377035
39818
399137
41055
192389
467919
142445
6813
471753
14001
76367
28298
109327
1210760
152734
32918
114206
5508
84511
96741
95862
7601
980167
5497
570500
32281
11590
111455
1363602
700076
6340
10378
46813
409928
201933
41176
78082
67697
812861
395436
77121
127531
225840
47039
22651
1099044
239177
1375
98198
397115
334135
428844
56596
191846
348845
414147
1164653
385020
1030967
185902
1045209
354938
260698
401792
67314
2582
4837
16334
719224
1629485
167526
149491
32162
399088
16043
70940
986180
723726
1333628
101845
162826
747777
126886
276453
620121
1551151
67286
29880
9227
273687
735536
160931
382049
771514
46998
77362
231451
321659
602314
21826
1031766
788909
33508
838926
16860
568219
816820
27316
38692
1137697
231121
1534090
508411
20664
1040199
926788
585311
511446
553172
560424
762431
2609910
1909346
692662
1435622
266283
718561
1382414
347978
108737
534293
23382
113464
27846
229739
48664
13892
434028
26968
197081
676184
1132907
771197
76447
17889
25356
116233
46600
28923
217391
53079
1521007
8562
816743
1182926
45146
42727
116817
266052
505084
18018
141266
74911
107767
16371
294933
1011884
35192
27006
107008
494260
990070
26197
56019
34847
1993
38061
33052
228803
178258
111801
440545
1960468
606350
40490
508357
479783
50801
244048
1962639
1562766
974098
101646
25272
67274
48072
380151
170056
149241
36210
45394
97753
1598414
287334
65320
491074
50457
128151
70963
113450
55709
479466
55732
567597
1415018
42664
64729
479359
2078116
126066
460270
220446
419054
85272
624050
236326
31494
363833
314117
957331
102825
89173
460552
95657
444262
351795
1791287
84340
1500523
17547
130028
892964
1359993
31197
89740
1323548
693406
94302
410901
123612
698735
240306
1273942
924809
796836
238594
1062041
2716
722296
1097076
802807
299022
195958
56465
492661
1332817
408543
77166
1879031
205984
506193
210612
433599
40912
131571
85750
9007
507295
2262256
530515
116848
36025
804577
154593
59612
1436242
416214
558401
605615
129601
665767
95122
9628
536014
460998
269946
1243019
194209
292997
879722
622248
697403
627740
8665
1496695
64254
1289180
708818
502870
594705
65968
36152
1044517
390188
784741
1170648
522804
1915812
577402
150686
245012
239856
1862770
129364
1003188
114069
566821
71326
1315864
158003
46335
183243
493564
5642
1629845
24960
424669
960888
433287
219962
1275473
745572
423296
1185130
405959
263886
1337249
865249
89447
318590
2235599
14726
1017313
102849
1356345
195462
502526
21731
1261453
79577
292853
1622262
36089
1761379
796573
1776698
1402038
700016
478440
1329010
392511
361893
2129787
1167008
1471576
1119903
90505
671776
712534
386574
1892711
554317
1299656
1051920
1359751
256819
1043303
398552
1282076
230925
646284
68892
176506
99779
46034
781983
1177007
179759
1739556
41808
55399
278263
853875
268036
495760
1768873
289436
293540
24602
200878
19932
44935
169172
911365
332896
58511
39060
44271
48729
93191
18158
44222
180808
2612
85362
38118
393471
79762
924706
390267
72297
17550
99626
2418
991251
48094
223391
91518
1480641
399049
140124
876206
287806
156543
122903
624470
2372031
409968
27701
16674
118857
20030
15869
25914
152215
21872
84239
11367
188422
39825
47248
166572
1054497
553981
167133
43393
1077063
148795
168678
237719
284743
7205
1006462
365008
1398543
331803
272589
132500
163013
27294
898492
396115
701973
5911
15478
43018
90679
300733
842432
136939
632468
96238
177473
217819
1101751
427172
7309
51330
211933
31314
108145
6370
54914
124235
36626
334836
234858
1289046
96265
39589
529270
181963
43099
4266
117786
540851
16311
33745
24469
27034
141179
98971
91568
32232
102523
30072
36017
54903
130439
13082
449566
15521
77015
4580
7837
28848
55344
293324
8951
130189
369713
584476
1065011
253592
13549
19767
12533
3045
10104
29207
283775
26700
20968
49672
383121
120682
12535
473356
618846
55443
979229
7915
1033429
61436
579845
17167
421456
7946
61018
37502
421218
27443
385719
1554796
813684
87769
57535
627
52619
15952
96811
91495
31726
30647
3765
20049
30670
91743
633578
118876
685447
109906
54694
211578
49137
153046
96504
288684
457429
12108
81752
775630
903856
48719
1639219
162714
279802
1644553
14999
1686327
394670
284845
999073
216570
142959
561261
94750
147777
375091
1070858
82686
60351
663924
218234
123744
158967
71580
326575
372195
555521
60209
178232
22598
98821
1541353
1216805
2214219
728389
1864080
263153
205562
676555
977902
738507
493265
9330
36216
91307
20609
57584
26703
44591
71959
127518
51239
48954
100826
7642
233871
68939
104179
295746
29562
73776
92923
62518
33943
174474
44210
601378
167944
128999
23010
169134
37232
24964
72692
57663
79650
6808
13619
583
104093
7856
62367
18171
2325096
39113
55649
100836
190337
48804
190529
13342
39003
1055421
289355
32722
146945
420086
461394
43057
286535
991334
488016
18593
53947
188581
37594
167478
50266
177736
57850
5577
665763
49330
1080716
110748
261360
37555
115466
586303
269715
128768
