23296
397233
26368
30703
569
1206977
5354
2479
200587
465511
82436
521651
679
1095181
512209
147
79769
106830
275
4638
66471
1340099
955960
880581
1161182
791276
29419
349
65414
682328
1122
74533
786237
203381
203081
274
11017
90331
68131
564580
73811
4984
82870
1045888
414723
1322576
718905
33094
12
351867
0
1
711387
120190
868323
603003
5860
2309
1255243
109944
368
3
86247
162
1411470
450927
65929
745725
969218
505198
736074
1483
87614
383
760915
1878
2372
778868
488063
4636
15583
522971
784811
112819
63457
95339
434277
926025
7681
438493
762068
191937
73733
1887
656268
900975
1961
66537
1283067
30
401595
674606
791795
3226
1495
5705
28147
259116
96600
742820
705415
325458
0
27634
436170
75164
4109
786
615435
810239
5
751185
15531
620
1635
27044
1086
71817
454786
857799
18793
53858
96026
201975
410
530728
319472
202228
31518
353455
246785
10274
860932
5095
13070
323820
203263
577821
87880
528
167875
590
148974
753436
1515
125
202691
756893
367966
409064
738657
762
136628
794
719
5277
672
210109
4071
342914
15134
433109
106725
704045
1956627
2895
351949
413250
67932
137729
88503
817719
890373
22289
1095152
66859
224956
20
4784
599546
1139857
134727
331024
7476
1827
12
82085
2059
335444
1736
134815
28
205988
291
871
234
9567
25603
9
370
433409
1616612
74632
142681
5369
742466
2135
943019
2086
59968
1198
591664
1505
214252
631566
1353580
152637
56440
1668
797595
1398
10712
245106
1109383
30322
824721
27598
47233
3304
759886
211735
434760
41609
0
434971
0
124
283
4685
46665
150491
552792
25928
1267
74939
3146
51879
717544
787720
1045146
27537
763385
1184135
618683
203094
18338
61594
494789
11561
50157
737986
3
1560
1143760
1407
1341
188123
104858
220414
493
58768
681026
48973
803996
0
679188
111
25869
525932
870
341580
19580
907912
56736
71659
756912
317
29272
6249
1452685
1302
9370
2912
1034936
269129
70110
67545
871
952976
774782
4610
2104
657635
810518
854132
2368
225721
433043
4786
1788
67683
32611
10522
33851
2057
2604
522253
443
546494
658538
701764
7149
142921
213411
166484
397
86557
2494
15219
130154
57595
50862
37526
680151
38367
1133896
301900
206446
206228
39047
1797
1933829
42297
53
1471
5811
753161
234520
954810
230
805903
5138
292615
881018
29853
229223
5129
188849
19512
562026
207500
2837
755
2861
4694
253738
782
23838
662229
549
2126250
751667
331217
545190
42203
376
832470
73396
32
58830
66208
17267
84275
751554
620318
477457
1954
6573
80026
2773
1899417
2724
4416
69303
454590
205463
225802
540870
1444162
395
728822
2986
897989
0
3116
453601
377997
1749
744938
1046613
932
10258
871
895
329608
135014
463082
194258
263222
30556
1203274
2598
133313
30235
72664
600
1691945
1071
65136
30895
750268
705053
196
756688
3489
508972
49
1001
2589
405832
331431
200453
1960250
4020
7389
68043
248014
23
642
1367828
9774
871
67154
907
997
235
606587
197987
8319
393
0
203588
76011
531221
4961
762247
751424
409
245222
462534
208192
38111
40
624
999831
742795
40413
40
162950
14356
663292
1221
444
74241
892
1931
415282
856827
217765
1255756
3119
10725
803571
203183
989146
651
598
649005
7615
508790
445304
104268
211375
25150
6315
531968
7551
784962
1473
205655
788119
169512
745017
500190
345192
619489
54900
86820
1137343
2494
815494
783247
467563
69520
226600
653994
66579
1031
204488
741437
9817
4736
765827
564
5390
599145
133698
1037163
204034
88853
753458
402949
765949
371
415314
273016
66177
414979
233041
137137
65672
3342
273924
234
391274
5486
10357
203925
798316
402
97367
721566
27137
1922
665592
13611
471547
2110514
620184
7848
550
16909
297115
703148
208015
2987
25970
2617
68063
1221
924950
435077
33929
108
1042688
213127
3637
637925
197425
108298
4313
366569
854502
61978
514010
127
29085
183060
901051
683
651180
82401
818694
47
3021
453561
394670
582
4211
327885
114
64119
6686
2450
607696
1452069
505920
373
735
34
756887
359
581
938743
164678
74648
23303
215772
387199
445524
5489
135541
739412
528758
520301
1121
272031
4746
97371
496393
754790
22060
28344
395294
677085
645993
413611
676635
3291
689
492
74458
32644
119630
12943
520384
2995
31
735426
1095
741820
210248
135976
577694
236514
705232
670610
110531
12951
1386661
1154616
232240
100056
148707
436899
236008
88068
752199
167986
666257
36209
134
14505
2455
5548
945263
1410070
834740
1808440
16625
756836
13461
688435
7956
1455
260490
68293
421287
918636
30683
400917
27280
10008
37898
244560
74275
4
135821
719
436
754730
228571
757537
88193
5484
745130
77184
7150
2064
411381
423869
1570360
31845
414915
75493
853882
529731
1540181
1176250
68478
695406
73050
64824
775679
206423
9335
1487870
700525
277
693082
15573
65099
753143
6456
1912
3892
11567
315888
599073
200342
10938
682254
1198060
760536
8165
3650
119048
11962
191605
74631
452488
1163
160053
516345
4656
165
1465
84662
319840
977719
1
548502
69091
1
1456394
974802
33825
488298
718245
7930
2583
99497
66484
400356
12435
330244
463809
68025
438
621
68535
25908
231568
66727
3
24563
11045
15187
37619
183151
291741
1186
494063
77183
432682
678839
6276
1655
48
35238
356
64949
134170
712
739645
76
3590
4776
435399
429
1188
89730
653929
3461
85708
12588
184981
484
42487
110
46883
1137386
11
1038988
194897
741013
753803
225450
10247
3089
72669
70151
111891
42931
1021960
466564
131
14205
73419
97
1532
221003
474
739951
4190
75555
20
3311
3165
529063
437345
902755
979935
1623
802233
39604
134423
757901
1495676
2664
314545
1849
472141
393
802561
208645
1150
396056
245608
73535
965
1713
595529
26340
926005
4896
272428
5935
618141
462201
2122459
1156470
675011
228387
1277515
1045
50099
1933
66511
204008
393
57673
888746
18050
28760
783553
748020
671013
868624
70882
31328
1146
3666
70477
736073
35
70563
191
161385
218357
254584
1961
422140
103148
522073
94199
168342
1474734
1058701
742240
66515
5871
831069
709127
106872
273324
191264
0
38877
14023
1451443
383049
67032
2664
374313
797
316
13116
823557
1966
386305
12767
983004
0
1352
791599
71694
435843
357
13242
64455
245806
32791
64784
670776
499805
0
3479
433385
13605
67788
760520
5640
9766
3367
0
1399724
450
5023
404538
0
26022
187
1250749
4790
203543
26391
746918
226
20871
24218
8756
1266677
86311
551563
1074565
426782
12090
3027
2472
63862
8701
917
522641
3132
32392
454502
65133
37635
113981
37271
45388
34968
27888
