15611
17349
111591
500
5093
99346
2705
71755
24739
149783
5064
44395
1214
16105
3709
0
729
5820
8392
3149
34524
30105
600862
28738
6266
5855
22812
2774
21
13897
108209
2849
26673
3803
37284
19
13758
433166
14690
38393
39823
2289
211922
13170
18640
84163
76838
103810
516
1271
64555
0
448873
10502
14874
23309
6710
2683
1593
71112
25
22
48
13
10068
2
408384
0
25424
481073
6
23389
8589
6
16794
2372
0
5468
43
17987
2406
6156
5555
50216
4466
344256
41389
598778
33447
27394
546046
68581
217631
18082
59880
983321
3052
12
1016340
68
2102
5
807522
120002
7111
19155
10509
6187
6075
5248
27
62
391
121
8279
2170
82341
20648
892181
208967
67430
14210
44058
15039
88154
3682
10144
52293
1553
800564
45895
0
43174
38045
4520
18297
28201
30654
50
52
11
0
8521
1998
5695
6
13338
13479
318776
11995
664090
4533
52825
21248
19185
11
252759
13847
94642
204
15249
2885
203678
5904
10754
26329
29603
114543
44069
101069
21388
92381
386555
19089
1500529
3600
11305
34462
129903
5643
376809
784449
1383660
52720
60343
51314
24882
6
31115
53
394888
7804
253744
4815
0
0
2581
19074
679818
0
3100
0
215433
65374
0
0
0
0
0
11805
149335
444088
4726
334745
16405
15594
2145
1176601
2710
136644
10
613076
9566
17870
8564
6927
28032
17740
6100
33416
17853
92507
67251
256844
39340
497132
4976
134273
15034
82940
0
2562
9949
0
0
0
7536
0
9949
9586
4426
6
13
11
7427
2130
20445
237906
237436
10170
0
39769
275645
18111
2892
7326
382685
863
18
3406
770790
9940
3
1256662
49931
27995
507287
477743
749992
4
3466
1299
3019
606171
27850
44
2114
49
20675
13
407076
37699
101
1964
2539
0
16014
325
29821
801397
1
2363
52305
10659
19177
91859
2499
34851
4967
542920
33605
48805
320024
55014
11635
36860
25
2613
20337
95
9849
2406
116153
149
0
5757
427065
27866
111416
41792
520534
818
0
10026
166305
53426
2511
5221
1428
3129
53615
24989
32106
325288
471370
50408
3341
6297
52919
94886
26278
432080
8837
51045
993
32369
13307
748103
59590
21586
660697
3084
5976
8100
42382
224673
57238
29618
215423
60711
16110
564
39766
268085
22442
516
2310
16670
562947
33
798570
117193
10256
68463
115053
47
31073
9071
47
81381
164738
111
341392
750352
4497
322781
10258
75
3981
2031
10394
0
15147
109841
2362
32793
292641
109
802528
4917
2493
2081
3992
7661
122522
0
4897
10538
5330
42
226980
55646
52936
4910
11561
5649
8443
740
28435
2043
214821
79557
125086
42696
8886
264
786538
23863
8031
17336
19557
554275
2014
142
23202
678478
2798
3572
164
1952
75104
2832
49905
6
4711
227
70114
57556
6
2371
0
5
4617
0
51750
21680
11523
110114
171358
12125
19727
474
359039
385532
154400
19759
522297
2014
100124
61893
6
34
69
67365
9035
704866
64653
19
47601
35378
106788
43
5394
3
81143
0
11897
68999
19349
0
1
4927
106480
102
18961
11034
10809
2968
13698
259904
23019
12578
9683
21603
43265
65665
17358
795920
70
177680
30083
50012
1369
141503
1219
34
181942
10610
2601
11848
229481
0
0
142
76945
5039
2464
15332
2751
2015
0
128
589250
10375
130963
53490
28451
650398
31467
2475
26633
42515
29976
3327
124386
229411
14464
10241
78173
355288
0
19412
449286
5148
169009
0
30811
2318
290437
21250
89667
728727
2263
6
28095
2259
23952
139130
41922
8592
2858
4658
411911
27320
16299
16402
80991
2759
26242
10822
130633
112279
322444
13228
339618
9021
5717
3777
4384
51887
11914
457399
511374
352069
6651
6
4411
4190
195671
33491
301413
97401
757328
4544
39027
4215
36372
23
4761
12157
48236
234
8
15917
464224
0
110207
847
16229
0
770957
10488
5059
37291
81492
25837
45089
199
32668
11727
11277
12593
743833
17668
14756
5191
17852
229849
181280
248472
52006
135
5918
11053
37467
121
2174
4
15330
0
16531
13265
12959
28184
76
239
38137
632
7652
2452
374449
116814
17482
21063
164960
6472
68491
18816
47065
250921
72770
9706
41607
4310
5650
13635
33148
171055
384862
4959
372263
6843
43935
4234
24355
467463
314064
496389
1974573
24093
17559
107
4861
17586
1410
27412
4748
737413
98479
117
29841
52
36973
80505
75639
2091
14189
1359
5682
2244
2160
75391
18020
291101
0
739129
201746
42712
7067
368398
968869
449083
87603
7855
262245
10569
7367
86792
45109
43502
19466
77404
36734
15088
5422
2415
196688
4553
1
0
34
0
2428
78310
22711
3222
28459
87
519577
4726
5422
516049
538188
6136
8490
9044
373872
32541
134001
342005
35117
394
3015
7916
2714
506
0
79
0
17310
0
0
2823
0
41127
81501
89183
18
2
14088
103160
2775
3982
4436
9135
681150
0
13
112843
6
31230
10303
56605
231741
2476
5765
0
20120
473803
486
91150
11712
2476
0
29589
65375
1935
31243
9369
1940
0
0
0
0
2047
17
3104
6
0
0
11871
22
22
0
11278
33
30
259290
7552
12295
196542
524921
14401
223
441
443371
695663
295860
19491
19853
103706
4796
253356
27735
35278
312587
6179
6
2706
10681
31726
48926
22792
97367
61651
0
2283
4
238714
6639
412164
576505
231852
10640
25745
33556
127617
24581
107679
7164
5489
16
27603
22
344806
13240
3160
279760
2579
2472
17
7083
84449
2817
11858
10840
35018
12222
579433
3
4482
354232
576601
119958
18095
39686
70
3308
0
10
2545
282807
6036
4769
13650
2968
24940
556614
114651
13894
17983
2274
12739
2570
178306
2590
99555
3057
25601
28651
4074
90277
12455
373108
113201
323487
219724
29103
37553
20367
46884
108013
167058
722593
0
21367
13717
0
85332
34835
71206
128992
18002
14665
10309
9989
494
6915
895423
24693
453
0
239398
0
5
4589
0
12748
7057
0
2412
11120
0
0
0
0
2549
0
97473
86059
0
5
2191
0
9
5215
2768
4572
602
38657
0
0
9940
6040
46998
2454
62246
9363
1996
29720
149960
2126
441219
58337
315605
3
2616
264159
444
30
36086
0
353
7
20
32441
152
11591
31339
3534
916
635
816
4322
110520
24782
38943
11128
82
236144
5206
12985
35370
34911
218207
14099
41
464633
5868
19
4888
40096
6
0
2482
876908
10442
12377
905678
122316
14742
2531
6017
882354
248
7576
2187
37564
6688
0
2631
343176
37601
257166
17410
149412
37629
398615
27050
380449
14067
0
0
19076
2728
0
8675
57342
6078
253059
49996
33693
725337
695
9930
0
0
10
35072
140
188
147
38605
1171998
608059
4428
22782
1955
81113
10825
2835
4705
27995
0
2920
352481
92952
164296
3209
14609
467423
1501
59693
658547
28421
7
0
257716
2298
3773
116767
99
340641
0
105129
283051
503
232
8991
12160
5965
191973
170746
52062
566622
25427
25380
5
2754
2444
0
468
1746
397067
2
0
4710
5209
11911
21945
3471
31362
38869
20514
126661
183038
9087
3877
10
18
289951
7535
363105
54767
0
165686
38052
19003
163712
441415
8089
266500
18624
7245
315875
95
66252
25024
28704
21
10540
757103
98
2003
5081
10642
21149
127
13
31505
2555
54308
28982
102246
5194
20649
80471
474200
810747
18541
131
84518
5640
8
5245
34001
3186
48732
41800
3024
54129
29
31
542639
100325
3168
179919
261
17343
2823
124016
2488
4429
23787
23
5777
22107
2500
37891
0
14
1910
2980
4743
23197
989390
143111
289016
3139
116397
7638
3
37010
61
32943
16938
2585
2348
611493
96514
7689
2002
18239
632489
175
145225
29862
541609
222971
473571
4175
23452
21159
31270
239851
10526
3879
0
98017
2196
9
38657
30107
31818
353
45
34377
263
19990
1020
86914
248
425
10088
4
109789
7
16724
1989
114006
118069
7
0
309879
33595
0
10469
9981
15025
0
43
2134
8
3764
338467
16566
125569
7451
14
14
3101
27383
137223
3839
162614
2104
288051
312683
93153
0
11107
30069
118906
449646
24692
32056
36806
23694
141800
0
15287
0
305489
119
3461
537
199458
4461
170793
9467
111
38587
7450
21005
85291
88597
4317
643
10323
164
9907
62
25169
1230
10983
21420
139237
580
51583
7114
8781
382
8105
51158
5431
17939
2837
81610
12579
35257
13574
40046
286353
8438
26661
646710
474986
25689
886
33005
671024
4345
32501
19805
3736
16507
678445
9507
108459
649129
27564
3125
57232
11113
137200
284660
2307
3005
96388
221207
21804
177
30026
11011
822957
123323
451011
34085
4226
4290
533360
77
0
52877
23914
8
8
239
1071
668
3097
40547
37391
277
739605
1166
9244
0
1989
698613
78520
278324
206879
9
364547
652
6196
46941
5102
3662
176474
5618
533951
180011
2706
17413
13250
3474
17866
652506
163991
35206
385275
126947
631553
5658
166281
17633
4047
210933
663810
222499
90423
26205
94624
2794
7481
5630
2402
28292
9093
5924
60878
55386
278947
215273
328019
1620
20893
59298
333283
5932
51233
23525
408
24607
60062
258743
2454
0
10985
52227
3596
19196
2439
264646
3
37554
8384
78695
25
0
270151
493
19428
14525
4748
139
58568
2050
17926
4
23780
46984
561291
15991
5074
17075
14853
55
17774
1031250
128978
605051
2304
4471
778681
13111
144344
8243
4497
1049554
20274
204702
64851
79538
2817
16404
123249
3054
16549
14662
2083
2251
807148
141507
159163
432520
2579
235772
64
2308
31
12808
2567
0
13475
69914
50658
104733
4834
21376
8233
165194
14720
166725
42468
61477
12203
285144
388729
4
0
4606
750382
38826
6292
10101
49151
174953
81843
265418
2474
38671
3104
129755
35711
0
770
2392
36666
2110
0
39903
8501
11619
4440
2769
94143
5561
25650
1393801
316951
2700
6
1391
1160
0
166714
2539
46891
42234
31117
6686
116953
0
3962
6
2238
2118
9646
48172
654612
53132
43304
269070
53430
16438
586359
6538
50317
5
849201
22
248820
779
4437
0
500
0
371942
0
6232
401979
27072
16446
736
11293
12437
6062
711386
2719
18834
2138
2989
53405
4124
132606
403
2873
7278
0
5961
21
67887
7791
287380
494015
19439
23816
8
2364
14341
11411
689615
121176
2710
500954
3528
565677
233999
9
3228
0
22375
7461
5143
45509
74821
2001
67
2710
0
5744
220034
27
254791
228817
93683
4386
756
649360
2655
14267
90498
75955
163620
180831
5697
35307
30080
5898
325548
229279
2292
34039
7720
0
8477
127147
1585424
8225
152045
114970
79306
13274
9403
3773
7395
514726
58780
129532
17574
67601
301
39902
28697
7
8533
162579
18063
213035
301
0
830681
601145
760119
18515
2600
8303
11
247020
94697
33515
2723
68337
41847
21197
30
6437
234714
969
751221
12761
2768
15
5
554289
27774
8875
4721
2002
74
687780
252
72514
2164
13301
12968
32151
22
733797
10160
50728
5822
6020
49
18
22154
3379
2254
520
59520
9903
6933
1216
4
159626
2324
146
52239
3792
459985
72979
215575
459252
20
9945
728948
566634
10003
317692
9468
2414
2495
6391
6295
10034
15133
9258
2569
59410
0
6
70042
5392
429908
4468
70156
7446
358232
2224
451
2101
78758
3499
731571
79837
30136
19302
0
6650
408
2719
2462
11820
2326
8864
5313
38
0
82281
0
602
255677
36082
66025
6
13209
49
41191
14615
5818
0
48232
2
2065
525090
47679
7636
134322
0
4424
7
30631
146282
290
11609
32
21580
0
0
2439
19727
4068
2274
12602
269970
10954
348407
4979
2982
10209
392082
27992
698
154151
2352
6384
2233
3160
45610
777002
42435
208434
21
355610
30
16430
23
5
3070
384178
2137
10653
0
260325
7063
59234
979
32008
58
5009
5244
64284
228044
3148
8
172812
5
72
2422
3487
65933
6742
4026
803218
26889
25760
267012
39580
3795
656373
12024
91540
4624
179582
45392
19
0
3
1
80843
10465
56202
262921
13269
26958
33775
9310
1523
483558
168735
30131
7777
39837
55355
6331
12832
1250
9284
0
1996
10650
309140
6821
84205
39
2629
20966
0
7064
4
55
284452
39252
8217
0
14147
802872
221701
68880
16206
3089
2698
210454
0
68371
528339
18723
0
129185
6977
0
988
21375
0
6513
57
0
842740
50711
9491
13253
115
2456
12651
740817
45
86167
20023
5439
11723
5
4496
2156
111692
10733
685406
192209
191849
25707
6321
2062
24955
5672
307
279418
10604
199848
17251
70
12169
65368
5613
23306
49767
14737
3888
14708
15769
2908
11366
32394
27386
12388
5101
26167
35054
191926
64173
14450
72140
54
7042
44181
6131
20318
5169
15873
16305
843346
3121
4423
380
6055
4534
291981
29205
143523
803070
33056
18676
1993
16111
202454
35937
65803
27945
29537
2788
1125196
137528
1308378
27963
90222
0
681168
1219
0
147687
142271
572308
69107
4553
41590
15
152215
2556
7516
9441
7535
252771
63247
4759
14858
37641
60
2790
2216
312033
2539
608251
1055
143075
578344
77805
5048
0
5084
13481
4
2748
71117
4088
987
44
143277
10978
222497
5095
55556
419914
1368
29455
167270
2512
12289
18148
28042
176
13944
0
260795
701
100060
69
742668
4
2880
51898
14712
51699
3
112715
166310
24728
10342
36
718247
142243
2312
180
54736
29681
223301
4994
169944
43205
9551
191623
37487
18020
568521
51354
46564
13100
373810
454679
23777
857263
2016
23348
5323
24536
0
338545
839
113863
3979
154725
754856
5428
16132
230327
26724
54374
45022
762656
29198
20744
19419
6741
1970
6928
6893
101392
100565
36395
61499
291643
41425
484796
17042
29171
9427
59669
14226
4632
6
411653
174538
53808
50067
127341
0
26186
2502
74147
340366
77394
4127
46
0
29327
56149
14438
89075
320283
24608
336597
29561
0
0
5165
9984
11299
260283
561572
2708
5
2739
23
2189
50857
54008
52281
130110
155
2123
0
78667
0
597722
20946
263184
3069
11218
14914
40147
51498
5904
44373
49630
25931
2832
16564
721083
0
4260
6761
0
90767
0
2784
0
25362
51716
647220
319751
2171
177
7270
125
38816
13730
31160
15320
40414
752650
769623
724594
39011
503247
89531
29038
21786
3340
5267
0
6
22384
14027
2835
90877
4008
47
2156
1160
261249
2511
150675
2701
398456
4712
32165
10993
69
103261
151505
38357
22752
22033
10634
7884
56025
8193
116475
229
40160
9688
0
0
62849
5813
3049
14336
8615
10
5472
45529
223096
802616
15240
3087
62369
26713
20110
860
31149
113612
324862
9960
22
46550
2597
6392
651052
20298
92519
15285
299000
8531
6481
84004
4742
11126
618
4031
58823
35938
487493
22868
18480
13771
635172
95535
56
2409
256528
53702
15
110
11829
47649
308998
480014
20516
56441
10928
174143
1131856
245801
125964
5953
2309
315775
331984
14693
0
6534
2419
5196
16
2083
50246
28254
7601
11300
214291
712917
14954
21321
16958
813991
228391
15327
18338
10991
23069
333881
43223
232308
62535
145583
1139
11016
103887
749516
1391
8933
33086
3973
16
66
488
4903
0
2652
52728
7996
22775
5211
9602
6122
20694
31735
371552
1
2280
16
215446
10937
383
41591
14382
18047
11514
588959
14799
12870
64252
7
20421
17
58
41079
13753
46163
5
4178
0
11580
32772
18
16733
10618
7273
11232
456812
1245358
14227
15093
2460
5223
95651
4
809045
2719
860
0
33603
0
14886
35856
0
4267
2112
0
49
8285
7898
2323
766594
38984
14439
10488
0
7362
259
76489
9228
701316
4859
238576
0
318593
5526
18086
93267
12882
311525
5528
11
42011
7350
3000
0
129185
9489
364
11041
145451
17913
55
19405
100
19579
5580
533
15394
42604
21730
13812
43774
66549
11811
268762
19539
22988
1000963
35982
2460
600105
14
7014
37150
7582
328828
18981
10
2351
11257
21139
201530
21121
92019
3466
101385
143181
54061
236024
3514
326396
27415
1
16401
437482
124854
232413
785010
4808
130003
4743
15684
313065
150370
34698
2708
25087
226188
0
663510
2543
151979
22
567911
8192
39153
24075
4304
0
624503
1170
6714
9495
258708
25
10688
4
9
399771
34966
64114
9334
2403
3044
0
15
0
35688
18219
39129
4470
80747
16500
294
208197
11
24681
140498
2297
52898
5121
29458
741530
2065
31639
61953
44226
31103
6
20550
31662
17195
2274
45619
24406
22255
4684
4179
31362
5828
564338
7
0
9635
16
8567
18
7679
504124
338746
298406
0
149504
144139
11047
3902
363614
20922
13094
352048
5713
272343
296567
141163
206595
132841
164159
238602
23303
557469
7036
36216
392408
73343
2
27799
1870
15195
664877
13012
31403
26856
36947
553662
5498
249472
185595
60039
459667
133833
538943
41314
37500
24750
123664
273859
38906
179018
38775
7320
213416
372306
49456
16945
3004
15251
104
146687
19708
275
99163
412183
18017
34079
7438
747271
3604
299745
92323
6892
446397
13804
331430
535432
699
0
1
2789
370018
15336
11392
30525
5721
11364
4
158530
10495
91465
5563
365
18794
3148
20712
0
2868
128415
2728
7145
119113
97015
485372
1095768
834755
322743
65004
581418
158108
218091
226452
302847
133556
1290505
569616
90500
5663
104042
4707
759078
78573
8395
12075
28398
1167
7615
2297
10923
283209
256068
495595
13304
59366
37179
8897
232
2302
6188
7573
859363
333082
104464
3060
4804
10445
60658
4259
258043
719835
215921
6556
484535
670046
224129
31274
15632
2377
67424
3561
185
0
14326
15619
41875
11829
4180
55
6
15
42774
31846
31
299381
48357
102841
7304
331298
71003
16238
30
168432
2721
10190
454
60378
0
1941
4849
0
214984
0
4563
9397
300
3087
0
2235
10
8
444291
144697
398610
8530
524082
2459
244671
299
5034
798895
2136
68294
13
252169
43583
12758
0
0
37701
17
21683
18021
728907
1139
350
16056
183384
5167
301239
17066
34014
146253
114677
16
8631
23
234202
19150
50199
141452
546346
10273
43144
516518
471920
789171
688474
26734
123481
2605
14987
162
162000
2154
0
3
862
351740
10491
69
4475
9772
596924
5526
73186
6
502899
799252
599921
3
259005
65737
748010
45617
422782
1584
87040
397
13556
102672
2052
2622
14429
582862
28510
23546
26848
217679
2920
3090
212720
33564
554441
27
241076
384
6798
4674
308815
35831
3207
130217
4463
11623
514011
59201
866000
176106
9535
30127
573256
21666
3
90683
0
7
4782
30
688711
0
78082
19742
10265
108
0
14663
95170
194
1420
7276
752669
2305
334
134145
100
35561
0
20852
2890
283003
44
0
47404
0
0
11980
28459
10314
9422
717948
15243
15865
10882
2546
523924
0
25031
34692
6265
5072
22
3730
8131
10276
119033
698983
110260
104429
70964
17167
1115704
344878
25679
470268
75199
2230
6763
15735
8725
3032
358
90564
980
2536
32934
19877
69941
310384
811
28236
10006
3704
15032
122060
57566
6492
1551
326351
914
27834
2572
282744
8886
33065
930
7836
381
35
412998
439924
13279
31
35487
66072
47868
394678
104407
20
5028
52
390
4624
3076
325
18639
29613
284
8518
31
20629
4923
90
145916
0
6594
376046
282
825185
17703
239842
258043
0
215488
0
0
161357
724872
295049
20
71913
133623
13208
0
0
14478
2023
208067
270136
7481
769149
1232984
82175
3108
26
128791
104
141401
51076
2476
41780
317692
35
123232
97098
562606
15265
1894
6170
18620
4944
196
10888
92489
69477
70168
1
99951
6147
6036
78896
59595
3988
10005
16831
2334
0
10645
48362
9218
26764
44
35798
9336
679727
2444
40011
67360
5
6
16263
71
69957
6
48876
4348
63980
0
31147
3451
2257
94804
6
7245
1219
46
2717
12
12925
493796
18340
10847
29602
19166
12681
226437
9608
23420
23
70490
4
8526
45781
239514
6654
354216
3986
0
48295
86585
0
574
42473
2385
227436
236450
29110
0
11136
6
325630
35577
86812
79195
48968
16194
5275
11452
930
730418
86
42
3601
0
165132
403
92308
26842
44373
2765
0
49343
4356
496446
72668
460
4953
0
0
55905
42321
50
0
6652
0
3120
5
6597
0
0
0
0
2841
2007
2462
4
2456
5
66782
3300
3442
210078
232
22
8830
0
11079
0
358727
4488
2629
17
23023
2612
12281
0
11278
71
24215
2
159810
209
92232
0
0
0
0
0
0
2235
602
14
10205
0
262584
0
32370
11935
3414
39204
2534
33613
434987
4577
44
0
140081
2552
18162
13209
391694
0
8530
82
0
25069
534219
37693
4705
14571
2980
0
258355
114502
109814
88049
50576
18
769
0
11805
200237
9071
44310
31466
560122
4612
2277
759110
2001
1964
152
16449
65375
16590
183
611811
39370
13
6830
1918
695530
10
7636
0
152791
513566
285115
18489
251034
35311
7825
14446
1675
4411
0
17828
15192
7
4661
0
162831
0
57913
2492
2594
0
157792
142
83579
10112
38145
143611
5352
6066
30584
73925
34837
623534
679591
106846
55452
219528
7671
98819
4609
53
4
4110
18053
0
0
4
179653
6335
15757
10
5118
18
19776
10662
26301
6024
246039
58596
17060
18800
610
48932
12645
11459
26893
18411
184394
343825
30619
252553
4962
14254
165374
3188
32
86184
0
262205
10856
0
2624
2422
2984
177
7641
790
239599
0
231697
11829
0
36802
11066
370010
84520
11
410496
86
714436
0
7182
0
669974
8779
265536
521281
7554
5151
13406
2355
541336
8567
297228
27015
159422
2841
425591
5783
406671
885
186888
56
760200
11514
59822
12234
839331
5
29700
754848
23596
55210
0
2098
5918
97553
223917
9965
0
4917
23
0
101197
278974
33624
25943
6650
0
22953
15
25085
25062
517028
27297
2127
83
0
24245
0
0
13
3160
2795
3075
16206
265242
15523
280666
94007
3465
356342
0
3
0
20895
2
264
0
47
11
6315
7057
260255
4
81120
10382
4673
9989
8024
4797
530924
0
113716
23376
5009
6374
1418
4563
9379
2924
70039
68286
0
3651
15
20550
32
105841
26725
954611
685517
95478
16364
7116
295854
10469
363029
785291
5084
3095
237939
351028
2739
2492
258596
574946
2293
4064
179274
22
81020
150621
40290
687332
5340
12870
29274
45952
10751
4437
814
425899
532
2111
231
14638
75755
14735
5
10001
3125
21
67811
76495
17039
3
14085
1989
14
90832
297622
753
42723
744869
43274
19076
25700
91065
2518
10946
47857
10727
51366
2682
11286
10932
838887
0
102832
27683
389435
298405
4368
517897
31087
41403
10459
106219
671699
11616
16714
2501
4000
222383
33726
2573
59763
119291
58
0
207
9723
4601
215828
10694
194815
54
33545
45423
2543
3450
706738
88369
33616
6053
4276
2590
0
76483
270747
15249
2840
13
376
56
2997
10475
6976
27695
84826
6325
42
30648
8407
20542
344902
50263
228393
6895
283262
43282
57147
2568
18051
18918
3057
30811
283166
134190
92480
55072
49693
24446
22203
8859
4543
328854
2289
69297
217304
252441
276799
391419
4131
33769
605608
755892
102725
149428
434910
16656
3480
36553
916567
71322
298891
13571
6633
67720
19077
100908
18186
7127
713916
142761
58463
14024
22498
731821
5064
605
315992
2846
2001
758573
20672
0
17986
9024
579
326348
5315
0
0
7
5
4772
84584
4758
0
34753
3529
52
188128
21649
43624
16394
1456588
4693
15992
10521
116235
70057
2152
99035
82469
1075
61062
29
104
20443
4702
123786
58424
118
80
3925
32806
0
0
262673
0
41
23538
4
13312
0
227452
754429
71631
450
22650
19889
800
7398
2441
279030
7
0
47286
5
4703
11
11357
8092
988514
0
2309
0
0
229
180
4706
13003
773197
12760
58
163540
138062
14700
56406
18922
65377
15047
188
36788
1996
0
23300
0
21278
8533
6
4488
13946
2889
10561
2413
86
9606
11534
527952
3025
8
0
0
0
57427
0
11067
353928
28481
32160
166879
0
0
7152
11607
4
0
2549
0
36471
0
104930
0
35283
2318
1964
100356
0
0
96478
0
0
0
51199
9436
118
58668
680644
52527
2247
1995
13259
0
10
17137
0
312786
4286
5
9
8585
4
9
4771
2983
533513
5210
798932
41435
71
6
50738
4577
0
2299
41543
29404
71239
11038
8
4486
6042
0
0
6278
2582
7832
0
23
10484
11930
218
22
785957
14867
19
29
20348
8129
19076
10200
9982
81113
10284
5
38653
95973
58793
8268
729990
10807
2134
2001
102911
0
21260
39
99407
10303
24733
0
16739
1551
275054
2024
13663
10402
0
2205
94423
463085
373643
747220
326241
27915
126598
22830
308668
687854
318269
5
2006
180947
469204
11628
73484
27824
184227
5870
262179
8255
62919
18847
2552
5480
7690
4
3632
7997
6291
219
2033
10368
21819
44601
2991
123
5706
36
4
236
7013
177
50225
57443
68
307555
1939
7
9716
109
38129
169
5940
2909
41
50285
2579
2497
426
31149
234
292
69987
4825
10119
89653
303303
1305
21815
60109
2202
322
9059
152
6435
45362
169
4610
5065
563
61177
7326
4598
4405
13556
5337
