259694
199304
321259
26763
146308
665614
63654
100854
171051
434949
377478
318825
5266
485765
257859
4276
154129
328103
151299
29595
63755
976998
671219
1047962
786613
1042550
102456
35742
11727
1434264
107376
220574
865065
160412
111400
86681
95010
669584
193810
224822
171169
315574
363060
1197768
196052
2201728
124969
139451
7598
740470
14095
13280
425626
447352
1133337
286839
119297
162158
910369
331834
15471
22115
32617
4346
715944
116013
147628
822022
1175375
1332462
573576
92796
365117
15955
922464
107095
222059
510933
227213
21837
234179
242089
394081
243235
60788
296502
326991
791578
82955
927959
542749
256167
205552
213945
368910
983778
218494
273234
1134210
3340
123373
142248
805529
213510
77881
92396
128277
230309
287427
951968
498450
710825
21906
68297
23441
21
358669
209802
1044428
755579
233
795152
240826
64093
64677
38743
23954
192806
123980
1056870
184638
224160
396667
165665
25288
458042
890676
137354
208734
253289
288708
272700
885469
167423
288704
300969
114020
622107
299629
19983
742340
42902
611128
745230
233913
88892
181970
838141
378284
78527
764745
94622
356711
19394
97369
37794
150332
438099
363612
641528
76558
267442
261653
341717
2134985
81364
723089
48113
293345
40539
532160
963795
1129049
320563
349694
142958
151786
5391
57808
492359
846517
141637
376733
10214
1101
7431
279781
223333
760330
137912
65227
42191
181922
59701
134505
7573
13305
0
3043
57419
632188
1023706
189466
385786
466
473901
62
1104208
86107
256732
81540
323252
43358
149982
642286
747946
113740
51748
133557
801316
59684
336900
305916
1101014
398707
831175
22942
382084
25108
961005
53374
4143
81031
8441
143231
8826
55336
55825
86283
331393
589975
92932
62522
460
29150
1779
342127
294019
511448
474926
28260
861859
849820
1022518
63011
231424
402570
536489
80659
152752
850526
13040
60042
1544160
220992
33131
386122
281762
711567
88733
262895
203188
188318
894751
17
380557
18500
78788
455742
78147
688192
337960
1073797
123233
282898
787474
118871
168807
208399
1050734
7039
106392
171914
636991
188816
211132
47586
138214
732522
412269
18605
93779
699991
920088
1356877
86081
107665
151259
119361
69303
153043
112606
259722
115214
68540
126
317650
62862
351899
814428
367136
123140
114818
81956
560416
52431
207862
79135
67108
270080
155411
208871
68695
799385
339003
709919
637374
659082
157762
127592
44626
1767496
397670
27
48283
50487
769076
723711
419771
19986
805143
55681
969630
1030675
241024
582922
174297
75582
183939
290137
132756
58850
127030
38935
217373
128418
72134
182133
399105
77195
1884880
704308
1318080
245387
187021
37038
1518305
356931
90500
306900
247274
257707
371735
781800
279268
206625
127578
51695
80579
129929
1556484
6780
366024
159882
33549
645087
199125
246774
1149537
114
434188
22728
703447
8732
129551
69647
581708
103487
967169
891226
62985
136818
24651
32179
615036
672894
588468
148997
512380
299216
1441616
105272
493130
158745
296210
136302
2162997
71013
101688
58232
815919
492875
93213
778975
59926
855241
26559
41313
15563
167177
353636
143958
1220598
17668
68169
192322
244963
111626
95286
753740
34
13090
104632
36636
184887
119904
500510
305923
215165
12605
16772
77067
519328
239921
316817
1008096
394379
32453
193098
408847
86176
104809
145363
5464
1405792
649305
522001
0
293546
195960
390420
75169
26487
546874
163725
35085
190493
1119986
341951
647795
148961
39587
748303
45172
861563
36312
239059
1126537
70533
188072
288847
112997
77913
179211
294407
246190
90998
892548
183619
628495
884943
452597
1008398
1023542
679016
836852
232123
37843
452628
122953
697953
811355
45053
179738
197704
319885
327674
33098
105484
752207
36742
347349
842163
28417
241342
800057
323421
1135958
94028
228182
1082321
320299
807728
145457
380052
484403
201381
400644
287937
292301
195598
241624
287079
4174
553199
9467
199258
204891
537450
222879
298683
591963
16848
81050
919736
1909
287746
2231412
278331
146192
123595
59994
259691
324185
495362
141474
242633
165451
113271
4889
1290965
297363
152080
94082
925403
90078
74868
556765
618351
363008
83261
357034
1421624
158607
218434
18787
152299
1056995
1333651
125145
447208
326457
768229
30978
14008
61434
417228
33847
91249
650087
129687
46308
79922
55283
215720
1140199
755433
9083
78906
28005
791219
19842
69361
1096978
247549
545465
97083
233009
247605
110090
201710
673869
843934
497528
265279
65713
480439
325472
474520
623404
1032407
694199
103107
505932
552019
611063
169700
292548
194416
14051
121388
331195
301682
768109
203908
138777
128592
63862
456321
42449
995448
475943
674908
745175
802877
547285
468973
676117
84553
967078
998377
125990
280039
673882
71506
512150
338891
1029064
331260
493616
158229
48464
439670
99331
269009
700728
1503601
1048996
2075279
223454
841636
59053
562731
120089
82775
608564
89740
874383
1221708
46790
107906
64839
78554
195782
366249
219694
77781
107183
40297
5208
1147487
631184
898002
469213
51843
834609
253087
165748
142348
276733
1000553
1577092
65513
220819
540608
486603
1119851
576661
894908
364504
518016
414321
73984
781985
457448
190477
1305926
681658
111007
553425
97768
301596
788244
92461
66721
40395
93949
719494
448552
230520
37819
1014436
1118720
572169
46346
23586
212820
48326
127425
306206
175304
5317
417652
346738
73269
17219
104580
64328
277525
803428
10551
817830
183174
21335
1134945
1183709
344624
107963
618774
40688
237595
326388
252245
4525
132666
781800
65195
206331
132420
7
27544
7064
367075
53740
68182
84104
110424
144410
137771
93785
397877
94064
700683
237102
65069
469671
3471
213442
4165
0
11410
180540
107856
12647
199133
26815
70961
376075
7030
8839
29014
18374
465806
307748
547975
19484
493801
75872
398366
4327
347729
1295638
18144
526665
135603
659401
984546
83043
46511
33975
275123
210733
333162
173763
1331659
143597
502
13076
259591
13514
84016
155020
164762
354553
149805
503984
17743
9634
433513
227723
367302
616513
1247534
74777
841271
447659
441911
818573
1431523
141417
255026
119
294059
86441
546637
48455
36395
124945
205335
502888
67796
85464
271193
6010
674033
116634
285039
27926
831436
707269
1336106
209351
468607
226199
763877
182405
297434
28292
209100
136610
133013
111313
928898
182354
370481
910498
810047
617064
791191
388839
267998
373
395833
135754
782911
28681
456168
63805
195790
198911
703213
314351
41441
671751
275723
536323
793652
760287
1133542
866458
193052
355713
948197
401068
122383
740870
116197
5198
39624
165953
1497383
234046
286960
103520
344236
99857
28487
114192
1307463
28141
145316
72854
823428
7159
49248
935769
234880
8889
66697
84571
80132
439449
8758
184649
514774
21420
5619
168482
161572
63820
109883
749262
20609
41710
19538
24240
1207915
13341
94240
179914
84450
22463
10
815715
118066
168430
337906
736973
144367
212698
355520
37913
1459385
310106
820193
454707
551734
180618
16686
12245
181178
32993
13407
153617
12896
52960
119764
49854
215397
215776
63790
20806
74629
65639
