4358796
8262643
7250157
4987058
5838902
5501583
9578150
4809162
7309675
7427922
8040197
6964019
5303542
4281351
7334457
3578575
5022183
5659253
6208219
4216463
4364415
3192345
4949388
7053035
6116288
5574854
11404131
3551553
5103922
4002526
8391501
4706282
8267314
7472373
10059339
8872442
7651641
6956915
8100452
7558215
11277817
11604482
12810349
7438787
5539742
3161868
7053310
4124759
7284621
4389590
5305128
2464358
3301645
3964832
4086192
2839577
10056677
5735760
10977762
1984747
3536060
2785965
6046220
3865712
