201769
494161
196165
24242
35292
1162479
54437
192642
307725
291199
318874
396569
8844
543553
200061
3010
56695
112242
22450
33955
70270
1401079
981602
1069912
1072811
1062870
72902
38201
4611
1589878
189700
214048
1034057
273286
339164
13958
84152
468833
543187
293566
255716
159119
335965
1289325
223968
2073606
175084
454716
22300
412812
7669
2463
520951
379580
1121083
401046
80821
249776
1056950
464571
30454
31868
23380
27099
1117579
166239
51554
1049707
1296292
476891
899592
52218
446378
22390
1073513
26260
152631
664295
507243
24985
127341
120926
581913
145977
149379
305327
135450
981719
59875
563618
743284
276853
200316
335229
643582
1061179
157055
223759
1259519
8923
81085
43226
1016896
52453
76842
232043
85561
392903
127429
1184979
884444
405465
4430
61795
26237
33864
543231
299910
1007407
819197
22971
1026985
130399
81599
62239
31003
114690
127248
68454
1156395
309100
281584
460827
262428
45309
669390
1174890
467038
339627
368650
541385
143923
1119182
50656
416768
222625
263492
422362
188450
14500
375790
40111
753493
1038906
448296
11371
329460
1019083
430885
74359
1042973
57619
343875
24435
9764
71061
81267
453615
406360
821653
102726
155118
54903
447405
2643629
51386
705682
194429
166877
26191
530517
1388763
607789
470160
450214
213958
67552
5963
104183
513527
946070
231928
696509
19082
9211
4544
429367
120429
517176
51304
105859
20752
260784
45525
62026
10161
24143
3653
4980
17865
522988
1629096
204994
380623
27564
718665
22438
987239
188357
264174
26680
391109
32550
283002
540399
1180898
108899
16761
62147
961686
54662
339002
422906
1490470
240372
766945
23607
368083
192128
1068071
252545
40081
37259
4076
87800
7313
43393
64764
42591
113727
366019
326007
66102
9257
47376
9008
278607
458986
749119
515826
17273
1069874
1055464
914708
246773
384349
312979
567585
33988
126375
1046173
2934
207035
1303949
313615
48946
154655
58053
272067
23353
96043
72163
188314
1039166
20715
515575
14800
39855
361447
157653
972564
128875
704115
31429
426619
994784
91349
116868
345066
1391654
18068
138812
127308
593542
347818
174574
47242
71341
1205164
611521
38906
52000
537203
1005225
1516405
89467
260322
128628
54763
65308
116796
50483
193912
99081
246928
10402
196525
38175
256441
738514
716228
199527
57754
259230
308100
67147
117268
176818
80679
128089
81002
144836
73062
899960
68454
1010781
359124
321064
400952
98247
60556
1994367
65315
2699
21914
90952
959770
270396
633818
44916
1172100
85194
642443
938888
115278
205647
269719
196699
39387
390657
275041
202354
137752
19913
308700
290590
59236
110972
711709
64155
2370930
859921
1047091
359711
79209
117909
1160402
395565
27730
374503
165093
370291
446560
1026256
482075
273527
114855
68849
53338
26419
1970301
10853
196538
127630
11263
240998
77624
322337
1789628
8122
454169
55450
606035
36954
55011
9092
649973
151162
1113490
1055307
31663
305206
36695
16152
968878
308832
476372
152927
491413
186935
1211013
100147
216971
54883
419518
173596
2162366
52428
235551
35460
1139734
850062
155478
1009571
62165
615823
13118
21560
36444
41528
406313
321099
2041592
33446
59034
143177
410532
84685
58089
667134
22072
160916
53834
47136
334565
88815
648648
362635
188193
10041
128072
211648
478047
577043
150983
1105146
596678
41543
390264
229714
252480
120858
258332
11350
1577161
943828
281920
7689
322661
180675
498082
136985
31284
571794
134536
35187
110969
1440351
422323
818126
86212
32281
886351
198441
1230298
52324
128756
580813
60318
140729
354816
54716
192789
131702
137320
207434
111640
1223313
28706
859778
1062162
642778
1024132
720338
387871
874969
344878
99551
574016
185595
815678
1015113
115613
96546
291676
662039
176472
43814
246542
990877
25085
412422
1012831
60479
405849
966797
398536
1646469
478490
98675
1218861
533012
1064060
56332
400720
487404
231280
423935
376974
157622
346906
289351
369949
16327
449221
10628
304982
262257
864549
136079
276176
856994
17118
21543
706487
18173
154625
2714408
540403
51135
83804
23047
185338
490246
455683
101431
144731
96171
130905
27340
1319428
168290
190949
113754
989195
254252
14641
589974
225495
494628
27123
322832
1331011
71237
250989
46162
129182
930678
1512984
254554
923477
150433
1069878
12164
61718
8399
530376
27154
177280
424248
193114
88479
70815
50523
345347
1823286
666167
9059
27221
11677
989924
52703
200165
1165346
261492
553172
30065
289672
163598
59213
101448
900767
1244142
592573
203096
125316
413995
194236
605027
731828
1013266
524381
33436
563969
907658
671345
66520
441278
173440
27854
200423
432859
228437
541992
64478
98142
148870
198415
838406
10701
1078040
425778
933765
465519
657613
845692
574682
301858
87058
1282686
1275681
129505
265696
310856
115971
267388
115498
1190901
154896
525207
59422
25382
204948
77908
201308
645470
1488685
1194631
2091996
90010
1067337
55326
632715
104136
26251
170115
58752
860854
881627
17150
161433
47801
223729
35190
423864
374647
193763
6558
27813
3502
1133501
208733
1041800
535627
49618
1061801
428632
148501
13404
182504
739142
2072502
57213
147570
541898
551431
864665
1079189
1048004
374654
609401
479635
83449
1286545
537956
34839
1190970
656526
73009
789282
30567
265804
1059998
82404
100898
60512
34168
411616
527469
271922
41916
1056402
1412746
669620
27756
56376
231144
72655
245093
359954
233874
8254
63033
70271
112593
37074
44579
75945
385818
1251899
22442
893520
265197
7805
1548864
1141881
416869
253293
641204
20504
106299
487295
306482
14169
282881
543214
76544
158379
45584
22399
18978
40648
642055
68711
64193
23401
64418
36002
58454
284985
405413
31252
628780
371919
60483
593210
13544
249505
8798
10486
7743
331235
11252
19132
369612
32037
74894
242627
26352
21727
67318
21434
615831
132215
727207
10222
257795
9831
119689
10672
466737
1300150
12997
558514
301151
957248
1023351
250639
25684
84856
260660
168221
260103
159571
1339982
178694
27768
21254
416393
126417
57279
278247
113595
659948
21518
460252
26058
14054
197146
335140
603512
609196
1203025
45719
1010670
243745
431930
1015362
1934219
67971
417829
4989
260350
38780
729261
209604
11939
95819
361441
515248
36806
74106
330141
23362
674677
64985
421319
49407
745851
454811
1899213
405000
833598
280158
1193639
106411
174967
29973
333374
258085
55116
18305
1014369
108606
166696
1072083
1150594
642589
1075918
462080
236431
7335
116264
138778
1078804
15311
621366
33935
218676
263355
766359
259647
93317
732265
305429
602717
255217
993911
1139312
1074128
104871
230288
904782
518747
48806
341172
416674
6763
29539
171255
1971162
151251
298154
201101
111055
53452
70635
70057
1591134
31675
89253
55360
1284512
10747
17510
1085761
417109
61284
31078
48383
39641
576414
4686
191878
613667
82609
12662
88154
134195
6830
98480
493477
10523
30480
11601
13052
1433973
12697
42056
468756
26180
29717
28314
1038003
90296
262800
120072
951945
81195
118413
230293
28546
1538338
199075
694862
595710
306896
394852
17046
19859
135276
10289
33991
189203
16569
32254
104783
51954
90670
425436
28660
65925
41009
24844
