3352136
6145957
6180909
4128933
6300409
4864099
5012263
3614895
5887913
4848688
5292625
5348622
1816576
4589039
6135956
1533083
6064894
3561772
5434811
4836111
2983141
4745510
4685392
5605275
4354615
4833467
5893842
5684786
3756559
4148700
4182830
5454547
6463370
5339380
6890763
3862619
5424109
4922079
4381092
5342947
6923304
3981303
7032796
7185788
2682127
7443854
7589536
4777541
3177439
4795963
2915375
1289245
5243367
3543822
6759037
3015869
5438260
6465235
6960472
4337854
3959617
2437071
5339959
1213091
