30935
579827
70486
38181
564678
193098
587496
813007
220608
1922595
159850
1192320
4609
505535
1198815
288416
93926
310510
785317
1
35622
382582
77044
622131
749433
1103581
226
504900
308908
1238435
1076421
345235
1975436
505574
306195
4418
841159
1264964
2646211
508543
161992
1357042
500228
630590
540117
1371997
500497
506404
3861
1830646
160
701592
4948
7442
511719
600060
464417
789371
811221
164526
763244
1228575
815136
8720
44083
42998
786579
733061
19245
279929
16939
29740
363963
932
1097954
1271
170
396881
3569
58
344
4
283917
360
15778
204379
506066
750645
188872
513260
1017196
69353
2094
195148
626627
1005926
598272
44475
154549
595266
596292
853694
948396
784324
593034
890176
1504896
290731
285225
36252
876984
508579
9
309381
211701
0
609520
596269
5937
108150
815027
655612
1317713
278011
4312
16540
592785
902513
102650
876363
2205309
524677
240276
1727
5455
939993
945840
193230
671803
212096
1037997
505681
400181
20697
725735
575304
1784552
717371
797405
280779
792334
706749
618664
934275
1871523
1381367
579610
457551
7458
505052
1531540
13098
455095
822944
985925
506449
1447551
93252
1032071
725624
728384
649961
13301
233834
1464128
1071213
600828
1091904
292974
24305
533705
768900
480436
696146
356885
513936
1118157
97647
505247
462
34569
1155
61677
4338
4266
1299
9150
1800353
790867
532640
1921
161
40566
51
25612
186023
533040
701513
30
630
186449
34648
334207
4732
481
107128
1748
745
508465
95581
24
550582
1011282
124874
1365085
276357
71456
3678
1083392
541677
799856
20069
147506
450384
904823
41627
2382
501425
1163691
192887
95842
507546
791381
259526
13810
783798
468201
791
1035359
694329
373191
281656
56368
2631
4642
4312
46983
563061
161190
440686
11046
268535
1188086
30509
19583
2283446
548406
338667
5
125
818631
3376
1412519
17094
328454
1308
93858
2028
692939
68545
612
1078545
163881
88890
21
78257
4051
26049
1213104
190140
310181
187638
1792785
1310109
788683
363649
1018158
104057
770610
1526735
280313
676
1094968
11414
3900
9299
1284
505690
31085
332465
0
567294
2007
542890
493072
514669
90747
12229
572159
5648
80
16031
24706
23
537865
176
805337
1
400030
927577
568889
148084
433
739
560682
572
15450
69794
3835
1578
1668
517174
206890
570785
3780
1168624
380977
2201
54559
25668
1097981
790791
3900
0
1045
192682
1825812
657645
1578715
2404
842767
848037
947778
516427
593469
70
574418
1
3825
808538
41106
1538
29436
5504
7898
186010
821255
185870
2211275
2093
570893
1037219
586355
673359
1051668
210419
1806431
3153
444
525376
189916
566781
7058
180605
3505
3978
58
203
1199397
117
1617513
1019438
1322344
99872
0
97173
1032938
567480
524592
137820
788599
1474491
2119
504706
280497
63
777938
4112
1150809
123965
71351
1305730
1219
890788
1130785
686450
1286509
864221
1069763
155146
1778796
731580
1482802
1583
1584451
51
271479
9381
2713
186135
319221
815058
1641617
799030
1491896
58854
278835
4733
6065
1363488
75983
4106
57831
743
1113336
1791
227487
206
25192
4582
6
241
1290
11
1209828
1103
530438
509572
28642
2087
1073359
47422
30109
6086
2934
914826
13330
1
282007
271927
82673
970046
308421
1296693
984837
150921
3582
220708
1236395
517636
1331503
1227278
70088
209550
462654
337486
257031
448517
17968
118089
37924
585212
1012964
18710
1582516
9556
493628
2891
66129
1060288
611922
54841
65857
177018
1488647
1519170
583468
445391
0
1182980
2549798
972503
1936161
30611
1237529
109620
213546
2058016
53104
1051
329151
401635
86312
4012
502970
13162
600905
981828
1079613
546669
186152
4669
762001
637029
16240
494833
5559
964143
1164329
2187
551631
673324
1641902
1383030
1362060
510880
1186351
507662
422343
940
64869
1291081
41523
213286
419
3422
93906
519781
743620
1104028
216627
679596
789735
2714
21439
26646
570076
843619
2350308
68396
1205164
577108
508063
78868
1136304
2381967
994428
1201522
9444
505698
959657
105828
25220
281026
947456
508377
69368
537046
683233
624825
3581
2136154
410364
592604
220
5747
1266547
976073
2391202
262897
37996
6
1640342
186679
208983
64
13398
532731
524661
2917671
1400730
198096
1872271
1326629
1437104
55028
1339
8
1613793
848
436027
18957
344299
292360
2681
613849
188764
489565
503912
36793
193074
1117959
868809
2590387
51056
6832
617927
73196
251296
2017416
3221761
1140326
16093
94299
264953
815910
601092
82277
1174977
0
57
1043169
616082
692240
1042070
779036
1321840
1333811
807553
604154
463773
700471
1872261
131874
3305411
237004
202559
520538
2204140
890956
2783966
754127
1792641
542761
719828
69741
693407
963141
787902
454442
1135123
27042
78163
82790
3837
743872
621922
1285946
1367220
903982
650202
1766
1268904
1360045
2641427
178372
61699
789168
27492
267597
748027
506923
1618540
834450
749661
600530
1465
42
505702
49866
47390
1160
308992
601413
595225
175720
365572
1609
976286
189582
1542
277429
149
759777
474305
394156
1568697
204931
583294
147433
1023633
1653063
511758
380143
953823
1179367
1998798
546773
1296693
42045
191626
299311
2686956
718188
95203
2364
3403
53429
401
3441
23655
115982
231229
1795238
464328
93968
671168
138200
576716
840764
1776739
4116
30679
214813
587194
949444
3955
84465
8609
1360845
1294154
509072
1742
470807
49609
18003
26027
23
69576
1268634
516498
1130119
44371
21536
2037223
567722
26021
993
1228040
510005
508397
140
1403700
811192
6963
40
824258
7011
3039
189529
503840
119153
4103
602262
70060
23217
0
2417
10
25625
186022
106516
964
199
510717
10356
26564
505695
10963
25037
979033
27012
600220
601530
31754
20990
775
183
2131
65
4712
948815
761840
37591
510456
30348
33473
574700
0
994563
814384
52169
3982
41908
164013
24767
1396
251656
1349640
504007
1279
2575
232299
103554
80629
976577
3527
413647
3315
512
192049
669
608426
144
995380
13268
789717
238347
254682
0
9433
148
3685
4
476
549253
506619
254463
677686
229631
784730
189856
82108
114421
408588
183816
1907286
14076
611790
501969
498545
73870
2397855
11331
282823
4383
1002398
761797
557994
17552
884584
4145
894948
693919
1432436
767951
967210
495501
703841
284863
509133
187081
9368
609475
105595
505695
505716
13815
592833
600488
1724700
8682
598724
22737
824884
703902
604866
1654441
2070829
391318
601832
453286
248333
520350
799375
3032
790845
505702
79243
280661
961422
4370
1211913
958951
556606
31379
858802
17
590298
3530
491200
236517
1318825
1482981
175
930954
19976
723738
875904
3473
446
95169
969
108884
13381
290835
147
267
729706
4686
907080
54449
669125
185288
468860
326
1106733
0
0
720
114477
447
23782
1535290
1091112
17635
701542
110905
0
512418
591755
5947
490495
12575
729820
575598
948761
628406
494999
3074
70989
35775
679862
396269
98540
92812
30165
506683
5506
808702
19890
112593
64769
16402
