496697
3435556
5476347
1435565
2539719
1166462
2017777
5446172
3314521
5566777
2924529
1089148
2677310
1927979
2087350
2540570
1283895
1593064
1238045
76291
643276
2225939
2295898
927453
1398480
2395281
2685297
2399787
1835559
1006135
4005684
1354827
3842558
125241
2613868
2873692
5857830
2960109
3366477
2137881
3031088
3745778
2086703
2068991
782788
1156337
4228459
244858
1711803
2725932
5128
1315672
329916
2172605
875145
331873
1215493
2593376
3029517
1182326
1887301
1388263
660312
1758626
1001737
900132
2006208
1014994
532737
1601130
1053544
1763445
2598907
5548986
2820630
2237976
419
703566
2407868
961791
20550
329968
3202551
1235014
632556
846526
1836556
1991055
732177
3767832
1737648
1065004
1126428
1108274
3381234
913601
2673663
315767
311967
1679233
2516316
873029
2930302
1040645
2651483
1372474
3068340
3293420
3436271
709958
4684618
1046282
2188105
2541800
907083
239197
1655250
1245881
132310
1079276
3469001
1963114
3319579
757543
972308
1026595
637326
1643869
6800355
2977533
3710919
3952509
1106962
274064
2659970
80684
907783
2011795
3886667
2314935
2844158
1075939
2656222
1502309
2992869
2534968
7242214
1492492
1814081
886413
1774144
2033768
2356523
963322
3582089
5868344
2890190
1537444
1166763
952710
6974078
1336148
4808462
2082942
2589865
1163978
3412002
2745053
5817499
2713882
4328981
2204937
2752597
478112
2707212
2697059
3931360
1070181
3910536
10584
1869684
632152
240551
564019
3427806
3831056
3976939
3135701
987356
1067289
1861843
1044991
2547414
3860648
1705721
2831859
13840
3053731
3151325
913945
2637013
1199345
1303090
773075
237126
2417
871679
692184
629520
494444
1526113
1272089
1699147
1348840
1430799
752365
496352
238304
2384208
545905
23389
463170
957821
1060401
3953882
2347836
1391470
1444197
3303903
1513354
3064376
626194
3705809
2080699
5584983
1696675
1963262
964446
2755123
976723
3117436
796395
1090713
237997
69145
1182532
2419567
530492
1027260
122353
2746255
1587222
1398687
721786
2325634
3391476
