28939
24861
168939
9687
7057
201488
6558
50438
132232
168312
10137
42613
9161
10334
11556
2023
8574
11175
20689
11534
38677
76585
611831
46731
3822
5786
15187
10535
3788
54884
65861
42186
131933
7399
123078
10186
23756
300279
21166
63915
77890
5472
212609
14760
41712
199359
197292
42189
7765
7681
3568
1537
321627
38536
12478
61727
19714
5685
8093
174989
2301
1712
2201
1119
52468
2073
356287
4214
50669
353696
7192
6938
9616
1554
21433
4780
1318
6059
7202
33331
6861
5656
31777
36534
22245
214324
70593
793941
68165
90025
487463
210495
17021
15523
146744
1112392
3387
3005
851014
2039
15361
24032
813231
100056
4127
11077
28513
8810
975
15432
17918
1891
893
3166
2404
2772
181339
24538
989523
154928
4821
6032
71886
70821
59479
7872
39893
115402
5744
807462
140146
3770
31959
75265
25329
39972
96062
69904
11818
6618
2742
387
19453
1277
30535
14352
20294
23577
126635
46989
579786
16465
166086
18075
68383
1533
66285
22788
185373
27385
5414
2858
277705
16449
29284
1170
61817
104205
83311
136033
35757
68178
358352
15154
1298154
17290
3551
37262
194845
11082
484253
834787
1174817
71031
104559
116494
64945
6700
17846
25069
206939
13551
19682
9767
11574
817
16241
28753
680579
5970
2865
4386
4213
2671
1274
1545
1249
1196
3235
11901
150501
307739
10748
333248
17507
89736
17291
1065150
11249
191927
6488
244192
39270
21282
23092
23330
62956
17624
4652
92932
23306
106399
155193
432264
72880
292845
3016
122222
15813
194071
926
16105
15172
8220
1870
1690
37294
2345
2906
27457
13521
1324
10197
2652
42813
4577
44246
320177
404395
46984
16078
63828
92806
15538
17702
10893
358584
13529
20566
26256
825254
2824
9302
1280262
82514
49446
524995
350912
756054
10207
12747
3617
29843
641519
2884
14206
7413
11761
101105
4339
279649
68781
5340
2020
14421
1558
60090
4953
21963
779031
5728
1957
19053
3399
48764
103409
10647
39988
6401
458044
14746
49982
158541
106404
26227
64550
3903
2740
28585
11310
15598
13015
115475
5027
48292
8250
254274
128596
117981
72493
328735
7758
1298
11848
338349
51524
28330
9311
14001
8209
89044
31939
67649
182135
354950
50364
11704
14721
91004
93821
14231
626980
20074
633
9568
57193
73416
741092
160634
20948
610535
11313
22097
28429
132066
4986
88705
58659
9678
156820
45153
11188
64560
157462
65591
6052
13186
118609
421517
5442
808862
188284
12724
124940
97576
1260
96160
3877
891
39898
185856
5727
202818
786725
8609
183211
3976
3543
2113
2258
16053
2107
20695
65676
7733
26738
66107
7768
804433
2681
15774
5615
10655
6541
100030
7744
36207
12987
42766
1925
15838
86614
10410
5553
73598
13436
14453
11840
86418
6628
244926
40821
133336
54626
3553
2321
883154
50408
21474
30310
17197
583385
22761
11122
34777
679371
3737
12724
1495
6992
24385
343
73743
2794
2161
1613
10900
1944
2366
15273
1921
275
8114
12003
135378
46374
24599
85186
226086
1879
31486
4012
520308
310075
174278
60048
449124
4436
78566
171905
1587
1256
6552
2091
44846
723772
122637
3524
65792
52648
209024
11124
16574
5337
81501
928
12417
17493
32137
10443
4537
3721
23875
2788
72480
24390
13196
12913
25477
92164
107761
9092
19923
18804
36190
19622
53835
825228
16655
103784
15767
92603
12310
244328
6157
16739
284978
54782
7053
21537
306441
5101
3274
2714
148548
5802
912
24999
25169
1475
2410
7892
536931
31050
134622
97299
41518
648597
71461
64609
14603
103059
31478
5117
216439
13373
10006
22547
149757
185006
4856
89668
281369
12936
277383
3527
16777
4565
125410
100067
173554
656818
6401
3557
39344
2116
93427
115614
95566
24764
7015
17208
230940
56052
77739
21762
45503
8397
37712
19061
238328
211185
132605
6021
245689
19244
9572
8158
29022
34008
30198
236732
438857
326842
26369
5199
22725
10168
376336
63312
86519
84427
779041
1719
82143
1415
122779
15553
35196
69349
9913
1631
3376
10747
201127
8940
86567
3101
12639
918
800181
22299
6462
111737
177339
64476
173962
20898
22873
18789
6533
2322
801880
24003
13761
1462
85605
20012
253645
102426
70322
30421
19377
3097
29099
4216
8467
716
33175
431
3763
33014
11998
36794
5247
10125
87130
4251
16410
3281
228246
108983
37996
20686
260764
13061
113412
5144
148011
574653
105867
21188
59433
8703
26917
15932
46792
116767
234974
21172
356059
11167
74950
14721
18288
224116
179471
412003
1778791
38409
39715
2682
18495
24816
3534
18321
26907
757022
45881
4480
29014
231
42051
51643
254595
6449
1205
3096
11512
865
2273
21601
39407
441782
11685
778293
319027
27257
10616
177392
766366
414006
57362
22741
419915
11674
64095
193545
57336
87970
18700
150053
63183
16930
26232
11806
258238
31494
4105
2055
3256
5145
15276
68781
6396
1845
28205
24100
448668
2306
45025
420264
367148
17458
28260
11739
167522
24502
106371
187760
126398
5627
6040
19557
8470
7557
10907
4761
2404
6606
3207
1084
5925
8588
138512
67474
122086
3107
8749
8867
126257
5708
7644
3932
32944
681598
4075
10757
75245
3411
12352
4957
56630
30810
2584
10888
4468
48234
65571
9806
86998
16451
12803
10813
31032
8763
2554
42996
6534
1328
3384
1594
2849
2932
2180
4522
3516
1917
522
444
3354
3417
5841
1003
6625
3233
2349
195259
1611
13276
314367
409983
7765
3576
1617
320504
741019
125127
25905
90537
81109
8084
273889
28309
33177
102875
5124
3662
11309
11318
56928
137999
51948
228797
21906
1127
17760
1465
306871
22875
328486
535143
101647
25289
57888
16161
167157
3719
100511
3231
8380
3634
20107
882
215112
28403
7512
58212
4084
2379
7660
38736
139867
6018
18089
15632
65772
29064
554151
5975
19946
215129
589020
198723
82658
44624
4836
10714
2056
4780
5628
128527
19402
22292
20857
4462
61247
519029
225392
17087
11510
6136
19242
20321
272942
3453
43822
32189
32452
111336
39310
139347
76252
485107
193658
486085
311405
59488
51516
34330
63092
124104
220232
344416
5371
12407
31169
1426
38582
88756
148306
128298
15265
21373
29855
5962
12865
7671
881940
7876
348
630
111029
1981
1416
8017
220
19640
11089
3668
20250
58629
2125
9434
2339
3390
724
1368
103698
118167
4192
3111
2511
6864
2795
21019
18929
11604
1247
42553
3183
2303
4901
1796
44712
3357
98150
4960
1528
82346
205130
5801
329600
107802
152190
2372
2175
54282
7410
4928
81583
3591
1031
2239
6686
5428
1573
41507
63272
2622
6599
2655
4251
4691
185099
78557
143429
14930
7545
337396
6327
31351
120012
64360
268990
91127
1020
398460
12990
1551
3843
82838
1351
2407
4957
916427
22242
24941
767024
115590
22870
3441
1123
905834
2021
11413
2844
92065
33189
732
20078
95736
69699
54001
48439
101814
86283
389905
7358
488343
21873
11140
11393
32647
6379
1411
7472
121421
4536
23652
68145
27551
770855
8553
8088
2779
664
7247
81882
2042
8265
1115
60784
1211797
645377
1721
77039
11169
147345
1790
48487
2528
49099
3017
1532
220201
86866
336728
12729
15582
341381
6858
9103
686278
60740
5033
4366
162081
13632
2998
120513
1654
180660
1390
64202
58811
1800
2251
49980
6316
32969
171769
190974
132288
589943
37319
2455
759
5162
832
3582
4019
12554
370940
3529
1604
5516
4957
9141
17091
20161
114048
62563
77848
127746
326088
17341
9376
3613
7671
419495
8263
214748
123556
53765
190620
78450
19200
169448
260746
32038
475094
12011
3655
132529
5412
147100
55428
157959
5255
12419
782586
4372
2989
18381
23248
46675
12219
943
49153
7221
84012
37168
202060
15686
23135
32045
262128
799109
12269
6331
14930
3517
627
2610
34925
3560
124925
96488
7976
16917
1479
1270
463381
105710
4533
238649
2067
3652
4244
157850
4288
6210
47584
3457
10321
20027
14320
45192
4501
2043
879
5282
5876
26333
849234
189779
85623
3449
201409
17535
6128
9814
4964
13455
30580
5793
9243
606444
155083
51864
1175
41899
653574
5917
148202
40864
769320
304187
336988
13284
60004
19532
41375
99781
7065
32750
1267
103918
2613
1579
41212
31025
59011
5397
1432
83442
5022
7106
4581
110383
8263
22289
11703
4307
112051
1915
27448
17188
55955
103802
13477
458
117490
27227
6515
44121
10396
67701
45916
3846
7440
1306
4046
182622
8005
169263
8757
1496
16120
3406
115270
164235
6300
196955
8613
425026
133446
267472
6108
16654
39752
229008
210661
10156
35643
75087
53934
84766
595
6683
711
120641
16164
1641
2232
332676
4632
301993
19311
20117
42241
2143
9498
126329
92246
11182
3155
43013
1866
10135
2220
47427
7037
6565
54244
82809
9424
96846
1655
10743
2934
9629
89460
8509
44682
14528
127207
10704
39197
22675
72801
74750
8000
49673
695397
387151
13583
4926
9180
702160
12892
47300
13025
12618
19011
693136
10525
79424
671829
105197
5508
18972
4131
107531
84726
2521
3558
95016
22517
24434
7071
20506
28317
1044573
215910
566671
49295
27941
1187
461797
3447
531
8292
2380
4584
10789
2210
5517
4974
6840
70600
23213
3690
804686
3815
3615
8384
8979
685037
113821
77667
317901
1541
231261
1858
1989
25134
7856
17302
226768
8127
479897
295281
13904
40786
19738
8304
78173
602752
200720
104421
187930
179016
627098
14406
159820
78364
124047
64192
682793
5355
78613
29914
230481
1490
27112
21558
3649
70334
4647
5822
13898
85599
97618
5194
152905
11071
10975
137735
163278
13082
29091
9550
5482
66413
12699
28830
3227
4748
21424
73053
8350
5114
4942
150843
2340
69144
22520
79363
14456
3188
137247
10340
38490
14407
7132
9248
126292
7473
120969
2561
33530
52034
375109
51696
21723
23022
35338
6559
70207
1122270
102321
708518
3866
12094
791314
8242
223418
24698
19157
1037087
43210
38957
178404
120932
10422
43011
122113
8874
22049
31249
1082
67676
821856
246958
242971
283292
908
341429
6350
5681
7487
19682
2016
1476
36269
148194
1380
69898
2288
1995
7040
186738
21018
229828
110945
7087
25938
92224
310543
6600
13892
19141
776574
9471
19751
34586
63504
253932
181237
37148
11713
18671
4826
106147
34490
874
10748
12014
66137
8621
22842
33882
10162
27710
8170
14077
89905
3870
40327
1462403
135743
2614
4667
3961
3097
1747
182605
2582
45396
96304
60156
5604
73184
687
6067
8527
4547
6825
4555
34617
685905
10822
57406
65306
62111
27226
212316
5982
82644
10642
907859
1013
468131
2187
8260
612
1961
950
230259
2535
9693
328326
52217
23060
5093
24785
9808
6647
679782
1512
26369
3530
1594
24223
24167
96842
4810
858
96465
4012
16899
1271
94510
35288
150714
415606
14545
100448
4007
26038
31083
43127
668810
191263
8945
430280
11468
523978
45833
2654
12180
854
54684
10384
45300
63916
42518
4483
8422
6377
9355
2457
121763
1274
365342
44441
325893
18271
11263
603894
2071
12227
192959
62340
152189
228239
12575
98521
51814
36956
143257
324131
9791
39035
21320
32359
47159
161377
1288998
21227
214426
107137
48909
31267
53403
21692
22828
442233
79032
167869
23551
76958
3304
54197
104171
6005
113124
255583
30842
74296
1656
633
783120
710271
795789
56435
14428
35405
913
21376
78939
7964
1970
127681
36662
14800
6420
11417
231343
6563
759003
20027
5470
9906
8016
584957
90295
10758
13964
2832
12429
592757
2087
203162
5040
13211
7481
52043
4002
743564
18666
91256
5536
4488
617
4470
18158
7077
3160
15414
18819
9389
45738
2089
18604
145365
23688
6627
24146
17665
297485
50404
2042
204693
26008
1409
750018
602626
7797
152571
21598
10857
4750
15289
1249
2924
103678
7616
17720
140236
246
1950
17876
29385
264680
8682
22586
18252
71162
2111
5156
5859
89222
4363
747668
38218
28874
38197
2477
2390
2199
4553
2824
40859
4084
22264
11284
767
4262
33761
13618
7735
25409
7037
153746
2835
59123
619
62982
26704
22250
764
40160
4036
8606
429140
132645
19788
76320
2910
6157
1181
52871
198539
1919
2219
2037
4461
903
2801
6829
29784
3640
1874
26640
199550
9625
501026
14348
3151
15638
234088
134775
1009
172746
6575
27401
3865
22038
32637
826800
60569
265893
3180
202654
6746
21424
3327
1067
2549
210559
14386
15268
8670
63409
17623
155802
15015
74002
4368
9852
26420
106014
28867
2651
497
100002
2221
4235
835
10981
10052
9392
548
878006
85625
72250
375221
74593
20588
631745
19585
180217
1159
273370
94328
7126
1931
1304
1185
144127
12210
112838
138140
3865
47903
64244
7812
9735
288584
238494
95184
48793
60457
22900
6656
7268
5821
31630
3511
6850
18120
549967
6584
91615
2513
7015
44149
813
45491
11129
602
106711
149636
16012
18594
18463
895926
314395
6682
13708
18413
10043
252309
13400
181400
476661
76534
3555
117985
4933
11728
3892
36069
725
6828
2565
1030
837872
5676
4207
57630
6890
3106
17270
725909
13367
119027
29339
22133
19482
3072
11057
5482
104007
12426
697604
143158
240389
66965
20115
3837
37404
27881
8528
116496
11355
30338
40817
2520
47831
226214
29534
17642
55429
39206
7316
54464
18275
5721
25005
75178
19856
41479
10435
81248
26058
179646
9475
18177
178853
3157
45810
44392
8459
21096
10725
27156
36317
907702
2794
26333
6474
4569
3493
381917
71880
163046
803001
48588
15127
3341
27864
327967
136944
161809
37285
74559
7865
1059596
196640
1075958
65055
81493
3113
681805
1632
1152
141808
215755
528601
92125
12999
175357
3989
128966
26519
36958
24614
51503
381196
83390
23807
43216
31235
7679
23438
14320
166396
8399
551194
17335
139545
512144
147630
8681
9599
70252
48161
1174
16051
135839
5367
10144
4568
165684
21565
22080
5267
112744
205740
8734
74641
190119
1736
7991
22306
15399
11647
19572
17899
18590
8933
101211
1245
786257
10265
9520
25769
21162
9545
1404
105829
228549
55452
14494
2145
828552
260846
13594
3050
4631
56051
5536
3958
109650
89800
25332
286292
71673
22756
501826
82644
145508
16934
214103
293389
18637
927564
18601
108634
28606
71095
8589
236570
9382
106208
19634
216957
789531
12606
17899
173509
25568
169256
40716
796605
57025
52067
9873
12099
5211
35865
16748
144821
245929
57810
95839
121613
50335
296592
38412
43517
23313
145706
1853
15904
5497
187146
238461
149954
82100
238034
3732
6645
7675
123423
193690
156794
26453
7187
12083
85565
92081
32356
38768
94314
50982
149591
44905
5926
3351
4642
3480
6482
194831
549153
15609
4265
9324
6693
3749
6990
118614
117678
70513
7594
10761
7772
119063
21382
622985
18623
97424
19280
52299
27181
81327
102926
14347
73586
87355
33574
16689
35213
612966
1397
1826
28135
4620
118299
6320
15117
1483
18157
94978
627333
154688
1382
3223
20203
5985
176553
47554
39416
61919
68127
789851
813802
713862
92299
140879
109689
18016
28183
6280
19562
9416
2367
50097
26986
4481
79603
14190
2607
9969
16481
43173
8064
187853
2145
357641
4124
24834
15915
12259
242950
221355
41828
13926
77142
12590
21295
95558
19056
99040
7158
105805
18617
3181
1701
103051
10471
10568
23210
1975
4977
5469
87459
274415
789526
30160
31920
82734
64523
40920
7410
34262
58122
115335
10324
4616
80651
3446
17422
745170
52502
105924
1540
118196
7060
19368
90387
3148
6445
8692
6301
95519
27615
426064
36616
8519
22005
684871
31031
2549
11196
374369
86857
2079
7997
34160
28848
125005
342156
13230
92648
30672
253031
967957
216970
120484
44231
14399
152342
147848
15923
3495
15113
3173
8187
11343
4362
94610
48461
22022
15027
316597
693102
13019
56428
108581
871685
344704
21149
57504
8817
9053
210301
23649
340671
49909
133868
20153
50032
109649
771069
6933
9080
63892
2571
9310
5326
4950
13221
3351
7435
87120
10528
18787
5314
92189
19711
96626
50469
244869
1307
24104
7025
118446
31958
1585
91274
43210
14671
59585
539347
81612
40058
20815
4363
38490
3453
3053
77012
4943
99904
5245
1134
3822
22462
41531
4261
14880
51919
23633
19864
202366
1281885
32231
98987
20721
30656
56423
1885
782055
2373
2434
1244
10892
1803
27054
22081
2020
23249
1742
2545
1767
1477
4299
1880
798400
12516
12033
23748
6820
37676
9276
30954
10421
708920
13516
304489
2802
277964
17198
36420
71980
5392
500431
6476
8341
147495
95861
35702
1070
125989
26294
10645
56245
150208
23184
3665
11958
5257
30367
15482
6064
13521
69523
35829
12091
35914
119584
21843
421823
27642
49603
900473
60669
2656
573171
7595
40690
79685
20459
201034
8389
50060
4312
23585
50170
268640
35556
92016
35603
26732
162521
115069
22646
32936
460973
12337
2963
103762
279168
201625
240393
850836
19046
256101
16018
21451
383241
304116
112960
23236
38826
22874
1265
471298
5147
228764
3639
602868
30203
58387
3560
13983
6717
622053
5098
15714
46236
49195
11271
2348
1621
3643
317729
151817
117748
43782
7543
10869
1098
1700
2556
13157
14006
62125
2809
80436
36735
8233
301615
25415
17655
210170
10922
68470
9940
50416
706784
13911
19117
25683
98812
61516
16454
22716
117959
52428
14285
104612
37534
39579
2644
7046
29457
20041
576450
9468
584
12569
1186
2928
6180
37210
438831
203461
452627
3533
179471
148214
21005
10642
545130
58101
35233
216757
21247
280673
252209
182447
293822
279191
318333
48041
31036
597490
28680
55698
312265
172943
1966
16135
6891
20181
609456
20759
122070
48556
39887
570971
6220
285807
235165
102636
462811
118079
562467
97454
31591
49564
63508
192406
81268
114733
56549
71836
294962
354776
51311
88149
12195
70588
1682
167017
18374
10082
222359
391336
33969
44684
11356
791559
5158
290528
88172
11119
424235
31915
40741
427876
11275
1985
3115
23180
363030
47903
31800
26340
9982
14071
2594
195115
25178
46600
12267
5834
18293
20300
23980
30189
15163
210881
20054
6112
164022
153258
342975
1053325
547312
123052
167758
503496
177636
99551
314060
334583
140517
1264952
495521
74103
9725
79718
11558
842540
33400
21658
12402
54740
10081
15821
4931
15669
280726
79996
334653
24625
31033
86541
13582
2853
16792
13759
7004
638891
294511
71064
6149
29042
34488
79240
5782
26235
729924
204709
13315
340650
703999
215658
4840
21750
6267
78063
3798
1263
1094
10214
29409
54293
3748
1342
811
8860
2238
48076
136113
11785
243996
8617
161490
44807
163809
234562
123160
5095
280141
8047
25722
548
58308
875
920
6932
7106
65971
8285
7527
12258
3651
10312
1220
1832
3393
514
302940
166080
506806
8779
542575
4614
244669
2084
23652
845989
12580
14246
8569
415562
77881
19361
11435
3647
93725
3910
33151
46655
753638
25165
1320
18629
302731
24118
15724
14727
39237
111696
155935
5436
9002
3568
23135
16437
109734
143717
481451
32256
63145
439185
555817
799475
593362
21441
88027
3999
34101
1205
208280
642
3746
2388
3971
517616
22456
55528
7017
6928
440281
12786
186928
8599
574173
755025
556778
20323
26757
148739
744149
61349
233590
8058
164671
4872
58974
152296
6512
7970
17973
510326
7494
47108
22552
310295
15268
9204
86042
61275
592531
2016
321193
4310
11217
23367
378537
78741
4779
166003
11266
24559
438241
95670
889388
212589
8446
82765
512010
68583
7284
71629
13637
767
2941
4704
592874
6521
21022
32288
42862
4023
3428
6995
249580
3624
3317
39192
819746
2143
2527
96978
833
19184
1511
14236
19444
67349
571
1421
63774
13937
757
21996
29798
37080
16562
740514
20877
10145
18294
3769
460912
4539
26402
124790
20657
5813
2784
17748
32312
15083
172343
650992
70269
139619
99560
20989
1011885
78109
15635
320898
196837
19111
14497
36975
19913
2526
2573
41135
3537
4589
77360
40936
17199
146997
8341
24873
9378
13500
11336
107532
22800
2768
12592
160560
1090
43676
10830
95332
5971
167551
929
7697
5389
673
360967
280548
7449
13091
29399
85244
187001
314134
86039
8138
8151
17682
951
8121
13840
6545
19404
24693
12978
9609
17201
46316
26342
22209
139133
14718
16813
234757
2145
809768
8799
128793
19597
9867
2713
1164
2420
75555
741375
133834
26325
18840
170483
22784
3460
2041
17861
844
300776
100783
15087
826668
1279082
70804
11794
13288
201518
2268
146541
6575
13599
8734
152807
1515
131959
145336
360326
29327
8749
5577
14644
15655
6317
54667
103380
48161
196390
5166
194080
12869
695
37356
147996
658
2822
10453
373
3303
22197
82557
43158
98301
744
52247
16622
682561
4297
55226
13379
17306
892
6614
7342
163632
994
58943
2217
15205
1032
5400
7437
1270
22410
4678
7732
7867
4211
4064
913
28947
322640
30801
23358
23259
39038
92981
31890
12511
21116
8159
30258
199
29623
21036
217697
23132
80135
1666
4058
1226
47884
5285
1919
165682
14933
38223
80903
17312
899
30103
2117
152593
67723
258181
86927
19545
119954
4373
17673
17767
752817
4210
11189
3198
2196
261245
5925
78153
52501
42479
8723
2822
66593
7371
412663
21230
11135
3341
2338
1699
71547
24608
7178
1211
4248
2059
5763
1736
1170
1368
4402
2205
1956
760
10135
16310
1273
10175
3823
182946
445
3748
63130
7410
5705
23751
168
30107
4273
222704
10043
26083
1159
24401
940
17234
23941
25272
7089
34882
687
205289
1899
62307
11954
4325
17666
3185
726
6630
455
4483
2679
5654
2982
53572
2555
4548
38936
3123
91205
6780
78639
294076
1769
3430
563
164720
1705
32074
57371
484130
2659
7111
3208
135
37511
580293
60184
3287
37835
4791
2182
184212
92382
72416
54634
112640
3452
2925
721
9499
313639
15162
45972
44111
466379
5591
7661
782368
3035
1146
9094
16715
2599
22687
10802
514810
113635
8923
20372
1449
736702
4504
17108
1391
238220
464065
334195
20219
85015
21620
2036
38608
3515
6369
5676
28690
66477
2273
24288
2411
193400
8340
108678
6964
7160
1234
216474
1634
103676
41973
85176
84879
9058
23166
36232
92884
12990
677439
679875
91227
18926
19305
5196
180279
2096
151
1049
4494
16311
7547
3571
5231
294523
21763
19419
1979
15506
754
42799
6289
22319
3942
46349
14110
20301
9108
4705
125407
27304
37794
22222
30869
184712
95697
33701
247207
2669
11976
170401
2455
8447
150235
1065
349683
11465
6657
17380
11155
1690
3535
19451
967
49793
618
293853
1725
6711
16869
27839
221897
243928
4268
317344
10879
678572
5235
13633
1675
414534
27312
361382
432808
30487
22858
24724
3866
570723
12348
329416
40521
227998
17074
224336
18623
388147
5118
349478
2748
777912
13349
39951
4193
669584
18275
67050
774280
17014
66118
2468
10747
8759
79073
248920
26630
4473
6811
3475
130
115777
42894
71285
46657
2183
915
28045
2076
75918
34663
413736
71413
1477
1868
1494
77174
4149
2077
11932
4274
2554
8711
9184
62644
36622
113187
62652
9247
530910
2040
1456
2679
30927
2441
13806
4240
4567
52955
22010
42211
62808
566
124582
27997
3886
5443
21405
4732
429527
1828
97100
88017
15676
5860
15910
7600
42461
30173
103484
169126
8332
8491
574
27671
5295
266423
40729
834071
678764
47676
22621
38586
439056
14998
233983
793542
39739
12241
40617
206837
2984
6939
24461
584236
7796
3724
342728
8514
35618
232177
94850
601385
27972
9544
44314
56488
14964
11290
9560
223542
1870
4286
8563
15277
169755
14142
1789
2428
7684
3671
2266
128437
11541
18260
36468
11043
7538
117026
145056
19831
177305
761796
80617
24847
69794
83687
18044
13400
80174
3776
101392
22586
17063
9950
868946
6163
63511
70651
611225
117311
14401
476506
30434
72752
19618
191881
633610
36334
13381
16763
13906
315108
83452
13084
44164
129288
2718
3404
4589
7122
6517
119023
18784
260968
2117
61145
94696
18221
67002
842524
95402
11756
1422
23746
1718
2460
20714
383505
19945
2836
6670
14760
1105
16240
19544
17774
30460
149868
65055
5248
65684
29857
42765
388532
124888
282138
10028
246350
57176
90930
12394
9709
102870
12995
17693
376917
186283
126268
89741
82545
64704
38236
9938
10966
497004
6794
143698
244317
370578
111576
321143
12367
32703
448014
756005
77660
119684
482438
61891
8541
44663
970921
43124
87450
31674
1399
16073
3010
200916
59084
34081
648929
199521
18508
30019
47205
348894
21213
3547
130444
10629
9631
767962
18171
7712
2652
25917
6316
166029
25448
2529
1540
6851
2910
4218
37516
14995
10838
80814
26961
6594
108782
55629
92873
37558
1421036
27144
13970
20428
100882
179983
5492
107801
106130
15309
49109
1758
3817
43493
43877
101491
142416
2759
4108
15211
43756
1703
4170
66729
13452
3158
10703
4466
79206
1779
328465
763281
196088
4703
2229
25880
2710
16537
4130
93331
770
1856
175013
16822
9273
2624
55212
27263
886997
1867
18553
1895
1467
14258
1660
11319
16377
616451
18968
3911
384556
176673
8991
99754
34233
14142
23811
596
9112
3611
1559
30575
1084
23345
21630
2870
10020
36861
6260
22666
16271
5660
18751
38602
435158
12939
1379
4242
2345
16023
148742
1986
26435
242222
26301
79920
224135
21805
2314
32785
38215
8222
529
2838
544
74048
2934
64114
711
41789
2696
1745
103739
1592
3888
162108
664
810
335
89716
16211
7006
84347
672985
91268
446
7574
16994
647
11031
4928
746
40623
2165
1949
5600
17562
439
1655
4160
20282
480689
18184
805258
29658
3151
365
8917
11125
1900
4100
19598
24387
151155
49814
10109
19992
3317
2975
6012
18817
6158
4885
2269
1874
18654
3090
11820
889
799523
35120
546
16362
37528
30263
16806
10659
10481
122485
4148
8628
140926
69113
97250
12268
719574
7406
1956
12188
63093
969
27903
326
144300
22038
60681
1287
30051
19310
308538
48942
53082
9040
6230
6264
112164
370151
260735
744813
43341
11901
146046
27911
134378
706796
147521
8127
19932
111791
316404
21045
271940
13844
252095
11800
68983
37383
147170
23556
4529
13979
25459
1465
21333
24002
4273
2229
10463
21437
32654
119925
4817
1203
30038
1335
7133
717
11591
2031
84746
76757
1580
33478
3663
744
16682
1858
22236
6127
625
3941
9581
106166
4873
8567
19904
63520
1129
3367
91824
42373
48136
30425
133604
3010
110914
137053
3511
6052
45521
3410
9348
37243
1446
3000
9588
3034
84463
9174
14110
5896
37207
7359
