20470
75949
160505
656
6894
559689
1916
438150
4203
184395
3228
14021
49
13702
12414
0
44
5841
1
20688
17384
47333
397807
457620
1869
2128
80035
11901
1612
26432
20432
438803
5051
1765
53691
93
13608
234150
17172
35764
7268
6678
151791
2733
18514
41949
31690
40457
807
722
9
2912
673263
8693
11837
18682
13492
91
1862
41235
4
23
7
9
14451
0
4755
0
38826
82406
2
4487
2
0
826
1
0
2375
11641
12827
250
550
455235
18263
6903
86294
9001
956459
38042
16922
270972
115821
429164
26900
7354
1054867
1979
1
986390
61
9836
1037
998197
45110
935
67453
24437
29892
50
11166
2934
81
0
17
0
1607
32887
10843
999554
77111
7592
1862
8838
17503
444487
1513
5467
72233
1910
994409
3146
22
44
488870
394845
25600
67463
48097
13
5837
1633
0
63754
0
10639
9
660
13859
53075
490704
317609
14058
34508
12590
14362
30
35788
3785
416107
2912
57
22497
569014
6629
1112
4035
13299
192448
9025
126580
7722
43640
4680
42222
1159320
2369
4
18777
9839
0
279789
1019020
318829
12862
15042
24111
5101
14
0
42067
547931
3253
859
0
448950
0
11168
7237
367117
0
827
3
4152
17
2974
0
0
0
0
10249
301036
679541
3551
227656
35804
31890
62
705526
19581
28750
5087
165829
14021
8241
21655
18952
530439
296
77
20990
122
21136
97263
290308
41319
568399
870
269272
6740
48439
0
0
2165
0
0
3720
1851
4735
0
4262
0
0
4
2080
7
4296
25635
229240
214243
14303
239
42299
42646
103
838
89
7365
2981
452943
6757
1025863
0
0
975695
73812
19246
134021
83539
316573
6062
9202
914
224
813026
9
6329
4538
8031
32173
11409
152820
2901
4466
27294
25503
5
51264
4728
8493
988373
1
6
4742
0
847
107283
1794
32952
14362
671444
26280
39944
396975
121817
25035
31565
959
17
12795
4079
5668
2236
180600
107
0
2206
27352
18878
36986
45292
656047
251
807
4509
109639
471512
2476
4036
4341
6333
98000
12166
15747
84920
73012
8961
719
3884
79944
63590
7339
808536
12309
511
469
37484
47783
309279
108466
4681
383990
0
729
2235
57244
42
539568
39580
0
41293
7478
424851
42181
7684
31816
4040
13122
7288
690059
1988
1001250
6074
38001
15862
24101
1995
14352
1
7586
4568
157927
0
27953
970485
0
34428
11501
61
0
0
394768
3822
10815
89191
1107
1200
14072
4495
1000203
15
3943
7
7575
419
46738
68
16322
12351
9150
525
3361
131788
0
123
120743
4566
2558
3456
50230
0
38930
14315
62341
25977
11
157
1002184
11603
16789
10585
45006
797148
5
8203
24745
344191
3039
703
15
522
25
0
27987
7562
0
57
5293
0
0
12441
811
793
0
0
19402
77297
9640
111800
55101
153
18789
4310
304896
500577
193396
18793
743712
0
39281
30021
0
876
12100
0
35176
854665
57773
2706
9643
3906
1067
377
26915
2490
23012
0
7830
9846
1
433710
1401
1149
16538
178
464270
7836
2320
15046
3162
67853
5798
1493
8496
11693
16092
10947
22960
995203
2534
67713
15015
15640
1782
11111
2192
5088
299914
4
67
13170
557288
10769
14993
6446
604109
1877
7
397091
4849
3887
8132
28
729923
114
31308
89592
8545
957630
2147
7659
16
113825
7458
923
130522
13049
6689
1774
116112
17217
11603
9812
593462
20517
108783
3
7304
3
3125
82368
246872
1001919
0
0
13788
27
454501
54170
59313
11144
8496
3496
139683
473725
44842
2759
24862
26
17557
5884
81759
141223
62304
4463
27971
17456
4352
46900
960
443762
9007
74082
249865
15146
459056
44
10881
9269
258780
9663
15989
26062
983960
38
54185
7
10551
15581
22202
23769
11
17
33
1773
128471
2282
16775
3832
7603
1
993222
9841
710
119127
458044
18992
3259
1628
705
38
1760
0
968185
12347
26828
7478
14058
8476
607041
19592
463293
2297
6639
23
27311
3
0
0
1279
0
0
14049
4132
27590
4567
4696
25493
563
13892
13
487804
190012
9176
17430
57712
55
36158
3467
38798
753793
5705
16356
2845
4499
6416
12041
32885
82380
44523
457069
3235
14
35074
51990
7073
161282
572712
179329
2518383
8424
475751
288
1563
18840
1126
48
18954
607203
22477
88
18711
0
3362
2100
31825
7
0
8619
22
2
37
2088
6499
271819
2150
507939
164889
465749
3537
116221
292070
14996
2391
3749
156401
2456
7360
72503
36131
17194
26
46477
28755
19983
6173
3538
44520
2582
1893
1
2984
10
1028
41081
0
0
9540
40006
722186
0
458866
1023591
196186
2699
1814
1797
18362
6855
477137
89937
31361
0
0
1328
3
233
486663
7670
11555
6398
0
0
0
0
28972
88996
103508
10
12
328
164774
2020
18
146
8565
361025
2388
0
21385
3
12
739
13092
9833
6466
457197
5
1454
54163
5592
75302
462346
2044
565
16439
5550
0
33737
2028
0
0
0
3275
2189
1915
0
16521
35
0
434
18
21958
1
0
0
40
2377
18461
42
7901
328288
158755
12317
127
151
679544
966912
104440
23377
25587
15682
2848
195757
18703
63882
474486
13482
263
25281
322
15870
61401
30871
74014
20980
7200
7770
44
189459
6714
384129
186381
43847
499
24667
22332
51823
0
33997
1
8
0
7489
14
578662
36104
6
17108
9
2257
8
11751
120918
1039
5248
12620
8056
19557
593062
2117
39762
140749
821586
18042
543677
74464
46
2846
0
15
149
3487
56274
63333
7229
14
21554
830496
104841
480
24709
152
22478
77
131506
0
36576
0
16442
80567
13616
112146
29090
378954
97819
302059
38824
48985
35020
8516
491791
116909
160069
749228
0
2275
2539
22392
10359
498862
272640
190170
20626
8272
8503
17
456142
57
651304
3913
950
0
534662
0
13
7498
87
0
10187
0
84
495448
0
0
0
0
0
0
85627
4556
0
4100
61
2347
0
0
2434
1825
4
29530
4746
0
1550
0
42358
0
49908
444
0
36591
49238
153
127867
69849
448728
0
8060
1569
929
3968
34838
0
166
23609
2324
80
82
23875
4815
868
2737
4511
555
512
207428
429541
27085
24465
11197
222234
15245
30054
43921
24666
154840
24258
841
685950
2779
0
0
6899
0
217
278
1000544
4961
47377
944174
46200
41434
32
0
979311
103
5421
0
487462
11441
3
4694
94457
2242
31720
479628
176724
18524
91188
402
291853
1928
3
449294
9811
4968
0
12872
39970
0
385
95407
9590
942072
7608
0
0
0
0
48675
0
374
226
19291
372356
813549
0
29168
8920
148189
3188
0
8484
19240
0
21
19439
8163
111265
2916
6272
77262
4078
2607
223199
91951
36
6101
3763
12309
50
38837
1
24263
0
89207
11164
17
78
14464
431
91251
21377
88302
32336
835621
24800
15
0
30
0
0
4314
6223
699051
4522
0
0
16549
7794
9471
8134
5045
32454
36264
23567
299924
17007
6214
5
7600
352818
19
122365
74227
7540
103590
1192
2035
116656
167828
16605
221288
3642
159
29489
52
46295
37331
55566
1819
6851
993335
71
0
0
12566
478479
27317
1
37600
4696
45468
18772
548792
13625
19912
14077
162909
992213
14029
20
21641
2
7567
537
22702
1349
73661
22962
298
8116
2977
0
706948
59670
1410
90318
66
47449
0
123301
2047
0
19408
155
458011
32624
1856
30763
2189
0
0
41
5813
8370
1063979
63806
516036
3454
96843
28175
0
22375
3908
9
27597
31
12365
602085
726
85517
17
70350
885020
69
144918
14043
468623
47466
705615
3
31569
86
27527
535612
7599
36767
0
63303
0
2437
29615
21658
35679
4041
7
38742
2521
122
951
95929
3336
970
5116
0
26677
0
28620
2187
41805
178328
3888
0
33394
21616
0
23330
1576
22996
0
4424
2162
1
94
19047
401
16724
11678
0
7731
16516
740
37546
0
221873
9554
320378
5864
94280
4127
455479
34153
571019
142580
6036
9026
23752
3
54531
12
59
0
104417
4542
10
49
233999
2
22499
23106
489755
33277
0
1072
94754
5076
2577
102
24533
23
4518
53
35531
816
2274
6612
49992
205
116642
921
2203
558
5687
98697
5714
32939
35496
160883
2097
49850
7523
20744
31675
3906
43025
1022364
75529
574
125
26040
502280
574
8604
13158
5192
5613
300503
1276
43666
188928
75020
16329
2072
1073
75482
36928
126
14
65873
4645
4766
24546
4707
19200
1019614
631481
1355854
14320
16324
4
78295
1295
576
495
0
1
10
25
543
148
12837
46381
27420
100
580910
859
200
7674
0
205620
87702
12769
191671
0
61979
111
1794
5267
13409
27
153038
0
337074
114007
4190
7734
14626
2138
9533
295660
203524
14669
190556
168513
287661
4320
94674
582
11695
22413
187472
0
414
4723
621183
41909
5685
54717
4784
37746
16507
4160
2161
1078
1061
0
420113
5688
3145
27655
552254
4433
14
162
2152
461099
16888
42
21623
25
6736
30078
0
21
7461
121
4051
31173
5384
61420
4737
0
67702
4
7
32844
12331
230
499965
30482
14336
1
458040
54168
621444
43560
5511
21413
19412
838
28193
1118001
102189
887769
8703
2227
843761
2
208255
465091
6077
1090646
17355
15096
28745
16686
16655
43597
35659
973
12078
13156
1984
3000
1010051
32644
15507
74985
14
527317
0
10
2429
584
7584
0
4548
121352
6
46348
82
7470
10795
157850
2136
71343
69617
8402
19824
38830
68909
9593
1721
5933
978204
9
963
11983
8455
169221
35710
431
3298
11858
12840
139158
11788
3281
738
9665
39599
184
4097
36022
4529
18046
0
0
2156
1927
23965
1450797
488860
139
3814
1821
863
0
119260
18
34843
45953
20458
17452
89175
9
9
908
172
4347
12
83591
197807
918
676
9600
87481
3702
421303
9056
32035
15966
1297031
24
259568
654
2601
0
14
0
76114
11
5450
295536
20394
12311
539
34886
18565
837
286676
1806
414
0
0
5277
13418
43414
2688
0
379
0
6
1
120130
22746
7500
156477
8267
6254
3
15699
17473
17835
501729
178600
858
190481
19081
692440
1920
117
7444
0
107843
3071
19458
33938
15096
0
17
2964
2125
0
588
20
165214
7922
133891
28121
29052
283717
40
5670
114818
424998
175825
217034
7335
15458
21299
16712
23755
284909
66
30875
11728
2224
161
172515
741100
367
10342
89141
1300
9199
20052
2836
318
45962
59462
60080
13696
153
79
25890
3990
4095
12467
102845
22991
4820
228
22349
967858
202456
993489
5024
4527
11527
14
8499
423
1
0
50965
2056
4509
4716
4121
102651
10626
1502957
41271
45173
10859
1849
794149
18244
4012
6418
0
8339
928364
213
111863
0
5156
192
59559
69
369577
13969
72262
19513
1740
3
0
179
4825
28
4549
4169
4166
6659
1116
1
3646
3
192
9297
3251
200011
4529
0
136687
456013
0
929552
765455
0
412774
464359
4630
10
1192
93
6
9624
2942
4
27700
4
4
13566
2
585865
2414
12322
384
14542
267
565
1
22452
229
606371
1943
29298
15198
2959
0
2026
0
0
23525
2121
435115
1122
1533
1801
40658
0
2350
4
44
111004
2005
13172
0
45257
363
58360
1600
21697
0
46
724490
110249
13273
56465
0
206
0
13338
43685
121
16
50
149
8
0
11794
18663
4319
62
27368
43739
11760
291204
3956
0
14148
465608
51985
809
193058
4
6300
75
7816
13039
1006274
45729
666784
0
83758
814
2387
76
0
1
94771
8571
11677
1579
16830
66
34077
4544
34887
6
29
3868
58284
17818
27
813
60556
0
9
629
15587
7618
44
4
1313459
87034
38630
219982
41579
1662
389315
456167
211484
60
94822
47941
6463
324
813
0
51048
456324
349346
467
34
51415
3959
2915
2635
150542
30624
473108
73438
47044
6994
521
133
483
31900
0
2492
18002
307798
5035
22997
6109
3202
25577
796
26080
41
64
49232
837
7084
0
4671
1000061
124564
6395
11627
6
1
227419
434741
34330
868387
26114
78
105655
8094
1492
1139
10425
0
11
504
93
865909
6849
180
39358
1573
0
7544
959661
5
117304
461700
8531
2423
582
1860
3456
174735
0
267878
206847
147736
482619
2443
1991
12402
8031
13688
74307
1664
9319
7149
3169
8912
21380
1107
4617
13596
10906
3774
55937
11567
1048
8339
56344
76713
8490
5784
39922
9911
66093
3572
11745
40465
32
14771
35971
0
12848
2123
10163
13246
1007314
0
10261
1266
2285
17
116270
15032
80130
994552
15491
15078
0
3173
521431
12346
389585
6097
13616
11897
970542
9978
328427
9307
9073
0
381926
23
62
306207
162747
198635
101756
6568
21377
0
270263
2161
6636
1561
6365
230345
64896
2613
13565
30466
2820
591
6366
38734
48292
758788
1291
142029
737226
138384
4148
0
20358
42186
4
5760
119036
1990
318
1340
161824
2242
462161
4
55311
106977
2338
500
158009
13
11507
399761
4348
4134
10343
7480
28
101
51422
92
979322
858
5598
571
9679
12441
0
185255
63524
16760
9169
860
928162
5193
18420
23
8334
473464
1062
4110
57935
17195
4939
564235
132822
10555
704393
28513
76113
18852
59415
622696
12346
1269155
2198
444957
457697
44884
12966
56569
4364
896
8205
213866
982510
207
2
106403
9263
185660
1991
973312
1105
6596
13
201
0
16885
3880
26564
47517
5355
67649
31787
50657
671146
24898
39668
17
25586
67
211
88
111304
69240
81672
57199
16763
4
44
54
348384
16959
73822
1506
16183
0
33368
127302
6477
4627
18764
7137
560463
19897
2028
3278
18471
18
0
12754
192113
10
142
9446
50
41
7789
68853
49600
48232
215
5788
4
115324
4080
838649
2217
786
56469
36066
50712
2179
109811
2649
42990
202703
26337
12122
30415
955082
0
0
11064
0
4579
0
3
11
22341
47459
244222
458830
147
15
5783
2195
450748
42847
22476
16340
6983
982555
989904
771076
488647
75071
575024
210
11384
397
7560
0
0
79256
57003
8484
3832
1790
6704
3535
10630
9208
48099
130340
0
693615
0
20381
4944
6240
117860
95416
19712
126
20118
5323
3724
49079
20761
40226
15635
70061
2088
0
5195
37745
458031
0
8557
0
14912
0
41215
172846
988429
4462
10224
59614
49254
12492
3561
48065
43064
33304
4
4453
14704
6096
69899
379290
45240
27474
3044
104305
73
51769
5598
483
4736
3952
262
145538
6458
781313
1381
440
1815
190599
1961
865
990
662488
11780
15
80
9872
14224
1904
137910
2405
64771
20908
222250
644130
30508
9671
14752
7183
2220
417215
456414
2129
6743
0
4291
2357
156
39402
484329
7777
14462
150940
356466
12272
53131
25633
1020632
530009
2431
24566
15272
46
102016
382
189964
16461
142901
3834
21737
2782
982175
1817
0
23033
9
11974
27
3
4511
0
2186
62796
9666
7
7
64
4801
2120
16874
85871
23
20359
37
498
16009
212
54364
27309
11867
16466
407758
5589
2983
13140
24
24883
24
50
34333
14
47790
1857
0
0
34974
27423
1732
166
6640
77
10668
136915
1663051
456947
9560
0
11733
20425
0
604715
2026
253
3341
2356
2087
592
11112
0
2593
20
0
0
11
3781
8
989429
2879
2471
9518
4122
109
13739
22014
1822
813075
1178
284475
332
377673
273
22621
86000
141
307915
2990
14523
880
7863
2555
0
105265
8199
6380
40931
189110
340
6
1130
54
16024
359
300
14594
92721
57765
436
28548
24327
9340
121183
0
10987
975989
13208
6463
229447
110
10349
34366
4495
101283
22423
5
25
4147
11454
169950
10307
43393
9218
26
203807
32450
471319
5580
761809
8745
0
498800
34528
203007
119390
972700
4655
4711
2033
22889
194586
35781
337007
343
6661
1115
0
86767
29
120883
5624
838459
22687
46517
909
11287
4145
754499
1402
14738
18349
478961
195
2
0
26
238889
20436
41889
12959
15626
5
0
0
0
5519
4060
118463
2976
5313
9507
424
154460
11625
14185
202450
9082
563
4039
32955
369588
10800
10222
6265
992
20464
9164
15274
68
13941
5458
52423
31717
20647
3044
1859
27673
5383
737174
328
0
5888
14
11
3900
2183
720140
16299
298269
196
151202
189919
16652
40618
155758
12418
23912
110934
61
165115
211729
128880
83893
9794
33560
512
1033
826342
8463
487652
234334
75712
0
3801
1018
7251
285930
175
4516
32512
29040
723639
4057
239575
165745
9009
417677
21165
758280
485068
6004
12855
24990
105667
75252
24040
63110
11484
320729
72948
21750
461851
2214
5382
82
199345
22192
7959
138306
41104
21313
38869
40719
525199
4412
86582
36977
1082
562645
25321
11655
774854
843
0
0
669
1929
465290
10193
30735
100
129
0
206483
15059
25648
1921
0
2784
48850
25007
4143
75492
158420
354
0
188243
153614
179354
854690
415301
6867
74928
828833
93482
8030
193830
732930
15003
1135816
835419
88835
4072
6502
43399
996154
889
6842
14984
4571
48575
5132
1
689
107016
2481
685369
2000
36530
39145
4559
0
1101
195
1235
86368
486410
42444
19
16172
29708
56885
1947
0
584065
81799
2789
729941
250223
168492
1037
1443
13
181
2226
78
0
1
18655
25882
0
0
7
7
661
26013
2830
6
1715
39
7168
14006
453681
45976
456032
838
107523
0
6558
0
53716
1
22392
12260
141
1055
0
0
50
305
22
818
22324
2
29
670866
189835
303499
12836
159992
0
59832
339
12633
1006377
872
11918
0
271431
5364
1858
0
0
495501
224
11468
19825
545102
1438
211
25400
119255
80017
12623
9632
465112
107082
2042
3031
11760
32
7666
67715
260029
108768
259261
2047
9661
187176
54352
988341
918009
11225
4353
1
49
145
196228
0
3245
4439
9340
307839
15512
41
58240
22
353011
4820
42469
0
555959
403975
381366
1476
1
115518
964355
40785
585013
1158
67494
57
64684
5587
38
49087
6937
823648
984
32255
6965
139718
1927
12541
7674
19215
808325
24
194578
13944
3914
2860
735647
21080
961
13660
8821
13485
145370
53524
965867
19085
35
111731
841395
10392
1887
88972
8209
0
2797
3082
926759
14
375
9267
4187
91
4
25
176328
359
1760
5417
986304
5248
4673
42139
0
255
0
4741
455320
3084
831
47
74485
455246
0
60
13689
378
43239
403454
6139
448
14882
451
721181
10903
23894
67595
12400
1942
4
19674
456031
3347
37327
493187
25506
795179
3196
5417
732805
23574
227
686560
57190
4028
3320
425
821
991
150
41551
1333
209
33459
13442
10952
13146
934
6971
3645
4581
26616
447154
7370
0
148
83403
183
11399
6829
52421
586
29162
0
1289
1039
11
4591
80091
839
1
454588
2613
27070
7748
42398
2
3
46
0
3246
233
202
0
405326
41226
65341
3733
26886
29912
4914
106189
13918
4861
144927
0
973457
1517
543781
0
0
0
0
2372
88011
552180
72801
456013
11673
59952
10174
0
3681
2743
15
191955
20431
3671
1472379
986110
95026
9450
8054
131551
73
145057
269
847
3946
409086
876
188347
8726
233149
460514
1650
353
787
4958
9000
73945
21793
60077
39476
2
585860
4304
18
12080
22657
0
89
4560
57
6
15494
67415
15554
1291
48
19231
11154
351266
0
25948
5263
0
1
221
8
27700
2
21123
1047
0
0
7
2415
5
8974
46
3
6709
9
9
730
632
631373
1628
10805
2902
3577
1545
273
9590
8407
0
10375
8
41
818
1561
457008
16342
0
2692
3
2666
4318
828
766
9033
20736
39068
17
1
4136
486
452392
30171
109521
2728
2620
455839
0
462635
455182
594217
922
2083
1017
3
100840
220
10453
13918
13737
27449
1893
42069
25521
716337
7663
434727
1
0
0
53709
30701
3036
0
3944
0
213
2861
0
0
0
22392
0
46
4631
7567
2
195
69
53393
0
909
61
5456
2200
434289
0
3945
0
155696
5328
2589
0
16484
94
15
1782
46510
147
41446
0
663103
191
80457
0
0
456051
0
22324
2788
0
4
0
447
18
1570
842
21563
23734
878
117626
3393
10202
653948
0
1992
0
189773
7605
16240
5567
287209
0
12737
129
0
26048
158586
35691
0
490
5661
116
12576
25564
90187
62943
26933
36
1918
17
7843
322367
13193
56977
7903
177438
154
1813
985053
7917
22
908
12299
7567
19585
3930
770619
77552
0
32762
0
950931
4154
13273
9
23566
806610
200453
45
79042
2533
0
24723
1811
202
0
21565
23420
0
2166
0
126933
0
499724
4624
886
0
51099
0
92650
24121
30576
59792
4014
44585
22989
74170
28416
465398
309055
113933
2056
2318
1867
528200
78
0
57
13537
25456
6
0
263
149063
2310
6065
4325
804
0
96392
280
145
5
17505
17509
9610
0
110
61401
27368
473826
3927
18230
117816
66370
26185
35725
4044
7746
23098
222
17
143787
3020
152521
7757
15037
375
283
32
98
13580
1237
6374
0
190912
7270
4347
68602
9
464133
364959
2640
314956
5344
292384
22
70
243
134095
15807
354105
706873
1970
5127
3445
0
189001
24126
672501
15561
87641
18
114190
9325
7002
134
112160
3014
985405
12931
30
107
940431
11310
23255
985859
581
53506
3
4573
7306
2313
205411
456013
0
1
0
0
32593
2699
23235
42380
3
0
24902
0
83417
27749
721302
38331
0
145
4343
71061
0
0
678
3244
28
0
136
21413
38676
29475
14755
21208
316230
2430
9
4569
15195
2
11855
133
9
1594
12471
11688
20419
5
134392
43032
1
0
1115
0
217082
0
171668
3484
4340
8
5755
11876
34024
1956
12996
43508
10
224
0
19556
73
871365
9578
262287
380357
13861
2394
6412
274623
22018
180997
995505
43008
339
19865
105130
24
4095
83
817318
12441
0
121308
3130
27549
521820
99570
939177
458483
22954
15755
74797
21
3434
3645
596392
65
650
946
3109
66770
16292
6
0
12402
3
7389
115531
98
4434
60285
3106
106
476
5867
4793
40200
1232688
112299
7930
132462
10670
57870
1404
41230
678
41610
26628
463266
183
1037165
3335
60350
16112
376299
134452
5413
793752
971
67196
1075
59785
406563
34461
91
253
456070
146027
66997
22469
27393
143784
38
2813
118
9705
12519
520
17936
97319
71
19138
47567
0
2166
1389643
339876
2367
19
2676
8
1
21383
220800
15127
8406
7528
7961
0
46
3020
4899
12205
55628
16610
1850
53874
471812
22830
736625
9663
380765
171
23554
35900
73747
22741
4466
6536
5
19409
151830
207133
65903
8510
35811
45565
20696
3330
5864
311728
2253
49310
44984
44200
50372
247468
10980
14586
348976
980095
12448
65518
143294
444465
20491
9021
532615
69380
31912
469755
0
3287
235
223291
50726
4368
923225
153574
4551
16734
44397
687619
23685
22
10916
1885
1
344993
2814
0
7
21586
831
462562
2328
22393
0
0
822
2793
6303
6460
0
489089
61213
13007
102075
8854
257294
11402
1906055
113
8065
19841
230345
45892
8
47386
4763
5680
29134
2823
9130
7586
14799
4222
125638
1
215
4254
21444
1578
0
456143
456070
6
1882
8947
33814
0
222492
566421
59951
1645
113
13877
276
921
19
50988
8
2020
2256
0
3240
3
24894
2408
1505937
0
1578
0
3681
663
7
5011
3940
425006
2805
13
624206
34567
4560
81595
8188
2942
247
1049
2413
2171
0
21741
3
0
257
4469
7
278
0
1350
455262
90
1992
11564
764456
432742
0
2973
0
44
29996
0
4393
160586
15041
71263
703078
455233
8
2011
24986
3628
0
71
0
16761
56
89053
0
42287
1981
7911
67690
0
4153
2239
0
0
0
106904
5589
197
108750
313924
58448
0
62
6006
0
2362
27
0
21283
482
31
0
14875
0
9
516
0
720352
8090
860790
2554
8906
2
8791
1789
0
0
9612
23932
96270
39369
686
65
0
6331
0
12421
1965
27
0
1
7186
237
1624
66
993734
20987
1
2543
21815
456872
20478
151
0
127644
3066
2486
28328
3171
57687
460682
531408
3407
1653
6079
22786
5
5068
11
791329
2443
34493
1591
4825
4446
55862
6
3678
465
106
4861
3100
362535
170923
506232
7930
1955
83036
12362
11193
262085
446845
823
0
145483
686220
63248
54086
23132
136539
229
456849
18578
21285
11575
118
1359
5220
11
271
2405
4274
10
2101
7
1518
52587
1041
59
7164
878
3628
190
12491
15
68115
69958
13
20866
31
1
5298
30
9466
259
33
51
25
39470
1024
12563
1366
40543
55
1557
11236
149
8380
11893
12700
1608
1209
20083
79
600
8180
136
2323
19499
45
205
12396
3127
7099
665
4266
5973
5683
1475
