4309529
9003157
9800808
5838429
9769471
8385409
7194450
4577899
7229579
7334019
8635420
8671951
2564233
6502247
9313900
2316654
8769154
7394570
7884258
6776226
4794462
8390210
9458272
8517548
6600414
7340246
10025587
9541503
4552239
5819794
6084186
7903998
9589233
6795975
9875094
6237486
7731098
9050847
6128490
7274775
10775917
6330399
13633557
12201606
6562976
12503073
11092777
6657674
5424309
6739886
4428615
1836604
8669722
5427568
10729691
4005363
7922854
9224964
10710741
6472187
4762653
4046058
7889244
1892642
