231962
21584
325515
17229
1084
927758
5264
90209
677652
234261
737780
670062
716
203410
708974
0
31599
246268
573
257
525
988942
939893
1057408
1002286
998850
1617
1
160
2408289
87247
87313
1139916
7566
712540
0
63
30456
1541967
353078
720824
1237
272553
1026189
162669
2748667
598187
12
0
412343
0
0
460790
1165737
1289913
116963
633
325594
1231282
885495
0
0
6
252
711668
5444
12822
1021566
1507580
442799
996280
30
357758
0
999388
1879
0
754711
247042
667
102
25148
697332
168439
1652
245714
6358
746529
1814
272898
907074
264
87541
1219552
909956
1054790
586
632021
1095277
0
95
896
1000638
45
6124
241929
228554
294693
243695
1111867
994827
389188
0
731
156
0
966297
752634
813496
758835
168
1025240
88146
1650
87222
77
85397
335
5912
1270128
794802
1135032
719915
1798
50
968365
2345609
706317
324890
36606
291175
1190
1013647
406
616038
243800
1741
49082
31261
88
898
0
1378778
1227640
1239380
1169
242221
1086286
107307
151552
994523
31502
722754
0
561
0
1014
31169
318407
1208740
30093
4225
46726
39200
2107027
30569
630907
84068
161581
1086
962135
1864489
710808
846538
357570
1468096
133965
0
52
32903
75631
4651
1608286
18310
12729
0
712158
8
637136
374
4271
21779
31658
237158
1778
0
0
0
0
0
791338
1038604
635570
260876
0
1741586
1956
921128
211255
384274
273
86294
31125
32872
545453
1036535
87487
1265
586
373381
647475
5113
37092
2875545
162011
278106
0
287074
2581
1120234
0
0
0
0
36873
0
32
0
1766
4176
625474
4218
0
77
1919
46
322078
39676
1335920
198681
0
997414
1001090
819556
16162
846581
257211
958673
0
65426
989170
0
29893
1447342
244722
305
202548
6110
248363
28
7924
556
300705
1239300
0
41542
0
12107
816500
529
1721722
1395
293007
835
753248
1000429
11
20797
860777
1033780
0
29191
87632
68859
679056
627621
95
223
1003398
753344
1563
753
552142
56718
2119979
243200
0
35786
586
635
229644
0
102
30149
29971
118
311346
16941
662281
994859
909170
86123
540
4785
713982
0
225977
30036
5449
1884
5464
16678
29832
331916
3094
982616
351935
214804
3965
4592
246504
1758939
3638
0
1772
1639
1001554
237371
47410
1
1769855
6377
964958
907130
0
212570
186576
0
85405
89440
31691
1883
600622
0
622553
32133
503
647193
910606
476226
2708741
1032734
598964
959461
33738
1675
1089435
363850
1202
1252524
1
877263
623258
1000139
120470
90597
236393
1247
6221
1212
2139841
3754
27895
627985
449
226248
6191
3789
1705463
1
77188
465835
663146
0
62
16922
709021
605067
1135551
902342
458
877049
2667
7
2498840
326513
96212
3851
1627
1316
1361644
629360
243265
241408
797955
85491
2206987
32346
805880
78918
492416
994031
373808
999992
42
383714
0
3005
405
101
198791
4120
1989599
1934
1795
85928
38477
241686
1620
647147
0
1823
163
5
962037
1
119010
684421
558635
2453
187241
10
801541
622353
4085
1001983
40063
4442
664643
90338
493
33413
633028
72
2685272
998605
110520
1
350341
242963
40168
630784
232351
1209979
236
29312
56955
1969116
117096
758385
94
4208
1033496
3886
1026431
0
85336
404754
6648
1898
932710
21783
14497
35414
7414
697599
273729
996448
4
1676667
1083326
816005
994434
805385
419339
2163530
510339
258
68018
1048
788414
1000055
633778
3494
96
1258202
0
0
1
1031365
0
766325
1026209
85708
1258813
1681985
622333
1282307
614543
1018
1317659
175882
996355
9130
352370
117647
85979
825161
1044440
8895
961901
232673
294401
1555
373294
2003
241834
31776
1085513
649454
3432
283058
0
1171
633816
1535
216937
2816132
852041
2613
43
26544
246244
37330
675865
35140
6465
27511
628142
68
1020660
31555
30190
308355
1320338
4252
3066
57322
218944
929506
680
18533
1539483
5792
35
1825
4733
1530938
1483228
709070
737895
240577
1628146
1
469704
19271
637332
1551
638209
797836
326558
808427
24733
3609
8327
1989535
895946
13
85696
708
1000001
16
43
1289119
23105
964218
73222
9928
87051
327
7402
1675079
1081213
1176948
32602
603241
31563
5902
963122
83892
1029876
1843289
1552
620530
1001531
636678
4770
35833
64837
225
241430
944081
630967
581948
1555
888244
3469
87798
1000868
0
1205954
1755
1974936
5913
1276843
1003159
102185
327521
25260
1216085
1010804
68857
90201
23395
1856
3091
7910
1099305
3890
102
42998
1459
3528
1549
86754
667637
1388600
998318
1361801
149
1026852
629271
151090
5063
1574
6138
1845
864774
526790
9167
79652
570
256593
41460
134053
794761
84991
1077
1858
0
1000100
202551
1003700
962086
0
1015444
878447
244361
2812
46064
783683
2084825
78666
151
1086163
668048
1361365
103801
518716
963477
38255
962136
588517
1957492
455776
0
1366531
40288
17
281254
2655
717514
1025023
39
6038
0
0
373348
664752
29178
30
1218112
1031955
762148
4064
2141
11315
177
31174
925895
655842
1565
4066
67332
31
1727
85379
34564
31426
1086687
0
618801
242459
0
1622737
1270894
325525
1827
61093
1885
8
960024
717909
450
474240
477102
727
85922
1994
0
1968
50
358370
23604
4220
67
237194
60880
31597
1641
84291
47946
639602
795281
235548
35762
0
85179
1555
0
572
717508
1070
1315
37128
2
3196
774
0
0
4205
10
743336
1655
1214889
689
196939
96
114
2
853268
1017865
468
70413
680250
999529
999926
4785
4203
952
630533
554111
253763
64476
1310571
6145
1641
18876
860946
185799
116878
31497
873373
964210
2789
796168
401
3180
171960
4641
734211
668725
951592
630476
1102184
2400
800952
1000004
1660925
1646
109954
0
8769
95
114467
520
2
8532
666292
838287
242681
29894
35474
579
752013
3188
707972
0
743854
441138
1103848
39929
999772
32542
914886
320235
2391
2989
962668
32302
96
1204
1137562
27658
650703
1003700
1395100
44252
926874
958865
87893
3125
758940
611523
995477
142
963665
3282
268997
31990
795442
363750
2487
1201112
953491
961697
438635
75343
977277
1084710
52
715866
280419
56899
3981
298006
231824
0
1555
243236
1323953
244910
718904
87831
2358
1299
4206
29163
2791349
5234
5899
50888
1025072
0
89
1012956
959056
1775
85540
67
0
37770
0
717572
39198
4210
0
189
35767
1037
9
364073
6655
1
1614
1256
1696878
0
94
32948
0
0
0
1002420
1765
31542
104095
996269
118932
227
625659
712
1015763
104124
308819
36018
804924
964859
2038
5665
243
2669
77
794
3167
66
7512
2527
6640
950694
71
2
21777
204
