97
380
2369
11
5
1249
2141
6119
1245
3384
1424
28504
47
2
61
2
3
475
57
73
141
176
33034
24838
42086
391
67765
10
101
6433
9849
402
41889
328
690
10055
181
63826
565
68699
615
72549
368
240
331
30010
31050
5808
48
2358
35
199
0
16
9
160
14
125
311
2996
1
121
58
68
3294
6
76
41
127183
886
109096
243
23964
34
129
100
24100
6
10
58
44
68537
121
5
140
25
160
520
99
26959
30591
64
24129
24813
7009
29
420
42543
77
92807
283
12957
42947
152809
201
93429
151587
1703
22
56
365
117
0
5286
11
42405
44
376
149
5945
23121
42576
9769
44305
28
24957
42404
228
7448
46037
35521
20
7
947
42420
24301
43
495
606
73
116
210
433
9988
260
971
57
2
503
73016
299
85303
18984
6329
101
1972
164
69017
155
1406
156
6
24366
67899
24106
16309
109567
42467
2575
376
38787
131
24075
27357
185
1048
2340
20
117
330
78
79
152503
29441
19126
12758
261
2
8
111
78
5919
10
256
55
136
25089
152175
4562
16
0
71
1
24099
36
31
5884
103255
0
75
122
2
0
13
160
3
10
62
19
1
299
90
68583
19191
7
149
50
14
59
517
42
42414
32171
53615
80081
21
11
66
2945
7
25
13
25
530
42192
14
19
23992
129
74
35
0
2
131
100
306
61
90
453
3307
57
7
0
42246
66
68236
41188
113
10
1
97751
0
371
115
13
127610
20
35
910
3
9584
276
143400
109408
0
68070
106382
135
42377
10
75
24234
1
118
4
42434
145
6
2442
94
15
5
99
25
31
46
69
24095
1
3
5
1402
5
152699
306
81
3
17
518
49
402
9
150621
1
9
4749
175
68765
4538
421
245
50
4
1
31
7
294
145
26
1
41
4
18
24
39
343
525
21
85
79
459
314
5714
11
939
261
31447
175
22
2857
169570
82056
16438
70
284
4
104
64
24
24172
49
23995
191
65
128
29870
25821
16364
104
1079
955
42229
3
478
961
85318
3306
48
110492
373
83504
120
37
9706
9
74
24054
902
132439
4
55
0
330
105
5
660
62708
73
373
118
34
42951
426
109
152551
62
363
67
16881
1271
385
159295
58
95904
131202
495
72124
230742
20441
22423
45211
9
0
46
25355
688
127
122
50
10
5722
6319
103561
26
23960
114
64
48
30199
0
18
28
3
50
5014
45
1
72
10
71
98
0
42490
461
212
60
24
1
83
268
119
139107
5788
10
268
0
282
67985
83862
53
394
22
145960
190
31
216
42429
189
68167
23
156211
346
9
5
1968
42380
3
902
24
24106
7
0
93501
5
19
42255
260
245
142
218
117
154
324
107
7727
172
3572
86
364
42278
20363
25860
507
150
31
4
42280
3
23
144447
23
0
108
1
947
35
42430
0
513
114
1
101094
66796
159
172
212
224
383
38
7
312
42923
43164
1580
147120
1519
35
13
1627
152951
24066
81
83
23
232
69
19
3
866
229
34324
95
439
0
532
9719
79
19292
190
25198
123
766
53
131
0
4664
19683
130830
291
2
123
119
39
1195
68
429
101
2746
71631
66178
25263
5354
124496
54
65
148
84654
61
37911
55967
1792
214
80
6231
158
187
6890
41358
634
9674
1493
0
97
1100
67845
0
26237
200
1
68427
308
457
163
96
756
182
10
6
109888
42086
62
36
666
630
10
827
85428
5
42629
23957
66
121
3
60
135944
224
24019
34
132864
107
1
14997
0
1454
86516
66
24940
3
42403
23
1
6046
39579
5880
441
37563
294
51
80438
87
38542
1616
3079
2226
41088
49
64328
135
94009
232
127
2
1
59
235
26664
1400
144
10125
16
870
1
58
197
609
153973
5
332
210
15
42567
17
178
440
20347
68
70
322
8
11
18
59
2
54
19
52
32
40
152709
4
104
11
14
79
29074
45
24294
20084
142
10498
9468
56
129
12405
179
69099
108527
371
1
2
67996
73
0
0
42266
1
8
99
65
6
2964
133
68519
158
71
43
147166
8831
40
132
152
1
24989
23968
349
25569
24091
15533
24182
27
262
149
114
1
2
29
70
25240
162
305
152023
131
68125
352
333
28070
1
11
278
53
0
48
44
24203
82
520
64
409
112
8
24
9
42510
0
24245
96
0
2
9
116
39
0
353
31
15581
42574
150
20
42295
15
126568
367
0
0
184
5
0
76
0
141
1053
84200
4521
262
2
48
54
45
265
0
26867
273
43
91
180
302
67746
24264
298
366
1
0
152265
21
2
0
9
125
304
143
35499
42
713
66009
364
9547
21537
0
6989
0
64
292
14
24
63
49
0
27
3
78177
285
129
76
18977
1369
43
41958
135126
29664
9
17
15813
40855
281
288
68678
41
68008
80
440
42248
74
152584
127
55402
172
21
94
322
577
2
42444
89
1252
116
9451
58
42487
42345
32436
382
24191
103
57548
1807
767
327
93484
3282
40738
918
1111
205
29885
20
1
2
0
2
7
507
117
103
40
35
3081
137
39
97
6
106
0
28
294
14
2
0
16
104
26396
136
110815
1
229
42305
474
47
42274
10
6
32
0
163
5
23
0
3
0
0
0
23697
0
24694
209
6
0
67424
2
153
47
34088
25
926
56
324
1
2
1
129
180
285
9578
132
8
10
47
127
134
216
14
169
7
309
85
44
18
68
52
39
10
98
405
251
139
602
321
51
122
3257
46
0
110
34
30
50
363
5
6751
24095
13199
9
3
861
119
42253
16
1
42199
196
3
235
68817
567
187
72
108551
41144
205
114
152187
334
57
1
23
24065
0
0
41
1
68396
115
129
114462
37
2
24265
104
43
439
1
41222
65503
328
43
129
106423
93
3
179
8
0
1460
127888
519
68742
18
4566
2
131
2
34
70
829
46
795
55
42
86
14
42200
35
0
9585
20441
53
267
20
8
175
120871
377
22313
82
96
109290
18
0
3
71
184
2
85
131
136654
50
1
106077
95
25002
68494
256
321
667
289
11679
42286
3
1
522
101384
549
6
81
0
24018
39
529
525
25628
1
156124
418
1170
103
4005
2
53319
7
36
0
42475
77
167
83670
392
85065
65
66921
50
120
186
5999
24851
75
685
24
72
35
10148
2
0
37
20779
0
55
18
320
70
123
1
108958
71
0
62
103
119
38
158
344
159
80
91
422
9
41
507
7
181
0
0
55
24117
6
71
72
145
263
148
67747
2
122
35460
10
6970
0
18
126
1425
59
16
133
5
152699
444
89
9492
211
84
338
31017
0
4
109
135
43
4
43529
0
42
171
6
34
17
39
515
1
124
8
60
7
31
321
390
22
9
28
0
894
42073
291
108584
326
0
1
1
0
41100
106195
85
519
4687
6
58
5
1
22
603
43
71
266
1
68702
4156
101696
185
50
30617
802
20
90
1
5878
124
2
329
9
15
72
5
9
347
0
73
2
1
17
40
246
30
24
42355
157
18
124
318
30
307
0
421
156
29
140
78371
137
5668
348
72
24
41
41622
62
137
6866
862
424
14
17
45
5
1662
166
16
5
975
1307
2471
164
56
2
136
324
18
78167
12
407
588
5613
4
913
37
0
0
53
471
140
203
128
316
68
41729
1255
258
67470
11
38594
81802
61
480
205
55
89
5664
10
25054
90
43
35
106
829
9
635
1
67864
80
18101
126
19
31611
138
39
7
243
3
24278
82694
60953
61
1
0
2938
805
0
24886
145028
163
206323
68253
5009
7244
821
14566
9
2
12
128
48
954
5
324
24335
45
0
2
1
85
9
65
0
0
83
1
63
44
136
9
24997
94
82388
137762
216
1
74
241
10
24078
83623
54
18
125
150
2
188
134
118
10
248
9
60
197
9439
42463
12
5668
23812
190
14670
149880
58683
9143
7118
115
339
68559
152010
9904
95
1170
53
38
1
868
39466
83
133
68280
55
94000
1
437
105
1018
102
110
505
23114
958
1497
461
77093
12
24020
37
238577
162
366
4552
51
257
5661
43
34
25
0
68070
44839
10
342
268
81693
25055
85411
51577
86594
54
6
1
42594
4
47
8
1702
9441
80
0
57008
49
853
2
90
2
0
0
464
9
59
24092
93
453
73
697
94
75
198967
1267
90
1
58
2
140
78
58
106
1094
18007
126
2
115
3
109
155
187
14
799
74
31397
1049
10
239
104
9
160
253
189
412
12
61849
5553
24048
142
1
258
81
435
0
893
9
36
24208
175
71
35376
84542
251
3524
42717
172
60384
253
89
0
42788
97
108
0
1
2
42558
265
109835
5
55
240
20
2877
6339
35643
10786
1219
62
919
67620
102
100
38989
2629
60
145214
23051
976
838
63
274
974
43820
149362
118396
411
246014
15295
1113
93395
109267
7778
68771
256
54503
30064
181
131524
5941
65429
1043
398
592
11857
6493
5615
81245
80880
3682
188190
32322
12479
18183
1760
43
39
22247
13
117
71527
10157
120303
89
2
9
619
112
62296
148
3063
5
1
55
4
9450
26
25658
1594
2
89
65
903
24127
76
74
74
7
874
41658
83
55
18
48
36
11
61
12
71
0
122
36
58696
36
76
31034
4923
84525
30987
1488
78517
191
8
56
221
0
11
13
23962
325
7
67
128
0
41
0
284
706
45
8
69
3
28365
10
1583
2509
356
64
37
4403
192
0
49
2
176830
21
5
2
161
22
6
3
58317
347
8
24253
178
322
137654
4506
148
72
46
16
8
42431
42506
0
34
14
418
64
56
80
97
61
232
1
44
26074
24042
310
115
42433
83892
0
13
0
42577
5
54
2
80
0
400
8
180
19
201
0
456
69032
8
129
1039
1
151794
63
164
2
22
11
101
134
0
1
0
7
233
411
6
157
68177
8
138432
12
71
24521
38
44
5754
1
75
40
5715
0
104
1504
66875
155
9566
0
57
0
32
293
42442
26
1
3
68020
19
5682
19
78100
5862
6
9830
145
23024
128
339
101
95
42442
5703
15095
4
295783
79
379
1
24
28611
57079
271
68
278
8589
184
9
74296
107
11073
55
76
42592
116
44
430
23
90
133788
3655
11
716
7
1
109666
152263
228225
484
4831
9416
166
659
40
348
125
1
1087
9
25019
0
157
88
27
1836
111
22805
5277
14
42664
70
1114
126287
1
67
660
24043
839
38995
51
42
86
25
24159
3
82
63
184
68049
636
50
17
43
18501
1
80
34
220917
151
233
99
3
13
278
1634
113
479
72
42293
848
25976
296
33
6250
823
80
5
416
83327
236
144
88
71
32395
38
3213
233
23229
64171
6365
143
456
1114
2047
828
90
2950
4744
10
75
29719
107751
9922
10304
129773
70872
24848
224
61
102
201
3456
158
24017
40
68513
229
24683
109
69664
152364
86079
377
42263
3
65677
42203
47626
80
281
639
836
11772
27123
1826
67597
1826
232
27904
19
113
359
231
291
51
65
109567
78
0
21
19714
3
42572
12
22
584
42128
71
430
280
42303
68216
32888
3
4
144012
68172
42540
42520
2336
36
28
2
65
10
72
358
472
0
2
44
466
69
70
6703
91883
6
6
5692
25291
1284
89249
83853
157
44357
150
50729
95
314
14494
42200
148742
22397
189
77
4
24000
30505
5
1
93
250
100570
56
205
123337
271
108994
31
4
7
89
79
440
12
216
10
144790
141
118
238
267
42783
150412
1659
62
71
10194
152
19403
50
277
92
5
67153
1306
142
24743
499
32263
777
24980
135
108
66824
354
1201
42288
1390
133489
14
1620
6
38045
79444
4747
64453
69213
39
1449
58
152586
322
21
5
0
26
5
14
12406
9472
643
67998
0
1
3159
149859
223
74460
39433
221
111
91
92081
316
17
315
131
42571
91
358
9883
42550
184
2
1517
1
27423
450
24471
152281
1
335
66305
22003
31
26
9854
86
164680
41881
136674
42825
55936
19
1217
193
24889
6447
58017
919
2
2
78
119
283
15
69701
170
97
5
0
0
708
20
80
331
9931
49
76
222
6
110
333
218
23
7086
37499
72
78
1119
49
152174
14
68437
17928
24755
66103
409
39
1687
0
68
727
11
20775
43
129
2
0
266
2
130
7960
220
44
108
132532
4222
53889
50
730
462
18996
61
20500
403
109604
0
660
495
170
77
121
68142
42554
224
166
9730
31244
135
1197
40
39
26
21
928
38
1
147636
1
456
1
1652
5003
93
22
0
58
269
172
303
465
77730
59
6638
358
1785
4685
65
76381
5761
913
479
41187
66877
118200
63
25151
34
364
93
231
66357
12
16
129419
420
65
24057
8
48
90
25106
58334
138
83554
122
121
9512
845
197207
56
10993
187
1096
38298
151
254
78510
108300
1912
50
54
81983
140690
5
11156
855
23
318
15
0
252
193
764
117
45
1093
0
258
29796
143
938
17
51
427
42473
1
88
231
51978
68529
85
124
43083
83955
150621
24994
5037
550
719
181
12881
71
68411
67
44018
9
1591
190
0
42551
57
130
53846
114521
457
206
374
8
1002
14
2479
4824
10
73875
95
203
163
6
42518
348
7
26271
42541
275
45
9
19
69425
152808
0
1
266
68188
24113
40
5673
126
193
23
46
277
9604
71
42514
272
167
147
4
284
47
28
109619
277
762
6
25110
0
166
126599
24295
25
1
246
0
168
284
300
26743
5782
83470
283
13903
70586
2913
4733
146382
86573
319
52
696
2517
107638
28854
11904
425
171
104879
19839
293
43129
143871
95
159
60
43
273
872
1040
89794
47
67715
5
30803
70
123390
11
402
181
42675
246
14168
45
601
48988
152
134010
558
0
140
9
9573
59
90140
68372
424
52395
332
24097
22665
85
177389
154
7257
32
69527
95
422
332
213
25409
45
68320
273
4
35
25
241
132792
507
0
139
110878
164
0
973
146854
1596
4
77720
2742
10448
53217
355
230
46
0
141609
142
124170
38734
151204
167543
306
99
1675
1
1163
51
78369
134219
630
68299
442
14
109392
2
12940
387
4
42561
221873
9
5682
11
223
59
36
913
24377
121
6235
30059
40485
1038
28870
124899
108924
120
3880
121997
629
701
132398
9592
41371
480
48305
68697
68485
26
292
67162
290
10681
213
665
147234
1512
11344
593
5842
5981
99
123
102715
42769
11785
68610
3044
270
3063
5569
13798
627
275
5322
27676
65255
10778
763
52558
15347
123129
165
56
100
20
78138
272483
189
512
148
71
124
32415
92
983
93594
33800
54685
9645
17575
235
5834
63
125349
42627
203
4
32
297
0
144
3
35
10
22128
106
0
918
1
240
83
21
78240
55
560
26422
67935
354
222116
124319
450
118
9864
91
15627
42431
94494
5781
99
1
307
16
61
0
881
3
24169
3
277
136
883
1
5696
32403
10
148
530
159
7918
29254
55719
116
108959
910
136102
2197
1920
89
33700
3817
2501
173
52244
15
53
9841
35
0
5106
65
54
11844
6
87
42634
79
0
15181
105
22
1028
6
94
93
58
149944
710
759
453
139
62760
1083
6
25
68
185
26
30
107
0
9
31
321
69
57
102
246
774
24162
2
2
42
3
73
82
87
60
0
75
25012
46
60
80
4
2
54
10
5
0
19
22067
861
40881
881
52
1
78
21
515
0
82
24
72
1028
69246
42574
40920
8
737
37
47
2
139
0
5
80
29
69
59
0
78097
24
46
145
55
1
119
12
29222
59
41
60
57
25644
294
95
24231
29
68313
109
21
287
19543
5
98
6075
110138
164017
42488
75951
16157
2
14
23072
424
9556
5417
451
164
24989
9713
2
5187
93
513
2
24
96388
90554
19
15
24153
1477
33
111386
129
18810
67134
184448
10448
170
37
6237
271
2729
35
33
0
0
186
57
2
285
22249
68113
246
36
0
32
74
14
0
56
83
0
13
0
1
88
24884
174
42271
0
5223
1
32
24094
71
14
48
8
55
103
3
337
1
123
9
1
2
96
74
951
0
16
3004
4
44
71
39
42636
32
472
156904
31903
617
179
250
76
1
119
10
50
39
111
9
147376
0
562
108
16
764
2855
5365
2653
6354
27707
42
489
27793
263
501
41170
658
876
14667
2412
0
123
0
65
236662
121
24032
4
83
47
24807
18
43199
93082
172
4662
133
2144
24998
1007
25081
65
50
75
15499
9
44
24145
9557
193
24893
2442
70
1275
21
119
179610
6
113
121
119
61
53
90
208
52024
61
37
20
5
0
4
0
140
124
595
36
9792
0
99
0
98
1
113
4
25129
0
82212
4951
229
37
197
19
268
281
5927
863
144965
332
24065
191
11450
152
16
68115
8
170
4
332
415
18
3911
250
134388
42342
25907
80
6228
51
24
7
71
367
1
39012
5731
9524
351
19
62
11
1
56
30
4
29
72
976
2
17
2
8
42471
135
11
42402
136
57
3
24359
29
11
81
78
23
77
388
149798
207
53
36
26156
34
26664
2
768
90
503
0
55
106
13
17
180
7
19420
1093
1340
41047
1024
46
181
22
77
42430
265
76
0
20
0
6
24136
127
68837
1
42261
4
68440
214
54
1
24003
11
62
262
30
2
24237
182
14
0
0
34
42505
15
0
69
88502
1
5
7
314
1
3
131
10408
20
64
5
33
0
42566
15592
161
14
207
36
42439
13
42380
101
88
163
10
586
218
18
77
0
24199
42353
6
11
2
0
24056
67920
34748
3
117
10
257
39
87
31
139
34
0
57
3
72
192
184
251
80
24065
0
50
5
160
335
146
119
68812
193
54
42384
35
8
4
36
187
68270
1
25108
874
192
333
720
20714
328
27
83819
151582
9
4684
10358
97
46
31
187
3
52
150
0
100
13
2
0
4
54
74
9
26
42
0
0
27
4
335
0
16
2
32
134
21976
26536
2
5
285
10
5
857
0
0
86
40837
832
124
31
4
249
139
161
0
302
0
355
59
72
0
4
67819
18168
3
24393
169
763
68042
171
53
367
0
8
0
4
137995
1
23
24
8
2
5
71
339
152002
13
17
665
1449
23480
409
69191
25
2
2421
43
149
42437
12
46511
88
73
4
38
136
3
550
3
71
510
220
61
6
25
59
83
41072
46
18
0
24
24
958
107
151
24140
1500
65894
138
5741
24843
65599
17820
74796
104
4
88326
629
21094
9450
104
2
59
0
10
0
71
36
7100
57
0
0
0
0
138
73
206
77960
0
292
500
16
42426
37
42
0
183
9
51
0
45
1
63
11
18
1
29
55
0
87
68051
1
26
0
15
66
9
6241
508
27866
83
78151
11
15
1462
285
76670
12
68
101
23167
5625
0
0
72
67
397
18666
34710
58
1802
86
343
15
6
22095
93
443
1272
519
65671
85
133
92718
67026
142
458
160
97071
156
64
72
3
93
54
8
42472
37
345
39
15225
6167
110
311
74589
24101
58
207
72
5
66
145201
150690
410
5754
68555
414
104
1078
55
39572
69246
152759
23
79093
0
76
68
42434
14
1104
180069
66415
9834
10126
56302
48614
76
145
5
61
150
319
74
152126
145
68305
65
21092
243
8285
54485
414
317
174
87
9592
134
5
8
5231
60
770
7730
857
107048
8
377
93
107
25325
10310
219
1583
253
1
9457
140
234
0
3
42484
184
42535
5029
102
1208
42561
9
110
592
80
120
12
279
24132
49
9492
81
62
60
24183
126489
338
157
12960
191127
74236
1916
42193
35477
362
721
32653
151
378
243
8
24746
24090
237
621
1438
3
64
92
1
361
7
57226
70739
255
151913
6
173
152805
876
126
24522
186391
137
47430
67202
10488
77669
5797
162395
3236
11098
15687
41603
9331
10043
168
24160
139
43286
125
98
824
77
856
69390
37
27671
171
2
24452
6491
450
30213
568
2781
14
76
1
1
9
988
82
80
12
0
14
1
71
8
25011
83
0
17
0
533
193
22
560
2
115
0
43
38
125
341
6
144
35
23505
55
136
212
67951
10
207
373
2780
186
22709
57
81
1
318
5084
44
0
2
31
83
24
125559
381
81
10
283
8
876
246
232
1
126578
8
0
27
7
5
864
96
370
11
25
44
53
533
88
3
24047
50
5
5
0
8
833
0
320
39124
15
0
76
13
41
154
23
73
25087
26296
45
1
224
127
101
0
68744
84573
1
15
24203
6
4757
315
9875
2
118
16
42285
65
94
2
477
6
108
41
240
24028
245
42347
0
68284
10
21125
10661
36
37
11
56
8
0
31
5
22
0
12
84
4
65
18473
89
1
0
3
17
41
341
2497
1
47
32
93
1
22
24885
5847
116457
79296
1
0
160
0
184
200
7
49
1
50
1
49
68
5
3
23432
0
72
492
5
1234
24527
326
20
91
61
25157
52
525
1
33
63
1
152861
475
14
1
67093
10
75
83
41564
0
798
84
199
63
42427
131
24070
24282
1282
42855
33634
372
635
10
18
64
822
11516
702
432
568
66464
48
90794
892
31484
50
76
77
85
583
8
0
115
213
282
37
198
24
83266
233
121
326
888
7
3
57
2
579
41
159
7
311
65
9655
97
40
92
486
31987
9
1
2
38
52
2509
114
6683
2
206
0
46
482
187
23560
490
149868
137
106
41703
23704
739
824
5598
427
63
90
50
153
903
316
27
201
780
8
6045
447
3373
1347
449
98
809
5411
57
789
