1557149
1783692
2187473
1712372
1171100
1162285
2127089
1709196
1977494
2254491
2041732
1783714
1068897
1069895
1569382
825403
1129556
1161164
2191127
647022
1184994
844860
1386191
1582123
1548960
1517827
2802069
1423990
1199634
1077626
2372199
1155505
2472827
1611992
2334279
1708424
2194865
2097421
2830559
1623402
2594215
2851142
3410832
2018653
2289051
588207
2294306
1109541
2091367
1620021
1204178
472686
583901
902890
958004
896803
2020789
2134859
2634446
1068797
838489
609950
1635417
1473951
