9344
41219
12722
0
397
612877
805
220
253
22980
3938
3734
0
3832
65
0
8
61
337
4749
169108
19253
1145883
1814
2307
1577
1266
15
0
1884
5600
548
1488
429
9324
0
356
170130
715
35793
867
3585
198245
2029
123
14556
5022
1410
1
605
1
0
200796
4002
1754
499
1055
828
2005
3490
2
0
3
1
1855
0
1600
1
16
28559
0
0
16
0
356
1
0
2
4119
476487
269
0
0
168505
314
17617
2617
788655
433153
10880
706256
17551
1698
291
996
830531
16
0
832631
769
750
15849
798575
32334
1276
9
614
12
1
0
0
15
0
136
7
0
5190
2618
737815
156734
28
97
5701
0
1774
259
211
4388
1412
795636
13
2
40887
188212
627
4
41947
9319
88
1
11
2
0
0
1455
0
651
360
176377
2287
630073
6975
73921
1091
201
218
307
3258
197026
487
359
0
476385
5649
34703
35
6244
22594
892
185545
4222
15298
1389
20
970230
246
0
60
41117
0
1044475
798107
427408
4102
2367
2993
2566
7
9
10
54091
103
0
0
35
0
1921
217
318636
3
2
0
0
0
0
0
1
34
0
15581
258253
203925
13822
691956
36
2575
0
938464
0
18788
1
53206
394
0
3919
109
520007
352
3
7819
193
455888
228236
159189
2209
496521
17
236228
55
3649
0
0
1324
0
4
0
5
0
93
518
17
0
2
28
687
17
418697
700491
207949
1870
64
14804
34871
148212
433
8
5405
57
718
121
793648
93
0
916745
12551
68275
125851
27703
210667
19
121
367
47
712720
0
645
0
1
213
2
688737
15
884
1
9475
0
1713
888
1541
797010
34790
0
1433
0
5
15730
0
86552
916
650603
3853
41872
148097
72003
1585
447
0
738
475767
884
32
0
19093
269
0
497
43110
1655
41745
477013
696802
406
0
316
84247
167675
45
79
2273
1235
13024
3695
48486
15641
25502
1238
1437
2839
13200
13942
1965
761893
635
0
1229
430612
313
185965
197997
146
798652
0
1510
7464
469
29
65769
8008
3
2233
281
1
171
0
576
3
17
972
315088
23
795754
20550
13729
1834
1711
0
25091
0
13
7534
83429
0
66220
799523
2
4608
3
759
6
0
171
0
1151
12572
311
568
15627
3392
800377
28
0
8
40974
3
31917
8
201
2
1567
6
22
552272
0
845
821
1362
28
74
9342
12
21453
11567
471167
682
37
860
374932
763
47
14
218
711550
10
45
32
299809
8751
610
0
17
9
0
1836
37
35
0
1
0
0
94
8
0
0
0
16
1647
20380
17025
11422
27
1462
288
938073
230719
90341
579
402633
110
2646
1142
0
16
12
0
56604
796983
365339
0
5651
53
7866
15648
5
0
306
0
0
1482
294
0
124
82
51
0
71
58
1
120
7
4304
2
88
527
1495
240
820
501
795639
16669
2019
44
34464
1459
39283
1203
1037
247358
0
36
4770
529072
0
0
342
187705
1472
2
849
304
8777
1
0
610438
5
479
2219
379
793867
34
3524
149031
11093
135
1471
524852
8512
113
6
162806
29008
0
86050
166124
1
43440
2
11
0
1638
599
499154
788106
40922
1
6675
82
1153
36236
81
5038
100
4
489184
18
13352
2151
509
136
128
365
103688
215248
177896
0
3348
2433
378
122
1830
3215
1455
455746
87880
87807
11372
63
34241
1123
122803
16
42067
10948
799469
0
75943
0
483
35
6030
644
167
264
1291
147450
456953
7402
31078
853
21
2
799474
3263
305
11239
162700
32781
474
10986
38
470039
1568
25
793502
5260
0
0
13376
102
562882
1262
1437
41381
5663
16
948
10
33862
0
1097
0
35
1314
0
480635
27
6
6958
284
677
4
168779
21592
1521
90
5065
20
14431
872
94
350108
417
7101
405
8828
119
2129
5963
449812
265
7435
279
44
177227
93
1380
208281
185495
483859
1643806
591
112
0
9181
37
940
10326
37
492283
34779
871
60
0
29
34309
10085
0
0
903
0
0
450369
13
849
597752
6805
785267
436512
103
707
51303
421605
2305
26187
0
441071
383
11
169403
4911
12
175
43121
2986
985
1982
32
61192
1806
0
0
7
7
0
476268
3
8
14
40916
285095
0
1628
226064
226506
1819
984
635
26466
985
182968
13735
1451
1295
0
78
1
12
0
39
0
112
0
24
5
0
933
15735
89545
0
11
292
152534
678
343
188
85324
313214
0
0
6433
0
2
0
148473
0
0
4384
0
24
13350
215
13405
3864
0
0
295
79
0
85981
0
0
0
0
0
571
8
5
1
0
77
0
34
1
11
0
0
906
8
36
0
15607
277369
149637
0
12
27
203920
798974
14685
480712
8227
928
5764
609531
13174
1570
72664
34
4
0
42
41767
161287
1298
5212
0
0
2
0
450550
3276
406003
477415
1669
621
58753
17
434081
5
17683
1499
82
0
41917
0
19272
498
39
36012
2
3
0
395
179215
0
4
337
10354
3917
612254
0
570
229015
265048
5130
40988
481138
0
842
0
0
334
1700
295
5
2
16
840
321619
109607
34
7246
202
719
43
84969
0
458461
3
5978
44909
1593
665965
16
562791
77500
612214
74205
2677
2700
16859
192602
469178
36185
184233
11
746
370
5
13774
69173
221538
16625
7350
40
2059
2
0
27
805291
1497
97
0
50940
0
0
0
0
0
1299
0
40917
48050
72
0
1
40443
0
1
6221
4862
0
0
0
0
0
0
8
5
3
169639
1
0
93
0
475970
0
2439
13
0
1229
10800
2
17984
480315
168173
0
881
21
95
3
162571
163
49
0
1
444
882
822
2251
330
3174
5
49
0
42718
391353
5321
3798
3151
694919
1941
7148
9350
3725
198128
3088
3
198551
2487
0
0
1160
0
55
0
785657
13471
14882
356701
32817
303
0
0
889376
112
19
0
187227
235
0
1398
627694
36605
335
3933
19158
5110
1739
93
593438
45
0
34
937
0
0
3824
177187
0
683
483352
7896
790245
1337
93
0
0
0
425123
0
1
4
68362
330753
713296
0
87
7364
6686
12
5
0
68257
0
0
35536
43180
86834
273
567
26008
1845
511
189644
15638
0
11
0
18
23
26697
0
32942
0
12572
2955
0
98
49
0
588
21448
472688
26875
711855
7
16
0
0
0
15607
0
453247
245649
0
0
0
0
0
0
36
3
1057
17096
40815
251199
4772
321
31
634
502011
5051
535034
161462
0
43251
1125
6717
41627
489200
591
320691
322
2
1082
863
18866
74850
6752
1
8120
799470
5
3
0
0
74185
506
15
481901
35
3957
2391
85696
1686
1896
96
208174
796630
0
0
34780
5
0
1083
1441
486
426926
5691
972
622
0
0
286267
5808
540
196533
5
116
29
18989
0
0
53
27
3776
13183
6
85981
571
5
0
913
9
368
810435
481820
5476
4
204644
0
3254
597
2
41147
1124
3
0
179795
4197
2096
1
277
417149
186
86534
6633
1093242
78940
198870
410
2398
24
3129
51037
0
6674
1
6218
0
0
170188
475767
730
493
0
162624
300
886
3173
12877
4
3359
1300
0
548
0
1414
2
453960
19090
0
0
177719
480811
0
426126
16
0
0
0
487
0
11
33193
43
9313
12
16
1659
0
1
42768
0
483381
6738
703289
1914
86715
3
38
483209
89157
207724
9
384
5694
196
188822
0
0
0
11437
41280
0
402
24019
0
81837
2774
1
170415
0
393
15235
564
980
1262
418983
1
76
17
1038
1470
1469
200
185704
99
14504
318
306
7951
22
17151
783
85751
2908
110581
517
7931
5258
60848
1071
610
241
553468
25740
0
41
785
317565
370
3511
143
5432
4960
261615
1575
467322
163061
51903
10
7696
1232
13325
735
0
3193
14567
287
319
80
1507
1349
897261
196446
814563
4125
1671
0
23900
36
0
0
0
0
1
12
1229
27
2
432231
0
9
323484
588
2
0
0
176853
4592
124
656298
0
110550
198
1
146
147
5
107031
0
698704
415297
0
4909
0
537
7760
254354
91546
7222
81840
79852
705147
0
475758
1160
85161
1
161740
1
1654
1120
126508
0
604
363
0
7969
16
19
7818
5334
40922
0
149504
1446
949
802
18113
0
4
848
0
6966
590
93
0
10
0
261
0
6
5
3245
0
290
1283
17016
1
0
161564
12
16
1429
4
317
2729
6
34938
5
76
12873
759045
2248
430
1033
74053
11
63753
1276472
476544
362143
0
265
711939
6
660688
3762
64
881053
4029
1266
7720
776
1651
9761
4263
693
15
1110
0
43
797841
32845
484481
17214
0
378818
0
717
274
2
14
5
7515
67114
0
176
0
0
0
83428
1103
10794
395765
1
36372
25
33081
3
2122
38833
799470
116
2164
1357
3523
648779
4608
2768
939
2
2
67652
292
0
726
153
430254
1538
5
8522
3064
7910
0
8
914
0
2248
1118691
927
6
1
1414
588
0
45229
0
73177
400666
3164
0
12568
0
275
8
29
0
10
3612
172341
301
90
15332
1240
3279
151577
2573
2035
0
1057734
0
659353
1297
5
0
28
0
136626
3
880
312036
74882
270
588
0
40891
290
516867
0
1
0
2
147
163
31362
2
0
14
202
0
1
88214
9098
1732
347799
25
18
1
46459
1919
1252
789781
53912
0
604448
365
192411
1093
40
22
0
10417
85672
3
460952
548
0
0
2
495
34
887
8
477786
7474
30231
1798
226
249732
2
477
132071
9024
151076
133412
1209
9329
1964
5654
7525
559413
1
84872
10
177
198
79552
1048930
9
19463
7615
10922
12
0
260
2234
476293
425
544915
1058
151
858
659
86156
14
41
433350
176
1
998
0
348500
158794
799730
24239
498
906
16
7
1583
0
0
3260
963
203
0
15580
419966
1370
870738
135
35
3
2
711331
1769
578
32
0
36
796406
15
3451
0
28
84
7
285
441265
2
23127
16
0
8799
0
9
871
2505
54
7696
936
1077
889
0
26918
101
98
81746
885
208767
800
0
453543
39975
93
793661
718911
100
151004
1311
12
0
467
21
109
1488
35
0
802
0
0
1131
85
166389
0
188
69
311
93
48
3
8
631
505953
28292
44287
1291
0
0
0
8
8
827
6907
54
482
0
0
13979
84
0
5
4
8801
34
9
0
1451
0
453
0
20390
0
3
290720
21445
0
3618
459
2
0
4565
9016
26
3
3
26
0
0
5
1452
0
25
497
16167
450722
481750
2327
22
72777
155206
1739
296
90236
2
1418
0
343
431
799705
16587
249820
0
152761
58
0
34
0
112
196207
1454
5067
0
2219
30
807
351
44485
0
644
302
151475
643
17
0
1474
1
120
0
0
349
41
0
859020
28628
31472
486686
5671
1466
789756
94
114027
0
36792
361123
0
0
5
0
159043
0
10873
301
8541
85
137
12818
316
1097985
27341
86154
10
597
15642
1672
18
411
5
14
0
1028
614576
56
289
0
201
74857
3
32820
0
64
64123
25
1721
0
1313
795669
480779
168
1
0
0
657319
84
5637
315014
41431
124
80580
14
3
9253
2334
0
0
28
0
727644
0
0
12645
6
0
0
711274
33
179148
3762
0
261
0
71
314
16044
1
231166
551755
88051
6548
117
2273
1223
764
983
465163
1287
24
3198
9
3704
1593
92
9044
210
468
726
10891
4396
68
1203
15581
56
175
1490
117905
2370
11770
611
1726
3809
5
1879
33
13
475805
0
1554
186
795059
0
16761
341
0
2
15446
98
6006
795569
1497
853
2
84
11982
35078
166153
449497
40082
2367
788530
42502
874483
2467
1323
0
325468
1
35
276992
84406
486000
44283
2
4672
7
238901
1198
9
531
733
692145
163033
337
834
4765
1
0
645
153552
0
690631
36046
102282
696647
1082
902
0
2151
7523
0
794
63114
3059
426
0
187671
35
0
4
183
228537
1471
350
83430
1
3
467
309
353
40961
282
0
35
21251
22
348555
10
8795
10
1086
0
8
18271
10655
72978
3349
0
1215840
23559
22
2
0
3
10
69
2354
35958
464
488134
1182
9275
609804
516
1350
99
30832
252128
0
1288339
40997
46
24
14817
7
7180
3270
2624
34591
82993
799471
217
148963
458032
19
11357
481024
794805
13933
2315
453
306
0
1016
1532
3346
76676
10431
441153
177
179010
543519
8796
10810
22
4683
0
3455
72
52598
11802
162768
1164
63562
7
90
40916
2547
27692
3430
79
0
0
100
67891
86067
6380
148446
660
17651
296
0
0
0
1
0
65
174684
12
1
150
0
3
2
407589
60792
429306
280
1535
4
179505
450110
266283
813
952
33
8910
7846
280
483721
5
17484
187021
707
434
9355
786201
0
0
40935
0
5145
0
8
1
203
2492
508699
169849
74
10
1904
22
111
6574
1746
1512
1183
798643
355498
653582
187194
36928
5554
117
220
401
7924
0
0
1654
184
0
44716
1463
0
23
25805
2648
3
485806
0
696435
0
37
396
957
14535
44455
2575
40
4295
8136
72940
1820
893
168
0
428784
144
0
63
3217
3783
5
384
62
0
0
1244
115760
797962
396
43979
5816
739
164757
1205
1422
453431
177420
17
0
813
4
342
312993
10451
5670
0
52704
1
2069
4527
5
592
102
60
102588
3354
292169
9
1077
4887
165240
1196
3127
913
483790
96
0
0
1449
98
202
568120
1
2558
494
97687
858324
85275
6014
8927
18
5638
150431
3764
6927
0
63
3423
0
930
35395
457704
443
9056
482216
720487
2157
12254
1168
833310
382759
7
18
0
19
2956
39687
654521
3510
68009
990
19511
623
798059
1415
0
3165
1
9
0
0
822
5
215
75146
0
1
0
204
26
25
1472
134790
35
22
0
40
6438
5
75047
6754
167
325
342409
155
74749
29
196
154
0
263
3222
15614
356943
0
14
35
0
147459
0
257
2303
74
41034
454411
1513894
279
682
0
88
645
0
541213
0
850
0
0
34
139
27
0
2300
4
0
0
0
39
2
799471
0
34
3410
0
428
184
649
39
841768
0
115188
0
160993
8659
445150
8
2
614627
0
32585
22
14
451
0
80605
11240
913
12645
20219
0
0
1210
2
461866
40
8957
1775
1303
86950
1024
477215
3
685
15482
36
2218
794755
5839
36
505693
1
1758
1518
343
183787
907
0
3
35
14
83801
41224
21754
171
10
94559
49882
0
1468
575615
37
0
12736
4078
81921
458036
809469
32
3454
1695
11198
64166
65666
43187
7
6090
664
0
133068
0
471170
2
716460
684
184847
656
13
0
672541
1199
1414
1063
39753
29
5
0
2
695148
1408
12292
803
0
5
0
0
38
29
53
10766
0
620
94096
138
466180
2
0
81762
147
5100
0
458313
735544
26
26
1
688
3155
10
32
1
1021
20
80405
173
52
0
2
276
760
711738
1
0
173
0
35
34
200
425424
953
613347
0
93309
21068
823
970
482869
3377
2135
150601
36
124936
94600
6650
15565
16567
67606
429
1886
716610
1194
7335
681953
13411
0
384
1555
157
248746
45
10
368
46
698590
202
259092
93404
9405
356735
2466
678435
18943
4755
190
20608
184717
1790
14796
9042
345
155400
6652
26484
1669
1354
185
152
91283
78
2342
74610
10111
18616
5703
38
787227
196
513108
85282
27
7680
4444
165
749961
14
0
35
878
263
7488
34
85019
42
5
0
267262
171
396
772
6
243
6
93
1547
1383
554057
1014
0
79489
73408
209503
349071
881792
2376
5065
313489
483114
15672
485995
552210
6377
831015
314810
15986
307
7460
5
800920
10351
1586
0
222
4
1
2
2011
518607
563
183989
1500
237
84198
1639
4
1317
45
1869
31150
10285
474428
115
1
3095
403
1397
35
486683
545016
41
249847
216190
550803
596
862
8
564
0
858
0
7
59
694
0
0
0
4
0
86154
892
0
245
43
33353
5399
164610
4874
7490
16
432941
0
2
0
85195
0
0
0
42
889
0
13
827
176
5
4
0
0
0
201737
90514
769730
3819
138797
0
28822
168
17
799870
119
1084
100
595131
27163
42
406
6
75877
4
317
15548
770943
1022
750
6118
418890
9009
841
101
73747
476865
2071
275
1463
3
1
0
212577
50763
392706
1165
4102
576315
6372
799471
796401
43
26035
32
2
24
79582
0
35
5
421
511018
28
166
864
15552
226058
437
8322
51
402180
351588
871531
2
0
181030
799822
3645
73827
912
4234
47
8229
5740
1
96
69
314115
42300
1358
3
483627
14
0
44
18586
711134
5
486056
914
42
228
554562
2450
490
6215
21
13
44981
19805
768783
58423
0
85246
315811
1378
0
16005
34
0
0
0
796865
0
6327
715
176
10
7
3
78031
144
1461
16
799439
4
894
485182
0
91
3
107
4
1576
1
8
7
814
35
438
14
26
2755
470086
5158
822
541
0
283358
12
13768
43268
838
1
0
2354
4
1255
49762
773401
8054
3417
1288
4215
1002954
15226
495
184322
3083
1299
1455
1014
23
1
8
1117
528
152
82922
3894
4371
25009
0
411
2241
42
10678
172489
8539
31
412
14433
912
503
151
62783
427
2858
0
3007
1028
1
1659
28318
23
1
119
2884
10069
22740
474432
78
1
13
141
3
16
62
8
40777
40951
11
633
7243
3112
453
28151
831
392
179759
0
796595
437
51490
0
35
0
0
0
444358
480660
8249
39980
450796
94180
44
32
0
101
0
211110
34943
4063
794013
929694
15745
119
1
535631
3001
103481
181
0
595
149841
0
19125
9059
1166726
0
2263
2
276
175
136
1301
85723
65860
805
279
86579
708
0
7547
5802
0
110
1031
5
2
169
553182
1050
844
35
716
145
306504
0
694
89
0
0
2
0
802
0
6142
168
289
0
0
0
0
559
0
1
1775
85
0
0
3
252470
147977
102
554
37
798
61
0
0
93
95
0
124
15
211
4438
321
0
31
0
31886
13
273
24
5364
144
54116
30
0
48
0
163862
147
17830
441
21
7452
0
4255
291
499137
867
0
910
14
430772
761
28414
3514
42146
312
0
476181
2
393643
1589
0
7
0
0
85204
85478
503
0
0
0
0
73
0
0
8
77
4
0
0
3265
11
816
41
2347
0
845
0
6918
571
54
0
51
21
229474
58
731
5
0
0
825
129
142
3
45
0
85915
26
13839
0
0
41334
40515
0
0
0
3
0
13
34
21
135
158
812
17
12654
155
1465
196374
0
37
0
90511
0
175967
9
593428
34
3818
907
0
116
203069
1421
5
248
4
0
0
1791
12577
13391
13433
0
15775
0
0
272474
4799
17245
495
147528
323
5
799470
0
2
120
0
0
3019
17
293513
8249
100
13209
0
799015
0
0
0
14628
317959
498894
2344
13732
8
493
953
1205
2
0
479913
8211
0
7
0
491330
460
71413
8
3562
1
12593
1300
13294
412105
1293
182722
11701
8010
20403
137033
1426
311381
267723
458383
7543
368
137
113570
33
0
0
749
6112
3
0
9
416267
95
5663
2
9039
0
1450
1
40999
0
1595
13
101
0
26
161287
500
1291
25
73726
477042
13828
2495
5705
803
1
451327
588
275
67737
0
410661
1295
1361
941
177
0
161
0
326
177
0
520541
0
0
3484
86
153786
265153
0
345957
397
522831
0
1
0
342901
46596
145651
251907
1132
1
590
2
503017
221
259355
4166
560982
9
14353
0
2331
859
435770
160
799471
406
0
30
812286
6
1807
799465
88
15426
48
2568
506
24077
210260
40068
0
29
1
0
149405
19
687
44733
0
0
13871
0
8817
108
291774
8250
0
21
0
13156
22
39
35
0
5
2
35195
2259
45091
150506
930
35
509358
0
3
0
5045
0
34
17
20
0
990
393
2251
0
180031
48
0
0
15582
0
209477
203
16369
800
342
26
748
9
12141
4468
42497
3651
2
51
0
4008
0
145602
2
864496
330255
15272
68
5
854525
303
167407
800001
2159
426
148
228549
0
17
57
265017
0
0
186676
9
544
530539
255
787594
4
1381
1381
482003
425
0
118
73571
29
1595
180
5
3500
718
0
0
75
0
0
179787
99
7293
1262
38
0
5428
2044
733
5146
657743
189288
3666
1735
46325
25404
1312
977
620
1361
30394
3776
81
800730
16
455971
782
315333
52346
4331
300437
1656
19374
0
99781
788691
9210
101
850
0
482804
52676
3
118
76324
11
0
190
204
22
42
947
36108
29
18578
358143
0
5
795769
1070
0
5
2405
2
0
638
490742
452586
1177
0
916
354
2
306
1395
4449
157301
35955
0
9319
3437
5672
539780
7589
24513
693
2008
184809
481079
49
13163
9
43
16
472558
81778
14454
158
3183
74294
18
12843
2
612310
219
689
5902
71543
39933
669125
1079
184
680463
729933
26720
44160
38181
1706
1867
20087
905973
3163
182177
8208
0
345
0
554289
595
71
795791
37029
15877
15073
22
185095
2004
50
23201
11
345
237372
406
7
0
2
305
165662
1206
0
0
19
4
0
13451
118
8
69016
1429
11
551351
52
214768
3421
1595845
1
172
174
17462
3126
0
292
13312
586
1050
0
2
2735
1
1672
85873
17
152
128
74722
0
2
25
815
4
2567
0
34887
0
92127
787829
3416
1
77
3905
37
1524
299
63817
0
16
19
0
5
0
7432
2
846213
0
0
5
0
113
16
2157
0
1193139
2405
0
87228
12131
851
468489
105
90
2
168
0
1200
4
87
14
0
121
0
1
40904
0
157
16
932
1475
1390
870043
7
9
73
77
3261
2347
0
51
229806
0
147
85803
81684
3
29
1117
124
0
0
34
68359
230
12588
0
1295
0
0
5825
5
0
4649
0
0
0
481950
2759
893
148566
272124
48041
0
3
5070
0
0
1
0
830
0
101
0
466
0
0
0
0
307366
1
703530
8
5
0
11
5
0
1
164
13789
211159
12645
22
1415
7
0
1
842
35
0
0
0
0
93
0
0
798661
1648
35
745
476649
0
175
64
0
179470
104
1109
903
47884
1944
3789
776073
1470
0
0
7965
204
145
0
1000
2485
713
360
76
3601
12103
0
4219
2
2
332
744
230482
40973
770006
1020
401
481131
14954
24358
225906
167631
4
8
551611
184643
1130
3093
883
87965
152
833
4693
52
2315
119
0
1550
1
81
2359
848
1
2
20
159
166895
9
14
759
145
0
173
871
13
472701
3022
12
9
0
0
1810
4
183
400
5
34
0
87461
883
325
225
4531
12
7
3686
25
5348
1966
25146
1315
178
28
3
0
3260
9
17
9472
0
4
1667
52
707
512
11
33
462
52
