7437
155827
64877
31074
630589
11539
181150
548722
233725
2737667
81340
340895
8905
628200
990120
4651
133667
99548
813671
1533
84927
641806
104222
308310
118948
293133
423
5669
130442
1077236
671885
727292
1296659
80223
100459
232672
2276235
695416
1867301
633577
81380
1591086
5550
380689
361023
1086564
109860
1654
630962
2856262
464786
865718
16324
635520
863689
133113
1785
1049192
999885
43169
328355
801539
706185
230820
54029
148
163040
867005
3231
152321
2362
110
1274086
126
224933
1023
2
68019
3159
1532
1419
78
248189
140
485
63488
3581
728505
635618
2856
953630
96735
97140
233222
18644
147889
731911
8
22712
98228
83722
230604
66216
730594
379452
113515
1060493
212844
101497
36974
186275
870753
631698
98638
235936
32648
79174
313740
634051
1495065
1440557
244309
1831852
243949
11959
4653
727813
861599
104885
198737
1437035
1493976
688
2811
1
946572
787939
1988
1683040
1229652
163991
864596
349060
2151
910789
1579621
2199992
953502
1589339
330256
966379
267090
723994
354918
1036226
1698718
648907
36468
233745
631595
1058838
166
1349981
734320
1627602
860976
913411
636438
260709
140205
272582
1011270
859994
93350
1267765
103003
47703
644902
134250
633117
232481
123153
633072
198862
410618
192421
1695286
97724
232767
516
29508
636
1141
576
631327
827
632705
730035
332931
1897677
197
465625
49033
632709
27
1557
13310
866480
11603
2
246622
9007
633009
639092
13730
55546
2943
1030
863386
134166
4369
730
1496868
161425
445668
11593
16328
1377
500545
870062
967428
84292
126270
635580
2153099
1297174
2694
2157
1183498
30640
84734
244365
141612
96834
19542
729841
700405
3
87367
863323
824900
131
612872
226523
450445
25137
16699
705105
77192
49151
12071
349775
222302
1369
78038
404817
8741
85218
0
721
999671
3
308110
2671
1487
12095
97548
54338
863646
643
55
97535
110127
121826
1542
92522
858
632816
1065971
235017
920706
235367
2297297
2457390
5451
45276
100691
86622
88036
1193488
134917
938
1199494
13801
168
4
4
0
4559
60051
1745
643611
5
1104834
671399
83501
83237
646219
100916
231196
295
217
1188
655
541
154
292026
0
91683
1610915
691437
99345
0
630897
877280
0
9
12595
4602
2823
234
125211
692535
122608
633813
102365
316347
770
54700
1201
720137
167540
161
2
637621
632682
228109
176780
1963300
3001
106129
947732
321651
9275
99681
158
244418
85127
726232
998471
51240
2306
71
241
233204
56317
898549
2076
187492
197
708847
279030
107726
84057
848895
171309
875909
1071
381
5
1565
97116
1534
1523952
634180
852
632951
240
733198
1619
487451
75093
733357
316137
0
93436
233298
84016
150765
184964
963010
1015249
1882
193
730553
2798
560174
429
388554
1397592
4191
3640
1354
1689471
972119
16879
446610
230299
1379998
78996
1041929
102863
1432796
1478
1465941
439
39510
0
534
33021
168616
966652
109497
982143
1736894
89605
87450
5727
6021
1060652
106854
1271272
4643
4382
1098635
634635
917402
1652
1619
337
2318
1574
32620
243
409856
1378
482
320
839
653
313323
0
900
633011
232790
34675
11481
85676
907893
634319
308976
916944
1353326
976146
329574
11842
233930
443
646735
877528
1658231
199452
329405
1203
644559
132401
737600
63239
30903
633821
5694
174841
314658
224
307492
40
1260233
46
692135
237438
4093
651403
62650
408329
1262684
1545435
405765
693641
2
94257
1393771
957321
2189250
2884
2356976
146227
103532
1994143
640879
53708
40992
59407
1558
1210
5373
3174
101828
732038
340605
870704
866517
85661
90767
12363
9042
634677
725862
811206
837629
85
974975
637837
2956600
1715405
1269963
652621
963996
6
359841
231763
2743
733034
682527
15656
12797
632365
132892
882891
237894
236546
1264179
1091620
113102
1324
1718
623184
700553
255020
411396
132702
319994
863459
34828
727086
1243643
2927863
318631
1232900
174
2919
975338
963313
662
96925
976913
1491703
15987
109132
299339
84082
53
1961597
15379
99636
630486
683
348194
865038
1011763
98737
1500058
271
589291
3078
282938
1205
2987
633181
5666
2408805
2564526
1555
1732554
963400
1075808
639231
633805
246
332561
678
34397
1243
730855
326313
1591
1056
631589
48528
1738
634650
127251
818064
999024
2990597
632417
1366
732989
2040
723689
924540
3324989
81844
634952
145112
1275160
735574
100869
13660
1909365
1568
8
76376
3486
1491449
857575
322103
816952
964766
1600601
332135
1509
682464
3095766
5162
2495667
27742
65883
78498
1295442
289230
2454161
366500
1972823
269482
239547
95907
854140
352118
960965
815278
962534
469981
97251
10
79251
188422
983377
904742
447420
868476
27905
6245
903334
587810
2260383
141751
84490
962927
11705
269751
714011
466191
1816938
966366
879918
99318
1804
236310
864849
232851
5339
210
266188
97067
98135
24282
86590
67
3123
80560
632000
65854
1636
1623
295484
121565
2564703
61861
399333
130754
136844
964307
1510355
107876
895614
194922
977349
339492
1241369
31481
1267266
95747
1580743
631014
185046
58788
4986
3459
86512
3402
15
16182
42057
1079289
70300
191105
227455
106597
172460
107206
1989170
6302
144
84987
15394
1962666
4897
1373423
10694
1130445
2451894
873635
837
68557
2046
2523
644483
6
66085
99306
715765
185170
632399
63
1315441
197524
421
1267057
2997523
233554
863321
321
1956291
101226
233754
258
966702
234365
4976
645385
322058
98314
169
100391
727351
16651
0
4122
580
10
233764
13771
3209
4095
235499
31916
1277171
1243
42951
1177
967090
229772
93896
330974
1550
97
870
546
410
832
477246
267221
234485
16112
0
8578
4709
97011
275
183169
1264217
13531
3336
643510
58358
7722
997
305058
99738
232274
1
55039
1552
268
154082
328
400
636891
711928
474
1820
680
1858346
4237
278632
4680
134992
34822
64359
411
11380
4178
351
1555
407
252
62
87295
486032
3349
1361283
862385
113847
163901
731075
4828
2198299
5999
1232436
115454
162604
7202
1310996
9892
668322
636
953104
243699
2443
651278
473330
11
1753
277475
880812
671480
977137
8811
873725
1986
878894
14819
234690
1583331
97883
427
94151
5
220482
1363064
821421
631313
328429
628434
751227
2028
1937711
1206620
2372358
31107
729291
97118
41581
968267
1008142
191
1199879
232277
1
86234
69491
332
1595076
656074
156136
687884
458369
2027
118369
1613
7603
860227
1697395
1160208
117
62492
41
1500081
187056
1445
140521
112574
563
15399
635129
141417
2
1075
482336
4112
729256
49555
224591
1567
785008
438
418072
855
179
1
13200
96875
233052
501987
97170
19020
864966
15963
37
27
1367898
2146
760033
1132
867033
121889
104
321951
1323001
624436
84422
3141
457537
97275
103429
106628
457132
1666
4577
231857
660000
109887
13236
638092
