744955
1364892
3666539
1024894
1076477
1483484
742349
2524367
2226261
4082641
2085162
1950477
2230871
1102979
1920233
1736779
864724
697691
511893
98717
874294
642756
1194428
1219946
820850
1049183
3237683
1520466
721709
686982
2276489
866225
2780325
460520
2048395
1142712
3266321
2684096
2769962
913810
1712009
2968239
2718489
1531783
984253
1228532
3136871
624084
746253
1588587
253798
1069697
223735
950925
557007
786835
1039113
1278759
1524776
958261
1038915
982412
1541484
476371
324080
1354753
1279853
1188129
342969
1074363
1008569
499547
1336371
3533298
1298037
1688603
109296
171715
661239
621671
203605
843628
2115630
678445
417197
655727
724938
654630
486143
2233652
1834151
658637
1486187
243245
1525133
971639
1789898
394955
731896
389652
1515156
745356
2729881
320915
2368797
1771903
2245319
2825141
2886817
169008
2609456
1152939
1298294
1610403
855796
127538
821230
285135
377376
906095
2161519
743537
2241563
1077405
589983
1060597
1035902
1113744
3695243
1429271
4073219
3247506
631675
196760
2332192
682634
1246456
1123744
3579899
1821060
1177063
726018
1743611
537958
2259915
1096155
4646885
395688
1633308
842763
2014188
1123776
1774376
1811053
2367468
3740391
1498674
1322909
626569
693841
5099747
1021897
3348106
1184547
2180788
724218
3121743
2413971
3875080
2332266
2532571
1889317
2188280
1052386
2627415
1358618
3307788
976460
3217785
294425
628830
514290
557238
1234312
3492782
2066422
3108651
1423608
1417259
440349
1704881
734839
2056491
1698263
1348253
1539961
141595
1192663
2565581
863187
1644170
916082
2018692
528816
154289
527773
486528
1154426
825666
304104
598174
396438
932119
321230
1288983
240776
246867
229115
1787471
911241
190813
143222
1827971
1271728
2812180
1980716
1668097
1488017
1449219
1468841
1103257
505608
2729267
1389871
3152240
1001089
1759710
494006
1742363
1165933
1302230
599413
802782
837676
455129
1040162
1689748
515006
1277722
449938
1429394
1715567
502890
1224412
594028
694963
