1135474
2234470
4291823
904012
2120879
2066586
3555026
3466271
2796537
3637207
3350535
2875828
3266804
1251551
2003389
1456566
770356
2828075
794056
1607531
1606907
808340
2287964
2215414
2183373
2314660
5761628
2102021
917724
1758700
3686326
1229761
2664999
2427920
3319073
1828388
2927031
3303833
3528745
2257397
2892864
3474274
3181771
2141407
2080033
1847391
2938449
2124670
2088925
2842298
1128662
1209887
908715
1936131
1213586
1151182
2117454
2360093
2697196
1358767
2096982
731030
1908067
918096
691103
1588650
2798289
1274049
1745442
1166384
2258516
1362565
2182055
3422138
2024669
1517757
959475
488891
1890580
1168544
1242132
1772037
2307413
745964
1118940
708251
1037928
931768
1069647
3058906
2755062
756850
2640921
412052
3312741
1241632
2728356
1350327
1492893
1352234
2159830
904580
3065702
1558891
3773929
5070247
3560442
3248298
3014235
384816
3261068
1175027
2461420
2026316
1348404
705149
1955151
1354026
466427
1161740
3882324
1404255
4424911
1495360
1398527
1808901
1981409
1152659
4442925
3250332
3580485
2819896
1344845
1211974
3922600
2019393
3067836
2309395
3961050
3224533
2401057
2628351
3664530
1426625
3371808
1018484
4198269
1712433
2248291
1859024
2543712
2377977
2562158
1853960
4589490
4271997
2623361
2411816
1964801
2172440
5498964
2799790
3319059
3797889
2522957
2489795
5390488
3791368
5296561
2480833
3516755
3322774
3582123
1783978
4033989
1612026
5330771
1019674
3392782
572788
784497
1175222
1285490
1694817
4348934
2757415
3576020
1251248
1412625
639115
2300281
1835537
2315354
4149504
2006555
2992810
795384
2483717
2636923
758037
1409161
2660859
2373787
1388179
649197
844136
984826
1613593
975340
923716
1859206
446618
1102127
431027
1781358
2091706
1120271
473735
2560137
717645
364930
360545
2261428
1703628
3227754
1928276
4451700
3158027
2703675
2342875
1316737
1578463
3476580
3187258
4377955
2320024
1665920
930996
1722965
1281838
1595656
796873
1978404
1609430
562857
949632
1909827
690283
2432866
1432847
2687769
1508815
1081642
939647
1880426
1389388
