3830477
7817574
7176834
4606103
7784889
6064310
5900106
4515603
7036239
5745231
6581418
6368756
1927045
5417606
7662181
1738238
7578315
4123143
7135999
5871397
3970763
6250167
5716625
6906004
5330943
5768606
7199493
6579044
4502537
4890175
5311057
6661330
7644956
6551645
8221159
4869800
6634678
6222598
5296490
6298361
8295357
4928197
9173978
9003012
3028081
9223902
9050198
5773453
3437596
5836359
3255341
1450776
6388844
4375210
8048713
3690560
6680719
8090771
8516626
5195546
4574070
3041728
6527148
1132176
