20
130
67
8
5
446
375
162
518
352
21
48
2
10
24
120
226
1208
198
8
116
21
225
816
183
955
1024
11
31
238
325
62
897
221
70
34
61
672
759
163
66
596
13
232
5
554
25
2
11
668
48
508
0
11
1
131
5
66
1013
108
74
29
15
475
119
2
115
391
397
19
1303
510
110
0
57
44
2
0
515
22
516
4
124
0
7
20
112
9
26
522
618
9
375
345
500
52
22
383
44
194
5
499
3
523
469
1079
1422
710
145
2
824
55
0
34
21
6
8
628
69
466
639
92
1024
8
117
71
10
49
122
116
642
332
513
4
116
655
7
22
568
540
34
4
235
71
779
50
917
19
215
38
543
526
524
355
238
140
173
27
51
904
136
61
82
651
645
97
442
23
941
22
154
463
504
124
114
1
649
8
154
5
6
24
561
13
141
21
772
6
1
7
217
508
6
176
463
112
124
174
192
359
110
56
3
3
107
24
352
503
4
7
737
6
5
52
29
513
3
0
137
114
16
5
25
124
621
56
115
51
922
103
44
2
150
539
833
465
39
1
336
220
8
4
249
24
0
23
9
6
156
395
117
1
30
312
150
19
2
10
15
116
0
343
546
3
10
394
514
628
7
14
618
2
392
507
7
405
393
0
43
4
4
2
840
478
6
2
517
156
186
539
4
169
919
188
68
382
547
52
342
9
152
46
730
44
15
45
7
0
8
0
12
8
7
580
471
7
21
1
13
2
6
0
514
0
509
0
119
4
630
119
5
41
1
4
59
3
1
9
467
0
12
36
18
317
2
118
27
0
96
8
341
27
0
118
7
20
630
10
718
11
157
753
242
9
111
3
28
0
272
669
135
455
6
2
12
341
1298
390
563
2
1
473
31
10
460
834
21
0
0
125
765
42
9
219
94
2
111
54
53
46
502
6
66
531
2
42
587
8
17
112
441
544
19
6
843
0
38
162
463
137
63
1883
948
205
616
74
199
1223
281
119
378
468
150
4
174
114
0
9
326
668
1146
562
123
54
121
3
25
50
4
343
9
664
4
126
594
1
20
60
86
163
110
349
0
7
20
422
524
1
3
1
118
513
6
395
9
21
2
0
909
343
114
505
1038
508
28
419
383
51
1141
1026
937
31
7
118
334
160
434
128
114
110
6
115
486
170
156
505
23
354
17
74
6
309
83
506
769
26
676
121
1223
170
587
502
257
3
405
118
9
420
6
511
4
2
8
120
732
159
453
33
1216
373
16
885
557
29
124
525
528
24
459
1
231
345
198
520
889
404
545
1
145
524
622
129
8
371
375
562
237
26
807
412
495
156
80
5
86
31
10
877
910
142
395
3
6
50
112
993
386
536
61
23
488
9
0
615
84
60
457
325
15
93
115
604
363
125
549
8
876
436
940
109
71
47
414
130
26
331
162
1029
15
184
51
998
987
143
400
4
173
4
929
3
350
328
54
8
857
170
546
109
859
3
946
195
485
610
9
204
484
417
31
461
603
8
977
463
946
85
132
5
600
21
455
411
3
1171
571
418
697
1137
194
1251
118
151
1188
745
547
1241
30
57
543
457
910
148
200
84
490
28
1036
391
814
161
375
8
7
116
1
497
1729
19
157
74
14
109
718
139
533
791
123
570
1
182
20
9
5
498
223
9
3
5
15
106
1
110
16
3
124
6
21
5
880
28
5
0
350
8
678
143
426
1061
1731
238
26
201
19
358
71
373
922
16
33
0
152
1
52
52
342
30
108
0
7
51
121
2
885
526
55
107
516
24
126
342
88
6
959
268
21
427
108
407
115
16
821
1
541
51
3
3
2
124
128
7
175
293
3
42
600
164
8
46
365
7
5
3
19
117
326
461
199
259
121
39
338
99
114
4
40
163
109
2
109
107
371
26
4
5
24
13
8
325
110
3
555
3
8
13
7
108
10
418
3
117
48
445
502
351
3
1
3
3
3
6
120
7
1
2
2
54
2
125
153
8
511
0
536
0
361
322
202
4
56
0
367
4
13
238
433
343
137
0
48
1
349
18
0
1
23
2
0
119
175
397
691
439
122
124
30
343
156
1045
204
10
1
686
711
373
1154
334
746
665
9
679
636
0
526
394
444
10
87
399
74
164
55
16
21
358
89
326
76
463
874
146
11
450
20
4
890
1029
1254
844
786
175
128
350
451
120
404
39
32
2
117
7
25
2
441
2
330
52
341
47
574
5
19
365
53
68
3
121
3
57
9
631
285
146
107
29
3
55
111
10
69
0
4
0
120
16
0
4
876
51
0
131
91
9
254
149
15
527
398
1
4
543
119
5
368
537
399
32
3
586
12
0
367
30
76
2
429
5
515
44
4
140
308
19
25
21
