10545723
10180873
14813304
8928114
5056427
6368158
11100564
6865964
9477496
14037612
12597651
8829809
5042681
3754991
7829918
6872692
7573821
5029963
10777596
3865268
4959326
5470332
8786652
7661528
6696168
10209871
12602284
9309659
5430720
4445975
9676403
6232012
16341947
7080604
11430697
7836944
13402963
8985247
13429045
6789939
15284674
11110963
17047905
11590513
10485676
5677509
14665479
7076454
10032764
7184053
8001895
2909561
3881782
5115732
5582589
4533916
11284571
7325227
12862813
8250841
7225430
5272177
7643984
4659798
