203471
239070
227057
29153
32767
745209
29680
193964
165906
309250
386718
337432
8843
595047
148627
2947
61370
110646
18067
70715
49030
915686
735111
871223
839064
864301
59311
16809
4485
1180598
150521
199963
837807
101901
161880
38259
126167
510024
268239
286105
252787
149878
289975
949517
41105
1625081
233415
360229
15786
394689
5420
463
429480
478429
860022
320304
108970
109261
880509
248810
34089
27964
32876
11336
953078
255947
36090
904398
935731
387802
684564
22737
357156
26551
889142
26539
146187
549826
333458
63539
183968
67555
499657
92341
22494
200867
68381
787363
85367
462328
588121
144728
141898
199182
454405
859031
33038
242307
934500
7724
71287
32844
829491
56165
105145
128409
91270
166069
141877
856629
623798
296042
3132
123480
32925
4134
281253
176835
810185
713647
9355
852652
121393
53108
51796
24962
83141
149826
66552
990791
162870
210966
301516
148860
46824
507268
919303
234107
204551
176180
340088
163221
995192
38438
291912
221885
93965
382493
190250
21413
433806
92809
575322
840859
249811
27710
203417
802822
224842
127431
785817
40082
342991
74932
10714
77107
85102
294573
116958
673744
47966
184576
61980
361979
1946856
79968
499862
36027
90524
8275
420018
1092564
507974
377351
408371
241824
50791
8044
86196
443487
918522
97630
463347
9895
17403
4651
371184
138684
300305
59369
141067
17026
124942
79694
29012
8805
10097
4654
5903
19175
400034
1238702
174861
462605
16934
482819
20827
795373
112818
239222
27608
236927
66395
226926
456668
879131
112889
84703
84430
684692
53888
232251
381368
1110754
208019
709264
25413
291952
83899
871136
131751
8090
117886
6839
89654
9069
32467
47707
56414
133002
319960
199266
107045
11873
109838
19773
315360
413557
599764
520725
25825
860107
823008
818636
72333
357384
190732
445079
110899
163742
849858
2145
57606
989579
212530
41026
116359
49946
228670
30406
65782
72061
147185
814902
17420
450726
11988
43706
300326
50142
674438
115376
647550
16214
360234
793621
96229
132573
287366
1077704
20821
145100
141235
515950
294733
242792
29306
32481
888028
502008
31447
76457
410486
760543
1174057
100696
186053
114204
71290
110673
174277
32459
194160
171394
69383
10992
136230
24428
262782
613132
514777
171147
180676
173819
252365
45296
98340
44979
76847
261819
94218
141280
72200
734669
56570
711195
280163
304654
147208
99714
70413
1830638
54595
6553
25372
103657
775538
226283
399626
20434
857971
86926
554756
810657
153569
156196
228876
38072
45358
185006
157971
74094
112130
29571
182357
122071
63803
125003
511697
90973
1992393
736269
776642
297234
127801
54720
934481
269806
9996
283999
178096
334838
298200
807343
353976
132436
139616
102832
64701
26553
1578061
10306
233757
155397
7221
185836
81119
167463
1333252
5990
279582
74097
448790
11988
60087
5823
478840
130378
822668
772504
24607
183478
27628
20834
598492
207566
583009
170561
346698
249855
871611
49455
248015
81598
315560
16091
1712224
35244
139318
34963
964999
622077
75379
809531
46786
378525
7692
14044
35124
51269
342434
186935
1542310
27983
65710
66895
350812
71413
69260
548878
9277
34459
26758
34127
207449
72676
452518
196226
164095
9359
30760
63192
448085
293630
168678
866921
577513
20962
205241
137288
87866
126963
92789
17954
1140772
739504
356812
6339
310509
79578
358421
138746
34694
464786
97014
59319
172767
1111456
344077
685790
100510
90251
700079
36475
868995
47360
117327
537363
52373
234814
261525
47900
67501
154764
108281
169297
131246
901372
28640
513051
844333
390344
818790
472381
288873
731945
186388
95511
795328
52452
746439
809920
119520
104153
197076
392093
167917
46189
85607
785944
68352
286468
822913
54785
258692
816810
223139
1306675
190846
161675
991987
239008
827277
42858
240972
395655
83454
293114
230600
111269
181769
182977
324149
9266
315874
16176
283284
133920
726274
150556
294603
719038
31724
21264
567876
99569
195911
2109277
297868
44624
78423
24374
161602
464919
241701
148708
176634
129606
134834
23512
1058405
199070
244355
56450
708003
155486
14391
513751
186653
386471
37177
235920
1131183
72007
116264
15102
130322
661727
1274724
131680
610004
196637
895507
11982
75032
7082
275697
23271
142601
315068
54861
116419
109299
45425
224244
1391504
545986
8234
21944
11268
782632
20893
76163
806810
190893
445819
90505
138305
127562
103742
97876
486999
845936
486315
436460
106104
237722
175160
448774
419536
825914
390559
43507
361522
767489
564876
38040
396145
201790
10867
84488
313251
257934
342897
49274
136944
130132
29103
622362
10766
859172
299221
493834
596602
325792
625772
566313
192846
50205
1008586
1143274
98245
272515
310663
50873
317096
137332
1034724
84886
383617
59758
19712
268871
94887
230903
615977
990579
1000258
1694827
101262
877426
33648
534521
144269
23577
145613
67335
616115
690573
6263
19181
59947
99638
50424
207945
307870
27753
9197
8869
12018
988486
166976
837759
439557
67470
852784
357457
196445
25266
171713
583357
1587004
44365
173424
487936
458866
645635
781393
915300
228747
536513
364936
106898
936832
351237
40927
953659
601507
82622
638210
27023
222292
840683
92008
55614
61593
37345
340717
435701
190668
124973
834516
1121365
572857
69438
32113
123233
57311
114470
194787
266737
36962
72526
65874
101965
11042
57812
137804
247094
1011422
13812
617600
165417
6303
1236316
893796
322622
172458
562517
12782
126073
362607
146058
6921
200518
308169
73764
69555
52586
11434
37470
36262
475637
79500
30915
52812
73861
42598
68106
143284
205774
30562
495668
342981
105800
562427
3766
55145
4001
10686
36689
143345
6401
28347
292274
38427
61947
205100
12748
16118
39177
27451
528570
135487
538348
6973
224737
10944
121195
12193
282666
1034146
15174
498208
139112
751321
811104
175758
46311
74409
277466
146420
352869
189176
1036695
241526
12857
19999
319092
60100
58084
132452
137710
458240
28172
429551
23885
26513
238803
176318
395705
449649
974462
18811
776417
233569
312964
803903
1512840
72064
344499
4627
310499
18219
515663
51050
8076
84087
179644
466058
64850
66229
184184
25784
589636
40777
209439
43495
589811
348337
1656569
275093
623844
218053
940851
123972
124366
24343
175260
127031
63506
93033
747834
103087
171608
870609
883961
585290
708125
331919
257712
6383
105204
196447
902133
10643
380752
28267
162984
189037
599877
269614
45704
548588
182765
468467
185983
842806
923457
877425
89866
284453
838735
426725
27042
279830
204480
13877
37665
252715
1496269
141438
215912
82729
129719
51390
39657
155790
1195365
28041
91749
47104
1025868
2001
27894
891801
282617
21420
43633
62342
46587
577582
7614
162456
552207
44711
7802
114533
147635
3545
139598
502266
8326
44144
18496
12027
1145784
13808
28392
229370
20031
18512
12416
987003
93449
127694
137752
722183
51038
148826
182675
14910
1311166
190200
388557
534346
272116
266483
21749
12142
212102
12847
46216
259567
18275
22835
170742
47620
142537
158641
30332
68455
25918
21185
