83583
315229
175250
72797
123851
280580
96660
813073
302625
2162948
377374
641154
70301
278475
541486
131979
200325
475450
215888
42482
250953
301465
276730
470467
135107
429258
98444
54422
587992
506111
1192283
303158
1520454
109093
485009
101137
581942
1330386
1505216
454003
218343
988805
506319
441007
251156
906860
427779
286601
408486
1125212
127196
509431
121434
274250
238897
436207
175973
671767
1045412
92036
637019
677050
90940
239560
32184
8334
200785
583267
21521
446045
16892
127170
232865
40112
225544
61621
18147
48035
53675
26201
46805
44435
566228
27411
40840
121147
102474
304724
284734
71016
676538
172657
257754
221060
466824
248350
636122
50321
53011
106830
161388
616169
17661
288689
527134
532289
1147538
759052
567485
57217
733430
215259
21166
508714
151923
44017
31071
260295
68296
323883
505413
569004
1018638
238886
113130
138633
279358
338221
441332
383838
1456111
430017
35024
43992
38925
217258
373255
196712
815764
639328
647906
129921
244864
48326
654145
543506
2009730
56787
558586
629550
859095
558653
503277
500193
628952
1189449
143872
492801
101267
104227
1070625
119030
505460
338534
1142802
383066
1132039
251362
961965
457979
531327
735746
133950
185079
736536
298061
248836
265451
445391
168709
186546
139548
116405
712733
697673
480307
1362695
242906
101919
144770
200341
32007
49082
55082
357318
137095
93813
355849
879952
282202
79250
65038
122892
42188
108339
145848
159223
603876
53569
62117
165697
52862
395716
210212
174445
55552
12217
23082
400767
255364
45825
53684
115285
498621
447474
455351
54140
48450
286597
409737
562473
40811
569309
151592
724971
65167
153114
32639
772185
16066
74403
343259
181758
344717
31171
583059
204511
19966
93040
334198
950787
147406
183313
127881
103883
149557
78568
144456
35795
36090
44783
593021
419711
161114
75921
841484
30714
342382
45709
18333
1101321
27066
281327
38287
55423
11184
300371
17867
505514
156750
43339
124265
331714
304688
14934
17316
177274
204468
789671
75177
191165
191262
2064194
1207863
201785
86614
418484
400252
301847
185948
474465
61164
1124719
37743
17757
24301
46830
12111
29842
89347
109048
28519
72556
366530
40397
119986
64395
74635
312295
101972
60890
69802
69045
44053
88296
43762
568945
4940
290177
1172959
97689
320063
42214
21866
434529
64750
36770
94512
86566
34206
31053
183110
532186
74913
85118
46890
663741
33561
85029
49400
387398
50493
53981
53032
199246
166004
326113
13275
1823233
17716
673034
723275
505886
182425
148453
3562
315871
69041
215105
1022676
127059
33650
30488
16340
88986
158944
743809
127320
651047
113912
74890
457459
272310
152092
935274
134203
749941
65078
83297
52205
208230
143585
113295
323609
98883
111853
162077
17979
218102
33243
707318
146287
588807
43098
17137
30579
699854
21769
83192
276612
845449
1261628
22814
47657
247356
37724
1168329
33253
590652
633418
121981
265868
54828
1275231
1115620
328250
328467
574434
1678131
84645
746846
331392
1262965
43567
1427728
19536
10549
25834
92479
63179
704342
917946
384955
555921
601884
48083
510222
15371
31023
997654
53549
131195
22391
33888
1491265
33405
357236
121432
128388
65018
19250
21184
66085
9435
625393
48570
44788
37370
44472
8566
211508
29807
51492
176587
137702
160894
22089
84266
596567
261292
114697
818352
360256
858019
467239
116801
66372
218285
356760
224897
1030156
483198
188277
149885
248102
478726
436565
87670
80947
27734
54716
315183
728649
44810
673079
131119
89575
121166
180604
433197
126767
258976
290525
542324
1782593
863883
746969
67482
171926
421527
1680129
535960
1658330
150647
962581
505960
197817
1460208
328175
99513
173407
34179
53234
8536
129289
15879
484370
521460
1156478
201757
91607
88246
284170
175408
205180
127230
501580
318230
514302
40868
437402
231431
1280170
1168885
796654
335866
344928
54946
1149956
79059
158096
443645
66595
435576
40505
305235
319401
129847
680286
240105
195613
629697
196897
9261
193125
141601
149932
497105
957082
521507
231765
441713
153300
203728
614701
2179661
692180
1203240
26634
174267
78267
213817
64540
232488
874578
355887
118438
384340
120023
176224
29656
1766913
140480
121000
21784
19864
580035
571524
1127680
340151
361283
55281
789322
119580
528306
31094
274599
305003
123689
1812462
1486160
115529
1344138
866938
929170
34401
350901
20582
687310
14936
350019
323175
256595
26309
88814
152033
253809
24211
243282
165366
692074
818054
942244
2518803
391584
33379
547045
152188
534983
673169
2024453
63791
154581
329172
447392
429942
511944
83948
1363974
52288
88530
119524
56341
524668
1014363
463641
928593
865106
1076252
717006
53187
421226
1739448
233211
1685418
254032
345288
75999
1562098
620770
1303591
388901
682829
250741
281743
359467
602258
589884
1000334
654313
520825
149871
228386
87371
106624
368718
841851
403702
828459
373925
116641
87732
633555
600873
1913611
332043
353840
856430
34909
673942
201853
202605
890987
662838
1453852
216883
23061
123415
214155
41809
75840
69288
200803
194241
117492
21780
466768
43125
58581
106649
152434
125932
28056
52688
898697
267875
1813550
246341
786656
322474
547541
874740
420785
85381
859739
701927
949991
332714
862475
51591
607980
55005
542560
186272
269865
181511
79306
17467
211292
80840
101972
66012
242008
1333446
63135
175055
187634
339768
194845
318362
1503039
52468
27568
359309
34948
1198729
158168
339000
96365
740710
1094974
269585
147676
28149
15280
5809
121172
58625
85795
245374
298569
552091
185788
16782
1380530
1014602
37734
74235
690629
189417
201198
24474
852920
463602
108101
32441
687308
73107
130053
360880
1084753
394276
58910
139510
90136
75639
14637
23317
70192
64288
144869
167497
24962
120067
78463
26726
232659
134145
51469
80871
931552
81869
56160
645064
64400
43103
47425
54354
69162
81218
112121
172159
297145
117314
14203
14286
35360
250085
96426
339031
357327
147239
61165
135240
77320
20600
75829
294947
605952
212362
38847
4967
208825
86554
80687
35151
34990
106338
211969
22656
99250
23396
953388
178766
571083
94825
563750
15156
173024
25359
50716
18262
43984
18289
14625
3402
20123
161653
657112
146359
348547
562283
191241
524726
219657
345048
1424399
78233
890827
119653
127885
78932
1582530
129247
135100
36391
653349
819412
147437
319126
839696
35464
275108
257834
734070
341597
864098
24025
451659
88898
297066
231625
120235
504489
94722
120082
126790
124400
1003819
742081
526817
141357
404329
66961
534773
124133
537864
1432839
1090638
278236
239345
164705
369482
221409
938454
153299
842839
64850
115494
400227
128683
104305
929536
128400
281079
409809
360145
109081
400350
117881
77967
239604
570405
417884
49916
124135
25161
477980
225589
56019
266633
43923
23835
168272
34127
491371
54773
77955
288895
30257
387453
55385
337584
217050
135800
51157
1108616
235759
35481
11269
109543
252304
141559
405862
449573
106276
310345
34132
109929
124412
635657
59033
643527
120406
801690
516063
124905
438673
252931
61052
64565
163818
289044
90307
387372
264191
236867
47894
178321
279394
115619
307715
324619
126978
