27293
50222
31374
27349
13581
52005
12560
644483
67569
86519
88162
39164
8013
45912
56860
25723
8895
20640
222272
13805
6506
154370
488772
120315
236646
14156
86768
19544
36915
573664
603860
284653
109869
317147
132507
239160
123300
1348247
889705
320718
258307
348832
310539
97646
65098
292993
373741
97799
16518
38910
12520
13393
5472
152180
32362
32832
44929
474038
14481
259697
4103
62316
118791
17431
261178
40756
188828
21851
453594
418006
714256
42164
306568
25785
247551
51159
44769
24215
31138
128452
15201
26900
228100
49241
15503
59083
44446
237900
26221
409047
510504
357007
383540
112256
532606
37883
79626
35277
79182
633802
68658
682325
208155
1041413
121456
720142
227442
100726
35472
22102
38910
55066
28189
808487
43945
310398
40860
463649
9792
471986
735178
187898
586789
83148
32475
373572
294106
14830
99661
612287
487480
130407
32870
92901
316487
463701
99451
181647
366544
64109
56286
28478
187335
214320
21417
227911
59799
35624
563841
679961
39055
565289
128932
535717
106561
929679
45507
256081
109950
217478
222281
31951
136378
140357
497829
359677
948472
235634
149985
114640
118967
124332
392698
387594
78134
198632
281835
83904
73702
55896
131458
33056
993913
779199
129359
170667
433392
65067
153179
37611
77467
78630
36634
42551
296336
18691
634243
1039504
922401
72216
5421
58587
30017
275417
310666
15578
16579
363507
20100
35171
267550
48647
12820
108876
65457
26236
3071
52165
113061
2497
51531
7897
97488
606657
26131
181038
35465
61612
32162
93341
454268
61469
381717
185641
715975
9695
51381
22279
273552
14794
40356
137788
38269
491793
8883
528415
57755
26740
120116
79709
15023
7754
11285
36730
20692
58855
10715
1208
6287
251671
52217
52526
24366
14212
32662
46549
27090
163876
11330
5591
337740
10781
18772
12975
33350
447365
306731
6068
106030
22973
16037
1875
981525
705532
22570
13043
872868
19151
80940
223159
42436
162014
7389
24415
15353
20441
244136
27322
62965
26839
26573
14885
37955
32862
30008
12721
53737
21301
13963
6069
32141
23167
49276
1000436
20463
29147
22425
9728
199555
118259
56271
11442
959510
14539
14664
19356
10314
42031
253686
63234
15038
305524
25201
8266
14579
52427
22531
5985
30040
18868
20270
10447
54489
25034
23937
206727
45738
43527
17255
6986
388570
42076
82377
26952
73697
51830
714425
10168
18899
21495
952596
289210
268923
80712
63665
1341
338307
19776
440754
366279
95983
276125
84033
9266
31015
96417
680154
516337
156269
18141
31763
66240
200050
41345
289063
438824
157978
23310
6520
47470
106153
28559
74088
37308
268604
37462
160288
207803
790421
18140
25418
10017
103688
71123
2918
37342
916409
5722
21079
5116
2946
206978
80558
27102
1221002
37354
90243
67700
669076
44125
50094
756136
17862
1512230
1011379
80727
134413
1051960
932551
472782
64628
283447
16215
30351
815119
31935
6933
29054
24647
271724
50450
808361
623847
109033
337613
11548
44745
18650
5575
41377
14995
14962
13515
16758
779209
20898
119168
13378
36520
18151
12040
5435
286876
46505
33173
5498
13528
6180
29090
14453
345853
1025728
27276
36765
33320
1770
12775
28323
513292
37922
19267
323704
1100100
116912
101212
72100
26106
110440
766670
66139
1317093
98370
73285
51740
46040
58806
27763
89344
34126
362688
6329
4396
367190
47704
390182
29914
51358
30043
59841
193494
19703
50755
57062
28272
570011
67423
554665
21685
104418
49192
552526
239613
294868
41199
112589
49101
68838
66670
13934
964844
19750
18127
9699
5573
123739
13683
250063
7319
338594
16899
50331
899436
519124
111246
134944
31733
99033
317068
7289
19917
72411
223849
674131
30885
924409
152664
116448
14067
270288
1042612
61133
234995
37431
367488
24000
18122
31963
23666
124104
49706
693431
139060
186723
14628
118562
102379
132237
700222
16706
132266
23533
141399
19854
105320
10397
980055
90801
1018386
1799
15595
48139
15973
32641
678502
30655
121400
366014
210101
100644
103312
643197
959518
172660
16798
41015
23009
551830
125792
542663
140576
126253
85640
132206
64201
458624
14121
180577
743435
138967
543114
57334
14693
294326
906283
451448
29206
845079
15821
58113
46198
79779
213396
21401
20729
242288
28680
59271
52818
771638
41601
383195
353189
453040
181264
34043
21393
431975
19524
208870
395656
181391
54343
36946
75689
776125
240955
433463
28457
1083576
37874
9234
55478
20131
360073
670918
94314
972058
23091
68531
90900
26264
218092
1144509
146868
114782
94931
27195
7238
176686
95816
193011
73879
281296
121898
59492
363461
881540
83639
737313
10668
62258
39568
24009
65467
22279
381406
122115
51913
755084
69871
33238
11426
49946
176665
14640
1254411
45322
135526
30234
32139
59336
73924
114834
127959
649094
24573
13306
13416
68200
33050
9980
46200
131827
2684
165828
4672
39909
13365
948581
24132
61636
16071
17511
7825
765133
35920
450667
104052
89025
512903
437840
70712
29249
205261
482579
599610
553296
30275
131920
10222
58506
56036
73638
11629
148356
19360
9847
14141
26299
53637
172231
35261
919272
28649
25740
15007
1010636
57721
56149
10378
50018
7966
258691
353410
47187
569331
465635
293090
80150
60235
347086
22860
145851
11603
22092
2903
39831
642676
44441
265911
927783
47053
83649
32436
184010
837949
24799
46961
121103
29055
20407
5069
51720
298400
29276
211662
44476
92605
64380
4807
60901
22498
44273
9141
279004
29881
37101
13624
23809
305900
62912
10039
24575
73307
51514
26161
202879
41868
32030
30348
619874
53425
138952
18452
18932
4082
3882
11012
17090
125043
302110
219817
61890
135686
4091
24205
29747
48266
50351
11243
120099
20291
17984
84133
37109
41515
24434
356287
459330
42600
21233
3317
1009445
19371
11844
7297
8251
17504
89341
16232
4469
31390
185907
667235
34782
46673
435820
7969
4138
26811
27152
43906
60173
8843
3511
4408
11659
29676
40973
122744
31766
31468
20064
603475
72462
13335
53857
493954
792571
68567
41010
36301
341616
53840
79701
108863
78382
117406
65550
160816
81633
106243
1037961
268025
164386
73519
14312
14126
186011
92725
6860
186121
8241
820809
68754
12561
22165
81248
64406
530227
256830
552449
54720
146905
85631
135048
97726
679506
245088
82264
19335
75311
91031
449012
58087
53790
27531
24884
26342
12925
16080
36882
574464
111279
95209
543588
70539
26592
12857
50710
62156
31046
173925
137953
5737
2124
3231
156283
238921
909618
369201
94223
8746
13151
7854
499214
32373
4741
9904
9810
377969
32216
55718
140823
27735
16003
23153
54044
3813
13348
13185
28624
453819
50437
24497
31866
182625
23716
90643
85645
589107
37234
741672
55715
133142
4351
8914
11830
73912
99337
14153
215819
32485
17041
28979
16447
76847
5679
44234
14446
20475
43799
137233
36546
7779
24480
21249
9292
180747
3529
14235
144029
100348
13845
95907
59090
15798
14125
256565
1791
9675
29150
36272
27711
46738
122980
386381
242615
407233
678578
17423
12792
22815
40545
35089
23403
32418
63070
17573
36600
5804
149654
660327
16015
55867
918220
23841
29832
80838
1014446
186389
26194
29980
24635
263895
7002
4293
32117
2238
39933
36645
51894
1005779
15386
27836
14901
42533
5518
1379
11831
25598
204601
4534
11795
11051
800333
32007
7169
24695
20113
6528
15753
459512
195779
411511
4219
307089
7792
5158
9901
3502
4629
51322
14449
216148
12299
35240
22208
36963
141781
52986
1779
44719
8753
10159
132621
9928
22789
37640
1415158
92506
431861
60160
271941
746498
5858
9660
6772
38708
20598
9972
28108
5197
29865
119495
18493
856104
26487
417593
28161
47025
92455
488880
47314
460990
40028
6998
12839
252876
935502
158764
29330
74605
25147
54811
10868
246362
103552
170655
31059
1991837
28731
266042
14757
949396
31409
113803
12069
86856
8760
67358
15237
8202
107084
57666
357008
158896
735198
7455
67234
232758
99779
156851
26752
97444
6024
15811
21420
145124
7744
38710
17631
698733
5044
47294
1621
34371
5341
76979
19887
753087
21672
18683
1906
78533
7645
36011
66769
138012
67689
15446
17900
67947
15885
44698
143136
22952
29144
1718
11477
15491
2346
12027
45439
44147
37304
8276
11127
17618
10045
11718
24175
75771
14310
6319
13928
22505
26450
27950
42073
36440
100396
1018108
173577
12177
32064
22096
32727
51521
515704
24106
24771
267931
47864
49992
14957
621934
9933
9663
50978
16591
9372
23506
10133
597294
25153
23002
35147
70367
92357
16177
118210
80663
11379
13658
33452
7472
19648
30943
38956
911037
60700
11537
3287
12748
13842
52024
769576
11579
195938
65438
8091
9946
49092
9711
149105
886248
91715
16063
5696
11281
38957
239884
895346
22458
22813
987853
131807
29067
23228
11993
18652
37008
16333
12655
13338
308848
10982
94009
15748
48509
5487
35198
6008
8460
8459
9076
121417
23130
257046
59744
3459
50477
9256
69160
3010
32061
6537
45500
71997
340105
2916
494947
24125
35542
26793
107306
23716
11578
24246
16924
46739
21824
21696
41841
18478
54313
24288
14072
30054
286843
8857
12332
4960
43437
46203
23625
5486
61732
21649
63298
10806
408290
6300
35427
188161
187756
23447
14390
2759
10344
36329
25351
30406
53619
35555
8712
4983
18476
4335
233885
35752
255827
58637
66891
76995
68500
42378
83749
37053
48469
35782
20121
591855
18639
4983
24154
125816
21537
42904
36151
2573
93782
31665
582683
17574
32412
1002233
13899
33340
5549
43724
3702
276813
1170975
1177995
34709
4530
7548
33201
636595
9092
345888
815405
7081
270308
82418
369422
285107
131251
256690
30300
34816
8255
94302
18890
173996
830
60065
33053
1473
954
4205
17372
29020
120226
335640
3610
5861
58184
17935
46802
31524
293663
17344
850041
23864
548698
1041054
5845
19131
49006
100628
126502
285849
79981
51410
8534
55298
38997
9830
84419
3965
12775
9160
9755
6890
21940
43495
11212
7811
22192
272901
102644
49867
402102
821447
306024
98531
412760
78703
28896
75452
1016747
239146
268354
103164
17305
39369
51259
47387
39583
63444
26561
24263
62890
449278
31539
213115
51008
67014
19929
48041
54589
70731
55190
32855
18653
1075660
86059
307363
12563
874316
59720
101289
58766
490099
18188
54679
2297
113713
6096
1562
7615
31052
4189
23962
8737
77257
601433
483341
124465
101044
3483
3646
29695
30620
156156
71465
7258
75995
21413
50491
6006
996506
32212
268958
12388
66903
4610
12627
8251
111284
27642
87165
102056
58578
17011
101572
78302
16915
33973
282246
555046
145524
42693
27239
2407
41822
11395
4527
4219
272599
592538
21166
17266
96605
11367
206832
98806
301165
9007
248723
11410
647238
556566
6298
15023
4468
5089
4268
31546
5169
44148
9216
1053832
51927
143152
9674
1824
53826
13298
96198
4227
19036
15511
167806
273295
434322
21618
5809
240289
13367
989338
402853
254684
1091174
33448
46264
5155
57879
68850
25845
12094
4332
12120
274835
18133
949868
15707
26614
7003
11856
65240
113971
77029
106845
833276
26593
80751
746895
46001
55923
857168
156010
33200
600612
468803
157526
366631
63482
42027
170756
78017
816184
612213
45412
360301
54592
232180
662399
835752
999281
693990
133126
525057
547943
62256
1033937
90385
59099
68683
36165
164453
155144
213705
164811
138032
130634
189881
988303
205852
1062507
786184
100323
80957
16910
459470
21300
96656
531801
93230
143123
42668
26782
60840
32170
635355
1555682
42973
70439
2894
5506
42677
13906
5024
335811
578752
1301988
16289
21829
28696
30128
25652
1291
11346
15315
7884
8510
23408
23051
36740
21211
111264
31870
13046
21801
2698
113970
264807
98044
17261
769811
11251
34130
1580715
38046
175298
663014
13967
700617
19092
162129
13050
78458
4471
88429
58552
324034
443645
12004
35546
50401
12628
19594
27736
56465
398637
11792
7780
49578
14420
12119
13923
29898
13101
152968
173826
74385
930556
35819
9894
28392
57324
1428822
269539
25824
14876
14828
9442
34047
9635
231763
34163
15939
349137
18961
4819
1074710
774743
12784
21092
19974
15260
20492
24747
230299
20399
2752
14120
91985
79604
60253
21643
51923
67904
54976
25332
84050
879215
290713
10896
22664
13216
159751
3047
50805
2373
60534
264253
47407
20862
23595
7577
43749
9453
71805
595716
15694
26562
5962
356101
42858
25212
171843
6798
853802
6761
66006
7795
37252
6969
5147
22653
16189
21726
3800
8364
22584
37513
20172
23907
241844
109384
995386
220360
33261
53005
52921
1080
34644
7540
47858
9359
73793
8378
61593
15576
39526
6688
92122
1126
10677
8346
8913
16143
9520
15628
12142
3128
27066
56781
325584
16059
176681
602006
130344
38224
61955
138745
53486
43792
124359
12603
70267
68931
1111551
19140
1962965
6133
276579
26789
21475
155404
787209
146029
29944
23914
116716
179055
14433
282485
53523
262726
19472
2937
53726
62885
65420
23528
33156
66358
675274
93442
99086
108301
109828
25675
964641
1046022
1126406
295588
167943
103256
225933
306688
140612
77864
287950
14433
44965
14332
437626
21296
28192
61949
67776
48569
31344
18217
310936
20102
294403
60761
16871
437419
191028
37096
115053
380756
22944
16835
47753
40791
49699
70897
301163
32312
197549
4618
4379
25357
54571
14075
57022
11118
551341
46361
37433
8081
1359619
43564
15963
72934
48374
59071
34654
519541
497415
13337
75792
14322
86466
633439
94241
12899
81697
14102
31519
29536
31734
116765
58374
22710
56949
45751
129563
9431
179023
176962
115098
22901
106053
11716
86561
34467
115791
43015
48002
234563
97867
53480
60421
618101
193069
603802
475131
1719420
382314
620573
28724
159586
469065
170483
458098
394019
318290
41490
42776
20125
394729
40495
163259
1044603
417127
84027
10056
46176
612612
47092
1144399
59791
377481
172802
100221
263395
120177
129132
116097
720915
130901
572075
35944
50669
104540
151623
326214
68822
68632
352614
80243
10511
47393
652993
72133
57797
108692
51488
631114
530295
53449
93400
3447
87572
23129
125876
15293
12038
966442
63775
58669
29346
28515
32035
8038
12854
5611
20649
39360
18243
47673
12364
11548
11168
199215
5115
82409
69150
232057
6105
11155
19886
639358
69333
720824
93327
268818
513921
121292
122751
11283
274285
543066
147480
856943
1194511
14910
3644
15962
336884
31347
6368
40262
9483
946
901425
29801
56403
622816
86759
495727
59248
6118
12711
144279
165077
113564
26441
138476
66946
966396
17660
12769
153739
90340
102581
1166760
162038
204811
51846
218787
82715
743008
7424
14767
13948
15574
43549
10674
58678
624187
118041
329150
265378
336360
117759
22170
512914
973663
80374
475773
217459
1064491
9359
75156
61241
169064
83423
197533
1129794
363754
19065
119654
56328
1090073
86120
26829
49571
2180
24950
13501
16274
678095
513756
268732
79770
20890
49916
67676
1008581
26059
1107433
135153
433223
46710
225472
129706
124852
28415
153591
56686
41823
56764
132479
246357
95047
66729
11876
244792
14719
148971
54479
356639
1007365
18486
19320
685852
426628
19894
18737
71647
39804
1214012
195062
250259
233234
218526
14186
546297
68288
688542
181626
278967
88380
35893
32391
732009
90762
287373
8330
584933
18052
29062
7311
8479
12810
135922
31092
52698
112517
304107
11844
20711
63647
11214
140905
15385
7824
13813
172458
1073235
25552
72142
743422
58843
1047924
23053
67330
718161
59566
163604
5641
32049
13304
8390
6989
161513
142369
45569
14623
85757
272831
10989
41297
30220
84874
394551
71460
156761
65004
1176243
1002857
114374
41041
155792
353371
94788
110223
599896
14928
475412
36757
176757
69148
86431
3717
80669
21358
67590
34045
117054
94186
545361
68964
604882
61619
29478
77847
16693
27737
28537
10021
922247
11771
550743
9720
18216
967511
15183
12230
9675
17294
117375
21836
69154
404717
497029
103710
38082
64703
162110
50624
19636
224848
58586
10074
82739
22091
118386
130346
42073
602219
28476
64020
317819
4915
1889162
13299
29619
204681
21161
11790
139792
19520
23718
66656
722268
215310
52518
88381
89751
17642
24415
78988
649245
51650
113667
103173
61875
342943
56256
105470
658583
526605
440908
98546
13501
63318
567790
183841
57520
242371
22452
57412
21823
11285
105818
19461
229770
97961
454075
181273
2682
12085
329596
8556
103256
598895
34372
324174
39210
18285
22104
11682
129256
791383
26554
156993
233819
159169
1668316
241915
48441
37926
164700
48075
1020092
92394
590207
413193
884439
18830
1255659
39106
26563
47514
143848
106334
793911
854057
413577
144519
540155
40057
432774
13338
29058
972732
90130
804526
28410
30212
22809
16276
85553
104252
28752
894570
28341
120945
41180
19391
621361
375091
1007481
23956
29938
44149
36329
253812
52280
48146
28058
89645
18169
46639
191532
178839
50767
41564
168923
105830
117945
12834
7707
13947
35231
1027027
21692
167988
18848
413321
28724
27650
465577
394232
46026
18448
20240
51943
152445
98994
102565
688335
25446
135156
33367
156517
110622
82934
252996
1351161
524228
25631
347041
50759
86320
586528
829916
189206
114252
132437
482834
720412
79257
1214160
222273
10012
69122
7259
58617
197893
56572
106338
818108
42506
809472
12949
19814
31745
644309
49036
101355
124734
275870
55581
702044
19469
196559
708219
581317
1012303
444593
24972
68367
2914
81693
35830
1503940
100022
167386
135309
78252
330748
480589
64516
879080
56341
282152
154102
522677
16994
125961
215846
26769
557246
535043
108545
5444
128736
31329
15591
93474
1080547
161675
47427
18343
108118
72623
28883
30838
788411
19243
16499
586651
32694
171868
52031
55848
20397
9102
14475
327573
89573
195003
335987
941284
683149
154466
47812
379388
12773
162593
29659
886546
1277631
106529
533248
868797
25551
815601
9495
1165081
35284
78541
75709
1927945
10931
87223
58723
29928
64302
15994
144884
602383
154094
71160
172533
798881
134282
633768
1022402
100944
67906
203730
578747
243218
275623
1077816
69419
812987
106916
231965
61949
231316
12150
92056
42476
23601
144371
22081
75042
498143
206682
91179
837687
232268
185432
58469
154987
667792
167504
335505
437336
136600
25329
91942
322033
537620
230066
128519
117934
321550
53230
143700
87940
530497
54719
190912
53014
353454
34789
163278
107384
1745395
246641
112722
61219
25069
32124
296881
95790
208705
955827
428250
1106388
25070
722780
38371
86476
94199
202509
97523
235971
11318
77924
60837
36753
53052
6986
34335
347162
441227
78988
36011
24957
16308
19478
36289
157764
68120
50246
353527
466160
646262
143141
1341063
657235
139095
14631
162413
104455
196775
672477
317294
192957
169300
19014
82436
44551
52333
11683
46196
13639
300322
18110
121759
76722
82746
5708
77549
306165
73722
201713
134084
678292
517564
318851
1370546
16683
731902
296089
831629
603295
127714
49993
410625
353744
954450
43518
228028
23272
10924
17472
41622
2274
45069
45378
66000
657434
56337
30478
69142
10820
41776
21990
78139
70227
97287
57409
257614
197709
60482
702453
545555
122457
52299
508741
892470
693684
23939
171067
79074
33146
13135
12564
24519
11119
32036
42179
19527
54240
46038
41121
53119
57726
74709
26397
18007
21530
25223
13031
18489
34356
36720
10243
28401
409272
83523
40262
61231
41899
6597
6964
13021
353746
37552
147688
406693
28945
23241
28390
44608
25158
26540
33729
368992
15325
40690
16131
25929
16402
244503
16124
709715
23233
135916
10437
60682
8969
64026
29012
45406
12542
159414
11302
24691
4342
65034
30261
28110
4195
996
2089
5684
52544
957991
56363
71824
182056
34492
428614
302706
60639
1534628
83895
260282
24427
8327
78813
190285
24924
80667
61626
498220
1629242
16623
587413
583798
11743
91502
15589
464511
61887
964218
46155
85050
633358
154769
24858
37408
94579
224055
11914
65883
224725
546306
19160
447785
431440
521600
13915
676283
89722
180353
132856
963866
340605
38571
7088
85936
153167
317711
35930
626714
29219
16371
9403
10196
15755
122893
26775
69170
90503
54443
6314
21775
26464
72125
25012
53274
133794
6500
35092
4049
43624
78991
433759
184867
119676
7585
448635
15640
291261
301724
28108
25212
8162
38015
9240
8998
20805
137393
11386
82969
10391
8202
17201
59543
64295
152755
19009
51539
63268
5634
9836
37408
33410
104959
46083
70310
980607
337953
346249
72789
267098
104805
34516
27484
16137
4288
37176
80430
108152
1055539
52440
49806
65074
21883
175405
288677
320350
53321
414862
131238
46663
13239
96489
139411
111288
155864
868887
450097
112828
28952
3617
14091
4966
36069
1187748
57066
145729
223475
59921
34580
663969
22579
262434
648716
35459
1122068
326209
346300
361204
44050
466137
186150
38127
116320
89069
36169
163541
101551
57198
43212
357548
313964
581324
136535
71633
21935
2538803
24419
333354
281730
19042
88893
38014
150619
61090
164339
35641
46161
17864
8461
11385
3998
3225
33007
13245
39197
3418
13222
22112
111586
5343
63272
9136
58391
22626
602867
5375
575865
37103
57566
31228
45244
30426
73047
210030
75323
272702
633190
49140
749566
66549
162551
90688
56490
58419
24895
21667
10923
26610
6994
30579
169049
55550
1101959
27136
784032
34791
791466
15042
7825
9190
65173
10516
7216
22897
54543
34631
86502
17260
312904
61768
57839
11310
18179
52981
21084
44836
43439
60563
10424
29357
30896
28561
237948
9920
177534
193736
390758
6825
354488
22269
48173
24133
34220
3673
18163
43540
793737
87438
29286
4665
1087607
69979
893172
8742
172919
87933
123088
37876
70957
41338
14639
8816
509525
8574
1025568
82575
257577
130189
77711
65331
658314
8977
39555
9076
117293
17931
10029
166658
8810
27343
272635
43021
215741
91828
60562
14611
932196
14354
25838
11931
330070
7837
11244
5453
17872
9369
297216
22523
43048
15954
11705
11922
46006
275183
82596
64702
164570
5676
31315
6799
443433
9804
11751
45792
60273
31354
62607
8832
35589
36647
141326
54693
62981
19218
275178
26332
12354
23139
313101
22565
58486
21116
53170
13021
56277
7452
27850
6622
370036
10017
9344
23414
38639
10109
281501
261636
761634
12931
65129
11427
29490
22990
24870
84725
167375
17594
23259
542302
11163
62996
14166
4061
31280
35587
279764
2451
40914
6592
9384
39299
7172
21123
352517
2159
17650
21975
37447
11977
25353
15143
26334
13574
106843
442302
324176
18470
67505
166273
50970
104034
62780
113959
900725
8638
92588
37286
121256
45598
52632
26420
7999
19558
51362
580
9197
13742
17998
3685
31623
20248
33376
11486
10625
12185
378446
15819
84494
32099
21679
10444
46696
29583
239997
17363
413824
118021
18439
4104
21643
8911
269046
24747
2178
4326
32715
22607
7051
45893
69606
7690
55028
27589
44447
1430
32744
2582
36624
36844
57146
983
51061
27228
540359
72010
314132
38986
790785
47712
226272
41008
52498
443
117702
6197
4842
1007664
93716
25732
6194
3834
9765
225444
16358
15423
1078510
31364
17049
82091
26324
39647
185033
251986
24882
19286
4341
9131
19710
4694
20310
680205
40615
22176
46978
9114
37758
13743
36828
21278
28223
210211
11386
3123
9065
21469
7938
17671
42096
73849
23782
4715
10593
28685
277047
32124
61903
577709
63373
650839
16300
231491
389899
79203
117197
384671
51774
21461
65364
40794
600963
17140
106188
2238
904
14256
4840
8064
23213
46346
27649
1654
31898
899
7779
4880
3110
25577
9854
69715
2207
35420
31040
26226
72871
22068
36599
5010
11318
9665
13725
9989
2577
11314
8567
3662
2891
975
4663
12230
10148
32661
18711
9717
11481
2602
143871
50108
114742
505762
183950
583838
33266
115697
26642
35494
101377
36672
118486
221160
168831
66965
52008
548771
142633
12688
66219
127952
47661
546715
479869
18282
361810
41027
59429
24614
42841
92224
54939
90914
92303
79807
1034340
652481
6793
413216
644143
21405
274250
125896
645035
151238
166950
19578
28777
26257
2262
75696
28932
17764
25448
15247
132689
18404
45614
358061
1493872
338186
13866
27425
71475
14265
37858
987678
1072282
166563
20935
83158
72674
25418
228743
156488
146339
377126
1056431
31741
1081275
41166
49876
92982
17223
13953
135307
1140299
621010
28173
608694
186474
116960
558488
165210
23680
46100
71076
13372
23886
1099732
34898
164815
32591
271479
35745
380586
177070
162023
52788
67263
68988
58013
173634
13310
13116
959691
23394
119033
42251
35845
154617
28694
192933
33703
77436
700236
96477
118117
91785
151158
2524
80424
9635
285972
2765
8071
26146
32163
42672
40548
57998
873562
29448
8109
78417
236133
28116
132478
49522
18564
295017
47439
151646
43457
49949
44369
299691
236911
109749
97194
104565
862556
509588
73357
464736
147445
249777
300767
101834
51490
100517
652599
32835
456571
303756
206466
215275
500245
98889
37758
69757
6089
32060
12601
153071
608677
52524
1080953
24906
55505
1117108
37589
103196
229797
575236
186347
592256
155686
164369
1330848
49859
726604
59290
441632
229705
318721
54005
153042
73279
370564
21690
280011
13717
48664
22007
23206
355223
392244
30243
370751
143066
38767
412914
93597
182217
448545
212338
398394
6251
11653
16745
56172
46952
68162
525958
100986
32910
14959
28365
39074
45330
26919
420208
45790
24138
7695
14818
346302
24160
7687
61595
21600
12965
20322
803
39071
59807
714156
38087
70168
18360
24885
64007
83294
43306
107092
20288
49918
43266
550225
9647
90060
4916
70304
7549
299625
287214
41101
9769
43831
6412
12453
17642
148854
291717
72096
6575
28233
56667
60801
19522
139551
13946
283221
159895
16910
56382
105416
53073
40310
635305
189107
92047
12117
34308
5691
48199
74000
34805
380590
16029
21482
16387
2801
7539
26559
3398
13794
29394
260401
25960
32045
12094
82096
261749
18118
14912
513110
868787
96949
7593
491891
28023
60788
9806
182259
79618
34792
6935
307849
14910
63443
436852
54430
14096
120179
5606
113778
9793
284448
17394
637210
44731
59956
14846
32075
264807
30452
17033
1740
29674
19516
64934
62885
61871
2833
5648
16929
9713
55854
154994
11612
255443
16915
9754
24479
4696
65453
552647
37047
9782
75106
5474
73545
76518
172521
13538
10748
59571
23722
8990
2776
19046
637968
250290
851537
113693
39572
7722
59513
5987
7188
4695
39002
16051
9598
11150
26845
70024
65324
16122
200410
23040
164965
22337
50258
68422
223125
464021
19652
136435
5803
7866
595993
29319
141270
25618
57713
440718
70718
1021080
20368
42050
12844
197536
29791
54261
17767
9039
8900
18029
64042
110528
74296
13407
89249
464735
317012
176432
630352
157880
37990
90483
21367
17538
44249
43067
180435
595117
84060
74066
404767
61822
619482
48017
404511
27585
32934
59399
37008
349899
49663
5591
77764
29990
26054
4451
229780
48214
142004
25811
83167
23764
418281
19026
35489
16724
10063
113451
25322
30785
21866
48395
47016
75339
28423
189867
33329
20729
119685
3138
7478
3444
49776
23550
54170
19014
388059
5029
38991
14251
185743
154317
202386
50863
94118
1046003
30561
5909
48247
295186
130287
30162
41559
83875
22155
62760
24930
50246
308395
19305
27879
63133
10528
21370
177773
93758
146302
298905
85794
68788
290589
50001
57955
290399
