7183
10583
17492
6064
5355
31784
5792
51843
38642
37806
72301
23600
8953
9107
5643
7869
11359
9023
26859
18166
3271
91238
249481
47161
121555
8993
119800
6206
8010
151825
87181
82029
34303
71398
44263
202367
76352
209188
43723
168417
170529
315344
93370
85326
17802
88458
79946
51924
15099
5415
1838
29122
3321
12131
67055
5555
13051
8454
27967
3961
2223
6965
41400
16192
8299
33210
22559
12959
469808
96288
453352
21983
44418
14361
38747
66695
34216
10233
24095
87206
9346
23728
27072
8054
14715
13898
14260
151511
9025
121631
203667
6656
109964
41244
384345
23994
93114
44283
35798
262108
47350
168344
219276
837612
110977
454888
271405
90980
41634
22267
42555
23087
4280
50693
13937
37768
20341
281394
12635
52706
180034
46887
118057
6444
38214
66974
41439
19653
39107
40573
187449
26115
19392
202985
78281
130946
52434
69862
37240
30412
31425
29217
100095
215124
22300
48114
50771
7861
17512
103910
50907
328188
23324
18079
40630
12665
28558
140219
22323
138401
97669
10663
130934
69525
155733
261423
637576
128108
56551
23198
84641
17865
103685
64606
52971
82702
13477
12646
51023
13653
18231
17569
757933
104819
39974
14190
118153
6693
51656
14444
33903
70867
20492
47878
26446
36253
343674
716687
27806
44107
6971
51712
11655
10395
44590
11363
15552
380335
23424
3985
2582
3024
3764
9836
55806
14577
4856
24817
72741
1520
43179
3757
129164
243013
19571
49956
17716
34728
14864
77047
7022
38171
180742
215703
455230
5634
12014
27583
6992
13632
42686
2255
10935
8341
3449
3543
8099
7365
45094
34761
6232
4806
22980
10367
18471
65727
4624
1122
2825
3364
50732
21025
17175
16297
33218
29785
14634
18417
960
8667
311270
5333
13703
10590
17254
496649
11402
3684
87953
17935
14621
2435
706311
448874
5099
12055
565389
15385
20935
5081
28523
81040
5541
8999
7902
12142
14612
15798
65661
23021
12322
21825
11786
38677
24868
7279
48723
8948
3443
11036
43299
8194
8726
799415
12579
21087
32156
9134
179164
60267
96725
4890
731538
6040
6639
5997
7721
43043
41521
64985
5670
14920
2693
7495
10053
17091
11948
7989
18602
14676
18275
4273
13775
10532
15555
143019
14062
7895
7420
10331
145240
30134
123181
8658
45959
4416
485108
5748
16310
13462
447479
220727
193617
28576
47199
989
7783
4893
11654
107408
61301
33534
55690
5809
25199
43859
286407
424216
27544
5697
24860
88671
19183
44522
85257
441957
43162
11930
6563
56258
99366
41962
36519
41959
23496
37427
97664
256402
387301
24073
10103
6610
59051
40502
8269
45955
273558
10520
15711
12738
2387
216571
82118
13514
775714
12849
72294
78681
194228
31805
77124
699318
12946
327114
713513
29265
109483
879752
123957
177122
42025
23387
11040
36820
57026
10619
10171
35424
14017
14405
45349
46974
361612
23573
31277
9395
13606
12616
4195
22458
6528
10005
5521
17389
29768
18574
15983
5171
7046
10646
6973
3136
35156
41298
8726
2359
20005
6135
5815
5890
186079
719952
30398
20782
10291
1980
12627
8337
109476
11753
12508
10209
771658
38954
21010
31535
3694
48100
178899
11597
588853
81699
3794
5261
8073
10971
5094
47022
35808
70192
6393
9715
88881
15850
21958
85120
18026
39026
30927
26431
17802
24683
15179
26646
72752
37195
22440
12361
99824
31560
63677
82578
156170
24180
29197
29164
22455
10584
18435
703928
12932
11136
15443
5265
179526
30387
25312
2098
103210
2151
34175
601925
140303
3513
57190
33142
87291
30094
5343
12584
60725
87670
287730
6170
521153
42485
16744
2912
87947
805821
42367
32858
29240
10334
16539
13630
23052
13914
73955
23499
330751
12873
136056
5557
163607
102531
4079
196110
5310
152652
21276
12361
21075
40240
9808
44084
66368
655184
5741
3287
15859
10030
14668
197687
6203
119414
25543
28904
88885
75142
309604
29758
242691
1729
54288
29968
323409
80463
189571
124530
34396
82882
18313
23265
21785
10366
156511
478174
144419
58462
9375
3820
11195
10469
229092
21570
581302
17539
9966
56361
19488
86750
17496
5474
203443
15014
15442
55345
471805
27757
65785
24716
126719
104384
7545
16150
413829
7652
18194
97405
45563
50903
21488
22309
497650
40409
160203
1830
671971
31488
7933
65814
4035
282433
502594
20344
142507
15965
38990
53038
9957
129313
330755
40525
62140
100037
16577
10066
64453
18439
113778
64033
129623
54063
45390
17472
398687
52422
487416
5209
53672
34834
6278
18755
23016
64469
32959
20551
69567
6565
19675
9589
30796
72261
11245
665518
17425
177424
2719
7909
8595
8494
55423
108071
286572
13785
3246
8887
5905
24817
11503
32805
7146
3047
3109
2971
7706
15694
718290
31911
48019
13286
6894
3184
95623
8981
95123
37377
47831
107927
1740
22140
3106
22276
76853
317803
496640
11225
2714
9428
13543
6779
13852
4730
77013
5211
1457
9364
9448
12247
46228
35398
679118
4833
31907
13319
793405
74215
41220
6605
14091
4514
261828
84556
57735
304418
147042
100358
14521
14713
97948
35221
58269
13571
9236
5416
28118
386641
23255
44255
651589
30741
55775
55704
33326
75540
4328
29932
29008
12530
4538
4828
42554
45850
27528
216401
55472
111765
48760
10193
29271
38156
21338
5352
19192
37641
15998
3325
22102
16226
9469
1792
13268
16204
41850
16803
4708
5742
16241
14792
334862
55694
72897
8931
6818
5321
4735
5755
4006
57199
39435
272103
20091
126577
2866
7607
4795
7944
16060
5447
131357
38045
3245
24043
18802
35211
7457
91868
20093
45777
8955
3410
809874
32871
19225
1005
7636
20048
57038
27873
2889
26010
140396
288800
21870
38295
63438
1009
4558
5318
7574
43688
15585
16171
2387
2734
4899
8604
18416
142512
13225
58986
20853
245631
25595
23487
60062
213608
281509
8946
33800
36499
140628
22335
104594
137630
17149
33411
36703
210889
55521
62879
810250
2533
105733
55840
13588
10431
145503
88405
1084
7101
4627
275646
34270
5555
21758
80150
48621
290939
54081
143747
43056
143684
31962
132485
64509
503641
198036
63394
14659
94534
55475
136514
12073
5087
9418
10787
8776
16732
14282
34712
5510
44969
10895
23246
62222
8967
9498
10936
54727
14398
47455
141234
3016
1085
7533
4501
31848
668702
43649
86516
10327
7199
9734
33301
11538
6902
13003
3066
2292
2354
21094
5454
12916
1764
8388
2447
1026
1908
7566
9122
185189
6721
8688
12198
131595
6820
46558
76041
231850
18120
132989
34989
69230
2605
4548
6678
29830
8151
13241
128933
6361
2683
24429
7577
31124
6963
51066
7270
28374
33383
109743
22759
4159
3530
24945
4845
9103
3129
8670
82246
68443
11321
61095
36266
21919
60308
6966
883
7618
21209
25786
17538
9626
63427
3101
195026
138322
164399
8110
11690
4744
14993
9108
12197
15379
132838
17725
13787
1299
153446
8414
11087
39841
679446
33521
9043
45086
764769
27573
13282
11732
20092
9971
3633
1964
37918
4203
61606
24481
42258
581052
7208
33250
5176
36996
4276
1106
5503
26373
147400
3457
10607
5314
557543
20999
7889
16865
8661
2721
7264
502220
186511
424938
1221
11558
9463
3148
4691
1079
3331
82185
10391
46250
4227
31100
14805
25096
13810
15079
1143
16352
8149
4154
8607
12241
6868
35630
539086
99646
145862
38516
4911
411818
6463
4991
6715
12477
32685
13737
11326
2596
49323
23578
7029
575881
5135
108611
35758
104545
48436
11852
63647
28941
12231
4982
3569
47687
604894
27912
35515
18348
21078
16346
13528
124784
137511
111863
30507
704901
14227
299825
4287
24886
10105
88798
16854
117088
3930
37262
6241
7400
116034
18529
364447
11975
241043
9131
83083
5218
79392
93023
4066
86952
8890
7467
18057
16693
4922
13732
5922
335988
4901
33878
2885
32442
708
41106
4048
403262
7013
8665
1496
47141
6919
23634
66837
102876
66580
27570
12495
90947
8885
34568
164609
15082
18525
1582
5629
7410
6155
6124
29046
32539
13116
1580
8011
7815
20903
15238
13753
52952
19877
3338
8325
13174
19432
21073
19237
20404
66302
795540
154306
12674
42045
16552
41693
51350
224269
3102
20981
11835
35273
4707
1496
336940
23475
5526
11111
3662
2170
3687
2572
188222
2422
14226
7016
32713
33267
6672
83832
55875
50792
3115
12840
2076
10520
33821
32316
676230
34866
4387
8906
8014
6951
36668
525350
5496
186204
65322
1412
6865
11601
7109
9692
18570
8246
24850
7554
10157
39919
12749
605043
11631
29093
67018
139456
15742
15689
2061
9413
13539
5806
5492
10998
10965
10451
48012
13519
43941
7231
27653
8036
10671
3517
4877
96146
23765
9526
41093
5541
11676
11026
78364
4661
21914
11184
49705
63762
8127
3610
470489
14604
14005
14990
58206
20086
10101
28184
9332
42310
15561
21795
40492
9493
5856
7883
5754
27122
34609
3190
9651
5542
18010
23417
30180
5995
5212
25168
101032
4820
415767
5879
22148
39110
25383
5104
10173
2185
3581
4661
10676
29474
53815
17685
8847
6448
20393
9243
175425
36238
49060
19265
29213
105254
27359
38024
76556
16889
92788
37629
4544
258830
23455
5955
12737
42320
4345
21832
27855
2636
51863
12306
262426
9252
2472
524659
15510
4210
3144
5572
4778
30497
265259
574265
34580
2020
10778
33340
38526
8401
124214
357272
8341
381656
91197
53954
282586
19582
97025
11826
11107
12453
22489
20820
28293
995
30172
52798
961
788
1512
3452
3419
9674
6896
4147
1976
10965
9420
4019
5088
153776
19247
305791
9006
325660
752839
4818
11284
50082
94732
15992
37299
102491
25133
13433
48205
21393
7527
105698
2745
22672
7966
5981
6428
35136
43766
5110
13361
13142
22850
52171
28314
153362
500834
278889
52513
368127
87404
15719
45992
816795
62056
52481
63223
11890
16577
9860
16397
43580
44075
22774
28496
38423
353722
14746
36909
37932
26394
16968
37554
69615
112196
52565
12689
23746
444160
37968
19123
14041
965904
24791
130761
24126
31960
9155
28335
5095
58432
7635
2170
5923
7841
2637
33942
5463
77239
272680
492639
118025
114780
4123
1243
4691
43057
2813
33587
5551
30089
9378
31630
4015
491479
9246
28266
4281
39868
8605
12616
9637
101180
14813
20823
54963
63048
11452
97725
121492
15413
43990
192912
277158
76976
16948
25583
2432
35671
4198
2261
3000
234677
215884
8892
8084
83079
11005
10897
50288
23142
1170
274205
7915
368763
246404
4277
23994
6804
7020
4511
19203
3468
43576
13824
264880
11448
19799
8188
1636
21070
18887
16870
3249
18317
13917
10849
18982
7470
35266
4566
267954
15737
42697
110246
149249
511647
42323
46365
6708
56014
75581
7035
6658
4258
9441
53334
19304
743118
5989
18111
6598
7238
37324
103385
74610
49009
67097
26894
138949
490189
24078
29677
326544
36008
32713
298399
76623
173592
124740
56185
8883
211032
99774
492582
616038
38753
442863
79665
227576
392836
537012
74238
264399
76363
133656
289845
29064
737085
138823
19424
72651
20555
33355
82854
91751
144254
144910
118811
69516
791606
90400
84941
62210
73416
25789
12099
155269
5468
49248
59894
57199
44746
25834
6671
32582
16355
26793
105476
51043
35155
4335
540
40891
12270
4632
19997
304767
93066
3772
27717
20529
28485
23910
2269
8822
10413
4862
3839
24362
13231
34170
20589
74871
6882
757
8060
878
75629
8888
26578
4617
302240
3619
13758
392224
9552
190511
55001
9918
459107
6706
18286
13799
66969
1738
3100
5253
36680
10482
732
13293
23783
3359
10978
5231
44762
42462
4319
10494
6096
4335
23523
5363
12283
8420
155262
8328
22809
35779
30844
605
15297
11165
881402
8205
13145
3093
6704
7914
18894
6758
247448
41727
22770
94093
29846
5569
789923
15688
4410
9217
18607
17974
17014
9037
19947
11387
3520
14033
63823
63602
26517
32221
29810
28079
38675
8279
10764
557844
34964
9833
27030
11261
179476
3605
23908
1362
80971
4934
18688
11674
23146
6290
42959
7258
47363
3445
13583
7078
9511
379901
16913
5814
238624
6522
587311
4166
88550
7350
22159
1488
9680
27582
4773
6748
2451
3457
28654
24351
4065
7173
215732
9052
698672
12114
28092
52286
16142
1159
29699
2002
18013
10642
79497
5402
26113
4635
43189
1532
8630
260
5380
4120
5749
15818
9442
17981
9475
7559
28133
13058
61758
11025
132660
83289
47025
25370
28498
69143
15095
27547
37686
8337
9418
40801
224126
11610
1464159
3810
55332
16742
10736
157309
172572
143145
3549
31335
18117
53753
10831
290156
22824
222992
7883
963
35611
62315
52676
8408
9816
23578
180502
18397
25244
45791
8947
8193
743840
811474
663504
9559
46718
48723
52602
179241
80162
95320
47819
5870
39152
4801
165536
14418
27027
12310
17862
4796
23967
5332
16019
6648
55754
12383
9634
300212
21881
9467
72327
97207
23984
7364
15283
20511
57327
41884
47898
19414
85165
4260
3044
24982
14780
13349
26205
5068
193455
42737
21751
5579
667185
9764
23629
33947
23402
34275
12061
22342
53834
16675
77825
19371
135246
357248
37806
8343
45245
14197
19793
2430
39703
131671
21721
23463
41618
16558
57496
6812
107033
10889
75294
25343
187858
5882
30841
26271
79515
29227
13228
24008
37187
8362
39200
315049
235989
167459
214850
310220
346717
148281
11864
17120
16776
56252
33757
16683
23776
25288
35713
15544
82314
36951
171508
835509
427174
77213
3183
8436
207083
16371
236119
89264
35821
111315
26453
74902
29395
122198
66506
168165
32866
122953
16787
33168
53274
80149
93952
10739
53790
334478
6255
2714
24426
320934
35871
19332
41278
14040
14639
5931
5903
74859
1698
64814
34549
161858
14969
10874
701223
10991
24206
9077
17347
6513
4466
6266
9258
4741
85272
15704
68871
4701
9941
7091
138053
5246
45328
102406
317688
2260
18963
29893
303598
87593
470431
123034
76936
453098
61233
113687
5289
20350
152749
80108
616419
126179
4298
5442
6118
31378
31654
10080
4372
12887
1763
606830
17646
21310
596009
41178
125965
11282
4873
12900
5639
10192
71242
28399
70937
35522
709606
17488
3777
38074
91065
52452
766755
39721
38225
21112
152578
32389
189344
3127
14809
9137
1469
60831
14842
63023
292254
36948
366669
8182
135356
18878
6242
239600
149353
54576
51360
237612
679830
10951
5676
10315
99574
66694
134932
408281
368581
7404
28793
33037
814696
5616
21119
8060
1402
6739
14811
4111
200127
10817
180201
9241
7793
5698
61629
811796
17013
587404
87663
95083
50707
16700
84974
13892
18524
163510
52178
35168
3386
17745
39620
22266
18816
4790
272851
4479
171962
61007
88499
816787
25252
21114
305952
47191
30992
5085
66925
49364
472618
119142
165160
246575
147955
10561
261313
43044
294052
86612
304031
64433
5400
16601
44147
39064
191128
8923
397457
15619
18115
7556
2949
2711
141087
26625
40633
67543
102993
9639
32336
50092
4476
8702
13409
5773
10982
227404
297981
10076
104286
109208
32925
791919
32030
85966
309637
62067
123162
5255
24935
4864
7818
5221
37593
25716
15052
10929
91422
1950
7944
29136
19012
53498
13909
46081
5406
24757
766815
54110
95281
6896
47572
146952
71959
8829
246838
6063
412969
8494
175511
96132
79723
4459
43264
17959
38337
29144
102922
101213
274842
38156
283927
4762
3763
7064
7095
7332
12462
2731
679114
9363
20768
9296
15593
32577
7615
3619
8709
19458
102222
14282
89081
74308
477479
55557
24842
14940
48299
33847
23702
333092
33405
7229
60178
26372
95517
140639
32213
275277
28252
49229
35957
1688
406418
8588
37961
226415
16598
9152
12783
3272
2116
10024
459754
240933
50299
109823
112789
22287
27663
38890
482135
40835
86404
60966
56848
158816
54565
153169
233513
288854
50920
42794
4013
72024
589857
2122
23287
16550
17105
59483
8026
6103
112220
16573
161262
78886
11985
191843
6920
15768
25467
5685
27284
7143
19140
6390
46311
9119
26399
8463
54209
553220
17266
113694
242943
206635
1126897
51689
42010
23155
139679
20719
81451
8176
75186
9620
58535
11247
320691
34652
13519
38969
86172
75006
289501
537155
147948
71685
17033
20679
75451
4887
26876
39987
27139
511446
20749
28879
25487
14839
26186
57526
7388
579966
25263
93812
43061
17242
11359
385935
803438
3555
33401
29417
39968
59368
7652
36074
8925
7467
11721
31889
133806
93996
25969
44790
36107
28119
26357
7961
6358
12269
21956
734031
24018
201481
6269
161339
8306
6561
313222
104873
14141
6712
11006
39941
108627
67711
29627
429374
26802
124314
26064
37297
70849
44586
34760
682321
235463
15825
52789
35870
91661
163029
152885
50380
40337
90112
427735
316659
17223
70709
241243
8054
20371
2780
102723
141030
41133
122510
551520
20856
482192
4070
13061
23499
578694
19881
79696
8810
18917
40838
151059
14575
95395
280710
103018
691735
40957
8131
35525
5639
32672
48403
711357
58863
166802
46248
21595
37153
93446
47337
598207
42433
270333
27392
336927
8566
58538
9583
16841
331949
4869
110495
3742
10915
10267
11886
56407
732264
144349
14657
24739
99201
84649
4164
6932
482675
16875
3337
587841
32798
214225
59612
45857
11745
8477
2146
403393
59247
231566
249963
377199
540303
57179
36429
357754
7510
23799
14690
484511
853940
47687
56051
30111
20849
523134
1804
166646
34138
5181
38843
1178010
10077
27286
28183
27946
21302
10582
135176
170645
100005
38335
54767
530323
78552
111349
643171
84346
69825
53998
566758
85841
73873
707993
25650
578019
62937
148344
66451
237569
19727
30264
28851
6853
181751
5886
89750
231580
108285
40958
13740
109248
34106
18356
37272
578215
135603
47882
365676
112977
22177
20758
114326
476437
91692
80349
57512
302358
48733
92873
55659
477950
38395
138727
12787
18767
14040
53115
93977
1190804
68805
98107
24048
32923
21559
146039
16035
163698
619158
118583
245893
16273
50867
17905
53440
30220
183979
56146
63734
11840
15828
56873
4243
36771
2715
84834
3817
148074
20136
11167
14571
4927
6525
33498
47567
79721
5869
221726
165635
86352
139857
1139415
303034
52682
3087
43640
88254
105511
94266
320324
48918
17040
11327
45771
9705
21608
3546
40340
10938
56982
7038
64258
33089
108391
6302
43620
142437
24183
45101
84312
79154
64528
67434
307541
2107
484125
235603
585180
35906
65884
23922
121564
19857
77723
40972
290440
22007
3910
15581
5564
1279
13055
18956
22210
52944
7446
7422
23110
5370
4376
25886
29267
11071
66772
11151
22353
15986
28790
419009
37695
149904
28212
32220
317023
68550
12865
2060
73435
36228
17123
15734
15994
3316
12303
21140
9093
11205
39690
33649
10818
22979
67829
4580
7081
15102
17037
9831
10557
21190
39981
3097
700
158653
6199
94147
10281
8021
3394
3275
4249
9542
14902
2294
134359
13735
23846
16706
8631
2348
12748
10371
21589
2559
37743
14853
25817
11936
281408
13817
447971
5037
104744
12142
8666
11359
78571
9237
9520
3734
54770
1600
12612
598
78270
19970
8777
1539
745
1267
3197
5209
372712
9767
33680
2139
18080
76577
27293
80287
66830
51138
131025
11978
3795
137489
44299
2801
36130
63483
481482
933643
3468
270129
142096
8124
16992
4897
36329
23891
31346
48556
25886
355968
9277
1481
25148
29073
68697
6709
7539
252723
90656
9363
33638
150739
48750
14268
317183
48291
139376
148382
786382
229250
25597
8305
44319
14759
14804
5158
20763
12180
7948
15261
5504
11627
62150
25210
44302
65912
3723
1711
5918
9278
16585
4212
7318
23852
2766
7109
3595
2905
22076
117671
19682
79494
3234
3451
11069
15575
51274
4860
7771
1209
12728
3357
7916
8848
65105
1451
36628
2071
8630
2339
27507
17360
113753
4222
23999
30619
6165
5789
34373
8450
101297
37836
37432
727172
167059
7878
20478
43080
14641
17839
31004
9114
7710
4746
56591
4360
823909
3469
74461
9823
17856
51200
40834
65251
17096
57635
93005
12506
11824
42976
6201
30072
30713
143261
185101
31684
8807
1745
24255
1810
24703
994499
87952
94821
19955
25599
6212
281460
4148
264048
373341
34546
91509
191752
48779
56108
12670
138149
92540
49164
26163
66939
13931
29915
32691
22322
23328
88799
11800
12931
18893
26056
10998
1097257
15268
86507
21641
31408
8309
33141
49761
67609
217094
35074
14182
4486
6616
22618
910
1707
13065
6256
50021
3379
14270
8123
45994
3317
46261
2954
48499
42303
306184
2658
320061
22873
20289
15178
25627
21339
27409
34636
46178
286437
323865
47846
54281
45476
31666
52286
5610
35767
10489
42725
4316
51673
10592
19553
79284
45407
747875
6102
31398
41489
17717
6253
2354
4372
8138
3289
1398
20898
30561
19924
35415
9649
42376
5509
6448
5565
12538
22430
29694
34349
43932
18034
14370
6607
8777
8307
36673
7876
36278
22573
29404
3338
63590
22983
37636
14331
10131
3777
20895
50220
493970
91063
29740
2261
312639
10546
647965
9137
205214
76206
57902
15833
18306
36432
24313
6927
33218
14675
288576
16079
55330
80419
101475
23262
31356
12811
30231
3940
57817
16505
1132
2365
6749
6307
10048
20559
203011
9601
32690
11069
623556
23351
5425
6472
60478
7824
7486
3904
17274
8835
37715
31561
47563
19582
8117
6026
6584
14843
45636
34015
150662
2638
14132
2905
13243
3001
2618
54102
58670
6763
5641
1499
23958
5845
53322
47202
89694
19073
16468
17516
7663
18465
47551
6829
23348
7100
17094
9392
21853
3551
19404
3531
85659
13180
7397
8934
10831
7468
23032
198467
189136
9075
40046
14344
12882
45525
21787
9852
105069
30207
7352
10511
7712
4207
8571
3801
38554
6216
8165
2230
26424
5394
8053
37317
6843
11467
362792
1973
11236
29760
4150
8886
6220
3413
18970
28325
18142
189292
69823
7061
57499
157325
28321
138727
108882
132315
572133
4927
42761
9546
98153
31191
21695
6673
11797
23049
60489
255
6509
1410
9593
3490
10564
8920
22750
2502
9653
3106
2102
8955
15310
11770
11908
8261
19656
6248
7401
26593
133210
128412
3676
4435
43198
2967
12919
9818
1541
776
4084
24516
5392
35205
3308
4459
21585
24469
10341
2390
34865
2748
22744
5907
38348
2968
2299
15939
178482
16249
42812
52854
21612
50454
175624
24153
42306
281
10934
7238
2156
717685
6970
17568
5667
4833
17262
10249
22539
22875
814370
15827
12761
84660
17340
36539
126180
276174
10846
7384
3537
2527
18840
1781
6266
436105
36388
19587
17247
7549
13080
14989
25152
16386
12630
140316
11473
4811
12323
28049
4652
22227
45071
22128
21615
2754
8955
14670
129687
39869
91448
172594
47855
307781
5914
117779
159470
74127
118169
160699
32929
25109
48196
28718
100605
9221
14299
2600
1742
442
1417
710
2907
13607
14714
2452
5538
460
5618
3780
13467
7316
5129
78859
5040
34353
36498
12044
4016
32401
7797
3502
13604
9414
13156
7718
3280
3742
5765
4168
6848
973
2324
8240
4516
21194
12635
3963
11509
4967
24868
13351
22370
80456
234057
140501
6715
139143
9390
18725
23446
10088
94795
71889
24474
41267
19225
65148
6494
5610
41333
57114
10383
181098
156318
17132
16834
37863
34575
13380
9140
50692
93629
45142
20621
25942
271263
11248
5766
108583
360327
16263
130960
97634
167393
59571
10434
5416
12647
12898
2055
22101
16260
8175
22591
8818
170622
14709
56615
61940
279960
37177
10609
18993
13759
7486
36290
723336
814811
164014
30102
109178
58165
22535
75752
8081
109501
378748
784797
8914
181247
17929
13751
19703
10387
14997
165238
967287
269058
47347
142309
121106
71564
48056
120120
14786
18844
78904
9192
18279
794715
13628
125298
45544
5047
47119
13432
102922
42124
7622
51305
18422
47974
39000
3976
15816
30596
16202
80549
42139
90966
139430
15941
152642
27917
4914
394863
110840
97384
76518
35080
1881
6931
9794
58505
4500
7163
29976
92940
28180
17898
17856
275801
39705
6315
63757
164529
27604
29005
47422
9366
89120
9279
149801
35983
6926
24474
26345
234839
65418
92762
59664
270091
165920
49425
21908
154574
182776
103058
38072
14828
46205
58579
13119
85442
38760
120496
183737
11185
6526
38169
52575
3374
34777
19588
132100
199334
48757
866507
9316
23882
891878
90474
63993
170946
572054
50476
252327
168004
179483
292123
32971
457988
23617
353795
243343
201463
45226
99412
20369
98705
34588
68542
15702
91085
6883
11965
266205
385909
41275
356714
27599
17411
97711
109927
119265
166686
5969
60529
4234
6859
9353
4720
4363
10822
39129
12314
43372
9406
8587
16320
41928
8260
158165
16502
8890
10749
4183
15383
26058
4479
23448
12792
9051
13912
537
26056
19849
55048
7516
29873
11446
14295
45377
8876
34994
47408
7135
30349
26192
15233
5938
72933
2451
13753
3061
85550
6928
6018
3167
8165
7310
7219
8013
136240
52863
12209
4652
27907
18606
51950
12967
60383
21626
300789
5252
10404
13709
48961
12737
16017
24322
154052
10201
8754
9257
2126
46917
46083
5016
94896
4790
8509
7406
1745
17492
35387
1209
5127
7855
16328
5395
37802
13093
18873
46245
6100
7278
198521
614493
25287
4564
67360
34660
35748
882
139811
59270
12186
8698
71378
4837
31880
6903
75910
8098
47023
4780
50957
11777
14728
9008
36881
35006
29615
7597
26305
8855
9545
17424
1175
33169
7664
36282
12096
19287
771
2802
13557
5021
6667
24925
1075
10507
1407
4344
2857
4403
35270
182581
14837
3656
1857
7691
11956
54505
104023
10887
13050
25878
14727
6094
3341
5685
190534
177633
440402
91762
2205
1459
11423
5399
13253
8529
14036
8392
4504
6794
6108
27857
26098
10671
20774
7847
24655
20278
21548
27138
187229
199280
13572
12434
1836
2660
32391
14269
136621
15850
19824
11523
7963
812484
16373
18573
5118
185292
8119
23323
11929
4534
8731
12513
35511
91068
91671
18804
113167
237118
54673
96661
188095
161772
20347
88249
7870
24299
31108
78075
180043
13551
51381
25768
124835
94327
631898
97892
166195
9365
36428
48761
9902
10270
3075
1887
19056
28786
32043
3039
28146
7417
134778
31009
65969
11368
25740
8031
22050
10433
20711
20124
47044
19507
12344
27991
35793
92787
8668
42780
6522
24821
40657
4543
2187
2250
15434
19028
54532
21144
193192
6546
11035
7208
7120
33107
101511
18404
97411
795721
7305
5873
21305
60247
88571
77153
55808
173089
7998
12589
18671
20578
45104
23932
21192
25695
5871
24710
89214
35843
82933
58994
81515
37447
39263
46012
31737
34420
