723804
1071122
988140
669640
228749
2710441
1822590
1448783
1356455
1171722
1612600
2052909
452720
2064273
1423703
105247
1941844
2074256
1210807
1114780
900538
1109717
1298770
1726360
1259777
1069092
474471
1994757
138082
1944532
996134
438216
1393509
1216098
1620924
1507873
1062426
739277
1505920
1544151
1341443
548507
1035914
2774888
771796
2221311
594874
1632386
604230
779823
520769
92102
1769678
1074167
1091114
677274
1608129
1022493
2298993
1281542
378386
220045
759068
183207
1616588
2523846
1075506
1109763
1317332
424159
1103485
562591
1137851
1686251
1608047
856263
551049
1557638
2460405
529817
421403
239649
1540905
661192
354058
999562
1334104
2191759
193135
1428898
2049101
640168
825533
437280
881062
3658300
1407853
651128
1633711
287188
1874864
570921
1772337
557933
2112227
215009
1370617
1499333
566668
1946777
2478184
505408
752148
1878327
1141279
238388
952614
313707
1730321
1079899
369709
2278768
990285
558827
2333019
919236
1723787
415065
473929
1521025
2622129
1287055
2119408
841578
1213263
1237524
2617172
1746719
1601213
880630
783869
715505
1711931
684638
2897666
748563
639227
1423346
1065514
1177114
1341505
1086568
2126388
923320
752105
259524
2368812
869763
1564724
441394
1851405
840640
2250045
1676349
713834
892257
328184
1821990
1912553
1900604
1688436
1351063
778618
989133
3997108
1556001
941739
874491
771624
84299
2295101
1379845
2334082
1029103
2617310
1896808
2012240
933382
1204250
1053730
2612927
232682
640962
309755
1521903
1000862
2694639
1073479
668459
274662
635808
259230
886982
1447619
216816
292272
627595
225789
1076084
368018
1910585
1909287
551530
1610771
361119
807689
410186
1377195
1943320
2620287
686906
834062
764598
861752
1273118
2707624
1351191
434427
2072546
2485330
465541
1337174
1268841
1101948
2767166
1710906
573064
1898149
401505
1420878
1185972
1191522
805077
948508
262032
573122
1223693
366862
1185151
1176134
1558668
1531099
217408
241433
369359
121542
