1032464
1364458
994308
50819
524334
2322463
3176947
2945336
2062814
969243
1697909
1331466
325735
1801230
959292
30067
1825200
2089225
824627
1074989
1484996
1398557
580445
1790622
2257633
1306952
1180382
1920649
510762
2377188
1475264
565525
2172533
623129
1319096
1576083
1454870
438281
1244454
1529939
2695525
818290
1002363
1984588
712925
2595279
788761
627883
26130
1019431
403985
1265
508193
555207
2157047
316899
1377969
471590
2146459
873228
28431
10760
526824
208707
731596
3393469
876270
1351868
1156269
392914
1395364
39603
1417858
1957554
2052232
762883
727761
926752
1965281
130863
1060285
56049
2416478
340541
518637
898124
1742368
2017042
1194074
1878378
939805
653897
748740
615742
1808539
3620297
1385106
2066657
1855659
426754
2160612
1756028
2108632
1018022
1762164
579366
2505652
1334309
187049
1776507
2855818
330162
1260409
1235174
1264458
1473
937415
1073089
2014067
143282
586421
2878400
1413799
1364404
2515984
801245
1787512
599148
1649148
2891408
2280061
1034493
2104600
1316749
1084976
1254231
1670434
1547930
2491081
1220425
406301
823965
1849692
432403
2872733
130753
662785
1700548
1539051
855077
1782489
1669698
1667347
1790127
1673764
11150
1937038
801847
2274374
616010
2292093
884394
2828252
1479809
63233
1088817
1198444
1204359
1999138
1127907
2088518
2145257
305638
2491004
2684573
1791242
712658
573490
225602
2343
2377965
2007958
2168557
2046917
2410274
2849594
756635
1462041
1487008
1386119
1249032
23045
34876
531973
1920302
700759
2044615
1240947
1014323
700184
545478
202349
267325
1429008
1430
3229
103502
186034
603003
729486
2301114
647652
341793
2041458
589459
1322871
621161
2095010
2412927
2579100
573268
383041
696041
908680
2029997
2191893
935788
36418
1704220
2578796
604809
1889177
1045257
1037117
1780681
1827430
322760
1757635
1167714
1405600
1196543
2188536
558928
289147
472153
671820
1392116
59682
836114
590783
1384791
962070
202038
406429
221381
206393
