0
4
1
0
0
3
2
49
0
3
2
0
0
1
2
0
0
0
47
0
0
1
2
10
47
0
5
2
3
54
6
0
0
0
6
0
2
2
59
48
49
0
46
0
1
0
0
0
0
1
0
0
0
50
0
2
2
10
0
0
1
45
0
0
0
0
0
0
20
51
0
1
0
0
53
0
0
0
0
0
0
0
0
0
0
15
0
51
0
0
2
0
2
7
7
42
2
0
18
48
11
1
47
40
2
0
2
5
0
0
1
1
0
6
5
3
54
47
2
1
9
95
3
1
2
47
1
1
0
52
9
48
1
0
0
3
2
5
0
2
48
43
0
42
4
10
1
40
1
48
5
7
0
13
51
60
3
49
0
0
51
0
6
0
1
48
52
6
1
1
46
45
1
0
7
1
0
1
2
1
49
24
0
0
5
0
3
1
1
0
5
0
0
0
48
0
0
4
58
2
0
0
0
0
0
0
1
55
0
44
0
2
2
8
0
45
1
0
4
0
1
1
0
1
2
49
0
0
0
38
11
0
0
0
56
1
0
0
0
0
0
10
0
0
0
11
92
0
56
0
0
0
0
2
0
0
0
2
1
0
0
0
0
0
0
50
0
1
0
1
57
0
0
4
21
0
48
0
4
0
0
0
0
4
0
0
4
0
0
0
1
0
0
0
0
0
53
0
1
30
1
0
0
0
0
2
0
0
0
3
0
0
2
1
3
36
0
0
0
0
0
0
0
0
0
0
0
0
1
34
3
50
0
0
0
6
0
0
0
5
0
12
4
4
0
1
0
0
0
2
95
3
0
0
0
1
47
6
0
0
8
7
1
33
0
0
0
0
2
1
2
0
2
1
0
5
2
2
15
0
42
23
0
0
42
2
55
0
0
0
0
4
0
18
0
0
1
0
50
0
36
0
4
9
0
4
55
0
11
35
1
3
0
3
53
40
1
0
8
2
1
13
0
1
76
7
51
0
53
45
5
0
0
0
7
0
4
1
0
0
0
11
0
2
3
3
1
0
0
0
0
0
0
1
6
0
1
2
3
41
0
0
6
1
54
39
1
0
45
0
5
0
5
5
1
0
6
1
2
0
44
55
2
0
11
51
47
0
5
44
57
0
1
1
0
0
2
0
0
0
0
0
47
1
2
2
3
0
0
4
0
0
0
0
0
0
44
41
0
44
7
7
2
0
49
1
0
4
0
1
6
0
0
0
2
0
0
1
2
1
0
4
13
0
0
2
1
38
0
1
0
5
1
3
4
89
0
2
6
0
48
57
2
52
0
0
0
46
0
0
2
51
44
0
0
0
47
6
0
0
0
7
1
8
0
57
0
73
0
1
50
40
4
1
0
49
1
42
7
31
0
59
1
43
0
0
30
3
10
5
2
0
23
4
2
0
1
8
0
53
1
0
56
57
47
1
3
0
48
1
28
48
0
1
0
0
1
0
2
0
1
7
9
53
0
29
1
0
7
5
7
1
0
0
0
53
2
43
73
0
0
45
0
3
11
0
100
1
5
1
1
2
0
1
2
6
0
2
0
2
4
10
43
39
1
0
55
48
1
0
0
0
0
0
0
2
90
28
12
15
1
0
1
0
0
6
0
0
0
2
52
4
3
0
0
0
0
0
0
1
0
0
48
1
53
20
41
3
0
0
0
1
0
2
0
0
5
6
0
49
1
0
1
3
50
88
116
1
46
0
1
1
0
1
0
1
0
0
5
2
9
9
2
4
0
0
2
0
1
0
0
0
1
0
0
1
0
51
0
1
0
0
49
0
0
1
1
2
1
52
3
3
46
2
7
9
2
1
45
0
0
0
0
0
0
0
0
0
1
0
0
0
0
1
0
0
0
0
0
0
4
0
0
3
0
0
1
1
0
44
56
1
0
0
0
2
0
0
0
45
0
0
4
1
0
0
3
0
1
2
48
0
0
5
6
0
0
1
0
5
1
2
43
1
0
1
0
0
0
0
0
0
4
0
0
0
0
0
0
0
1
0
1
0
1
0
0
0
0
0
4
0
1
0
44
0
0
0
48
41
1
1
63
0
0
2
0
1
4
0
2
0
7
1
8
0
39
0
50
0
0
4
0
7
1
2
1
0
0
1
2
3
0
4
3
25
1
7
50
0
0
1
1
2
2
5
2
0
3
29
2
0
29
0
53
2
0
0
21
0
43
1
10
5
0
0
0
10
56
0
1
1
0
1
0
0
0
0
0
0
6
0
41
5
48
43
1
44
0
0
0
0
0
57
0
0
8
0
0
0
48
0
1
1
1
0
0
0
1
1
5
0
0
1
1
0
2
0
1
0
1
0
0
0
1
1
1
0
47
2
0
1
0
0
48
0
0
2
2
0
0
0
1
0
0
63
0
4
17
49
0
0
8
46
4
0
90
2
2
43
1
7
53
2
1
6
0
2
1
5
7
0
0
0
0
0
0
1
0
0
0
0
57
0
0
0
2
0
0
0
50
8
0
0
4
0
0
0
24
0
0
0
0
0
0
0
48
0
5
0
0
0
0
0
11
0
2
0
0
0
44
0
0
0
2
53
0
2
0
1
5
0
0
0
7
1
0
0
39
0
0
1
0
7
4
0
87
0
0
0
2
2
0
77
2
0
1
0
1
4
32
0
3
1
4
0
2
0
1
1
128
2
49
32
95
3
7
0
1
1
45
28
0
1
0
29
6
53
0
0
7
0
2
2
45
2
0
2
36
0
5
1
0
0
0
0
0
0
1
0
121
1
0
3
3
0
0
0
0
0
1
0
0
1
0
0
0
0
0
0
0
0
2
0
0
1
1
3
0
1
0
0
0
0
0
0
0
0
0
6
2
0
1
50
0
1
3
30
0
2
9
29
48
0
10
0
0
0
0
40
0
0
0
0
0
0
5
0
2
1
1
1
0
0
0
0
4
5
0
0
0
0
0
0
0
0
0
0
1
0
0
0
0
0
0
55
5
1
0
0
0
0
43
1
4
0
59
118
1
0
30
0
2
6
0
0
49
2
0
0
0
0
0
0
0
0
5
49
0
0
0
0
0
6
0
0
0
0
1
0
0
0
0
0
1
0
0
0
5
0
0
0
0
0
0
0
14
3
1
7
47
11
1
0
6
4
0
0
1
2
70
6
0
0
1
47
3
43
1
11
0
0
4
1
47
0
2
0
0
0
48
0
53
0
6
3
38
0
0
0
0
0
0
0
0
0
0
1
0
1
2
0
1
0
73
50
4
0
0
1
1
54
3
0
56
56
1
0
0
2
7
4
6
1
0
5
0
50
40
3
1
1
41
29
11
0
51
0
5
0
0
11
0
1
0
9
0
0
39
0
2
0
6
2
0
0
0
1
71
0
1
0
50
1
0
0
0
0
0
2
2
3
1
0
1
0
0
0
0
0
0
0
1
5
0
0
1
56
3
0
2
0
67
1
65
56
0
0
0
0
0
46
10
1
0
5
13
23
37
0
0
5
0
0
44
1
3
0
55
0
5
2
0
0
10
13
99
0
0
0
0
0
0
0
0
0
0
0
1
0
0
41
0
0
1
3
3
3
0
0
0
0
0
1
23
1
5
0
0
0
4
0
45
0
1
6
0
0
0
0
0
0
44
6
4
5
0
0
0
1
1
69
156
0
50
0
2
0
66
50
3
0
0
0
0
9
0
0
0
0
0
5
0
4
0
7
0
49
0
0
54
1
11
0
3
0
35
0
2
0
2
1
1
55
2
5
58
1
1
0
4
0
3
0
0
0
51
0
1
2
4
2
0
36
1
2
1
54
2
0
4
2
2
31
8
2
0
1
0
5
0
0
1
0
6
2
8
4
0
0
6
0
52
42
2
0
47
0
111
7
3
3
0
13
4
3
48
0
1
8
0
48
57
88
6
0
0
0
73
2
17
0
54
0
1
0
2
6
104
3
0
0
0
0
0
0
56
5
59
0
0
0
0
0
4
0
24
0
0
1
0
10
0
1
0
5
0
1
4
0
2
0
76
0
0
62
3
3
0
0
55
0
1
24
2
0
5
2
39
1
2
2
0
0
0
45
2
8
0
0
0
0
8
3
0
0
0
0
50
51
1
0
6
1
0
0
0
0
1
4
0
0
9
1
0
1
2
1
72
6
0
0
0
0
1
0
7
0
0
2
46
1
0
2
49
7
0
0
40
2
0
0
0
0
0
0
0
0
0
3
1
2
0
1
0
0
53
53
2
0
0
2
2
81
1
0
0
3
0
0
4
0
0
0
46
0
0
0
0
0
0
1
2
4
0
0
0
0
2
0
5
0
6
0
0
1
45
0
1
0
6
0
23
0
6
0
0
0
0
0
0
1
1
1
6
1
0
22
0
54
2
0
43
0
4
0
52
0
1
0
54
0
0
48
8
0
0
3
8
29
0
0
5
45
44
0
6
0
1
0
0
0
23
7
50
1
2
45
0
1
10
61
50
7
52
1
5
0
4
0
0
0
0
0
23
2
4
0
0
0
0
1
0
0
0
2
4
4
0
42
4
0
0
0
0
11
0
0
0
1
0
2
3
0
4
0
1
0
0
1
35
47
0
24
0
0
2
38
45
2
4
0
0
3
1
0
1
2
1
1
4
0
36
0
0
0
7
1
1
1
43
0
1
5
3
1
41
2
2
1
0
3
0
3
0
9
1
55
0
1
1
49
8
45
0
70
5
0
0
0
0
43
0
0
2
0
0
1
92
3
19
2
0
90
11
2
8
1
1
101
47
7
0
0
0
2
48
5
0
56
46
2
0
1
0
39
0
0
9
11
52
1
2
0
1
49
1
0
0
3
1
0
5
1
2
3
41
0
0
0
0
0
0
0
1
0
0
6
30
0
0
1
0
23
7
4
0
1
36
5
1
54
2
4
52
54
0
5
0
3
0
1
1
3
0
2
6
1
4
10
5
1
0
1
4
1
0
1
5
1
2
0
2
11
0
1
47
0
4
3
51
2
48
5
0
49
0
1
1
23
6
16
0
7
2
48
0
2
18
0
8
0
117
0
2
1
6
0
4
3
0
0
92
1
0
56
0
0
0
41
0
2
52
4
47
45
0
4
0
2
1
2
4
49
3
55
6
45
0
0
1
1
0
7
1
46
0
1
0
0
48
0
5
1
0
0
0
0
0
0
2
44
87
10
1
6
14
1
0
1
2
3
1
0
0
5
33
21
49
0
58
0
0
0
0
0
0
0
2
1
1
0
1
0
0
47
0
2
1
64
63
0
137
13
8
7
0
0
0
0
58
0
0
0
0
0
7
0
44
2
0
1
0
8
0
4
36
4
29
4
73
61
6
50
1
7
4
0
3
0
73
0
0
0
0
0
0
2
0
0
0
1
29
49
10
40
0
2
0
9
0
0
0
0
1
0
0
96
1
0
0
0
49
0
0
1
1
0
0
6
44
3
2
46
45
0
50
0
0
35
0
0
0
0
8
1
115
3
1
0
0
5
55
1
0
41
2
0
1
0
0
0
0
0
7
3
75
0
0
11
3
44
14
5
62
0
0
0
5
7
0
6
5
44
4
0
0
0
28
2
81
0
0
4
0
0
0
2
0
2
4
0
0
0
0
4
7
0
0
2
6
43
46
6
1
47
56
1
55
9
56
0
58
0
0
0
6
0
56
1
55
2
5
0
52
1
5
99
1
0
5
7
3
0
5
47
5
0
0
0
0
0
53
44
0
1
0
0
1
0
2
2
45
28
0
0
1
48
1
0
52
0
26
0
0
1
3
2
3
0
2
23
0
1
6
0
0
0
2
0
0
0
3
5
0
1
34
0
1
2
0
1
1
1
26
0
0
50
49
1
8
0
59
47
0
67
49
0
0
3
0
1
31
0
7
1
0
1
2
2
2
0
6
12
47
0
97
22
7
46
14
72
3
1
52
0
4
4
1
1
0
2
1
6
0
0
11
1
0
2
63
0
3
1
0
49
5
0
0
0
43
2
5
74
0
3
0
0
0
0
5
0
1
0
1
6
86
49
0
10
0
0
3
0
1
8
55
6
1
4
49
0
0
4
8
42
46
12
56
1
0
0
56
4
48
0
47
0
1
1
1
0
5
23
1
0
7
1
1
5
47
56
1
1
2
2
54
52
69
53
1
6
11
2
49
2
8
0
0
49
2
2
0
12
0
56
49
6
3
6
53
4
99
4
50
48
1
45
14
125
21
12
4
2
42
5
1
1
12
0
0
2
1
7
43
55
0
0
21
1
56
91
1
2
0
58
1
48
0
40
4
4
0
62
0
0
0
0
0
0
0
0
0
0
2
0
0
74
1
0
0
4
1
7
101
5
44
3
5
1
54
25
43
9
11
4
9
0
11
0
23
1
0
0
0
1
0
0
0
0
1
61
81
8
11
43
6
54
103
0
1
0
6
6
0
0
0
2
56
2
0
0
1
0
1
0
0
1
51
2
0
0
53
0
1
0
43
0
4
5
52
48
1
4
14
1
0
51
6
3
1
53
8
0
0
0
0
0
0
0
0
0
0
0
0
0
0
0
1
0
0
3
4
0
0
0
0
0
4
24
45
0
0
1
1
0
0
53
29
0
0
1
19
0
0
2
47
0
0
3
0
10
0
0
0
1
71
1
7
0
0
0
2
1
0
29
23
1
0
2
0
0
1
0
2
4
0
0
3
5
2
2
2
2
110
4
4
2
3
23
5
5
23
0
5
92
3
0
49
0
4
0
1
5
56
1
6
1
11
1
48
48
4
1
26
0
50
0
42
8
1
0
95
1
14
6
104
49
0
0
4
48
0
1
55
0
1
0
23
3
4
3
6
3
1
0
0
0
1
0
23
6
0
1
0
3
0
0
1
39
0
1
1
0
0
0
1
2
0
2
0
1
0
0
6
0
0
0
0
2
0
3
6
0
0
1
0
52
1
0
26
1
55
13
2
3
42
39
0
0
0
8
0
0
5
0
2
6
6
0
0
37
2
49
3
0
0
5
52
4
5
53
45
0
0
0
0
1
0
2
0
0
0
2
0
1
4
50
2
0
3
3
6
48
0
0
1
0
41
50
4
1
6
0
0
0
2
68
2
4
0
58
0
0
0
2
5
0
49
0
0
0
0
47
2
1
1
0
0
1
4
1
0
0
0
0
2
0
0
0
2
0
0
0
40
6
0
5
0
49
1
47
6
0
1
0
12
0
46
0
0
2
0
0
3
0
7
10
75
44
7
0
6
2
0
0
2
1
40
0
3
0
84
4
11
0
0
0
0
0
0
0
0
5
3
2
1
0
7
0
47
5
103
0
0
0
0
0
1
0
4
0
2
0
4
0
10
46
1
0
1
0
1
1
0
0
0
0
51
2
0
1
1
54
0
0
10
0
1
0
1
0
0
53
1
0
2
1
85
1
1
0
16
0
0
0
0
0
0
0
0
0
0
0
0
0
0
0
0
0
0
0
5
0
0
0
1
0
0
0
0
0
1
0
2
0
0
0
0
0
1
0
0
2
1
0
1
1
0
0
3
0
0
0
0
1
0
1
44
0
1
8
48
0
1
0
0
0
2
0
48
2
0
3
0
53
0
0
1
5
0
0
0
2
0
0
2
0
0
5
0
2
0
0
1
2
39
0
87
0
0
1
2
2
0
0
2
24
4
0
44
2
2
0
1
4
0
0
0
0
3
0
0
0
1
1
4
2
0
0
0
0
2
0
0
0
0
0
60
0
47
48
33
1
0
0
0
0
0
0
0
0
0
0
5
1
0
22
2
1
0
0
0
5
0
0
1
0
2
43
0
0
8
1
41
0
0
0
9
0
0
0
2
0
3
1
0
1
0
0
47
0
10
4
1
1
2
0
5
0
0
1
36
0
0
1
0
4
0
0
8
1
90
0
31
0
0
0
0
1
0
0
2
5
0
0
1
0
50
0
22
3
0
0
0
2
3
3
2
9
1
0
0
0
0
0
50
0
24
0
0
4
22
47
0
23
0
1
0
0
0
0
7
0
0
2
0
0
1
0
0
0
0
0
0
0
1
0
1
0
0
0
0
0
0
0
0
2
0
0
5
23
0
1
0
0
0
0
1
0
7
1
4
2
1
1
4
0
2
0
1
0
3
0
23
0
45
0
1
0
2
6
4
44
3
11
1
102
0
0
2
2
45
1
47
2
1
1
39
2
3
3
2
43
0
0
3
24
5
53
110
6
2
0
2
3
1
1
0
23
6
2
0
0
6
45
6
3
0
41
93
2
6
45
0
0
0
48
0
0
49
9
0
1
0
0
0
0
1
6
4
0
9
0
1
2
3
9
9
0
0
1
29
3
0
0
96
0
0
0
0
1
0
51
5
5
0
0
0
46
5
1
49
0
5
0
0
0
0
0
53
1
55
0
0
0
1
10
2
0
0
0
48
0
1
26
2
1
0
0
0
0
0
62
1
10
49
2
2
2
2
84
6
4
3
0
3
7
3
0
0
0
0
46
0
3
55
41
2
0
2
0
23
1
9
1
16
3
6
0
67
4
138
6
60
2
8
0
1
68
2
0
52
0
0
0
1
1
3
3
2
5
1
0
3
46
58
2
2
0
1
4
1
0
46
11
1
0
0
0
0
0
3
0
1
1
29
0
6
1
1
5
2
48
2
0
3
1
12
25
0
0
4
1
50
0
7
0
6
47
0
3
2
0
2
0
1
0
1
0
1
0
0
0
23
0
0
0
0
0
39
4
0
1
0
3
0
2
0
45
0
72
2
5
0
50
0
0
0
0
37
0
0
7
0
0
4
0
0
42
11
0
0
1
0
55
0
0
0
0
1
0
1
0
1
0
41
15
0
0
0
0
1
1
0
0
0
0
1
0
1
0
0
0
0
0
0
0
2
5
1
0
0
2
1
3
0
2
0
0
1
5
6
0
0
0
0
5
1
41
1
0
1
0
4
5
5
36
0
8
44
0
0
0
27
2
14
0
44
0
47
0
0
0
0
0
0
0
0
24
0
0
1
0
0
2
0
0
5
0
0
0
43
3
54
3
1
6
1
43
44
0
0
0
0
8
4
0
1
0
0
0
0
0
0
0
7
45
3
0
1
47
2
1
0
0
0
0
4
3
2
21
2
0
3
0
56
0
1
0
1
7
9
1
1
52
1
0
2
1
2
0
0
2
80
42
0
1
0
40
0
0
0
6
0
0
0
0
0
6
2
0
2
3
1
4
1
0
1
0
0
0
1
0
3
5
0
42
0
0
0
0
1
0
2
1
0
4
48
2
45
1
1
0
1
0
0
0
0
0
0
43
37
0
2
8
