94587
218564
99252
1754
5727
928014
28840
6347
9780
979168
17839
72923
1776
24031
9971
14
234391
51448
5145
3560
501
852135
942615
1648532
1250539
1207078
36970
875
10
1110039
2163
203992
800288
492780
500464
4242
84382
736145
942550
899005
588037
919918
20655
1095014
268007
2531679
37184
500631
502
730365
0
0
256981
38878
1442051
731960
614186
420258
970061
229280
26
219
4782
1052
902249
482603
227741
887280
1619033
1489185
802166
24866
272154
425
867385
447429
107849
516015
201649
3173
82448
292339
1103101
682743
9147
139645
47640
784942
212083
747683
796100
6418
27225
7672
705605
1429046
469837
100347
1272279
13013
23
438105
833202
496626
55331
205251
74290
483441
189251
831955
808701
765969
1715
9620
5445
0
71316
34692
884439
930188
46
1903172
245699
7108
33987
5272
25407
202526
5041
1432293
723851
246801
500347
7698
7084
779888
1010129
8216
222804
57482
70632
27604
1457467
518832
21099
210337
28363
691877
40134
4057
1334365
466233
1019524
799369
5269
2787
446216
798535
993829
4637
793793
228002
1163278
411
831493
175719
85222
107666
59088
411459
195123
220685
330705
512742
1868853
5255
734142
453840
268666
3293
773385
1059551
569239
1334954
36544
575283
273048
457
177920
1047669
1082406
29473
64973
1556
1268
202
194974
78413
767199
6385
38325
91
4581
37254
73903
0
5701
3
4630
33978
799998
818689
3212
25332
28221
538980
67
1648078
2831
230218
499487
731016
2358
12379
143931
1827983
579736
24493
189458
1103970
1975
40669
1027415
1132102
374115
491361
22340
302747
1965
797467
497861
14
1004457
0
229356
73
1298
805
3225
36976
347889
14352
10525
778
919
1328
291892
688530
396037
23982
6715
829533
1082596
876342
415
690882
311411
780996
4
16169
1273578
0
200687
2234352
245996
1495
929429
48748
738382
2004
490279
29304
277120
998762
62
705803
5560
62499
922793
932
708164
398613
834248
16987
5386
798541
73322
188494
377856
1364523
453427
657417
2163
559231
19188
83626
64
73903
876478
511449
342
500005
373332
830434
1717982
6272
505645
7839
23520
9075
380089
34108
298660
15178
759
196
286901
7930
459667
772535
694444
1903
14935
510579
796862
897
401449
663
4276
96661
83508
192661
48676
690537
42865
617080
721769
896615
32971
38624
4533
2159714
58992
0
1868
228568
632926
748011
676389
9102
1063091
14781
791502
1266804
395100
1115667
68660
7438
877647
45725
2533
34600
13007
6935
39501
3653
984
676219
685858
17399
1799362
1327839
1756519
84943
31450
31604
1808637
757124
328
82128
100161
688738
498519
1241108
222572
8560
30704
213075
77972
20086
1429411
2569
247505
31711
380
728010
468001
24279
1238611
826
1145161
33757
1207128
3291
214
8410
371633
455527
947688
800745
558
219136
322
1684
857581
692579
671507
57072
372750
69479
2121334
233606
620584
11118
441509
49429
2356601
1721
40537
380375
1056688
778327
5329
829070
1621
741515
7338
36116
10155
639215
1583930
713536
1542997
2808
6736
441
33381
36900
6979
1456536
378
33171
1977
407
80341
268312
552986
13368
74410
527
1373
1424
773929
43185
106655
799017
729833
750
658696
1281
453726
175101
27906
26323
2369474
792431
1016244
200
445658
30830
892649
6378
9748
818498
69605
453098
35513
1037420
218158
567364
15916
3439
1329477
1389
808327
871
75230
1581348
4493
251880
14527
22506
11221
19358
534112
6297
4458
1015788
407959
431479
797848
958481
1688617
1192312
729079
1482580
246943
5988
703551
170644
967925
799957
17854
81262
9428
485755
112520
529770
228080
800464
7520
104138
2142092
390
685003
800367
49718
1589762
3255
860598
875890
324012
1029258
71888
245870
249519
2145
44278
346795
543245
48288
87103
79257
5326
486840
74
421113
12571
1096879
77485
330340
811252
497954
223601
374139
2103
16925
2209453
477001
387075
76374
225825
650636
710602
565953
6091
442421
661436
40865
73606
903581
520284
242727
1322
604800
510314
394749
639923
708093
275228
21509
684302
1361297
681692
400710
376
666371
1159019
2076026
2746
689981
100044
830494
34
1401
2620
547089
1017
3590
902044
37240
32730
209840
79
711495
1497154
993997
379
3672
35415
798507
3292
28665
438437
446078
1255304
12829
16642
84203
3955
86120
394959
1568185
717960
469507
4903
833141
537759
283787
736419
1089698
869364
21996
667729
712697
311811
451353
698487
767857
1648
13084
256153
70156
1472608
18596
34530
85101
2705
712360
3547
888324
98100
772956
702756
604590
729800
1059377
707149
4067
795401
1513496
50263
126980
486623
75778
161918
331575
1224621
109357
356279
237129
77568
77771
405
304330
671906
1793260
1088411
2242818
236134
1016583
1024
474129
11279
3199
488196
48697
936999
1483708
1608
74050
9476
50771
448131
254905
245006
72056
65788
9988
891
866356
764363
807060
789528
690
786867
264612
188540
25693
209071
608464
1869862
637101
83674
1156138
601028
1202669
710950
862523
361871
600647
777832
48365
1017046
214664
413197
1327357
677217
40835
770097
225989
97964
794362
399139
2542
498832
4076
1225761
547812
532303
5309
1099143
1312352
43526
43204
4965
25960
6197
16461
41041
50430
3763
277897
672936
179015
2044
989732
33669
606490
1297122
59
947150
703420
250
1361876
1479072
368330
23759
1213191
3193
72400
34322
2155
333
276453
795837
9194
663
6404
312
1
939
40288
82232
29793
227667
3121
225874
495191
20044
242591
8852
736113
504153
499275
734370
21
145955
958
378
37025
45370
17742
707
492294
8001
6747
77735
498711
10
69
1320
101306
69046
780573
319
986861
3680
55951
30530
733060
876346
217
561479
13134
788074
1026240
21726
1507
1630
216461
33648
15748
43862
1474080
489287
13000
17508
257262
20377
499740
16442
4254
221307
25312
768267
6640
224
247790
34634
907416
710636
910133
652
1411515
331491
504575
799180
1582001
13166
1356453
484
531911
954
827015
702
359
453430
653364
1160952
613
71148
12970
722
599722
1990
448520
1103
540630
742782
1671948
499913
730930
614615
1332419
78213
61607
1169
96695
12228
68129
247248
1189499
754014
632701
813102
1305587
1029960
876913
264208
592091
92
233850
241010
837407
35520
286548
6491
829348
459167
264306
183321
28382
710175
51338
797584
403905
1411980
1215883
1030171
1418
310277
1039459
39764
18548
747730
52128
18491
19563
179036
1799246
91079
251979
1893
107722
69377
498875
519799
896508
3485
33377
3435
1293350
305
11272
1240655
226887
271
1015
1669
500507
735232
975
1918
567114
498809
21
10465
11098
228487
174944
1210304
13968
12980
1229
210
1936121
80
23660
466067
68964
720
13
803833
3251
11811
229589
802522
813
108064
48911
11469
1468499
215964
764070
197604
133584
570141
2734
42656
13122
2621
994
182970
59292
24917
2047
4038
25493
26358
2928
10550
16546
2448
