72922
521562
2192270
213834
806957
327603
907792
638851
939908
1793522
1131106
1990061
483556
797627
885803
635334
586692
199100
241775
170
194108
404702
892229
330712
887445
1140838
1879570
364253
68760
392427
647460
108087
837825
251776
1221279
242768
2102221
803141
652714
906668
698027
1589330
1580728
875267
1282029
1053578
1745095
73595
191360
304075
32748
149081
831
6883
684356
796365
887452
90472
840553
73069
330662
378858
151376
55981
243288
865710
1112809
797086
994
358603
162357
211234
576803
1515431
303037
1038045
5968
76
3502
70392
63156
159557
816512
5647
432631
17481
179152
220512
12977
1469360
557766
600274
903223
186609
436336
490774
1433138
223545
159832
206722
1072407
816242
1219587
71882
1762690
625922
1229869
868564
1166924
952
1034941
778459
546511
873580
11691
3952
256665
7311
348892
1291395
1070621
446349
858242
1020286
76231
986241
504400
232032
1626102
859943
2076851
1506067
217357
12679
2256869
185660
628239
853194
1858343
1054072
189455
544391
997627
110607
2111200
377201
2371732
7193
332566
254237
1078351
600149
805645
628074
795367
1264268
461386
1159890
335719
190884
2527695
961605
1948210
604142
882355
356812
1157036
896266
2477437
653114
502644
705544
642058
197943
1037600
778431
1471281
907902
1313832
31629
75636
274223
260204
712744
1818347
1119531
902589
605995
601591
825577
1054050
527479
1062844
439095
476820
287684
6306
1126815
951155
194131
416606
253735
1459301
75049
648
147564
5660
104405
259854
792
5925
67084
87371
176809
679367
71286
322349
5695
1346107
756598
1469
166416
1984442
1011896
1278319
1161944
1074349
793322
812754
291249
472907
275910
1112533
431657
1030043
212460
638690
72260
636530
1378406
83843
194074
852043
74873
731
728060
1646113
367124
351393
196234
193448
1028365
197941
555490
60794
521765
