49057
884504
1440285
33474
1564653
1394824
2736550
572769
1381916
1244488
1584954
856765
1573353
671664
615936
6281
502900
3077301
15002
802619
1046813
44216
4072189
843723
2379539
1284788
3787784
827716
19718
1512879
1594625
598025
372623
2489988
1663296
70581
784866
1966857
1804231
1604634
1134083
2244500
2185701
663610
1260310
818913
571725
1330409
1052669
1424004
8614
419836
280314
1069201
41316
742683
973921
1576237
1796058
1414
802696
174
445463
25718
7054
537483
2368705
835314
1250564
1093226
1528197
1613668
792757
1725169
1161947
660559
33768
254476
1359923
714019
793099
836894
756293
188759
720247
87376
1324515
822772
1057688
2604284
4095682
52620
1739774
411968
3408280
808355
3245662
1699959
1121236
824613
1996850
502188
1287083
826769
3135098
5840330
3537381
972653
683357
54482
2009060
54702
1366801
933384
520383
308425
1400341
1490698
155848
1096332
2113252
1196330
3082302
626536
269876
1259727
1842299
779960
2103392
2137098
1232475
657537
1054209
2461091
3288221
1474172
1609849
1871421
3071075
1666662
1295961
954133
2136963
320746
2458317
468915
1923337
1370838
795744
2641982
1272794
3117215
2555262
646393
4478086
1771477
1119407
2192853
1348169
1082635
1702373
2948543
1738348
2484150
1719003
3992006
5292692
2482620
4129249
3321427
1670654
2294682
992479
1433331
3002183
694290
1701715
58729
1275980
2836
1015375
52770
960321
788002
2642264
1046186
1972067
27979
13662
118134
1535426
1295776
259619
2712929
54058
1351764
533717
1062885
751431
72051
27407
1351436
432358
803515
3894
257188
244932
234616
421
1110096
1664632
22
17241
187638
1155880
1607015
920608
98059
1149941
164286
255356
31528
681805
1674102
838462
1164261
3721564
1333201
1740046
1397341
1099155
830591
497372
2104316
4053196
2201467
114960
513657
121198
890815
264299
10358
814054
11151
81800
362086
1187416
21312
1352212
1254024
2014900
993186
14012
287443
1797963
66155
