4935
8813
430
46369
78
12552
1574
153207
13389
10815
8027
2759
3343
162
50031
233
97
1435
4422
602
782
3223
627357
3113
55980
2324
24050
21
1158
224774
20887
3385
4727
614065
419
51034
9750
411441
18654
107099
8881
59415
11984
73176
323
136900
1857
3367
152
2924
1311
5044
3755
3382
99
1256
141
4782
1272
76608
158
260
59
41
31784
1740
2320
679
137142
3594
646955
13
626090
179
14469
10356
1666
26
24666
585
359
3267
43606
590
316
3720
2484
5089
1171
622241
637080
39789
624542
1265
26581
68872
44015
50785
320
666737
4607
325069
123066
796576
19876
743725
29763
1342
74
194
2361
343
12
7383
4365
19139
461
92979
1297
166906
655919
20573
1232
5806
3283
620835
5874
1294
4669
38651
14661
71029
69361
1257
628898
644810
103
75
4874
7
3892
42
1124
55356
1158
10485
1448
121
616
5143
21286
439109
810
873
17381
1946
65
31976
16314
72572
62287
2433
4623
20216
617199
70664
118675
5851
1277
1899
11444
3137
619695
295238
2172
77123
59399
2143
44192
240
29470
44680
864243
53829
3718
114
8768
1
222
129
3337
659
103
39927
13055
4672
662664
789754
7237
3911
3692
69862
244
622678
622852
201
2461
111023
5
30
18953
4852
31
65
4622
3469
0
170
136
54
31729
858
48449
478507
136
14008
79
323
83
48424
208
77227
62190
19758
479711
247
60
7709
74754
1
72524
932
18
379
34
1494
117
220
220
85
35
18
115
791
794
19453
629
43
175
30496
8368
610
3150
379
7
2753
1332
2219
56
70
62651
0
3290
721
1212
155227
85
8
3532
209
17
179
734062
649386
4425
3
686052
35
550
624034
313
24099
1
206
0
145
7241
76408
21421
65
11997
0
68
10321
617
1109
29
23
27
28
19222
73896
15157
807421
3755
17135
3560
60
76035
672
76897
347
720664
4
0
51
54
5089
7454
60842
1372
76
32
65
745
714
2345
17
910
41
547
3205
743
85
132
17797
18578
142
2776
708
4952
516
7
1236
3033
6097
655316
99
850
69091
1305746
86467
33550
119
803
1
79
39985
8478
625739
68913
621431
956
507
72
1082
627022
27520
19470
3523
4835
86926
1106
1988
54604
60634
4647
301
79
23948
46092
10398
1238
8392
623016
266
188
154567
686836
4498
3142
0
602
1415
4226
1074
317205
14
1003
725
0
122726
78949
1721
717940
1190
957
31229
372645
16755
23097
199683
229
686125
663249
1785
33980
793217
13762
636809
15995
621567
39866
65
5627
115
2363
2342
22565
14377
1922
5089
642899
9051
622455
252
138
2331
35
0
4361
13629
56
1361
8412
1093
3945
792
24
690
2282
217
18455
0
73
3
396
0
36
1399
22871
702714
247
657
1222
13
1624
0
151845
15205
4766
971
749577
2270
65
2491
42
29081
606726
18
710870
7933
3394
80
28
5519
63
16897
3169
621555
58
174
624626
51
388
3944
558
2630
5075
3663
6901
6772
977
348
1905
12031
37014
112
41484
36
70557
1526
13069
12
148759
3488
105
672
88
740023
0
69445
191
94
3685
1054
628051
0
625470
1160
4180
641552
641901
11
69732
3900
9657
498
21
5133
1924
1584
191089
137
239618
9100
11
108
358
800005
3955
644
3391
115
15
77
68625
117
4737
5
647323
84
5506
0
41481
49334
742
337135
88
44171
340
1272
19513
8990
68941
9015
1625
650524
15
117
154
384
39588
71710
79
11029
608
2979
125866
8067
701161
7858
25682
41
1517
147
433368
451
625085
7919
64
167
793
445
2371
26
17156
653750
24187
7888
1023
26
35174
2463
624697
74343
720097
1218
313
14082
192
20914
16422
1346
67858
901
818
390
727292
1518
63338
362
81352
77736
4638
2742
40401
27
438
624235
8823
256
7872
47
913744
43743
616869
1141
667577
9803
14954
1293
1
67427
75195
39309
69531
4655
3956
1078
85
78964
604505
488
4191
15227
6101
222
5783
443
21017
63286
380193
116959
2227
569
229058
42990
657790
5771
69196
65
1177
70738
1052
220242
4694
4567
10252
207
6719
2612
905
73753
6011
748803
416
63562
1134
13505
258
56
69312
62690
655439
1462
53
59
172
110
74
5747
26438
1
39704
5047
43
38
866218
0
263
76
2
0
52493
769
628578
813
64336
292699
77
93
152
538
315
67406
92628
5084
84
1
0
2
1266
8068
7666
18
0
1
127
117
15163
162
731712
1571
167
0
771311
15632
1906
3043
12234
1189
3433
663558
2026
656352
624889
11909
2575
304
625308
4616
21836
2
161
0
13119
663725
69495
1646
714644
7900
19397
546
4604
3601
276
322
2861
4750
3719
1229
814
624026
408
94131
13
8701
70606
6730
17160
4056
69322
0
664335
3841
33
27
534
625233
23
10
234
25
1266
130
2407
56
556
32
728463
4766
21
128
7
0
3529
1
11
15287
18908
52479
757
93257
1214
6
7301
108
73403
166
46398
17166
279
732
3188
8874
2
621371
665
6317
357
2270
797186
42703
68611
0
172
70
4744
46895
1249
273
19429
616129
1325
111
180723
0
17
27
110
348
0
30375
1
1223
3
3123
77117
51066
2489
446
586
473289
1255
4640
18577
710582
273108
6372
12787
3680
74473
123
3586
43735
15722
300
14463
54372
43300
100
805471
42648
8978
3059
7
789
53026
70886
62
98
4
715190
369
69692
68899
50384
554
75399
759
645373
4183
2787
10124
28304
45789
463900
84923
8032
4902
1286
3762
637866
19413
0
60
29
8
17277
1564
11363
62
5308
115
72292
580
1220
69167
171
359
3678
542
90555
11
0
0
891
10954
713612
183490
7810
476
902
180
269
3
0
89
2
40
20
1436
25
68
56
170
59
9
0
0
218
650035
1307
160
2
9075
103
185
188
114744
8650
5397
56214
725
98
6
4786
236
31
68389
51788
25
6
799
543
1191
26
5484
10
2280
2157
13179
4256
27
1409
2595
610
3609
184
1782
67902
38611
86
75475
1654
1318
326
30406
0
6
1134
7248
59
611
2138
9
93000
617007
328947
4848
49
348
1755
45
3761
277
4867
42
932
1116
47467
770
226
682
709970
2578
1321
39984
798087
7508
2
0
1173
621478
55
1189
1
69
2819
329
42260
555598
666
0
0
9
0
201
3122
221
8868
368
231
165
691731
184
0
1232
12
0
46
174035
76367
84771
7
241
5
152
3
66
160
4756
3903
1467
110
69113
25
17086
154
26
16
6
16166
39
781
107
12
6641
89402
139016
641572
3616
40071
644941
51
4367
33
351
1294
9
1
7
3229
1134
1
684090
15
638337
2891
186
9774
815
40826
765
191
0
1
625645
643912
9499
1861
39886
208
0
68571
26526
28381
42504
19073
731882
134
117742
255
7249
96
1757
1074
18172
6
7164
140
6
780
8337
22221
2334
738224
3795
13322
505
74504
22179
213
6040
1
740
0
51
1
524
11748
608481
0
3130
0
1525
22
64743
1
68323
26
8322
95
10329
33
1897
315
3557
7609
16
1119
20073
0
727
4396
1038
41751
22
1
41
80
0
3613
223
3748
75
2107
24
0
109
33
19180
0
110
3482
76554
98
3712
126
15183
107
799831
76452
7530
1432
17221
4493
6568
631371
8
18625
92
1222
18
0
645112
382
30
67
107
9
131
30
76723
0
1142
512
153
84
3509
68154
113840
160
6
73220
0
1786
4535
1693
712375
50722
8
0
3
0
21
686249
0
76641
11779
198
115
69105
15026
69
4801
16
296
7
184
4908
957
645419
39671
216
50448
64316
31
4265
46
1772
764
0
62
54
76
0
198
12
347
64
184
2126
0
35
118
7464
26381
1579
576
108
996
14
4602
223
9643
0
79986
79391
71
137
79735
786
452
29
184
29
4658
391
230
80428
1517
4461
71798
7418
76
8
13
1331
2430
385
2102
288
585
931
247
1378
9
237
3397
0
64277
490
2820
85256
16000
51
17
79
491
78
3876
6188
8408
95314
14861
0
772
1154
24571
2534
4517
1654
2631
4939
1403
39375
1482
42
4547
44
53
627613
70137
1162
13
2945
3731
93
1452
4769
18556
55
452385
47
59
1279093
75
36
106
71
198
622446
25954
393308
69668
51
3666
46
6134
4
622383
702630
33
9870
170005
10497
47160
1244
19028
100
1238
228
168
2
927
287
5688
280
33
13
27
4550
132
6689
578
0
0
193
39790
71
1462
54097
62
651299
204
642868
695942
5379
38
76793
3492
276
692996
3667
26251
151
0
16115
79
305
0
550
7
72
6
19743
471
0
4
293
622962
1062
20584
369733
637701
56105
2935
26145
29
2490
2839
796769
1725
20137
41589
0
996
0
42
19582
63849
6005
545
68920
37125
137
8924
910
4026
271
8176
357
39039
2911
12126
1548
608216
353
621769
2
158062
77
4672
9496
464
5524
643
12
102
69069
55
0
4800
3
17850
2724
79430
627662
141504
1936
48175
284
63
5
11529
1
63
110
1158
134
2314
0
660699
1429
621888
31
81899
4921
148
1
19704
53
1409
8
282
33
92961
65861
376
471
10484
674921
19170
3720
4540
26
152
11
4016
249
43432
447508
141
39722
121862
61
161
568
2890
3640
32756
52
627184
639115
14
1191
43795
5154
400
149
1751
229
1219
932934
330
80
112
1
141
7519
1221
5
104
16
1498
622527
1843
16958
1250
20456
1063
5942
121167
1755
390583
330
1411
339
77810
87248
103
0
1337
349
3722
1283
716660
0
1177
0
85
30
36827
21375
1691
41387
788
15302
664536
15448
704
972298
16323
1546
644503
193291
57502
20068
2817
1094
32898
67212
621112
189792
1571
14882
89366
97583
649301
643001
70841
29888
84
618814
617908
1460
673600
20418
39551
19091
4244
2236
29511
21715
24494
83478
8838
1349
785959
13638
13020
14224
641
149
1812
633123
47
382
15050
6603
2885
592
1
48
466
621530
173192
44815
43554
9
0
96
433
0
7856
636711
41050
85
199
73890
7744
0
200
61
1406
975
1170
363
93
1170
4520
227
21494
0
4837
12
75547
13550
672
3609
317917
1170
35362
652040
2
4846
622515
420
62082
479
9484
471
15233
118
112
611
621826
630
0
53
390
0
76
87
40373
1474
1137
36
138
1104
87
148
235
2563
54228
80
56
14796
119
8
4389
110
1346559
20611
30
1604
63
315
73449
23
20612
1591
0
625966
4214
992
705420
3756
1128
27
3683
7944
708
0
3808
7
0
68925
10800
78685
1886
154
4169
1059
334
683
1643
716585
622520
2534
158109
88
19639
0
245
8
481
46029
25602
69608
197
5
3114
59
69
198
0
188
15226
33969
962
203
72296
1
728108
96
0
15
310
0
14
0
438
0
1
406
493
22251
4538
974
26898
5866
699507
621768
411
409
20
36
211
1
2620
7536
17956
11
2114
35
1298
7
104
0
151
0
104
1805
4
69697
183
0
7652
1158
624412
394
3686
148222
14
3804
209
35201
7336
46562
99947
1
472
3421
1007319
30
1127064
106
394767
54
197
49868
8498
97088
133
2555
443
196
137
48731
1818
23194
2748
7
4405
43
11323
2643
471
18373
593149
3323
215
12832
5
18
784873
797219
699299
3694
14896
343
8230
60342
19130
7584
20410
21
18506
6633
623770
39
92
160
1738
16
414
9
135293
0
4470
5556
248
81359
127
32
36235
619282
1917
23
164
39215
24992
3359
621549
18
5965
33
86
361
340
123
1
68824
466621
1514
3985
941
868647
280
13
3323
1
156
66
13597
8114
1197
21772
3665
1381
726807
1259
3126
7552
785
1367
16
1510
728
522
3287
11340
6067
3468
15543
40716
220
3601
8011
39006
595
32277
1366
70704
6851
48132
14228
28097
5040
1380
618566
78215
3787
612542
510674
10601
125467
820
8006
4757
256
37525
261
621929
25553
46658
4993
633136
229
89103
797827
50224
2429
11
54
656385
3388
125439
83505
4580
4747
914
10986
1281
5482
74825
38349
1209
306211
6877
18127
3145
23
57986
69219
69680
108140
95
166
44
528091
372
381
3
93
73663
138
251
21178
226
7645
2682
53443
3291
1
737730
25
2208
47
3596
12251
11
73968
171
3511
7698
174
24888
405
1552
424
16593
2021
3069
1895
88740
0
78
1327
627046
18305
76458
27492
632326
142570
438
1754
55
2720
375685
72249
646911
648024
40951
466
99
624729
14134
3509
701
59
2
637160
639
2345
89040
11524
640763
7
5
89
41
131
1514
259
456
81958
742312
3767
156
348
686
6869
390757
141
645
188
484
183
342779
623
1256
41
4882
41837
850
1097
625799
475
38235
137
625985
76
1692
641596
141496
22816
625334
93211
671692
159
137
3730
20583
10126
475680
228697
38506
624
16729
2776
760669
1355
61
59
26
21
108
9
299858
659
19759
24
93
27
15120
784887
15549
1285127
2066
636128
6
1371
837
4149
200
28521
7205
140
1236
25
227
243
4
1
142438
29
63867
10797
623048
839118
68570
3199
618044
184914
32
17
5184
5254
1005951
74502
47722
112021
10556
113
707919
110434
642386
19130
95878
16032
19717
3657
602
675
22108
1
154408
1004
27
0
97
0
29356
47
9008
5512
48783
6
4447
1136
414
4890
1677
958
67
21704
952986
3714
1580
45404
459
793283
1165
2819
488163
4
9068
5769
215
28
39279
107
1573
17072
1157
701
140415
39795
0
2898
469
8582
207
1508
3570
68944
746837
12906
3447
74
35636
13942
2178
351
520464
1466
133465
91
11365
20073
45263
33
7366
77
102
6298
219
70171
625734
1252
641424
16
5
1128
225
40
39068
7
684284
1613
19932
173
41103
12823
6
87
137
2264
13298
583
11604
79254
77605
309
7328
319
3310
1676
1600
44779
83367
110
34288
61
7794
45685
1263
696919
3727
18475
621312
95
361539
72
17415
8863
1982
1499
64
4545
148
2
694926
18247
3089
5278
266
122
17110
345
438067
105
1777
19996
43235
14411
8448
8960
496792
652010
9604
109
4724
72311
75634
3
211
1461
4937
19205
28
45
3132
35
42386
161702
261
18474
258
1322
621298
180
77
1343
2312
1900
17837
2
46
15
329
665300
94
1188
76642
5516
1308992
324
5324
4107
92528
3962
13688
29
6040
127
48587
187
674821
81388
109
447
4514
75533
326684
681082
41960
17246
762
4
2157
13
1498
15463
162
696763
73590
3616
4138
6906
537
80419
408
718335
87877
16013
294
3224
388
34062
800007
5
38
21202
14932
622200
16
86
1416
244
69964
8680
1646
19667
15531
11580
182
17137
212
2
1411
1318
956
783674
1707
67003
53
623906
717
64
81628
621183
111
2
281
3669
8970
199
1407
748326
7483
712
3216
38970
5222
83731
68405
698018
28758
1400
27461
12195
3859
660092
45592
6306
132390
7050
153941
528932
293
22035
64036
3290
597
4697
14190
16764
3964
18539
97670
1046
664765
9
14809
712
88019
80
11014
417
125
544
347388
51
1901
1266049
6771
679268
3640
241
6174
8
541
43
1918885
5657
32220
1545
40
622010
191101
4731
908740
75131
105749
20540
74865
58
1020
378
1769
639113
528
5386
1279
34
1281
134
4928
750605
11177
254
40914
13541
69791
0
332
634437
1530
1
167651
3836
1872
29713
18393
57
1918
1
35225
17673
10246
40561
536966
144653
22797
3017
219894
24
1325
15
648391
715972
80154
3040
2156
4477
643958
263
71452
5811
408
15466
832357
0
181
7564
17047
1
68
56
697334
8117
199
2738
643707
22077
109221
589278
13416
18525
2135
84757
11105
23322
668050
457
672383
4505
119019
10925
26419
492
69937
43380
1259
1009
58
21673
424365
41611
3469
3232
17391
1814
41
8995
96799
28066
13802
116143
73596
4464
9554
24101
59479
17256
43927
366334
93837
2760
412531
73329
98961
1661
4607
4037
115
1274
10
3658
1365346
60792
3082
302
125
77546
55076
1849
64339
730318
625586
16360
155
14560
1381
11844
313
4338
1959
70748
3733
208
345
25
56616
1
2233
116
631035
71526
20
77
10
168
1016
5
3014
664
60913
215491
5806
922
791509
622355
9032
2
44847
21597
3521
21358
28518
123
150
625
39664
9
535
4839
1536
29
622042
81
44325
76198
247
218
16878
39384
66826
16304
40287
596956
164995
33845
94255
411
660598
2784
840239
29523
20813
722
626269
103936
24490
33857
20158
104
21
1176
169
0
288
312
15081
12884
232
251
2510
44
43
35
10359
1324
4574
29
69640
3300
1345
634479
38718
28670
54518
69306
570538
6165
69155
185
19536
1939
0
263
3772
0
183
73821
2
144
6262
7313
485
338
1623
0
101
68000
448
4
692
55331
982
4766
58
623724
1119
17647
4977
8877
1008
1
109
4
106246
59
563126
12
1577
75193
49
26
46
21
5011
11
1349
38
17410
104
137321
4494
728694
242
394
0
1481
6
21819
108
91
131
44
140
91
0
8038
7526
3352
181
20
0
347
301
188510
120
246
29
367
210879
13014
509
613628
4094
30366
442
3553
680
1722
56
203
55
102114
1065880
1180
620975
288622
219
144
1
40590
3323
9384
3709
99
639182
276
462
646
44162
2705
4543
180
25377
3961
2
279
622494
1256
56
85796
2071
53105
17446
110363
2886
44508
0
643
102
74391
42
2484
155
4
534
143
420
14074
117
40060
14482
122
2
3
2
3423
0
184
1370
3611
1498
7725
539
172
626124
330
5286
217
627
2
124803
622075
0
2
1184
0
50
1
82
2926
2
43149
5
0
15
76214
38
197
74
147
15132
0
218
23
254
50639
27319
4768
711685
109001
3256
197
2505
185
66766
1162
274
1141
3
15068
163
777569
33214
1618
5015
1364
5346
573086
33959
9298
146802
3993
3332
1495
3261
1560
30114
5824
30733
59458
13518
3965
109
229
32
109
784875
17496
729
384
1305
39782
624959
95
125369
716409
473
30354
39582
8589
620759
241
641948
20
3712
1687
1674
395
8722
7114
5520
2025
618745
61582
40085
104
987
3
1390474
4014
624043
19628
4748
158
32669
14000
78910
10591
7696
79
1544
40
54
147
0
1160
149
19652
11
1134
59
20542
127
86186
3
101
19135
644598
0
705317
1749
1661
560
1301
445
17821
1708
1410
97329
699068
991
631220
28
7495
7553
375
2289
269
20888
82
154
1234
494
25436
4988
680031
73
1116
2407
11492
82
69
200
34
1163
0
96
199
92
13539
134
889
3556
70
1102
1419
11428
8410
109
69612
173
21
0
7
1229
73782
125
4871
127
3579
34
624039
12401
1155
184
33
382
181
90305
706154
373
4908
1245
629195
37269
787255
3835
68585
15091
13294
489
1551
114352
6726
15
69425
0
587863
330
89009
43632
74186
2100
811
4273
275
5
140122
98
5
140
682
46
623821
89
68827
36
8755
0
719915
1547
1154
0
621384
3648
14674
1486
184
149
625193
477
90073
72930
1718
71
1207
623168
147
15184
4625
0
73523
130
714
28
177
49764
611
73
54
0
1003
20
4168
3332
409
102
51420
149
76
263
965
2179
25950
169
169
248
4875
69240
486
0
119765
74
3
16
38
0
621797
9451
100018
101
70412
65
1320
1313
113
667
138
1417
6
234
48
42
0
19
640
40
621479
1189
53821
5
91
996
1
18664
33890
68
5067
12
18
0
3
1011
1324
338
46
637831
40953
1154
8199
30220
1077
48921
17549
3607
728829
15
4502
386
92272
3201
117
8659
1199
15
2288
26
7
1
0
15
3634
286
3795
1
2
30
4
77
104189
74425
776
0
0
166
70
0
560520
45991
762
2
270
0
16932
10
297
29
1167
451
7104
68479
55
2148
129
4307
99
32
75268
15730
19989
1218
4599
0
36
26
456089
95
621209
3781
5401
10163
16648
11
6317
0
6912
0
87
697452
227
1583
416
0
2266
621772
474
1485
795714
17412
39090
698
3292
165
74515
67233
1477
69392
3
4365
146
37
3
651687
77055
346
69
347
156
141
2082
62
6346
171
45600
107
1215
7508
70
18355
684
1553
359
16
13
43
94908
154
840
199309
4280
614188
26
23386
601851
57993
13916
12744
180
633
2935
356
176454
0
80
55
142
0
0
0
64
400
67
41
27
0
0
0
42
3
43
8164
0
330
9448
18
3
532
3354
0
100
0
99053
0
0
183
20
15
382
4
836
183
1
7637
356
0
32
20
4220
3635
113472
634150
137202
80592
138
45309
5721
432
427
1655
4066
252
674
80
459
143711
33
1
886
46
26
468334
207795
3108
12830
448
725
12
4783
17041
73
18595
15780
2755
625926
165
207
673252
736221
1308
99075
1513
281889
15610
2715
30
369
3625
110
31
13005
3519
977
1018
6765
77
12378
2011
410814
664819
0
641
25
174
3646
744241
388124
326
38
43732
133
386
63753
101
410803
44397
755862
48
304945
26
15308
55
173
41
49526
849289
619949
5176
322439
79423
1202
736
92614
42
1287
4654
1434
7351
796961
0
13388
17071
41001
2959
205
7449
37105
5248
3059
139
262
3114
15
115
8959
221
291
5687
377
50509
132
47960
1945
4640
684699
24
21518
27104
199
128
2856
44
925
98
115
901
114
1311
543
3265
681099
74349
3540
0
16854
7760
1568
3476
1696
644519
58
71486
7263
313
68769
623823
3765
4612
30356
127329
55406
661489
2410
1696
54071
17013
57074
4129
126
801
663
4560
633938
624393
21375
1607
1030
2
525
3866
139
11756
18800
315
123411
42963
725305
21
1555
807330
16965
1796
52365
88943
15376
656254
21005
229
457975
1467
145402
9593
38965
16272
4380
395
2852
5375
667248
7054
2920
61
56449
0
92
60513
36464
3528
37367
39351
144
662498
893
23381
55487
10380
84585
77
79
1331
1037
23
64
593
6294
18573
50
0
6260
69593
100
623733
2956
30
14
34
5048
17617
3
1511
188
195
11246
0
645
64
13746
721
224
1021
220
632
557
5833
410
28
840
39570
69916
4
14284
1
3099
135
935
128588
1219
0
1318
24
65
36
5536
73389
265
40
5849
212
237
150
3697
178
84950
19
119
52
111
120
395
606
22503
144
69453
80
1211
19366
20470
86
619112
18004
69462
72
0
176
1690
8150
19
3
1403
24
69303
0
4661
12735
1
0
623729
758828
2840
0
136191
70303
1744
5
7260
7962
3633
14048
626286
846
112
594
50145
923
126
128
1429
4531
121343
22
430
292
1802
6
0
621493
16
315
1
336
29
1066
0
2427
1308
1
1
1
2
11
3
31
19
1601
870
81067
75
463180
12
1278
1327
379
78
137
6672
21
23
406
920
0
0
143
257284
26650
684060
3863
37
2
325
0
2
124
535
0
15
183
0
3325
76189
23
7
76
2
93
27
484
5109
650408
91
46
102
1111
12711
631
7928
393
7409
53
16
800000
68715
1195
0
30862
748
1
164
3652
266
86
146
1472
186
2
15304
640896
630624
72431
124917
54450
4912
693
2
28317
11018
57
15328
401
451
1858
619730
55934
93184
41378
40095
2439
4685
69219
3139
4987
116
12
86
1809
269
87
375
1399
5503
841
235
179
385
272
1280
86402
661
56
75422
3677
4161
561
22991
50279
92
455
1139
308
3169
2
6
14673
815
302
167
71
64846
28
639
185
149
200
5357
141
7368
853595
826
189
217
632018
18748
396
352
42104
6236
5097
549
177
136
18632
2941
16145
72
258
8689
249
84105
592017
15605
6789
2613
531
41821
1053
