8586063
11226618
12680001
7991615
6007232
6929377
12375132
7607412
10257540
12034984
11711881
9007387
7279355
5214476
8545690
5666982
6360191
6543324
9160265
4513194
6076783
3807164
7651723
7617596
6936336
7702356
15668935
7849362
6547402
4944103
11227176
6348549
14121195
8507864
12583751
10137503
10314547
9041561
13302819
9187132
15441006
14214753
14638797
11033508
10343115
4948720
11958556
6194892
11478643
6685892
7849117
4097591
4211491
5415221
4875997
4698425
12782961
7955061
13387024
5614923
5990444
4119325
8071086
5297163
