101968
894658
800502
165869
171979
573931
372631
1560237
630894
2471036
882036
839198
14091
216230
414082
11560
4979
987624
179366
537382
311587
363396
1343804
801508
780639
2037314
1578011
46647
1219203
604370
2009539
1028058
1020694
1030244
506693
100894
82629
1397986
1473287
750826
319434
1381432
626031
1256067
833909
1280903
939021
148321
46029
2299252
3200
589389
480674
193860
64732
676670
253278
455311
807278
127239
566251
485561
207668
201438
1262
4532
12612
141196
154933
294821
1374819
721093
12639
1802
177205
6764
757803
568938
802282
91890
998025
10199
401050
102695
68592
21581
26930
425979
225391
754383
1277181
385408
1620440
277704
1071283
11264
291177
70761
390950
1181228
206109
773470
200308
1454317
1162321
2066712
1614852
1763178
754246
15954
1391226
7381
339529
776818
86272
426784
105838
910560
6263
493284
1327621
108268
2015191
565799
481018
486006
535119
385247
680253
1050797
1409403
222712
804342
34131
486144
1545244
958082
12000
1291591
1044171
539535
5213
858573
137879
871469
73015
1587509
7085
533892
416903
1510800
513775
820053
611673
1305339
1062257
1445163
268915
47358
607934
885023
417818
359199
668683
1438803
119978
1125542
280145
1537979
102894
384765
1074599
1110439
663092
595634
366813
1578479
39572
1030887
8176
79914
128003
661293
572223
1302200
574185
1129426
71441
144162
88853
907392
795748
6372
1287413
704595
567953
877551
990650
806967
10117
551318
1105992
41417
9038
86482
58275
806181
586117
202383
88064
686855
3019
208563
30336
948163
886083
10620
41717
787193
666114
3667
8761
10472
1166623
990248
218143
363896
189417
1390338
251228
418863
43303
978608
127961
956675
823698
132016
37707
1459089
651590
39122
130863
1440100
451489
91128
477285
15427
301
59638
287331
1389492
86259
332493
6548
43348
490074
462733
180932
133663
4347
5511
892080
1165676
11193
40755
510341
936468
1034053
8236
2862
958045
174416
109605
713431
3195
715888
671490
2792
271964
9397
17868
209562
1687805
601942
180139
113645
747349
591964
1105885
796843
354729
57038
1601795
818056
132588
32264
970725
189989
13601
80896
794750
4346
366374
9753
264474
46396
923293
490456
90409
90293
84203
483818
89245
978914
498234
559679
513552
8485
606147
12561
9830
1626
893202
127396
795824
286998
1011656
179703
968750
814964
5430
212145
75899
4151
473917
9255
6901
504583
302573
70392
17622
7758
32544
53310
163436
36708
44443
1747
13973
2120
477417
67972
9862
750749
344276
81390
1270561
62539
2044741
1405
1803948
167408
52086
248096
108910
915
388344
2331
1148996
1466735
9956
485782
302995
10120
4569
93377
1491335
401269
1106731
127796
69832
61261
17093
103531
829396
1104369
278045
3819
2521
730354
304476
183203
386660
1069740
2457
52719
439084
168954
753296
1516
555140
35580
447860
920085
2461
45329
764741
27253
15536
920006
771843
1518182
18898
13325
1686720
222846
733101
1045218
1091591
1599589
358055
1290225
1099499
1774713
1321406
44885
302759
836051
1544831
970235
563765
782390
1402554
4774
1622737
6576
13724
4281
1319
94425
769233
1415617
1146079
63951
500233
1889
418596
5863
10835
1145886
51868
1850130
2784
686900
1586951
5666
34624
47919
37020
746202
511535
6825
249575
182489
618241
204708
890212
301206
173889
5204
115126
889761
79555
92252
6178
2691
5856
70272
1295948
10442
235406
935288
2056735
1285353
611560
232217
180236
7730
1058250
1597290
919953
691620
269686
574424
512933
736179
208153
571958
134183
481151
6294
493853
1209257
570393
1084234
1171622
17933
6921
98543
194161
222357
171546
640567
1382892
2574203
481967
830668
494685
1937225
894430
1324385
608769
1247622
221097
155384
677284
174412
1103162
43242
799297
11419
90203
14496
24519
275459
890545
1077898
247845
2509377
7732
208283
794908
986043
181490
1048497
971613
1365273
522712
835272
4842
1100184
501370
898457
877963
1169362
465798
841318
1364
1613236
1064781
1774751
333029
268794
379839
261460
1329784
1343555
17029
1239570
665363
1201023
1106490
318296
91248
131281
165288
77911
1462967
1430637
874647
586032
190210
124262
151764
697994
1732851
199891
831319
705728
88752
717233
674873
3058
1282357
770733
7241
795348
59101
16688
79296
790429
1561746
130075
94333
675733
127764
634153
80737
1672593
399009
279028
95154
440855
2268
890396
485654
651484
1449167
309012
1800397
1505450
95103
1613152
917575
1567350
35345
766540
36227
1599886
261968
167256
245684
404332
513294
830268
507989
667471
575055
696207
186990
2150454
910331
698311
1876839
43824
248372
1523604
409791
330086
1262336
1728189
371894
1771998
1266503
808218
430267
1586089
92331
865315
262961
763252
438713
44540
185491
1309561
9894
2120293
1215154
799063
1815805
9980
619993
1866270
524974
1346932
1014058
473606
15815
1139639
243485
896416
429432
714685
160237
95225
398531
1583555
89293
2542409
613520
279356
23345
371408
677691
7958
1239841
2224898
203428
800541
265984
124187
656218
172844
974834
1912881
2386336
1071592
1069699
13533
520855
160868
93185
512351
626863
2101657
171589
8613
21590
7898
182103
15272
483658
99210
375499
637653
163182
271910
7132
652634
9477
7401
9797
4015
1632
954727
1055588
1640417
194606
1848027
1173939
965840
1390284
175246
296834
1569802
920479
632932
18171
1019575
25452
197172
64265
208454
5197
888277
1031555
661949
1702
5562
150473
122775
177400
719411
728215
94144
61475
786678
837665
759727
229013
1320091
7035
706739
862139
968059
2409512
666782
122833
520708
1113302
2761209
520126
100303
176213
2161
48282
6799
878083
517127
154923
753887
1280938
59921
145391
834530
1513951
22788
4085
280320
90426
197900
71451
284421
866988
21913
758118
1100533
1086548
150046
520572
1294640
935567
188416
158783
169120
713967
481345
8604
511600
85143
149707
459173
13594
12233
181241
7511
383472
493528
667532
2074
881277
492741
695386
607809
180877
975
5832
186435
10307
581347
640125
40636
875934
127289
185506
87486
135567
367439
24680
481176
529572
385749
4410
25188
170748
7527
7452
1029249
822136
22389
801643
3589
947494
93017
247911
2387
497941
6940
45030
4339
92942
3939
853543
842237
529989
55251
674134
1798
6213
259
5344
3908
3785
1801
8250
2010
3477
551567
1296780
8450
323413
883902
178537
1157752
1035346
13633
1433857
1095296
1022268
11522
93605
193028
1532134
35307
2236657
99711
397442
2056487
11068
1512733
1797488
139118
835856
852738
567903
997862
764681
57542
259118
792547
307772
281838
16746
342840
143697
180504
515228
676471
2164803
238109
902746
1000454
537499
7167
1298231
951510
1001502
1297479
805833
98236
711688
269335
757817
692395
929844
131527
487881
182166
510471
272439
8824
113557
565876
643009
76598
910070
1367385
72990
250110
5095
389344
131176
599198
71269
41471
510934
867
289661
326679
1189500
724351
306423
480722
549033
5150
1094105
653230
7515
8519
98011
405807
9535
548826
63304
13350
2852
1480740
3907
1339
485322
258066
153162
703048
509809
526577
814885
290408
1215
179679
1169944
711241
153026
699438
902745
316643
268286
33166
245280
738135
136676
88752
166591
7923
58767
270802
178772
1291602
4993
343465
42693
607250
256876
631186
1185540
