7885260
9983657
14271268
8536142
5734465
7428829
11098123
8008289
11650428
14031651
10251846
9339436
8596036
4940149
6137312
6047848
5372863
5458212
10197865
2533114
4602063
5555587
7740197
8478748
8625090
7758134
15183374
7172950
6964124
5193405
10719739
6704764
15873575
7996451
11085404
11184209
9577570
9351236
11765610
10310335
14902333
13439237
19479884
9826587
11494637
2852701
11289016
6631426
11606112
8896582
8987562
3504639
3681623
4070911
8192403
2823297
11031655
5831052
12802323
5980664
5987677
5815977
7549479
5023564
