254487
15810
285345
2474
1965
807650
4479
13000
185084
937743
538683
195448
1497
126563
13142
43
265355
761469
450
0
0
974490
813961
1383482
798458
798554
1100
385
23
1577299
10184
516000
816160
1529
186486
0
186001
410880
1083669
95175
10932
195182
595918
1748331
79281
2770575
11298
8
0
796867
0
0
175802
167716
1435268
726186
76
506153
1369689
88644
12
24861
0
504
765517
5180
252644
798763
1479573
1271088
803058
505773
107035
0
984529
1519
185944
546498
73525
0
209817
70451
106746
581624
11460
431244
180693
723284
4897
1003974
786282
186358
11449
634
605279
877055
370000
691874
813636
0
0
1934
800056
0
13786
68219
564286
570235
574710
1013031
801322
796629
0
21
23
25201
274810
583030
985781
546264
505785
641631
254345
0
10773
9915
37
496684
11891
901056
88637
581784
515820
187097
415
584189
810841
186420
77887
33459
866805
186192
802007
504835
214
574711
539
617192
29763
1077
552754
0
1374436
1374139
1149
333
69242
799941
393242
68240
795584
26435
201120
15
10189
0
1308
191650
242496
725271
20370
13986
745841
29747
1997493
26238
799094
500
87752
1449
770083
1382954
1382971
610446
622759
266444
80496
1
48
214961
563689
13982
1072996
11126
9712
0
195863
17
866702
15
506138
76729
29787
254568
0
0
0
0
0
15
868485
829908
506516
594960
1
656778
25162
933178
68340
506036
9358
700989
26498
30718
703473
204571
10585
8
962
937137
1061
2806
31201
2116959
765415
615923
28
263802
2655
866821
7
1
185301
0
96222
24912
9243
3428
975
184924
1378081
4371
808
276
2891
7
271759
37133
706753
121580
1169
983134
797014
982018
3543
68762
501362
767784
2
54695
797052
0
26439
1703243
254566
142
173598
184365
982425
40
189516
1454
572387
1560424
0
31643
505771
483
763138
145
118917
186765
1006127
6
541407
800065
185272
1603
69412
827111
0
28193
516584
245169
509680
195379
315
0
800980
1050354
45
9329
771449
434317
1460931
68541
185297
33154
184928
782
69363
182165
184936
51159
26379
302
574302
482
77711
798215
98578
514082
3450
504976
778171
3437
246865
27239
2728
191267
181441
407737
48896
691012
180385
811389
787732
781702
5858
452
72004
2584064
183763
0
1441
1089
799956
980216
89455
15
1370470
14972
973168
1153617
172132
796307
256450
6
9214
15866
30730
1372
42
29
2078
29786
1070
508397
98024
324850
2609412
863562
1948507
86646
395299
507989
1855547
796213
0
187255
691874
610333
5335
800301
37060
10954
68624
1603
324
188290
1665315
2984
212099
161
133
781432
200544
3446
844206
61
93959
1148486
799388
0
0
503
781078
41
1044948
837387
137
107843
51
47
1193884
767618
420329
24159
368816
194487
1832405
0
814381
575024
575350
1520
2579274
27843
574841
69968
569656
799913
504877
731990
1231
795118
6
67215
101
138
48149
21
1418519
1428
1545
9963
535650
69098
53
800314
0
26158
414
1
264007
185959
234371
507185
513792
1072
68177
20
796540
3928
187242
868551
29855
0
536300
9948
185
31229
506445
45
1641930
612976
908543
0
103698
246828
602374
15
69924
1019641
186626
26333
67590
1379770
542936
728781
31
59
864726
9773
826887
27
185228
1348074
5443
491388
80206
11327
11320
209834
371804
14789
598341
1302616
11
1108179
806340
225909
1481073
1091940
795425
1527368
581511
25339
34523
1080
574166
800004
15
186306
185224
32628
877880
347
21
826321
25201
770997
885878
926
4101
1285794
3939
1590022
7
400
1054501
367501
800661
2649
323789
223622
10251
771741
185790
12723
584157
69897
866935
0
721658
281
95991
31078
117315
1498
697873
790180
0
75839
1383612
2696
75753
2390815
68415
1290
186082
69217
577156
31299
213829
533969
155
26395
9735
9311
1016042
400703
29695
503316
874159
3510
178707
423323
768762
755241
6
38899
1342490
189027
3461
1088
1578
1456532
2795668
1390
37437
257464
800102
60
1148474
488
30212
24895
951
293976
575049
574333
26921
67029
145
1414394
868452
0
0
0
799941
0
365
1217162
26323
950908
68247
1129
186897
4416
186943
1096150
799131
746648
29573
27
895300
366147
771197
366784
1049136
923947
30
630320
618587
702500
2
29854
559999
0
71488
753605
209761
873539
178019
573864
330
67554
613975
0
1030503
190359
1146950
1233355
1143016
607859
578900
783285
67649
861936
1468117
70149
142331
607769
3487
372608
270736
859354
757156
189365
174593
15
185960
0
194847
401295
1692204
1313200
2143422
252466
823253
0
106957
1689
4244
426486
508923
1369256
1747446
9140
514
0
145808
174508
14054
574995
499
1449
1036
0
984150
979567
801346
770113
0
814218
597003
253478
181859
195010
1148768
1832644
1175
254431
865509
215549
1481614
99680
1046447
839364
234411
770933
281
1385106
715670
182506
1798663
401710
185963
216243
69163
700314
821807
1232
1494
0
0
795062
214958
26290
1
933200
826817
552878
66066
1911
16480
1554
20552
562799
493102
2403
426113
78636
15
316
9208
543386
29699
806299
0
796379
572877
0
1496084
1597357
263901
5821
795111
1642
1
78289
9904
133
643082
798656
21
9963
130
0
17
53
799265
583084
531
172618
70324
77201
26292
3714
13168
720
799312
576285
256044
534782
0
499
0
0
0
539904
1449
972
29854
15
1020
185945
0
0
1
0
226596
185256
835762
542
292468
14
369404
344
670433
1015428
137
247951
506245
799923
867571
36
1315
521
504969
513657
96574
66887
1563127
492935
1073
15506
595863
68177
36414
29761
253483
590686
206029
796210
1140
467
280513
3447
48734
799407
1248999
0
867687
378094
816749
868419
1521766
6
39050
1174
505935
0
916674
6
68467
53
30684
796281
574466
26868
30659
1
224928
627
13645
503953
862461
805094
864380
29797
117309
122540
1296484
69025
186776
12169
585557
30917
185950
66750
870749
256215
1719
818444
1309320
590112
632551
585741
695473
1060
254619
26993
800410
0
771139
1611
105278
31555
722263
507379
629
1017400
751025
781204
1227281
728818
1705404
860349
3468
185264
1301009
46333
3424
992302
71923
0
15
253905
1206086
254962
582626
11176
370115
187271
1
26284
1642263
3170
1636
67720
821809
1
1426
864510
583093
136
194851
592
0
536567
0
514718
215384
0
1
15
29780
66619
161
809344
15441
68
411
0
1090522
12
505771
29783
1
0
0
798604
977
29795
69841
796758
68279
185262
515944
4186
1355878
518427
811819
215402
892860
78252
1797
68212
2279
1321
204
5049
2046
496065
1513
2186
4472
93172
1330
9790
1767
7
