185968
750003
144846
4713
11713
862448
117927
801621
855413
1427026
92743
1287017
3464
13246
226134
8368
37681
715158
282704
727
31340
17204
37623
1520690
87541
144177
157
111621
972634
707562
60485
220622
1858707
3092
900995
199
522648
955913
2701341
36817
16404
1970081
85530
108842
2222
392907
953010
88600
38792
918193
324
886164
7043
12475
19366
111901
1783
796615
1000321
573
905473
848922
14679
7909
10223
182
50155
887646
8468
722377
3190
16208
12966
5846
283665
132
4511
2429
9292
88776
4670
4493
58864
23
356
12432
9566
214415
744398
14641
19370
33451
32026
874840
882880
681679
264255
220
41364
6049
30358
988638
14713
460664
129993
324415
1832118
900731
974790
11938
902806
134147
4430
1275921
928235
73169
659121
4515
11707
41198
523548
15966
1282570
392
143
219316
32647
31000
36585
40229
2718785
7437
73759
7932
12
1095123
35385
871244
46443
852375
1001730
5507
13608
939
200170
91825
1910598
368840
41106
35191
925478
882458
2441561
927633
830638
921550
32198
875379
38100
637591
801007
1342
1128161
280718
1602701
641141
916071
919237
1759586
923962
845061
79463
6363
665736
182529
857
11270
17480
905444
4841
5883
396160
22420
144447
1119062
82216
1019347
631656
2527
104184
45244
2136
1840
2012
36604
636
9432
224493
908670
7537
73862
302
10069
0
3753
738668
26096
886046
31
5917
731155
14905
6153
11445
255855
3151
5999
8433
650988
344
128483
2008
220372
111862
682138
241657
4987
1931
889809
156050
805580
4217
139823
667902
1206964
21019
213116
5537
75169
12196
32203
7284
246286
894941
5128
887526
82516
1822
87571
877240
946686
81556
2472
5962
3609
431
9023
14014
21767
8553
187
682174
126505
232392
2079
984767
667183
38852
0
116
998776
1923
884486
10169
6075
1683
27087
7416
690049
40930
35704
18077
63648
20534
464231
4245
434563
6285
937742
848683
14710
750632
1919349
915401
886848
23761
983719
5389
3866
633026
910853
1632
989425
5730
1704
4421
4616
0
8626
2299
637371
130148
5911
174706
355836
36484
23534
55838
104369
389
3947
297
4754
422
152
2644
114141
384615
36340
918255
3723
24997
0
1779
188816
119
3793
32275
2283
4305
4531
3092
21989
15184
7768
40402
16655
7322
3895
6555
205490
18378
79958
5194
220349
663098
165163
27903
1935147
1698
905708
871981
20781
16300
150882
10632
254746
2386
38054
1000274
2001
4942
43
5814
6884
872149
884354
868141
1030625
6044
21052
872657
680843
11044
2366811
284242
787370
6035
5400
6911
875586
18876
7775
18839
227186
26485
10072
864
673931
4743
1006872
14601
813792
27210
8
12167
1881510
21132
36295
102545
911549
1866863
11026
1036
452892
0
911665
6183
146080
314170
16290
250308
4414
942975
1038206
834304
85455
1492289
1825169
6686
1049223
878237
1077062
78852
1811567
2222
25497
5095
4726
868641
1212423
904929
46717
15684
274603
8088
745509
16165
12801
964176
11261
2036
9773
274
1900696
497597
858270
765
78850
37825
73106
133
4877
0
1550525
1855
7973
43270
63
15
4647
7511
4461
1980
7333
877479
2212
4
180519
873408
7510
608245
451557
917959
886551
227659
227556
298
833203
43731
604845
1655824
16043
2939
86919
36986
32346
12930
2586
6164
20874
109863
1178421
2205
715604
636191
4807
86468
7308
893711
7543
20937
810757
70555
2552394
232228
1023260
6816
75673
8116
1889285
1772750
1423517
33489
929412
122754
576687
1761913
8814
17781
9568
101211
2811
4120
2519
7295
189433
1339430
1255178
88728
851466
4835
840968
49405
4942
253021
2973
40627
136342
6646
722989
1513554
1207533
1230232
909788
9601
20234
5654
908696
27012
553
231268
2650
772469
11606
5592
1155
222377
919637
890437
661393
260194
258104
75798
96264
938
12579
140319
992906
112665
891947
38614
85721
96578
2505205
2806601
633108
1005231
39
769283
374086
28802
624
420821
915163
9094
33307
23258
24975
6755
115
1929592
883784
379565
8200
1845
897568
878087
3110986
897174
19347
14733
1667706
897910
97623
3493
10731
13182
7711
2809674
944875
868940
1007795
906641
946682
9812
48560
20
938591
0
872623
1257
447838
13424
39233
6258
451
8417
721776
32940
70347
724671
925139
3336234
25987
111
185715
16401
250442
860407
1776603
19401
2183
227107
893834
355501
32233
123871
2456366
133404
398436
16498
18320
881703
1569860
882109
869745
907188
919549
937749
14406
126197
1894013
100881
1578419
876270
1068710
412388
2610053
136373
1531016
134133
158377
636211
846391
72888
640289
868952
910260
1759406
818715
1810
468792
52
37081
254155
935662
23572
916672
1521629
9906
5591
895441
884977
1988863
48302
18948
910191
17749
977247
867424
3957
39575
844700
3511706
178427
1828
2433
6575
20
18293
434836
7811
37154
163415
9070
861035
5251
4842
873057
13640
53199
300
148771
1027974
92822
1295591
1494683
915050
320446
46139
924109
8844
42177
653734
62569
1281609
753517
842307
8363
1349146
5234
24098
7151
35231
255715
15
29821
10711
76431
31861
6941
120663
1569351
2918
34431
837424
33459
80205
963293
950369
6699
12260
55677
28128
919744
16387
39306
4058
78193
910640
14796
1023
6764
17407
12767
10523
1883
7148
213420
86835
902859
411
192
1869128
1806654
1901
196
500377
7136
1767
73104
888061
240075
43
6423
826467
10131
25842
880123
2610233
112903
6014
173541
3013
33804
56
1786
76728
103
728917
256291
8229
7
3550
1664
30452
9282
21
151
1777957
3275
26998
900805
645484
125
2181
7177
8429
424566
1661
15381
721881
877641
6240
6905
11859
68849
374
50696
7322
181722
4555
6608
16208
1546
221539
147761
895165
2584
4833
1703
810683
7865
8170
4491
456
11127
4422
1924
871271
6066
331945
4721
1590541
35807
903597
12672
14782
4899
2101
127275
392
13
7691
1967
169
143057
143561
444765
801106
130476
34085
211102
8303
856775
1200040
75855
694318
45481
33078
1910
1818342
618851
8706
642780
1318817
65490
2700
7384
1155976
75885
19783
885707
1780149
651766
911060
25053
373085
835
13937
759329
232401
33180
43403
8
8174
64
1459099
120432
73172
13633
69180
16361
704469
1233
128691
2346739
1381821
222115
818682
21317
1534615
48012
971900
11430
1047911
1997
2694
641959
880733
4609
760958
11242
774620
41681
35263
137
46063
5420
829
2472
71802
20421
5805
13837
378
7388
243715
136
32367
4970
21
256110
7699
895339
4991
4469
873701
66
76728
8493
146727
811271
9043
320
1291552
5103
424
3706
93244
32267
31629
136047
671712
1904
1515271
6747
676
5058
44017
23099
1004780
590
964893
1513308
80375
32574
7499
104
2917
2387
857249
20906
34515
51576
6627
7632
3740
853907
256
30804
23374
2854
