2419122
6272014
5095523
2878089
4403143
6012026
8304399
3732660
4611929
6192514
6250334
3987501
2906976
2137461
4357754
1275662
3754737
5493206
4359264
2362238
2580045
2961212
7825378
6390725
6913097
4633524
13511493
2816099
3134255
4149228
7032879
4163117
6159120
8302751
8244444
4712545
6240765
7858392
9483161
5744614
8895802
13510573
11446932
6132412
3051106
2820383
5704166
2970216
4385484
2426475
2619031
742248
2777830
2974755
2344901
2648329
7081649
5072777
8865327
1649115
1100246
1665478
5621151
2167609
