5615820
4928249
8608093
5515075
1916551
2907970
5265910
3951601
5311270
7962917
7356365
5075235
2881742
2187447
3820694
3557549
3255983
2214442
6692902
1327567
3072363
1796815
4177417
3248305
2679233
4310084
7499906
5680335
2889311
2044098
5183102
3147891
10113903
2946112
6339641
3533749
6783606
4498246
8287247
3115175
8798060
6795501
8275671
5883004
6998680
2485306
8144181
3623904
5741852
4003192
4131084
2105832
1758948
2324031
2491315
2992910
6224153
3670528
6701718
4668386
3255637
2879510
4178717
2739990
