325
32571
3280
280
1437
18402
1904
579584
16623
27336
574
342
47
13436
15562
561
0
1115
69386
34
9306
14151
618700
24367
19452
1540
68840
5369
2304
6111
88485
604552
214028
25243
624104
39
239501
209766
671796
108011
2411
17816
7641
549
280
4918
12258
645
433
3080
11
1194
207404
259723
546
992
48
800805
1939
1217
1747
8888
585
1539
0
0
402
0
182
563085
2303
79
919
74
257698
9
0
551
5
379
3
6023
8716
1714
31506
580003
7529
15360
14
629931
5795
2990
11
25185
240181
4376
224
0
615
19170
9523
104465
2167
1413
41
1
1650
66520
2308
71730
155
5075
0
942546
27040
24478
2231
13334
5633
3858
367188
317052
102577
5260
333
97508
610944
1288
301143
84131
913878
256449
3804
235093
10268
13402
1794
632530
83490
3145
8689
6171
63
486
855
1081740
1994
8175
24395
115596
377
988592
901039
104697
2434
707869
2236
179379
3730
592793
16135
1138
9
24594
151793
228813
509097
6661
273
2240
8494
8918
87
538
2275
78418
82
371
485
19
11577
76134
5151
13742
21429
1936
8924
1015
487
544
1890
362
612
370
228169
192
999
379254
979830
96943
99
711
3143
91
1
26
1266
675566
2
8680
16122
211721
1736
324081
6339
7847
534
258
223887
28
1852
277
782
99486
4744
13548
14
41
211
215015
822874
53
30012
24087
976553
67
449
0
1360
190
1231
849021
3
91753
770
871884
7715
1504
1432
18679
1097
3
1772
17068
12813
210467
184
227
8689
1648
12
18
213
0
162
745
303
105
2
0
886686
0
0
457
189
141
65816
1043
493330
62
19
3
856
1837
183
369
508
1146
20639
0
1056
474
74
0
19
0
263145
3828
620347
770
323
0
222
11
2
377
0
24021
113
157
443
28
2
137
1658
464
382
807
63
0
11
478
45
0
1
218
807
5239
8060
200
970
65157
537
0
39
1476
32932
35
184
889
539604
32480
13871
3824
6425
7311
206002
33
224
40
183601
400
1429
17
2905
370811
6831
1959
7846
629721
223294
861517
5957
485939
11
0
8744
109
945
15748
181
2
15
60
4879
20298
77967
20829
241707
625033
475
5
4428
10
78989
0
653179
224
0
11
220
0
21
2682
336
2
5246
37
19124
0
32
8
27515
9076
3
20316
843319
1541
528
1369
4
2736
636
107376
368368
1295
1216
0
136563
490
11771
650615
2626
14711
983851
600604
32788
2035
952874
572
65220
359
610
1982
947453
1156
647
2545
7307
69327
40
944195
535
257088
16718
167
6429
102
107
69
7
0
341
0
943818
407
616711
196
49180
9299
24475
0
49
1
2149
283
332
192
7745
31
4286
1434
862
568
6911
795
259
55021
3890
49
7507
485101
1909
1354
804529
8621
12594
78000
738229
233636
859494
19135
1182
1639
6926
4429
19
335
20
0
4
2828
97447
261
15271
3751
608101
85
1531
3017
12252
209223
9826
203
94489
207709
13191
475
71611
6569
817991
943222
243056
1667
229488
4376
27329
233315
1
16
4027
2
9
417
235154
0
411
11
52
10081
600700
652
600341
3164
4785
792
2057
228130
1393
37
792
630839
78798
7741
232589
15925
872462
16462
784637
14729
8781
195307
50
571268
1337
1
5239
14652
403
6
1196
238530
1191
338
5753
114
77023
107087
1211
220023
239
850601
2693
230865
100
976843
15756
1183352
10
1002
8049
192
455
8118
16316
25525
2982
202647
11554
17306
6
969812
348
952
331
3
987818
2034
490996
649523
634383
12
11463
13843
85431
1192
284
844
2837
666627
26290
789
564118
971512
13259
74
2814
0
84243
0
22825
105968
1897
1659
173
1955
2089
270
1198961
2212
20784
561971
5445
171887
1027
0
13651
73
72352
20579
512086
93
860
213
4225
263459
0
3177
1150488
96
223
8295
192
220532
53674
30440
1419100
5350
228059
6981
4226
5186
204783
618645
51310
14579
2715
401
17350
70839
565967
10458
333099
27189
2674
18552
823530
24577
724
1018
4651
47
53
541
3897
4746
15999
19485
13522
66598
280
119
3736
75427
1100
439869
673
344
4227
10
4212
583298
417
92
121386
1
120
2
213975
23
1238
1436
10698
216
137794
1136
74951
1024
11982
281
5349
89
33
4472
12663
16238
212814
722749
1545
82147
78160
325
6023
2294
298911
59333
902663
3940
12682
1
7619
215
487
73
1
1
4081
104
21122
433
960
265
974
23698
106
68
1010
148
206
15
651
49
0
271
71
3085
24176
228642
4
133
1
1318
13485
0
17
369
1004
24475
48
390223
169650
3835
9848
15803
636705
935311
463
188
118836
183
223
96
80
526
689
23
0
4
506
0
3365
2
321
21
180
0
23993
996
367
4206
529401
24
2540
13389
59
1232
4161
27838
7
10352
676078
1966
292
4
1380
2
3
989
1019
7913
17084
633
522426
1648
351
611
704
210653
1553
543
222979
10
2170
216179
87663
18540
1533
0
7841
17862
226
0
7566
87
524
65
0
1650
67
1
105
102
230721
996
2944
451
75151
0
40
5
3387
714
1130
207
21
240
4
11865
13178
2163
7867
752
41
99465
8614
210
206
3
92616
1202
1141
222
878374
65
1164
3
217
958
46
15
32
1258
1299
80098
665026
199
652
861
240935
195
800
554093
0
264570
209
11
88
8
6832
2978
3942
24883
205650
675
167891
1810
2075
947492
36218
1701
1549
63
427
512
726
1297
26588
74
15581
163
279
1486
248233
383
218703
5217
186
1
576
8
505
1073
25089
732
3
0
345
859600
210485
33
5
18
1
1150
402
92015
27
460
314
4850
270790
4843
5665
587498
5041
5342
5366
7118
223
0
211355
409
1209
2989
333
0
680719
211
4956
1474
16932
1997
105842
213612
672
1
388
321
5373
7142
566
13720
15129
5895
23654
389
5346
1533
12790
1
496
1545
213193
12563
26
1985
226
25
69471
1798
1618
1345
9626
1919
1311
35
194
280
3527
92
0
1140
1801
207
213
615389
3251
241184
591
104997
252
0
641928
11788
7910
76722
11733
183
315
228
7
223883
114606
593536
1151
5687
17
144
128
2467
6241
419
3
100993
74
0
9
209
13
1
4
214138
997950
31
1230
0
0
1
1243
0
762
662535
140
83
415
4
11
10
13
470
1
27
1369
817
11
20
66325
12
176
1073
2412
21
11498
2900
1325219
882
11
68
724
109
76749
0
214
58
2554
115244
205
2854
2120
14673
21925
1078
3270
3245
257974
164
0
1153
1680
0
286
146
33
16066
648
22
89919
12
10
135
4073
220966
8561
6438
111785
16671
1
0
238
600447
751
4
212211
32
540573
4187
20158
562
225667
94
1988895
587
25747
120058
970346
423
649253
3246
1083
283
1453
714
14
2056
2408
12034
515510
245370
0
3
332799
230220
724106
2854
566891
467
2831
4335
22702
221
342702
943
117196
125
1629
1
12433
20
181005
235
962914
587
2
4445
15728
42
220
1459
49
0
385
345
1188
364
394
0
192
6
24021
0
0
0
133
1
23
592
424
1
143
7
25
1
3056
0
1
1
1935
28
237
1
0
0
80634
27746
318
211
64
855
8441
752
457
25
5907
4
25540
9293
48
0
30
1454
4475
210484
1264
1069
217048
385
3949
4583
4631
16067
479
1181
1574
189
480
13
40
630872
22
616355
1130
1019
96706
211
1137
1227
330
6
1
28
0
45
0
300
264
121694
35497
258797
1146
0
3
5242
11021
234
3252
16335
1186655
9560
349
1102
2335
33
72141
5067
8
16
61033
4083
382
536
231
0
0
0
0
1561
94
27001
15
4947
9255
513
2031
21
1627
1218
601749
189
27
2
3687
8
58
3544
1742
626
2
3
152
912
570333
53
1113
90
31893
12422
19815
113900
6469
705
308491
109
823
0
126972
1470
77229
8
10475
4817
1751
4725
9406
1356
213241
90663
231232
4823
243
43
181
131
19376
1836
23172
214
22
3
19
28
15018
79
306118
2111
765
1974
4103
397
1136
5
79552
1254
17
1
0
8
226
8119
4871
5867
14608
2555
370969
501
106285
419
1787
187
1132
251
3
5458
215
438
975810
999753
554
4
28
630518
1124189
3538
218438
21418
1170
629726
2
335550
2757
219285
16008
5635
3778
324
559396
660
90494
85
14363
2
44
0
144
0
5674
19420
4751
501
1387
205
968
72529
16171
450
805
3988
15756
7
998145
6
182
836
23677
6
9
0
435
0
0
0
20
133
42
1
0
61
0
0
6477
3169
0
732
0
20325
1360
106368
77460
887863
26988
9
7159
164
24586
2507
360607
751848
628364
9
2410
0
55
1081
3617
488
279
26270
868993
76
1231
3030
4500
528
43
1684
7537
2015
9922
4862
487482
98
198039
71
1
11
7914
721978
666664
484
507
83
0
1669
16
64
632084
1
226
241
4044
165
0
649061
0
224
12
40366
6029
5766
110
18
631155
0
3081
38
855900
5915
281
6188
90
464
2
0
11785
2
5250
627020
0
32
1625
0
138
4964
3399
830
149707
234509
8
0
728
113
642
1132
240488
105717
414
17
3892
76733
546594
11659
327438
28
9
44
203
8611
1140
4
1
1
4
520
1642
18005
1
751273
13600
89748
332
3
5338
1193
28330
0
9924
16
82621
398
84452
382
102
5980
1852
969848
3750
623407
1001074
48
1184
365
2244
0
89757
0
5
15795
359799
32
1215
18561
11
11901
3742
619901
214624
118
867684
937392
7
0
0
3536
5557
100095
41404
213571
13
86430
15383
23397
4100
7
11734
34
630908
15423
75983
645744
11086
7
3261
129
339878
22208
125
21467
19681
539
971540
631226
598484
9129
571329
218109
41313
35316
4491
26270
3779
481332
3946
835584
968310
946353
24412
8212
3966
0
8988
10373
657247
1031
553556
76349
1154
43123
33278
824673
1143913
5372
28691
2174
1
1839
16254
235
269664
13936
977967
53
5
17
1151
2
626
43
708
263
0
10
3324
0
10313
1
4926
603694
0
1
12869
69185
616822
3162
124574
46
1697
985816
859859
137
1482
1768
325747
4739
255811
2266
235445
210
241033
18087
13
3061
33
365
599517
9
1403
6437
5387
719795
71744
1110
3630
1446
1749
16126
470
403
79
3294
12577
337832
218583
0
815
1918
214228
45
606
269
462
350
15882
2
15
11
2627
1212
712
37
1000039
943794
767
1059
767
55
123
418
845203
733
74
185
8094
828
11
0
25205
50204
261
24
97
8924
0
24880
0
0
6
0
0
0
257
0
432
4
2
0
86
0
3087
948053
35
1347
12
1820
1
5560
328
20
1598
16147
2
18
84596
439
31
41
6207
1528
265
7
11
7
144
237
634
4283
2
0
6
1487
1842
220
10
0
462
143
0
15794
9125
7
10564
114
27294
0
3931
4
33
4
274
0
15812
699
15789
40721
69176
9
440344
101444
0
320
1947
28329
183
210
20530
1074
814
2891
583718
7
431376
508
64014
184
2385
223755
670818
4
4778
10
614146
222892
296
59
1824
7815
6050
0
19910
30
3023
69193
10160
6167
669593
12198
88574
2920
220112
9277
16240
211324
229732
1368063
37028
6376
159268
7398
604549
1734
40730
1736
630984
0
802
17
5025
3
30555
1227
879
1836
2262
1271
100390
3765
87
17602
368
4
70
902
134
127
34
2
1055
3203
3
79
403
3
0
227
451
67
25720
249
95941
2967
11977
192
946930
24425
78
1
50
244
4917
3623
91104
165
3751
2614
592248
894
69105
92
615212
350
622536
10341
5344
3988
6775
1
1256
21
16763
214
613889
2588
7682
1113
1264
12693
3920
15291
198363
17539
35751
548351
17014
27886
1503
11224
123
116686
226805
562755
18189
16667
1940
454357
788964
11882
325
567304
193722
706
269
219
21
474
1
2
2
71610
17362
2409
255755
19
1329662
5362
84985
15152
632234
666503
933948
74764
37644
879811
11831
80638
357
4736
5969
1254
228637
165652
3530
675641
12620
6519
107
100243
4822
27019
30821
751
938770
874963
20663
240660
9643
19
171
223618
64
1022
4
1950
243
7
636103
1
386
13
431
92
58
222
8
319
9
173
506
2
221752
860
15674
4878
0
0
382
3
646674
222
1378
5667
8721
649060
2338
465421
97000
648034
4144
952479
11803
771
884
16984
7
0
600287
1
3
31
871
39873
11263
6124
798720
6003
18
2897
11873
2811
953
1153
360002
3594
234
1
20
592712
1067
541
9626
843145
119
10961
221245
5800
180588
1990
1925
625
212
41
34
1173
37210
4000
1
852196
551
32944
1175
608891
744541
1588
92833
4505
1003826
426
34073
8053
21471
70606
228171
24812
2200
4407
16573
728
76002
591017
285
214458
117
219
127
19616
817907
84809
288349
18872
1
20788
13
849
51
1604
801
14603
6
190641
614270
24107
396
4
12
424
5532
548524
27962
12916
252
1010
2278
8
222928
417
17223
9
1632
1
5282
75161
208
12005
8142
8857
88634
865776
1197
1263
665918
4
631
48
2900
147956
284
1521
2337
14207
463920
575
976
1753
228668
1816
5081
1598
457
2
1541
338
5848
983
19839
23640
116
1242
1535
72919
798
678
2707
7526
105588
2243
12125
315086
5626
5843
6040
13
322730
4
664213
1
319
1469
6
1500
849213
115
78562
2577
2383
1632
1344
16160
77044
214584
95927
600777
204438
548928
1012182
1108705
653019
2473
635
559520
593664
7505
449089
12438
1085072
15787
1310
10
169
0
207
416
2630
6
138
569
8171
614
9361
4590
214420
20805
1318
629708
198
99597
3
11
8120
1144
16540
970981
71637
5
610
1584
23575
8543
1413
2902
1991
78
53
123243
78148
13195
3836
4251
9231
429
42402
22
2018
2482
274
1
198
12238
3034
12
1958543
10
120
14234
345
799
106152
147
1665
74764
1750
2
507
3
1
0
1613
763
979964
13316
5650
1898
695
867480
727
9195
419105
202406
671126
335
479
397
649055
46557
631034
854132
1731
5934
593747
812
268
9
236039
3886
858560
18
2
266
14170
0
38132
166059
1871
2754
2492
36
1189
3745
649447
1
1823
23170
4
88014
11866
29664
619115
577508
35270
406953
975624
20989
671361
859270
985119
16259
269885
13
246
789
610453
12729
130904
859840
335268
236788
244072
40
725780
3343
3078
350518
218880
211190
596
3863
43
1023
228948
8091
4459
400
396
0
0
87
950674
7172
1633
86248
4
270
0
0
1261
44
6466
23983
4
17927
166827
9062
227
198
353130
2809
839
0
1316
1
5967
105
738
759
41928
1300
24317
427
17713
150
39
0
156
264
13630
36
74811
592895
1184
624351
220
611678
2414
12159
6255
88203
230248
5174
559404
242
1
235024
344455
645113
3166
4333
844685
109308
15085
1841224
232924
1018
226
517
393
29
344
2
653367
1139
14
393
3
309
619
3529
9639
592418
149238
11080
182314
1386
37340
6401
747674
997951
96903
873
6478
107
217046
850
1846
4373
802
25705
173
18045
76713
9780
872544
1049
2415
3676
237963
7045
978
44318
184
8308
85674
3049
0
206
3152
1660
810420
1122245
238809
368532
1301
162
65
1190
730846
1151
249
8609
1435
12846
4086
9703
12768
2356
984
77282
1593
2396
7770
866528
785150
47589
1540
594992
223628
226
38961
5957
661872
111687
418913
875322
973196
9
3828
1677
550195
2187
236140
481
872556
289
2472
2900
333
276
4606
37193
15804
1850
88797
295
14485
221011
117385
1020749
777
383
636196
624
616142
101930
1004164
4401
1544
18920
649411
7928
83921
1802
960783
2376
109441
510
15348
10610
700135
230883
637628
955126
9957
848786
36865
77890
864715
17959
698928
26522
102169
4359
48510
596126
97689
116598
236895
223235
227715
10440
26178
17841
3233
65163
428493
897
4203
15716
76945
413057
13887
838617
3908
3071
858
825
856713
54319
3082
453
10357
958410
341
946015
10957
54525
223736
206418
32372
152819
1713
5150
761
1534
441
771
0
7217
17036
29
3219
1
7174
77909
32
5322
12
401448
18275
6940
687586
217788
7972
422
7724
749
851818
112
17458
485380
62294
5367
607682
238
44519
78446
1282
216
714
120
16704
1098
24654
1963
3508
4190
1887
886690
600
38148
819681
96840
42916
717299
1261716
2105
352
12494
4192
472646
25281
13920
462
9890
959864
970
15
0
229
251
4694
92
39
8616
219816
720278
984
16276
13900
82
50549
4
586142
1046
846022
139
262122
34215
185390
638
874271
13245
2241
638386
1074814
28625
24481
147197
5421
0
0
1868
0
27
155
1626
57
3374
1391
457
209341
4641
32
6
343
1178
2296
11161
373
233
652
3
4656
149
6115
919
7992
5
13
211
250
7213
15937
130197
196
4628
271
12
2416
207
4303
780
1005227
1280
894
114
248
217
4442
10315
110
16549
77299
9
623153
71
5248
129
5262
1672
5389
1775
4576
601540
7
1346
27
0
615
192
3295
397506
7884
24603
4286
7209
107
626
85285
6314
1706845
16452
259966
25650
241
103
742029
220933
1586
8
17103
116658
59
0
82160
402
7045
0
78057
2307
970025
1995
14801
592
844662
223528
648412
8031
1029
16
1458
4
101568
187
214894
214582
9098
2
531159
1808
59449
1796
952477
313157
12581
442
6451
3189
2558
1140
876372
232
1
1511
969
12
231469
10
54286
230422
2135
3
975
76555
1778
66
4256
242164
61
16414
3994
1961
3360
173
25432
16
5
3064
5
124
0
4078
419
17500
0
887
7
744
133
25
23516
623993
3
1919
424
447
331
2043
3125
336
142
72074
1
10549
1203
1327
12801
947
872978
729281
1700
54647
161772
368
181
169
33
30238
6388
1594
632
211584
753
611699
3342
72191
19749
8309
355
18634
24506
1498
36
635113
94784
4083
610514
644418
8416
1074
2542
655
18
259
77
314
80
3
6669
4781
16764
3877
683
11565
1335
2572
332948
4846
445545
28887
263
232007
35750
0
221194
28816
7277
2078
843
7
453
7
6333
94503
8873
1026
270
1190700
429
26
16492
73671
224046
1166
13474
587
21
10
269
556
5
4
18
224
0
536
410
366
0
188
21013
3
453
95
24020
157
458
3
462
4
57
18
2360
8770
209345
173825
143636
12711
233900
125
16854
0
724492
436
10480
11
848
236
16296
2
18
15799
39128
17127
1592857
1173
933936
4083
944076
1361
178
869
49146
46
513
4
2670
7
124357
581434
860911
2903
14
58
437
985
1581
221
625153
218607
8
517
30
96
234060
11
30655
843277
234338
12
477
591
304
616
184289
3
89
519
403
1
196830
1
669516
9305
12604
38
798
4
2717
0
492
408
0
0
638375
1
143552
15718
134747
835168
1354
2
75964
485
27764
146
3941
1
274
142810
1
71
17
35
5610
102
73
0
8697
112
39
0
23941
12
24480
401
2728
144
48
1
526
1
65
1
4124
0
1303
242
526310
0
1
152
4252
5
48
16
2916
8
3377
0
13278
1
444
477
1165
64
1637
11
31
11
5721
205388
2370
219
25465
3822
3324
5
35
6
5
0
6
0
10307
0
346
667311
114633
11
1254
28
2123
44
105
1910
2051
1582
4
852733
7
105725
212
36
27
2296
0
9
1573
0
12
185
7
595
1239
1105
1622
444
5
385
2085
3681
213
18
13200
4215
16079
127
4911
2520
16341
20
484
718
518365
9
8968
16929
16025
1631
178
339
40
1366
193
0
433
3
14
388
5
83058
382
401
16377
210592
3473
8632
472
2
16705
1136
334
120
409727
0
6214
222967
5257
22
5
0
8413
1043
268
746
2684
18
162
11813
203940
405
75896
718
16344
45
2
10
17510
2941
3050
0
5520
2792
97430
327
446
19
930941
36
6252
76557
2039
0
20507
117
8
0
867
225
115
42
3135
0
111
100
594784
1789
3508
27309
81
1683
10233
72
245
448
631678
4280
13
6305
2
13
107
13
19190
3362
538
343
5766
76825
634
1
9
1
2
139
2
28
100
623125
180
0
15794
3
245012
7
3861
80255
2938
11
0
3867
18122
335
23485
914174
15065
1568
736
42020
106818
3
32571
4
708
0
1062
0
608130
24748
30
630
19
599545
31
1966
34
3374
1652
15
4
17
722
1264
1635
86
1
7
0
6
210
0
16
11
16145
266
28
2
1047
1
0
15789
7
3294
49
0
445563
1160
13021
3336
69216
4960
10438
1368
4942
10387
6101
221255
427448
7451
2753
2905
878
102836
280
10
799
0
321
96616
3508
0
8723
36
71057
17306
6301
17124
551
11716
603272
36384
19281
1048115
5
199
2
34212
265103
1903
104062
5910
493
5735
21168
1383
654
1964
22
414
0
9
3719
221
192
482915
1701619
19744
65
0
216620
5224
355811
766
72176
832
450
0
69
437
22826
35234
16314
6754
4088
3559
196953
6140
1185
8030
15
1065
428
223321
0
22
80606
664735
1142
6883
65
4
1277
302
34
1606
11473
0
664668
12
77183
9
96701
667442
580524
15998
170
2052
1313
239832
3
5
1042625
299
1964
546
521
2574
89
238315
577
18193
49
1
193
8384
5473
1
847007
126
783246
3
567
13
12271
11338
1219533
18042
269975
42
761
2
219691
2914
1236
2
1351
0
6488
69182
57
196
1376
10972
2
78
2040
4075
80113
15831
6623
683618
233050
405
5104
232
69527
7684
291217
6645
30349
32
210670
1757
9211
122
424392
236
2069
4072
2172
1501
671920
8152
12513
18120
211568
610
1801
2353
284722
860
8480
6583
350326
124773
1886929
89320
906974
589078
101683
6470
270566
3923
5880
36105
46
1197
167486
3
248
4103
688
2975
229587
1387
5682
588257
268
447
2566
2162
878676
49255
9836
1
715
886
459
2138
651615
861416
612409
28713
63
50
451
0
12231
3245
3643
2
167
1739
930171
219
1964
622477
2017
4212
1399
111
228
13
495873
19886
1292
10
3
1213
7036
4
215725
284
46256
8817
7274
0
230200
848
5481
4055
28271
16
1183
133
2446
408
4
71876
8548
28789
90089
172
420
5192
272
3873
1602
917
48
16037
24
3914
15
16835
29
99125
17358
313065
0
569
73
2
0
69
442
301
28
16575
74
2
132
4277
222
1987
866652
210
0
1
3457
205505
104
190
2
2
864
0
25903
722
6945
169
91
360
2
30
211
1
1256
2760
420
0
445
2
219
172
5
3
105796
313
27
0
787
0
155
1618
503
4079
127
15999
15458
388
1235
0
5
20989
798
285548
5110
3423
1037
199
2944
1749
5433
97251
135
2
9
3178
590569
32147
4249
631684
15
5257
5511
2
24
15
84113
5685
937418
57182
31599
0
625053
50
1648
0
299
9
1
1
9
1899
423
384
215225
6
941
47
1350
839
3646
17810
4055
972
869
781
8077
1153
174
459
951
93159
7830
2
363
0
11
663449
4372
18205
71985
2694
313
50
1198
8726
593122
29
219648
7801
918
19
9808
223605
69827
456
30
0
1974
1408
9731
141019
581623
2711
62
199
215424
45
894476
73
623558
260
3220
930613
624454
312
6874
6665
752
880
33259
2904
7628
15556
4311
1302
86646
88119
12
36
12
7544
428
102
1004
4490
235
143
32
13977
787
1601
30856
42
545
79
1246
37462
624068
15
108691
1246
1652
12
4263
2083
20061
2366
376
7694
1437
144
6178
215502
216520
11
1796
1101
22229
819012
7746
715
6485
110
4067
477
1425
4364
90093
3511
16867
9061
204663
225321
3393
10391
24625
8705
