3541
19801
18832
1638
1739
214235
4928
160896
13868
50756
28200
14427
912
3423
10716
9037
27
4758
73789
492
8128
226395
102384
270823
109644
3648
141002
3395
58950
610147
829776
6944
4148
1563
557816
50701
425500
587949
477236
60780
461325
765689
47609
72485
34219
11268
26153
552960
1192
4599
710
2026
1135
16406
469
4591
8008
503104
3046
365
1916
464810
571
1765
51
412
5711
1076
1014218
746720
704877
18878
37680
1427
473509
41697
167
410
34838
968
3161
30184
4005
4043
206886
94634
15842
107372
365
117476
6510
2191
872
171338
540248
8303
16355
38179
2959
77328
76805
30694
263560
999966
550738
225665
695787
390985
698
733
217059
5270
5
715554
58141
2141
56004
1083644
5161
9788
121344
226357
798034
24275
629
6921
420868
1782
7039
49538
1191870
9663
866
2484
2174
105414
901
548123
9100
142452
4827
2612
27569
49211
3504
1081109
6905
193739
9182
528084
4139
1465752
165511
183604
104418
465744
16553
14137
584533
6997
178875
124147
217312
10793
289349
1603327
1037169
54400
4383
15313
45132
11707
4339
6221
7367
83021
1764
4157
39039
3253
187583
3500
1014542
36826
26195
1477
40498
1927
6478
4535
14404
560403
1246
6970
37007
6
10096
1484379
960793
19261
3852
2570
6509
938
440
1462
1646
857356
2314
4216
541
2065
99
12213
3929
2373
491
1998
249372
53
9635
188
247936
111988
9279
26836
62
22060
1193
7081
583104
35082
8609
658171
977983
1939
175
35695
3276
565
1004
785797
1531
28997
3029
885222
14908
7968
26910
25394
204644
1770
1943
166965
1140
27040
28
946
213
1616
33565
25456
314877
934
1818
18396
3856
4906
1
984
881735
641
24547
2518
1570
994573
110594
69860
568288
771
34671
1811
990840
705558
848
579
366927
3970
84182
3
5809
4184
673
1256
212
21430
267540
220242
1922
4771
533
6
2518
41518
170
725
1739
3130
315
1269
2377
983
552
1033138
20998
1037
201080
388
559807
1551
36264
3800
869689
228
1215
30277
6527
26928
6567
2257
3451
110604
455
556367
724
3437
1785
304563
650
3439
14372
95640
191658
7051
20286
4958
273979
1367
324
607
314547
9197
3855
142844
1123
308410
276124
16068
225688
102695
714018
963974
7709
84710
6274
91
299658
3202
6850
2179
26473
1946
3860
180731
22596
69723
51808
489853
249507
455
12585
33882
11407
406656
110831
594913
585633
365
376
27060
49328
94572
474
83503
1925
217636
200
540784
78397
29
593
177
153932
70203
1155
216374
764700
4326
9028
3464
330
256789
239273
18243
1329959
3438
557010
36028
422477
3579
111427
1727968
112897
114586
1064422
444777
301097
1632903
893229
10524
150493
1242
1173
543
686534
567
1967
4488
485285
1121
14999
696088
902268
3325
52887
1997
2846
3182
78990
1460
150
258
18958
56
698645
4891
229494
28820
5791
3627
2828
431
2060
941
33610
21486
421
252
1476
89179
525686
1546437
554306
929
7145
1146
4495
1527
23396
2068
3490
380186
1016423
7195
230782
7525
692
47019
442595
212542
1680459
49599
495054
3077
21104
3059
177
2084
2359
10
4897
53272
587582
32
428361
20329
4882
5823
7710
243674
35384
9998
23538
1019
54373
2296
43290
107354
6266
1141
927648
945224
256124
3273
11513
26476
3025
38604
2136
992668
821
663
1135
1033
146357
1233
4730
262
106091
1
18258
990562
498786
18057
3249
100633
2535
49230
21727
509
3268
523630
300725
4401
802478
47053
14035
120942
77250
1172360
24855
244010
2878
517191
14729
63
1260
37207
248532
251
9397
231793
240674
184
400324
24116
79642
49081
23174
230420
572
824179
3811
257041
375
977371
130689
1030479
595
22808
184170
445
9995
308033
1966
600957
17842
336007
584846
176473
31173
1079211
676760
59185
6270
951
1679248
3550
411663
682273
143923
2332
12907
61329
106981
15270
6963
89958
91026
682889
47423
30097
311368
949567
71489
1822
311337
2398
42096
422
555112
7802
2142
15938
863041
46360
2398
1738
875972
4714
252304
424252
73185
295219
4048
581050
925973
46
4669
192919
575054
1
1722
4239
810556
263829
5887
3499
1273441
1446
0
576142
99366
1383713
864321
55313
258006
575132
30826
38074
937
14821
162312
56742
65384
45559
8443
3779
28807
7744
870804
13795
182645
56522
736799
5253
1473148
202944
64184
77104
126596
2436
415
239
5286
272582
34165
22365
772912
256641
53374
677
6395
28856
1925
962823
9133
42882
1383
3938
53818
419036
149912
61741
36287
51331
1104
7805
6397
1367
101068
9045
235405
1982
173081
25113
1810
7016
1011298
627
3569
1956
23381
5245
35062
1833
5061
593354
4571
10792
5356
1479
33391
3019
166692
1042381
1261767
544331
32482
557816
34414
1862
52016
213888
8431
94
24
1709
25869
328
21245
1127
335347
3939
143865
80
964632
581140
3081
1523
1703
366
6323
1050
7054
415208
18920
635437
66
2545
931
144
38508
2248
643
542
5057
6661
3380
530675
1230303
54319
50445
217056
722869
687046
5882
4024
26871
942
5745
1785
33986
1737
208
104732
1294
219849
562605
47
7693
1176
4942
3506
215605
2129
3
131
6838
1409
329190
1033
59435
111533
529
3751
2380
105
3285
3124
858314
1546
480
2320
3836
1454
12
3102
8
6901
6467
882244
434445
57742
16
697
1545
2140
6362
27
217483
6098
4707
20463
3131
36884
268
229
140235
10474
1013
166
1000956
3489
481
4143
2364
4348
960
293
961
1117
251736
33028
62599
7442
3691
14
26
557670
115866
6889
4319
211826
697
164
864
8667
26177
809407
30255
1682
3620
225455
128728
1871
4573
144937
565422
8097
3740
1804
612154
1466
217847
832326
1089
2439
1911
52745
1206
21421
1025514
2057
646727
40
1064
1840
160325
39563
1711
405753
1051
177456
2297
986
1211
279511
10886
29158
3804
7563
100982
585513
311872
201790
14248
868761
125490
158470
4292
1363
3128
19101
20733
16815
393
276
2218
26797
32250
42705
236375
4673
16882
11560
556
6
2469
72
5491
341
65500
33476
1117
199732
382
788778
243443
290862
4147
22141
1746
4183
719
27500
445
5
5388
93796
8131
1776
471880
404895
11899
275
4031
2959
621
96
4792
3453
259293
30414
303
350
639627
24760
7703
928
247809
37008
985780
4955
7604
1770
1019
144
945
22782
25678
11987
158290
8254
36873
26
157363
1205
3019
245
1429
25151
4546
16046
402
7908
2143
147
72065
4064
3209
40006
554
5612
58153
2619
929
1359
8523
382
0
20044
38764
585
26213
91693
17931
249687
3398
47435
99852
216241
24155
1895
34706
3858
3601
102353
2638
1274
2114
603001
99230
2106
25839
890333
8261
11484
5143
999892
38559
5554
261
427878
2259
155
21
102
429
3052
22810
3126
994276
0
2611
1472
201811
398
1255
0
21452
661989
419
4631
1175
335244
2845
21927
507
422
0
0
997050
560937
63424
2368
110603
444
98037
100449
75362
743
283513
3084
904131
298687
26151
102041
24846
306
2980
57345
32549
560
803
58275
2266
217476
1866
990103
6885
9577
6691
486423
706991
1493
2
33
1087
348
171
1272
2212
2046
33852
220
367738
34
2024
585227
752
257762
57609
7819
176815
8138
270
61
8327
1023271
3789
918
27240
3408
392841
8063
198296
354783
233790
2025
2095843
2226
910061
4545
991802
1660
681530
1826
7086
198
22392
23757
1388
615466
16113
588015
360473
988321
337
342467
506107
13800
154744
7071
37944
529246
109108
267938
186574
405
16335
849
43505
567
57026
29
2700
1956
547475
1069
1145934
521
220596
934
52401
1225
848
414010
312
34177
639
1168
222966
1112
193
6663
1467
969
112
5
3121
1063
77
8
100868
1566
6516
188
9
168
2428
43
24793
557684
20
879
338
1562
1241
548605
883
643
999331
196032
510
2812
542
143800
165810
23515
16452
818
15526
230
69458
201668
2939
15
188
2512
1010
301
3585
2428
658375
390
528
36224
158887
4383
6485
5831
35558
8
4211
916
9614
3458
4614
3663
863439
36204
679
58
223
1474
832
325615
838
560935
6440
3880
98493
149744
58372
274754
12675
3729
82
214
25231
1906
6746
990598
1221
99920
1178616
35004
502
14327
891
1779
6404
1650
7060
794
109633
180
31
411
7285
5
100605
8
556744
77
547780
159752
794
2191
4692
1871
2589
17
5815
197
37583
1478
1791
202756
212225
261
964360
37938
4370
7195
1018
98224
1478
2413
4521
7993
26659
2662
2199
124407
290330
92669
180392
49732
541530
17909
5257
100865
34445
2398
181855
99558
44269
2495
28980
42164
587333
776
100153
298870
251958
267700
4351
1143
15872
54
2187
216174
38610
1295
823
99918
168
46426
107010
1114151
475989
408
3157
40364
11304
5617
97973
697
85743
6328
100704
126037
142790
87
69759
4709
15624
2988
2784
619
307231
312
86235
19712
32955
373856
370
99922
2257
58115
450
1426
1729695
1002429
2502
156
90
101416
674743
14868
8502
805614
91173
720586
10517
1045272
103502
506058
643979
199819
278852
204248
150045
3084
192313
53
54745
6413
1622
4
509
279
4709
437981
1588
119
235
2105
26720
404
1759
142283
4736
4762
3582
805336
1212728
7
166
42157
36724
3200
2384
599068
565
22475
816
3199
1153
738
5
99906
180062
460
20
794
28711
28
2382
234
47179
70075
26024
127178
627930
860303
726575
320288
215743
595819
107769
1000122
1042637
610639
3323
968
6291
1208
1346
9051
209845
215773
13346
3424
1036280
4171
49308
9203
1293
547927
228145
735417
8069
23603
14974
4477
696968
256
189703
219
2214166
37757
11158
755285
476111
2829
4937
553
9553
3019
98683
859
2584
118
4430
4245
111771
52542
314671
723338
721664
753
30111
89994
38462
57601
364
44105
26767
41435
488
3569
1015162
18128
3502
16635
1293
599
3
83
874554
1
845
451743
1932
1
266387
60629
1540
221400
11950
12812
327874
44866
48
194
1423
32
1685
13857
671016
132755
19348
397
6777
19
399046
134362
79460
108
258485
50
117727
70956
9
1797
308
4
2096
43564
100496
210300
2144
709103
21991
53526
106797
1
57170
35185
50403
1
1305
668
6798
102847
105965
3037
260
776846
3466
966119
322779
63288
1029991
10173
222855
3
100935
220368
19584
2
1
11792
543978
2087
1010285
1052
2801
3978
300
100064
545765
86845
33538
853593
2040
251620
285044
169958
10326
44912
396767
824
694399
10630
30866
115983
3692
104274
141759
13689
726268
1302906
42583
1221401
33734
107778
147601
628010
1073652
45380
128520
79513
7942
103677
1065615
662984
439658
25509
641791
75227
62372
460148
423178
270042
775839
108668
1031738
717177
1244278
87790
853997
272617
206956
9499
3349
3580
561446
555775
835287
74278
1320
6574
17500
85063
1211868
22052
19298
4675
24
259
43362
299
177311
55231
1730763
2481
1654
809
6158
877
2386
1204
2672
223
25
7552
20743
4477
573249
73
1081
505077
15562
49
525226
171
3298
1711
146374
3600
444502
1140136
296229
603474
104441
4987
1440272
13429
4340
3401
255886
152
435221
54623
224954
139021
1
4849
20296
651
14
569
35621
556156
538293
2302
21600
11944
100377
8852
199330
1770
342894
6220
66945
772356
3240
2241
8311
1893
896485
408
3853
751
2952
3446
4
18755
805066
8244
85
1050
112
1142
1255959
693241
8114
164
4807
33680
8741
5
235934
19468
359
35603
6054
101900
2388
41466
13545
101521
27284
758
3738
271704
712
3130
214776
2830
608778
44
31
441
217772
63
286
21950
2582
7
163
23981
31527
370645
904
657
21587
57866
2230
1994
269366
2585
752810
1839
44
2
18376
164
166
124
90
1380
112
103329
2044
86597
6
178774
552720
71691
992391
13
5299
551801
473
914
552541
1367
783
34461
41202
87
15193
2751
19471
5035
522094
117
3257
635
1275
2249
612
3855
307
214
34317
1833
2393
12087
311645
10833
801
1500
25909
74070
490
235
53906
720
59260
802
706791
172
1859497
5933
357304
101896
7093
221673
648924
28874
15630
586968
161532
237282
188
694016
203064
238021
603
193
4102
214607
93704
2372
43826
554260
453366
94557
3978
19202
42464
545720
1166992
1028415
1147038
1217131
172102
600386
212540
268207
421886
36676
4827
101536
394749
1297
888
111
5441
4482
557032
3507
2182
5756
24003
1004
8617
11841
5931
1315227
3894
1897
4530
8853
394
1202
10850
1651
209815
5361
214639
59
2428
381
7108
631
41393
2051
63904
369
60126
1104
563
4125
1874916
7240
3170
358
534
4333
2158
218000
463940
5813
587161
108
107586
62448
5224
80
160274
2183
5332
1831
13969
1140833
8952
331
229920
844
895281
569
212619
3229
5278
35704
4704
2514
25119
47868
5585
3773
32667
236838
49204
19316
1963
224294
83484
761449
52480
792715
914533
604922
2231
17253
497049
460650
4255
571781
188715
34727
264
102972
2849
193104
20637
997630
1614388
3068
2798
3897
277716
4088
1250594
1466
110829
31666
818597
231738
238858
556226
38562
1294651
18798
13979
2619
4436
3140
11198
42938
33775
9983
857421
5675
1766
888
359970
23087
85488
9344
3878
813701
436477
30072
195058
1464
374267
719
218183
1491
1423
993033
17293
47206
8
1621
2079
4353
3284
1143
200880
35063
29843
3133
555705
1208
1200
6901
764
143496
16218
145676
3
334
2730
27533
244864
1186727
50510
253255
539336
105378
680921
1662
377020
132793
798324
1096676
649929
1295
1730
10
51809
80861
5889
196224
3141
7
1076889
599
18172
992781
40467
393447
101332
1805
54398
18673
2759
11521
100609
10433
26028
993480
143831
955
399023
101598
867
931261
4380
6673
42541
263625
13900
70720
2805
21084
14195
178
577351
14528
221495
236951
10438
143599
869738
6606
548513
16559
24997
628461
241296
198263
81336
997112
102317
41849
16741
124966
4581
466976
934403
126552
660
89848
1969
996573
475678
1542
9582
101473
49
388
21305
40281
39731
1016136
37940
3191
22314
19131
1127806
2623
9943
618304
7234
261
334480
492958
14836
36990
104736
558261
4272
5191
503230
689
7733
569
684
350084
201
222702
50534
7901
1002034
4266
247
11170
3505
219323
9379
619351
219287
711967
39878
838164
53857
670252
785
5385
3501
37429
398016
23564
733
1350
66971
243295
2314
34849
1462
555240
4657
96088
2404
3
181
259211
2654
168635
8175
35943
616
793
15383
2543
112750
5184
1462
3022
32024
42792
13088
2804
684014
63017
1002981
226827
1091
136743
978
659240
3090
2177
2171
1874
200961
822289
1491
1309
704
4930
5975
148
4587
77
839362
151262
38740
19619
407932
1022395
1045828
685221
20543
586211
642554
691463
274513
24455
2987
1022422
232570
450790
224368
211
1190
99
5634
25839
1073
2356
4917
310451
13833
69539
1444
4647
198234
117
13576
665
739
884314
22575
7664
220
117450
972116
1220
850
4
2839
600715
201
38717
103964
960917
96698
24253
185668
292027
40807
103164
594840
98817
1591
216101
46238
1267096
46132
4158
127606
44454
1352
159381
100588
1744542
41
1373
595308
189322
207164
238449
1188
3714
26613
144350
808366
8167
598490
1139
43
3308
3916
1478718
251152
643699
4279
419739
963577
581657
42704
506392
896063
488497
8846
859
3958
994626
92525
42128
870557
1524
102401
450494
2209
5919
615
731124
6789
428552
4063
589
40833
20338
102655
42211
213244
1885
104051
88425
13177
230726
2217
20620
440807
10458
12990
54407
837905
789106
83747
98963
5415
185464
20440
1286911
1027
617616
88455
938410
43420
683402
2519
316
28484
594461
58683
131691
1345455
659448
257587
602864
21747
563409
2506
123952
1042363
7884
295118
2673
3188
205
34916
29427
50160
117433
296499
1394
8334
237162
612
370986
59053
1001646
17763
25
3770
99059
2467
981
40024
6220
524633
175
34625
16826
26281
161
251478
426447
5617
43243
1007
2828
634
17598
1539499
78975
280936
943
3972
59901
28397
1321154
3987
6093
396
29241
654
37637
3314
209009
623960
114127
603468
2640
98710
4415
6984
236397
904647
1366771
5891
571976
189697
13539
247273
175759
122664
51269
11500
924961
340990
97525
1420286
492970
2073
2250
1513
616946
4706
1047
221100
911208
19358
1034140
130
233529
15938
990558
2137
118318
398248
10992
14022
71854
2829
244458
6889
621817
1093457
643374
6660
54245
979
139549
835
611185
144359
661399
3053
18287
4405
11086
217314
1371274
25351
120255
32810
329241
97431
14280
28185
39395
5582
8439
2221
5396
200841
1226
494
69019
1017664
381744
236777
418781
4112
3573
1
4752
604974
117528
1905
1177675
38709
111222
617251
46140
50042
91285
7940
1437115
6590
601537
1712580
1432902
410404
98987
457611
645217
515
148765
314624
475488
896707
114472
333501
930854
585605
1054169
400
1125425
4264
24778
24386
1386311
100874
16916
57199
102428
25938
27018
3670
481758
61496
87766
4355
1012508
369091
138094
1017359
275267
7379
176149
970334
427684
84100
1377107
192150
702674
220079
701135
73795
2769
863
287214
411858
2180
26855
51949
26861
355096
913525
25062
1352493
10570
325011
2374
504739
1482268
292486
745759
885100
31789
22740
144597
572759
1205108
254818
337204
213873
640321
183444
280522
19956
913386
588689
912319
3242
558614
77076
211270
653719
1608454
898449
853160
4129
3132
3599
935518
5843
227047
260531
39232
1696803
34706
66728
80982
572306
683004
1121753
302950
778553
3457
30238
244657
0
226033
66
547468
3776
12391
449
76350
23572
90281
1159
6690
124228
586653
247673
300572
73766
577435
148880
956303
590098
617186
99238
782260
4186
1462959
137263
731127
1285871
626735
1305
98098
2019
13261
801
58440
221
5845
3492
189823
5832
102042
1509
1951
866204
30888
7265
590213
16669
51737
869459
1383325
3846
953535
6641
262356
36169
13641
13079
41690
28740
1062424
4984
676312
27
188
35691
2291
103
1822
936
6857
162659
81784
45054
64214
1044
1978
551491
416757
20079
578126
101849
203615
129134
57338
705579
783864
311646
220249
141675
1361679
740506
281
209528
575245
46494
342
4595
2793
0
2852
6681
7167
26154
804
243413
6177
7469
1303
120
82
837
1497
19587
107835
201209
9934
16
488604
747
187110
5782
47579
547046
439
1493
586
3438
0
62637
9738
111162
22308
1772
34404
77
2343
20696
627955
246
32142
102
3265
6412
1006029
616938
79737
5447
1430
401
39637
247
9420
768
2249
556700
125443
485881
3500
21279
599744
42175
23440
1641
366
123
1356
248889
295218
38043
40944
487172
4659
70360
3736
674
1287633
3459
275101
22571
806
45901
738973
1732
29769
34011
133230
931603
35025
589764
13438
610
34750
39
1029179
2301
971705
7294
262296
5361
779750
2107
116907
212046
11098
524
2383
603062
1057644
550298
114659
22340
7379
3736
1120102
53776
113620
89544
2642074
681206
575935
2829
580075
692974
26473
627
642280
675
853
6956
560176
208
288531
34
97808
257173
785
358
2579
2577
30064
1073
233420
300241
9
7669
4
259504
218195
15550
3605
59357
573
137227
685
1413
2253
348
3641
29
10
2224
568
7184
2347
600
26605
210952
632
91
5241
815
2059
1644
101086
20011
606
1418
717
1359
70963
1151
549152
898144
853360
562419
7021
9226
7301
24867
680497
673
8
1189
5061
3460
999844
1855
3773
574663
15009
57290
36786
512996
7302
118870
37228
3082
4233
165226
168681
545840
548145
707064
347567
2662
4459
615
1700
145
2976
1892479
256109
589
6804
3955
3415
8414
2276
323154
9416
1104
690545
540875
30570
416933
400
5576
30190
589
41395
585438
107077
3796
6958
38096
1958
3222
6350
227556
2301
16162
849
2009314
928
1313
2316
387
250408
2160
4485
38688
640129
35479
74
12089
26867
879
39
155
1469
2133
7099
854
33848
1228
6522
271
22210
381
1324
1277
22748
116
808349
2580
6044
805
4329
112899
202977
218556
31659
484118
714947
8464
10124
1133
200153
211290
86917
26302
14782
3409
43319
217432
2339
275
333984
53712
1646059
6564
680623
4963
692953
2391
855
1422
13954
635
290
3238
555574
1502
262925
19820
829897
398518
177
173
20848
33968
5070
378
753900
36025
1679
3810
99629
103
49773
57
188149
235442
391164
367
1106
247474
75336
25
15721
40
1994
6104
837255
1163
160796
1462
619997
5238
342875
19994
325456
237499
225599
557670
886
3998
0
11410
171375
344
46272
21883
576724
944026
31100
5831
806156
4113
2189
320
216077
3377
1894
206278
86
5542
5
1151
814919
586391
46287
203
275796
1014
1964
358
2353
415
1940
2032
2013
2003
2399
212119
5325
220024
2681
3
1399
170
5139
5142
931827
572
791
2535
139542
1072
4227
1051
70216
162
110781
21
155
26842
712
3922
214620
744
3814
356
775
242627
5234
2729
1566
1755
20469
1128
8368
16
859
2174
4232
529
430
7
3504
522
1207
642576
244152
204
23333
713
1593
409
1590
945
26505
8241
18850
328021
5
47325
100974
758
6398
5081
203096
1473
1439
203229
527
10284
21209
311
58853
296
3507
1645
111
2346
64
487408
402
338
9306
563
8277
2702
8844
445031
132909
827239
4786
607146
1104215
17
29358
286309
29378
57938
561546
2977
3
394
60
45
1505
2
0
672
761
2329
3375
16484
100
354
97900
920
5710
803
1
0
802
3236
125025
28
10125
216948
1741
75
6263
6
109180
3183
55
522
26014
356
1096
105617
17082
2552
24668
10987
5312
819
36598
8
85578
2804
1109
1
3701
1130
49765
3013
177406
663
689130
9950
1007384
77956
8617
0
126580
0
173
994964
9080
23135
85
6
3613
186
3924
3477
1400252
6686
1681
19516
3518
540445
5031
952599
90160
2603
312
16257
574132
31253
765
79451
2988
551626
2665
6586
9708
743
2251
274
774
361
5
80
367
35169
1255
666
15625
64181
215470
56
56
93
268673
217614
11885
29849
6672
8070
4837
84163
573414
229196
87440
780733
2921
7642
1114712
17919
130058
6
545118
2
2598
0
320
482020
3672
8297
996
2806
198665
29
425
568088
107787
3918
2965
601369
0
5892
38254
7079
6191
23351
565
240
214845
1461
320
3085
12
10
23397
1
269
2
36
216
0
34788
641
1118
945
292
252336
3875
25898
11598
257347
33546
1764
806515
246
50881
6193
32435
341028
3084
4965
2936
482358
12948
5679
14
9486
1334
3712
70122
225407
886
5238
103878
47759
4944
1626
33983
346
41770
63407
161842
250618
973307
682
2394
401850
3270
280611
23255
586742
4363
2034
310
12277
18072
849
17768
45290
207520
1267
152
46896
588
799606
425902
816517
53982
6213
0
2347
871
26681
996696
997875
222606
15330
806728
1222
48960
227893
43997
85491
165585
1417988
1257
43841
43
1285
7278
38237
177
52317
1218309
5342
591703
12171
641740
5043
5788
29817
998
22734
431
2304
22779
1051060
262
641823
1489
1123
586660
152056
645966
1606843
17364
420
6326
28232
204502
505
155
972370
955
2696
125485
2613
572456
98526
167890
203351
153327
9193
885
41014
256522
13574
189
773320
373
508733
432
343
3024
3055
2719
101626
17112
369966
3199
1552
231391
51723
34901
58335
369
2726
4023
801
1190
38589
3779
17147
42225
846139
3643
587039
3625
703268
147390
116531
622794
217461
3774
578239
103382
101028
7190
19403
4394
21293
16236
7203
19241
43507
99382
7671
230
725
39959
3009
1126067
1153280
34656
1391197
18067
64772
1153780
27243
38104
885365
976557
209261
104259
226866
56810
1834946
189307
1272223
45179
1071248
585266
267298
1205317
580470
8146
2435
1942
999717
70
11724
26805
2635
282157
72163
27048
1160590
398198
15119
194623
12424
526393
871449
13521
29543
82
2174
101398
15950
558
4978
627045
398281
2217
1539
4128
676
103
913
489966
2581
0
529
25884
553239
7352
34229
39952
557822
6009
41541
21
1753
4767
1008265
43656
21469
34519
756
7471
139
6444
13167
2274
97293
10007
10255
5687
256779
2330
65373
2
4945
668
414
0
4984
52
1510
910
1147131
6438
1011
103
3831
12441
12713
6775
23255
947
849515
9011
903
458681
1012
87942
210
220066
53256
250048
124
37141
22
3379
22369
2
7561
1900
2176
204942
5
211
142
422
1096
4933
1067847
479
203298
1651
2118
493793
33878
1088
1844
293469
2964
273
208925
6749
190878
2820
608518
3035
4036
155
215495
26
4256
136308
9459
494
895
380
2490
495
652
1230
29630
61
4473
2943
685
205975
852
3343
120
991
2341
681575
188503
45376
3
0
2663
93641
1
68245
1616
1553
104
1124
2396
2288
3335
31492
467064
53763
2296
3615
407073
3921
43787
717
190
8761
512
471
0
214229
252160
67244
1586980
574130
24990
2
9021
188080
25
19
2041
2394
22060
24
14
387
4818
32
2646
4849
7467
3843
3467
1123
162071
259581
817
1561
207931
403
42056
6076
136788
57
34856
429148
3187
1003509
1234
3091
698
642054
586589
621
1529
122
9
24686
6169
107130
2533
3550
38349
4862
54440
3620
72262
229914
9782
15121
166
34904
3148
100
901475
138041
37381
624539
214473
51403
655291
1174
862677
1319
621
4272
490479
553718
40874
806
27954
6608
7606
655
45803
4095
1142476
3006
2430
2848
8126
5497
20478
536
2
28027
231692
22225
1380
719459
2755
9161
455
2323
204371
4327
868438
517
488
1596
25277
5975
39010
210215
575121
1395
58
21943
1893
7269
161164
7130
37418
984866
2633
66
3404
36554
3211
84
6873
17494
2722
521510
20946
45423
1805
1429
39445
1191
25188
23407
571337
24481
28713
3899
16169
14284
2339
514227
16177
68768
