745950
962288
987559
520956
159925
2640190
1874115
1585225
1094975
1151488
1652625
2058274
365942
1941918
1271395
89914
1929390
1870044
1185717
984419
908353
1221092
1429851
1440004
1282866
1103901
532520
2108716
217206
2039032
882911
365787
1302948
981992
1560002
1633623
1157994
690017
1556012
1331458
1291569
533692
1210860
2511392
749753
2413759
518971
1311737
342413
765075
389424
88514
1590399
1142332
1039409
388745
1411132
1111339
2683017
1264372
154148
195457
895158
97006
1567358
2549019
1024499
1073463
1279193
407672
1274623
459111
1330297
1909377
1575642
859092
467855
1364617
2516113
461551
531814
241091
1825496
523404
534033
1106378
1412361
2120281
177718
1520592
2294590
716337
601219
449990
817989
3620519
1469820
717531
1586918
308798
1857891
599858
1704027
545711
2275069
262172
1447169
1546038
790263
1976328
2431145
621200
634885
1601236
949459
268094
951840
232874
1860481
940504
359667
2328574
863039
692304
2166520
966252
1676062
490871
423658
1642336
2617396
1235642
2132346
842404
1158613
1131651
2501125
1537658
1751116
872444
591594
699593
1991616
684244
2575624
898432
785617
1504126
1086165
1076335
1561314
1081113
2132260
913183
727376
276219
2011918
841368
1740849
554208
2079115
812948
2211185
1643896
711426
1052619
310968
1998124
2058775
1912297
1840094
1675973
754739
1223237
4076724
1515541
931630
989763
610577
127779
2469482
1468989
2424327
1248700
2698117
1713881
2085378
957467
1092813
1007811
2387239
280735
483744
317969
1340020
854579
2427794
1122068
730263
358268
558639
147165
570348
1235383
169185
183154
703217
110321
1186088
431674
1890354
1811731
600422
1782974
328025
856002
499933
1192114
1998312
2732003
629517
666043
810780
765561
1088614
2756237
1322775
393713
2055287
2480028
498957
1284641
1136421
1372555
3002895
1846270
380683
2026843
434812
1333353
1074632
1295158
571202
682255
321734
732222
1120499
299467
1104425
1175492
1720205
1269060
210580
312613
337241
80188
