185557
742969
170197
75354
579815
424457
779100
1283041
329898
2768799
832277
485511
48394
206468
903331
201961
136432
792212
876620
74773
196600
531093
224057
1233101
841044
1388768
154393
195492
699576
1322921
1158238
328074
2036109
222686
482115
178014
1169260
1613981
2646713
526832
743906
1521197
647045
674785
387674
953801
652840
434435
301602
1126152
332443
764759
129119
255252
273839
326387
348621
934865
1068223
129419
740892
1316124
743253
210104
100136
50224
784159
798133
140179
698499
41913
404447
392824
28508
1151971
77003
133463
295539
152782
173610
296885
48733
750342
59447
41656
302585
166140
1082335
201114
318222
888525
211642
283941
383052
716667
798435
670208
138561
310556
691806
737859
1209610
798154
815514
594911
963487
1933703
996968
472849
246578
666269
453353
67961
461410
529843
107881
822532
509519
95478
442756
967640
524284
1092898
163762
90578
292807
357273
314390
387447
1033947
1884039
412158
194995
149932
213549
415386
766051
280434
867740
613879
1497635
318517
734656
222811
1246636
755742
2196959
855116
582849
683389
1103467
807953
1012863
822199
1403774
1811884
637133
874407
143061
240477
1703784
166481
573213
954041
1207089
451651
1538212
695596
1027298
466387
725005
868089
109485
288713
1501263
634384
260503
938817
471167
96739
320410
973156
171850
566713
924337
777489
1513783
420031
177120
321744
437694
60042
48359
97487
349172
62138
127759
1000863
1082235
394608
165016
235245
191858
30978
122744
229777
194582
923409
40466
70023
278514
126659
467907
160366
191722
278503
37506
31067
412916
165158
28195
233818
297211
361428
735548
561837
238648
219610
869656
517798
741360
163882
489706
382631
1015084
283892
144886
323480
1240961
282177
771186
497101
793179
360697
70397
845189
786310
19668
802715
547522
1049019
130215
191711
219476
143058
88589
119137
522413
535830
255608
108992
768311
962476
283583
286818
1540539
635023
299309
30526
86702
1174932
67662
1105389
77278
122085
98111
319705
142987
697231
165925
97584
856023
339909
329424
177207
267556
369875
326380
969838
191310
513290
487661
2340919
1295178
419975
632886
986458
572036
389925
796049
381146
114474
1443795
154617
43105
96478
111024
38419
96751
300577
89007
149724
30699
582607
429365
734172
625135
339739
241706
165941
70603
152403
190034
84528
117450
184148
1238610
74110
396671
1375859
277243
437260
55106
182330
375632
131967
21975
144576
165878
42316
22691
374262
774927
406071
93053
1036599
722346
104135
146790
97192
1004363
537393
33505
66262
136624
223728
1555102
786479
1839108
114304
806625
708426
735531
389859
864116
40610
624355
222834
173514
1148924
117481
88721
69646
62999
172196
343698
854413
221491
2265282
256581
843550
906896
650625
227204
1443018
317213
1790252
126552
132513
177307
459594
176840
132720
471467
145194
98730
269580
14024
1011943
84097
1917028
792820
890280
547710
21729
175511
1448813
672622
778988
360751
853000
1458618
202137
102622
675934
27178
1228413
157404
949510
470433
73515
1157273
161345
1256520
1252914
548615
1217961
811386
1755932
323971
1784132
426209
1827804
74995
1536954
14316
380974
38709
313163
140281
1176554
1050532
916147
684167
910156
146516
655771
41710
186362
1550266
192044
71927
64804
81345
1510509
226122
588025
324597
298196
154004
33970
43098
176773
4319
1261510
87004
192300
93353
84240
11006
463890
62334
79478
75820
224948
590294
103100
127225
760518
559859
295935
1121769
718703
1002875
878467
169722
108066
168288
681778
414484
1788238
1130465
326660
279842
388097
559473
417441
585768
354746
110622
144229
312765
1208122
83045
1304874
117837
181940
315281
178853
661373
161526
351261
274174
700200
2289842
947473
1121107
623107
92095
699692
2150482
1110598
1992056
358321
1359566
413987
324287
2130906
442443
354070
429244
547208
112718
92657
380814
20303
580730
1132233
1887039
435288
125006
108840
364389
212376
370928
343130
440399
955674
1364524
143188
859884
406918
1526426
1340800
928612
591209
957497
86831
1268787
224697
204128
1326243
103288
591399
54535
346816
261048
312235
1196518
751000
428048
949938
957273
33947
286691
193417
532891
1262984
1698771
429003
1088786
392365
288163
553611
901606
2727747
964754
1269718
65742
121441
1156574
817017
86661
311399
1064593
501853
152436
702919
737648
208496
131783
2385477
363631
995265
12777
78780
1508822
1033319
2593100
525166
383694
96745
1426019
193007
650214
48050
445454
773620
222847
2458866
1485972
215371
1841799
1030245
1727098
127377
605927
16598
701201
5049
650651
416284
701544
317517
107880
568257
413172
150154
484826
329100
532312
1059986
1114628
3309382
598962
131733
597340
158152
665321
1902159
2212760
838568
87144
329766
513379
1092912
309526
185037
1606113
52517
279472
796820
624787
976860
1277114
841387
1455351
836751
1325437
720340
335754
1012273
2084373
356467
2935489
356620
458422
853556
1867070
904033
2624654
1143915
1612576
536476
408406
485286
767688
1195052
953817
666618
1368376
87089
195889
259139
320431
648903
1030114
1078170
1850984
815055
640045
214526
1002671
1129209
2495395
429221
260841
876362
124996
668034
859952
195165
1177899
1017535
1393041
834863
31509
60836
174911
63954
160181
50241
661337
156431
793878
261267
488900
181733
176151
453304
333483
693392
202261
120430
834878
374026
1926561
531413
1327233
337830
700605
1294495
521707
595998
1276010
1169316
1874613
1016666
1005651
370644
597269
279746
1287448
213169
370631
273624
131897
292669
396657
68629
202752
208462
718535
1722061
647181
201562
308203
281032
596479
1103552
1420859
83329
71422
374945
751108
1245815
153881
540552
138285
1294276
1089781
278727
80808
613222
51914
63370
231823
38074
528425
829158
314612
772808
295127
188011
2110409
881513
165922
177439
857560
188899
346499
219398
1111901
1156819
184361
126508
1133592
332011
143897
459784
1122205
477942
47572
880590
277061
185486
9004
61968
76130
76246
236802
198115
23151
133264
182162
31555
247323
183357
100283
34368
1259506
74024
731912
664723
100864
49172
61656
51264
55626
114834
473894
561771
354909
311545
40191
39416
102184
251509
93189
1110377
509877
142028
158203
200946
285786
91802
34396
559450
669371
442466
90323
90495
376022
267703
383304
217178
20593
368596
437312
131372
163137
30518
961678
204566
943545
448364
632006
375034
700944
52487
37464
154821
112663
45695
47545
44326
55682
354576
616857
264545
551253
567902
126032
401229
435084
483424
1850686
138578
834330
382714
850391
148623
2801515
61954
553015
125263
1163739
988689
367991
312917
1070887
72695
458050
588845
1172181
716578
1098284
152729
713611
182588
541534
295754
191432
487118
314511
78579
544584
98934
1005008
807722
1166060
243810
415285
219006
845001
541877
833195
1928009
2368405
644465
802602
328443
735871
737180
1020654
169404
1047746
133205
135694
459021
857078
176803
997043
213527
1069566
329931
421507
208423
762607
209189
486610
367417
1330217
1054572
69604
704006
24320
574601
918212
199390
321510
366683
35640
258136
99549
476673
87212
76562
576736
58992
511024
307383
567684
308883
698860
202982
1590646
319582
18194
20918
109500
152508
249674
1654289
560718
265265
491205
165860
143348
111241
778222
58011
1103342
178676
894694
660933
387053
484589
774595
76932
289111
126489
454090
245511
425604
130312
424065
47023
173156
262741
251419
173756
295279
244872
