371423
2010762
3112626
653796
2519366
1777469
3231870
2867826
1019978
2792065
6009120
1967861
4070948
180061
1798865
1533653
183510
5087581
500590
1031944
1867295
431993
3376580
2826136
2692547
3341884
5662749
3071064
839308
3531043
3581544
428248
675676
2591756
3381765
961553
2439252
3944782
4946308
2019932
3471551
6439512
3670602
3299977
2043338
2052469
1885419
1361006
2024750
3090838
14150
2260396
1569083
1301563
35966
176666
2858596
1803985
2913055
38979
1367331
552779
2114075
43902
34042
71824
2078372
998983
1996722
758289
3783557
2002457
2076280
4732941
3265705
1952915
169263
4764
2015768
121527
999621
1959398
2163020
178478
899559
2752073
103438
2887855
966698
3090505
6882632
445325
2438988
1451050
8925442
2479623
3566126
1986785
2623049
1007430
3285700
1102305
3603580
1680818
3256336
8040689
6982372
4784224
2786131
892915
4716432
1221424
2384157
1838591
583022
984303
2034863
1700195
2427022
2125137
4445223
2567219
9097970
1808057
1894257
2138604
1923150
1238976
3676816
2683298
3574661
3514047
1290909
2671210
5133083
3373438
3175228
4209246
3642794
2929551
3147387
1458731
2920861
655234
1961555
323341
5995432
1087609
2003634
3447897
3872360
6932844
4508836
1672697
8230238
4501899
1683387
2830066
2196205
3318522
5919532
3252826
2883515
4852659
1966743
8051323
8079128
4431642
7482490
5438897
10138928
8911847
6953700
3406191
8366406
2601795
6865656
886393
5493829
21215
1008018
2720956
1919527
2236487
4162342
3431370
6876634
3240597
219112
172624
3768194
2891477
2079662
5643455
3036049
2426096
1003207
3304965
2635129
144845
350153
1634139
3997159
499904
12020
1443230
883064
1777329
40216
1178489
3384747
14742
541228
15813
4049741
2662792
1025832
1584255
2312066
1614446
832822
482648
3240178
978737
3310833
4646491
5090226
1371848
1687958
3170550
2315603
1910887
2726661
2635853
11217554
4496558
1503743
1545831
2770879
1872145
1920872
1282566
409732
854161
10264
1561058
2157325
1004861
2968846
1292202
2216395
2617355
997256
1876108
1297242
3518672
