26957
83864
24188
13504
21129
89888
19887
807744
12787
102731
94861
21444
7663
26778
37883
12074
20126
9703
666211
14004
8332
142810
69667
183263
676360
30133
88614
49608
105134
927531
522603
58678
72997
123845
149361
20014
316973
758832
1486318
291122
425404
109628
221909
79225
136550
229001
190788
83677
21149
18173
41938
10555
17372
371552
95045
31626
308503
731541
15892
99973
4947
82180
23174
5814
22929
8162
114988
8283
34261
502516
12943
39542
34764
125606
807537
5008
10727
27061
5310
59261
4321
7790
149570
88535
11908
147601
23802
356971
23841
16787
109585
97005
17466
199278
307608
610722
27589
1310
228758
697851
452070
326106
844696
28957
18119
103149
18994
105498
21111
9559
84545
109445
9381
502975
157635
75612
769937
440551
24888
290576
332784
371778
519716
166018
22763
93141
129011
68688
109884
816448
1141303
123738
32641
18491
10288
307129
101748
135284
155573
37103
68792
18031
11351
126946
226813
836144
40888
125685
209434
405453
22157
613025
243334
535909
764619
1447929
199024
279868
29991
57116
537757
89305
32059
34097
267279
473713
672380
267982
153919
122385
127982
127818
81319
115162
123787
562828
38179
213409
149611
43593
230796
253650
122103
506837
213478
140742
71934
163985
191726
174128
187819
29815
73898
24492
315755
6439
59432
457102
903190
64775
27387
98421
32279
66043
5151
20025
7069
609819
7188
29548
22672
72325
16225
345884
22656
71515
97298
4737
403337
9813
16725
10492
66794
340074
318559
126557
11175
27472
25729
82982
760312
34209
262681
51744
746473
42511
21111
6979
32965
96850
63792
463762
8083
225374
5489
684599
678509
24423
710977
115091
21125
4357
15505
111780
56627
72969
9247
32953
134496
16442
7058
16964
4588
17693
7276
670040
13999
114146
3965
10217
696852
7840
6383
34993
72250
9118
265705
10672
280918
12338
10392
1783
36439
25074
10000
37244
240576
21113
273446
7174
89532
51913
3695
4303
131551
19376
806216
11027
45894
361621
37429
3689
33020
5389
1873
102707
8751
26095
20144
279406
13612
33753
6054
45843
31016
38872
17632
70812
10260
9659
16202
30984
71318
8689
8436
44986
2781
9025
188701
55447
175409
287780
9493
11155
4755
89077
12719
16053
81892
29114
17067
16474
115036
74591
25178
185241
42236
7352
28536
27192
945689
156553
28355
43129
108231
93536
127144
350293
28592
16094
150961
477823
66680
439753
33757
5334
88163
15457
136420
254323
20890
7658
8615
10796
57655
141098
90987
121534
504851
20117
586011
11207
150055
41745
394997
13696
247466
15936
503
110534
23012
6337
43496
211361
9174
25431
16043
4501
704656
1872
170072
21445
254462
362985
1375
65559
956789
7224
583426
49731
3476
254296
17605
316919
535142
20955
43105
11373
559368
21906
94434
578770
3054
313466
1024894
122411
727996
20302
554054
188636
103893
18217
31762
10259
458147
9805
54999
10631
86336
14349
27404
439129
51289
216543
361675
19123
154527
6191
17271
16456
13069
12653
19779
74833
407284
19663
255621
67940
107333
47309
5296
16605
16130
55809
745490
31266
52599
8122
46286
8401
565967
23175
12118
68890
91365
52480
73178
42850
268817
178909
73672
834133
196205
66830
239747
155265
29603
99458
117916
266894
702362
204532
65177
38362
165070
51004
16529
16537
72975
816
11953
6418
90033
13102
259521
7344
145540
44593
74455
376948
22793
54171
57654
41042
256298
37902
221907
550217
115051
102071
772006
504450
644219
30477
177289
65696
32218
360703
18626
7507
200056
6022
35026
893
131783
3970
8470
12960
27948
12220
71086
2352
409657
121946
176544
93998
40524
784984
16271
7229
12588
146218
238781
27637
486183
178317
216847
201157
367354
78237
66975
860221
106531
506728
26805
2554
81797
174102
17759
76039
175733
735821
142415
3985
28586
52826
608510
578046
39958
89527
11026
405948
49668
455948
15672
927084
116185
1058834
595
34481
658689
85886
22156
153364
66700
453169
84565
206068
118399
57071
5775
896812
19532
143752
5561
14239
596887
38258
440446
169001
196346
25220
575521
105176
173107
16744
63233
171966
122994
1297662
124053
11892
886030
978199
699796
14484
166920
73249
109145
9349
425338
204363
9902
17024
29618
44378
53922
15294
64658
17256
155620
458898
512825
784089
24417
77306
32331
18274
241902
129959
210019
24168
22036
9768
86577
822436
97439
27171
1181465
11748
874
56566
13622
458080
198766
104634
1114473
174279
183652
139612
61901
135741
559625
124544
250950
124051
71770
4936
130257
107572
162796
26177
427214
143400
21503
216526
499514
167294
68754
29143
42992
8340
10269
89075
6958
237609
165942
491953
624468
371917
290861
10661
305102
173565
38466
151624
51290
30787
31750
64137
797196
197251
138541
34516
377993
28350
12622
32835
88423
28315
13491
74961
197286
34032
790432
226431
34305
25746
142783
6011
28382
40132
21385
117001
490069
155612
230268
260672
60006
196381
254784
180514
38406
345572
394813
443406
722042
19389
119757
9199
95165
139363
132615
18010
109019
13452
16694
64231
103975
98337
66251
72867
162965
73992
110286
8394
63971
23871
15204
88780
9524
12802
8090
10788
3556
32860
10939
278259
33756
143661
5089
4574
83130
4569
8311
43722
115879
5357
36648
830078
327126
102865
83974
67732
469807
420131
32746
59211
289459
17902
19328
19931
43854
16413
37697
4138
55456
20431
105212
5196
58346
4999
11166
10610
20869
61111
4461
15958
55007
110926
142280
11751
16455
71209
5077
15921
154382
23950
25421
57071
620542
12350
36751
10025
82378
6295
6365
11968
4891
34510
44500
15509
137690
20430
1037
17678
40589
98914
62646
93656
249866
12486
34304
280482
75382
15912
8884
12490
124957
38876
22533
104971
31080
117050
14381
102985
7673
13280
72526
2804
10464
15928
490597
26968
29010
8439
195160
2733
11780
6793
95301
6667
31706
400
9947
3694
10716
76014
89253
63834
179289
8822
43583
300465
60697
14259
12622
5457
390469
354426
40462
14318
336706
16033
24279
4460
15240
204881
38138
3917
47482
28983
320102
116523
478851
90436
25610
36694
546222
10401
54040
136279
34275
631957
62304
12551
18576
22532
79404
282106
173680
103898
27448
30657
146861
261504
39895
570668
196963
54212
31264
28357
57875
115030
21824
32296
90868
10493
61755
14587
202390
127570
551852
46336
822060
171477
14288
8212
275949
4976
131798
12711
540932
70486
10901
4695
8065
558792
833368
11734
39928
14445
689
9510
9796
237161
11103
1963
21031
6868
534435
34033
109698
189683
643653
14047
62280
72993
2603
804
14528
15390
9872
908668
14245
11841
508917
10773
51710
16240
371359
20021
380980
90398
155970
3715
14892
27525
35449
21139
21291
128831
54940
77387
21120
6141
145728
18238
195508
20253
32279
22099
54980
18122
7755
60389
17586
11215
605507
28471
22710
25296
134512
20687
399300
14708
23481
31224
293746
7220
815
28971
122067
43048
112021
288304
117609
347288
199937
888957
20838
7470
62728
55226
65388
16126
44239
78701
27421
119196
27089
304779
1201772
159026
27268
207491
22589
389570
89586
100193
168573
20095
76830
35881
6644
1926
43752
15335
21
3691
21364
57315
1016237
4122
62154
4406
17808
18333
6110
2353
672920
456094
18097
22030
24925
14490
101505
24893
74501
10844
1887
10790
5490
9596
11593
443
267129
2633
3881
8393
4261
9536
46803
8635
641176
8305
12040
3389
82193
42504
125884
2419
12817
3088
200212
559693
8601
171153
15911
233281
54501
13471
66296
87509
216656
52705
10030
1671
75013
13855
34026
191227
8146
56029
236982
5797
138513
16801
4821
9629
12893
254014
240566
89224
586831
155307
7168
116
11479
77664
317041
19830
130448
48710
144178
9870
247407
7280
122082
55022
1997613
31013
459005
57855
909567
16160
199890
12220
154255
127748
361710
328168
9112
26751
42004
17640
204173
832252
9437
30556
402120
85606
153219
47452
68927
34296
16509
131022
866685
10463
86121
13568
393744
16658
12094
2727
83891
16695
101674
45818
1119731
18634
38260
23414
38500
2134
5532
5680
2233
1917
51296
11431
2345
56507
19953
4628
8312
7936
15003
5322
6865
8082
85159
6709
27041
66551
171315
39209
14345
126782
3470
11661
48343
8280
83638
10072
40353
24875
6990
8292
7169
2804
163283
516001
20427
25539
19906
276979
53635
107992
27331
27338
736588
8799
421122
36818
16147
7756
26466
120276
40478
3837
95367
13777
213744
74905
29431
22851
179462
11506
42986
7628
13408
13834
24920
27064
12528
31410
19776
67436
62308
27758
13742
2921
10263
3841
41405
10209
89351
2306
3392
9331
701
80302
2938
728316
246357
244073
3009
3820
3821
5693
227683
4976
199094
56865
1034018
199670
37689
13476
28438
26902
59449
275048
15253
12560
305951
2973
4606
11963
10174
638
51199
8905
5775
10130
6693
484984
6928
149409
40982
12003
89457
7862
9288
773
65671
1256
8572
16014
79510
2634
78879
9767
30698
24505
2868
15734
4859
13771
7781
8757
15613
1590
4242
47013
70772
298556
21155
158800
468334
12217
36826
3780
321457
157376
22702
2239
112221
18555
969614
122591
57800
12994
34802
131704
491319
35253
33247
3977
15345
6428
63979
4781
61784
42534
7534
2375
35865
7807
163952
12152
1110905
12547
150082
98372
334461
67674
23168
552
42832
2911
40517
96
5158
813
9947
259412
24326
49601
73577
3608
87487
14926
910626
676341
215472
3985
5234
113933
14410
739770
7787
52720
899385
986259
11727
8876
10742
11873
384417
3291
275639
140329
17479
33138
6212
665389
57135
301474
196716
72667
25755
14388
517624
15647
613077
1440
87113
702
3183
8067
10883
5782
32032
441075
115458
20000
18783
22782
77123
4904
65187
101557
25382
44070
68953
28459
1001231
159201
87882
17099
44339
16937
7515
17396
25774
18458
2577
4425
62558
9220
10090
1631
7933
12221
1540
11448
86904
11602
4325
10137
55011
138720
31741
120349
76967
628438
133883
6426
10331
17467
386633
31066
1157264
965254
93755
11143
70609
6318
16241
595108
127543
96141
40572
32070
835461
22429
433837
40245
54275
114175
70916
27465
140239
48030
76379
20288
1469885
4444
182632
2871
16548
78646
639265
296034
840934
21298
61861
8356
14730
5298
1792
13751
71039
19400
47343
16169
288217
8350
10009
194539
10189
16622
26913
49846
9533
127130
13351
16052
73619
10221
94686
9695
580639
29552
102178
20384
7714
4907
20414
12566
76687
2016
46487
189593
10889
3823
4939
388
10598
14913
346939
328989
105601
378030
2250
2116
22852
93444
10579
451676
1172747
275374
675289
5423
224129
11828
372296
291206
493774
21251
4836
9898
43759
360717
3577
2583
10200
3588
2634
71159
12523
124939
860
467643
103030
510228
6885
7595
736205
10407
640641
5937
34187
29882
116353
8893
155804
46737
6589
7811
5990
904892
114992
49292
1030230
225653
31619
2734
24568
1209
321544
2970
3049
15639
349656
4059
19222
191776
48234
2292
11511
23893
87715
65425
97474
906651
15085
11226
1236
18203
61831
487435
494038
109611
12465
267139
35008
266237
108731
15982
22717
90986
46871
264309
427048
164683
4998
9304
79224
8859
884993
283893
48727
145699
164539
108139
1056505
61451
100674
23013
26770
335072
274465
216667
635955
34954
13548
188610
32233
490737
992037
404822
114236
67541
85193
23647
192196
28646
799664
28343
1141290
53416
30249
43549
77974
278553
1784902
47938
45692
28098
1546
24691
11793
4178
820957
69660
730788
9157
2623
5613
4588
3971
51913
2639
324299
3487
2568
12069
18151
9554
6972
10827
103392
30926
2741
2869
28234
12965
115725
25635
716966
35223
34737
932980
138227
68163
99565
194329
826363
8042
350714
206024
259248
115684
640790
323139
57419
126541
17429
15110
32736
7700
10531
19081
175383
475892
4564
1556
19973
10012
181828
74221
31808
5779
17593
94364
718737
862124
38674
12050
45693
120956
70838
20434
29578
9561
25526
30482
75297
3692
13117
87390
6887
18686
5811
18120
1006094
404625
35256
215369
15480
40644
24682
8749
615610
81322
3973
71734
72161
49898
8285
20258
56750
144600
6113
19262
26355
64558
70714
3328
6325
6351
18134
15885
2621
4158
3539
16283
27444
11899
55783
45915
18979
5256
705994
643006
32345
58461
16465
5329
9522
55748
97369
4358
182696
28720
8191
73549
117492
31813
5984
3768
24418
26401
51723
2116
1987
8045
11225
194557
17904
368529
2339
782
21479
33524
121707
5989
13183
17465
105147
9834
4868
3798
157911
13508
32490
8795
254963
5320
349930
7511
49192
1797
39526
4562
9338
1935
1876
138001
90016
15230
262041
406628
12753
16848
197539
214502
102836
26965
116443
8805
262052
108432
842982
18485
102937
22321
493973
21196
97292
230321
635729
7168
40434
24647
289145
440078
62899
10525
92202
61446
19443
4095
16616
13908
24647
33097
55154
55073
123905
356048
233685
37832
170543
124320
79365
42839
402755
711448
816507
74844
874799
184504
231226
108274
392684
17474
58793
76546
32035
12400
273013
37046
167033
77460
24920
76540
55321
22871
296240
59904
9143
240438
105749
58789
9326
579600
28939
13278
38625
7394
61833
185261
1689
47248
28227
24742
1711
9155
55691
7916
57567
21028
319837
14311
2184
1257
1050128
79808
4255
14547
26184
21443
45333
633955
545534
39215
31988
6337
23630
48157
139408
6316
72543
44852
137707
118576
96215
22732
112611
3795
66948
9130
420400
76661
112253
63188
86157
27374
38260
47413
57505
51646
93853
30953
58579
108259
86407
30396
29209
112234
20079
616733
64955
1694945
185396
394337
15467
369297
812703
93570
122063
522545
182742
40232
13689
32570
16497
560323
31801
19092
114832
92844
99888
134015
417559
135116
2040720
127494
215916
80991
497955
102927
231334
58614
198178
1353614
241546
398333
37278
41569
33228
110910
250461
358580
65515
610890
45990
59913
10491
385468
58649
99528
35558
44999
682477
699754
801132
210799
155171
31595
13398
232120
34468
6735
34113
240701
144952
4296
253243
37075
119198
307260
108509
37238
6468
47654
45553
7846
7924
10753
81845
4523
106898
451590
99049
6046
5239
7396
55357
25437
414051
25813
9837
19791
125921
137816
6095
633948
213158
227071
709771
542995
13493
64874
8681
361395
23642
7874
163877
1686
19695
8801
10497
52132
332930
119674
73475
18798
60507
5193
261298
59036
27349
71891
190857
26064
176113
42767
21336
147698
87138
14122
182708
269796
167494
255554
598667
65235
917227
12629
15887
604291
9843
657
43036
20519
311216
310451
7855
308072
305771
141384
5749
48032
1225383
33681
345215
58074
1039449
7032
248925
153325
191765
12190
346766
582788
40718
9118
277791
201504
114753
858518
22074
94945
5360
16669
5196
235425
415645
527643
288769
126103
7273
84993
8254
113964
40990
20305
80185
86308
49126
817497
129921
269285
43927
12241
77476
24027
158841
215267
74484
94896
26451
8700
34933
3561
215611
1304
21496
12653
15362
14517
87787
195722
17327
68445
161316
41743
298438
255473
226548
86075
740376
12664
59052
44504
190915
118484
26788
52787
90763
361304
775433
190750
200857
8980
846919
21048
7068
9268
3030
1405
116088
21014
79283
101202
142544
19892
104831
35364
17924
615301
8062
7338
147312
244056
1084916
39642
226851
946787
546004
99249
91942
6469
363137
24934
1087480
7251
24958
15286
573
4902
407895
41048
121195
204993
16242
91699
71253
245066
20588
252894
483437
69964
160032
133605
1054138
1228098
153636
371210
120628
486336
115568
170772
364432
56925
878860
12523
6912
2759
15790
7124
8434
54440
51545
108289
4818
77754
395274
588790
382806
98440
99831
200341
3725
48385
19666
16091
2018
12857
147228
2706
116988
1004838
13909
18339
8250
46913
437605
28711
3000
75593
11180
5177
3730
313501
200433
103123
22358
590755
122663
11604
103180
18122
19514
288933
12237
1211
6532
56270
518207
19015
1837659
9958
28849
94218
34040
83667
606594
15722
58551
98621
23362
2238
9366
4053
1639
14362
7092
13940
593805
23649
748664
91242
53404
739967
91978
93309
1021819
249658
1283503
53443
55260
49449
138769
109027
40575
243656
93197
21465
59685
10145
31077
5331
631142
210349
538038
48709
4220
20759
98687
8249
110657
225404
4423
116450
19443
12920
12297
47072
78207
22309
157635
123425
21961
288295
87495
291524
35386
33829
125691
63240
927680
121635
1308838
324667
963636
10692
785491
4192
1981
15345
28983
24072
596583
162708
953514
404981
750297
16948
445358
15087
132327
1555354
147459
53343
46487
17361
19618
12381
322644
97339
64356
42259
71289
1903
10516
49697
683745
49276
169922
211009
3844
53079
10423
8990
137599
42083
26394
448710
14117
96598
140058
94605
69850
7810
334830
47766
322179
3930
4944
4417
48352
25398
26246
21567
193419
279712
39196
79495
293595
15893
34201
2672
6081
175209
9521
15365
153331
34110
27978
95148
28494
101302
17750
57313
65609
376344
252911
16681
450019
56670
111041
575020
452754
55732
416905
88296
1004016
403042
90684
1733250
343905
49416
77813
17271
15630
72419
102575
67670
439383
32832
100109
21149
15251
28664
67726
68331
78413
174324
281999
76036
1428166
26864
314031
299194
1078325
1027992
474151
212465
821134
7093
90921
65240
22917
76180
19879
24582
28829
32997
210542
71102
282542
31131
34272
100167
921059
12347
159165
151716
21032
173182
269848
104244
3432
30347
46047
109350
172461
1075143
96158
156660
10389
85472
7751
17813
51980
4588
10081
25647
3906
270837
586020
84206
55029
442916
18122
24283
14353
9783
115182
674300
1154492
175612
31184
42146
477840
10104
123012
24473
279894
500447
82277
452226
863284
3371
186969
15094
998229
42758
169350
9748
641174
60249
170953
113936
55266
10055
36880
286686
224177
182898
196073
125481
138643
513489
332790
1091424
80612
130429
183111
48821
238091
884650
1307526
795383
52138
52255
218867
41018
104337
111870
192321
13134
38058
592787
90434
42810
308314
417813
55977
863776
118691
463198
28887
173976
852279
194186
1714821
118534
87431
638243
56961
219609
339481
691411
424788
376571
318490
39664
90855
135543
24354
45624
385598
15339
139882
121539
84927
132154
79978
455446
99376
44772
253742
19794
635940
215582
30636
102680
28812
948521
14059
389122
41069
49819
493736
96891
110093
852836
8472
51084
11884
22828
94722
6709
41774
119216
23672
96160
102560
35054
9204
196618
57831
83202
9917
45658
242654
281000
895772
145222
127501
51197
453753
113112
398035
250406
700257
625370
204497
438206
480239
29624
124195
72679
567479
15045
15818
19476
30312
28323
41617
18293
241681
6079
26131
954485
616564
243640
258100
230507
307812
971652
1465135
41023
8086
21452
65462
424837
57517
46570
32063
87584
938222
22715
45973
4274
8355
13021
66453
3209
17687
57840
83936
344564
154865
40858
652152
23838
25378
5921
85369
157080
334716
179172
842064
338509
82400
26051
785117
83732
18923
263785
722687
334891
17532
817454
58392
25450
4223
17672
10068
420
5130
41294
90477
26959
139114
77777
57026
34684
6099
14018
19465
22485
25074
60262
76729
74464
12111
1375
78832
60348
168159
326974
68270
47946
1786
32857
11334
118228
4404
740786
14231
68637
2279
37295
298704
7333
71317
38838
345813
63774
27746
12414
9602
45958
6898
193379
12518
154075
190148
7324
77533
2836
45241
23621
57423
117398
90308
352279
219230
17085
4478
119450
24974
8679
5674
3132
110627
56719
410022
131215
102566
155042
13362
109868
323920
19848
1672000
34286
486173
55652
102071
6633
331086
98038
357555
28754
229565
393636
60765
13007
219597
4956
314294
22842
272418
166721
899528
220731
153142
206917
412435
105479
58461
46777
291627
19473
346738
13566
491664
28578
816189
97235
157546
41619
824074
343849
181442
121757
1458957
111871
52704
43038
235061
747639
103741
51303
883188
134314
22910
4719
214291
18302
307200
30575
143478
271508
135475
3259
178367
20533
386340
46726
620717
549869
900
246010
1784
112839
147627
61178
169937
53545
7310
124688
16812
33706
9951
19463
24430
24651
3788
52140
8923
50430
36464
16340
164056
40116
4496
79888
23548
25717
135961
141494
51928
93685
4366
123796
2626
42798
133062
33471
480661
162771
627009
465323
367841
327474
652548
23985
11097
68296
5881
143387
32550
77050
37875
13293
84007
230929
28406
168030
63783
63899
55734
687130
103820
29265
54373
174911
782346
165780
153895
1036830
158451
209875
45253
90288
13874
3283
11406
28082
2757
4837
116222
79095
44502
47355
50443
717397
21591
74994
479673
412117
386224
104873
36104
38757
37562
5164
388779
89891
75945
57461
43713
11132
46190
17978
183157
746170
198447
370008
72586
1073101
110428
18714
24911
9762
409807
13829
96867
14927
36347
9888
11453
609759
10948
22204
9664
4495
6723
23178
37617
38491
2467
14320
141955
5056
92559
26679
8775
3428
3027
2418
105143
9412
247603
15543
116185
57219
150329
789254
95781
47403
286602
31467
386811
8248
293502
125953
105447
111339
40888
6588
31433
7778
34186
56482
388451
426998
1114391
204413
409650
3980
425130
18293
16442
9956
81823
2721
16308
3859
181994
167142
270979
28219
561211
118519
18915
13609
54534
155172
15480
15295
32676
331725
17786
111013
18630
74054
593138
13263
462508
510414
1161555
1893
159599
28739
50902
20619
63943
20908
17247
3440
91417
5900
76925
15589
731407
115525
88971
2504
56443
19422
115137
12102
23844
16767
1682
18059
267031
14211
560901
133118
216107
160669
10781
89525
390664
6227
33599
6290
14302
6669
72093
807237
6907
27900
17063
106544
99646
54887
36055
1267
143077
60769
6376
4869
70833
2714
15734
11494
7890
9082
8502
2767
57457
6133
7762
988
110950
2630
16660
12835
133922
17106
16190
19930
128261
66398
22319
71000
15649
3194
16457
8569
73056
12680
140018
18511
4201
2384
77400
7797
16880
12055
169637
21732
35078
31739
16637
11161
51446
9958
71574
72931
28654
3014
2183
54315
73112
3732
22967
437993
541126
21895
19140
5105
39311
7722
26655
26863
414833
318996
15645
579724
19759
111064
15812
9746
30978
137798
11733
43296
29611
66102
3416
27793
26285
1115
12535
1558
15801
6556
9732
4746
18632
63782
16651
4362
133046
1761
90323
14400
60901
166479
115474
11203
171756
324853
141423
3683
83588
220225
93015
42264
68328
81786
2051
4702
6150
1830
108634
10428
869
6911
7780
117389
29183
24966
41437
10118
197987
25888
49105
15882
20968
4794
124733
19950
993475
2033
106364
216533
171105
6268
6812
2515
201607
18822
53591
6634
35095
1371
8728
44359
273223
44111
87140
231733
60193
28235
3422
5672
13036
51406
6266
11
116387
11313
198791
383105
22245
4242
590444
18320
36447
15033
28842
2943
447200
3529
11722
1167
74973
15585
61443
4372
11181
45872
9406
11582
178462
58050
50642
83347
67065
84725
131512
16758
227541
18032
9741
200440
66363
97267
19665
6077
8696
15523
101590
12625
338273
96840
204726
10407
171267
3946
9162
11650
12456
7025
11758
92
18348
63468
11458
4928
6672
6053
653034
8845
162081
295377
104887
5045
5481
93179
275409
26434
115007
569712
73234
5451
95215
72215
298947
19639
300004
2166
326729
8437
25992
2621
240114
132403
7998
293272
17164
14270
3974
10004
79934
20713
32049
20476
1041
5817
4776
116708
65211
15533
14147
9997
3190
5110
6824
2435
9345
2244
28578
2941
471
582
9000
14247
7485
1450
8322
107810
4567
1721
310944
30345
80036
271266
32831
227546
101311
63775
9277
46674
199029
94841
120869
207150
193291
27499
72026
297820
87455
7639
59158
3568
16028
199283
200949
15719
419338
28746
35517
124124
18478
168534
19030
75118
84582
341335
364644
1233367
13232
15930
16269
33312
603269
34823
292403
83371
42705
25546
101293
296762
69966
245872
93731
532201
9809
15791
141879
14004
11973
663351
1557042
399922
84118
10575
59413
69018
47802
106451
158584
221086
13328
30964
32839
26378
245193
372868
165685
133481
33215
41926
824086
69118
92113
142172
21911
10053
13276
215156
11477
28926
220393
421919
74481
206262
12672
2357
107242
5338
9007
319738
337883
17451
445314
13136
115018
13718
287270
514387
187472
75868
16821
92916
361510
317938
10268
4714
1069011
39548
3865
73402
32057
164290
14673
578519
101681
101899
12264
5458
11588
257435
377193
2044
137645
9097
260467
7787
4758
3805
32922
8955
47064
30009
662972
5843
14808
10107
160339
37312
166505
49723
42139
3837
58506
11187
45760
306335
36199
71250
20252
6010
39198
38398
329898
157127
73114
450124
373251
39953
378363
95578
70657
569634
782968
57121
57914
14116
108051
115362
259543
34909
104379
5588
6554
34308
10381
148385
892666
104229
66137
22226
33863
100106
252328
273537
501649
17483
205877
61354
162593
100682
1431016
123320
2104794
70179
346915
33302
117460
34523
57303
334494
26411
14692
1011767
3783
27334
23445
63400
181733
175583
243880
108952
236982
45376
45225
210417
683614
931316
216936
98028
4587
44077
26340
24038
22819
241459
776785
121736
29513
8778
74417
203788
7002
77615
68441
51063
8065
12648
13701
365016
25847
208539
64817
54552
529544
123634
10688
38027
18346
1007301
108070
107586
16396
34265
255111
48530
10227
241364
104516
123569
616149
222685
17332
275723
11467
263556
5527
250414
23174
14113
9121
78942
9475
104939
77368
449213
284440
26565
5453
24264
59951
372099
43745
52835
93237
13401
160683
77732
63840
10644
277040
7972
1149877
260704
410742
528
639870
2848
7053
9438
5458
311821
138333
43402
350127
20043
2938
8143
8544
17677
90170
588723
26670
17567
13826
78878
925180
32600
16123
30100
13874
35838
11858
233670
13759
26126
67954
173113
91498
5462
7397
3542
4674
15042
162643
2705
8982
17583
4205
19450
18985
89263
16881
365272
31416
21223
13122
4163
11817
23889
17816
3769
5273
22762
279526
60353
188950
3765
3524
10796
26986
17781
303565
212487
122278
8475
50743
33977
42595
42585
363539
171564
11414
51242
5419
195664
90910
251724
71958
16632
367565
23265
20500
1000
6618
426415
144677
870250
111955
80745
6975
98053
14112
4886
471
9163
3964
18303
15629
1889
77456
22456
11168
78115
20256
88410
5016
27361
32641
239579
12095
21219
48451
541334
52421
1125074
90868
52476
48114
178711
349203
70850
21804
20898
86554
10583
423388
24507
94981
138623
6368
6236
9440
40382
30980
10458
1125
36523
50684
41173
12750
315721
220820
261618
57308
49666
4161
37637
14018
163568
413226
85882
305467
96655
40513
244133
16453
733116
17028
136808
72693
88636
386002
173211
7954
215190
196770
97920
7815
337189
77440
169992
30687
35514
16363
182253
634843
3699
16168
1250
38867
16137
12442
26637
106383
12019
8531
5923
207506
27574
20053
450847
5653
60709
30214
151168
95857
28045
20283
279706
7010
7194
17736
67839
91165
130517
130797
17036
55650
8288
21546
5006
34173
211851
45911
37405
100116
39212
69456
40442
238459
69888
11093
62680
27755
22981
41639
169209
37417
64519
10426
77718
89440
53631
29650
29576
42525
