4438409
7636648
7501116
4761015
8154878
6663185
5855344
3937780
7039811
6007594
6897538
6221597
2195497
6069587
7500793
1697690
7881547
4220009
6445891
6576015
3368395
6128741
5865464
7192861
4686764
6175181
6800521
6805138
4837000
5519078
5357584
6765341
6989096
7156735
8564503
4882027
6900264
5755680
5139871
6910022
8359064
4837353
8699969
9057395
3148792
8235374
9523599
6166432
4092955
5663645
3704183
1297460
6768890
4077483
7697518
4485536
7565169
7760594
8630285
5063673
4625947
3272586
6694452
1103963
