8973667
8620550
13060367
7632936
4302194
5788182
9562080
5658471
8364408
12018646
11060241
7523341
4171736
2855038
6737340
5855157
6682152
4599425
8913933
3108864
4558772
5022790
7315265
6912602
6220287
8699575
10412026
8152260
4586676
3790594
8841554
5009826
13904508
6128650
10360323
6594277
11140224
7849559
11952117
5971576
12794283
10379312
15232777
9871496
9021135
5042396
12266697
6137493
8791433
6006927
6698274
2298923
3349437
4388997
4707996
3698543
9667864
5857296
11663505
6976828
6065031
4486539
6391381
3657673
