175766
421921
461254
136917
318167
588685
527895
1209458
808196
2459563
1224176
715166
157829
285000
585471
239767
260983
1642775
512727
292564
355428
467008
659569
940281
702007
1943153
1326781
281648
881130
945638
1426508
482542
1538149
577373
643951
631151
597528
1617823
1691789
748349
679333
2140700
791900
749155
290511
1797638
656047
419624
562667
2587982
205857
667737
162200
314663
214416
693057
412451
728654
1412180
147015
656250
623425
224979
299438
40340
194234
293678
615920
759091
469029
1500112
921318
398312
132592
409571
169372
198115
126974
1069097
422146
1078937
148624
644258
130544
138646
238612
323752
538178
341027
616477
1439325
285241
450064
360369
1256494
507962
1097648
317368
262239
1075913
253087
834895
377081
1408456
815660
2113715
2455548
1317874
821313
151812
1317832
241972
105162
699765
230102
177290
108028
1475810
190505
439951
1644792
515772
2148128
270206
257107
307201
442339
308776
710084
594734
1375470
451636
1024596
215032
257758
1363107
597996
367393
1809709
1583990
858578
154468
804895
601308
947460
450351
2189854
125997
824083
806770
1657298
857467
965822
590930
1672636
1424356
1100496
610051
444458
746327
1340324
608652
733460
1250812
1431766
629419
1801023
595848
1378542
431101
954678
1216381
823004
356042
1003120
413145
1246982
252742
791986
173772
271331
258849
1061266
670079
838688
556321
1834647
354624
274312
138687
1140250
1248975
175744
798860
746081
385226
600159
1353597
1276815
391106
174602
547330
318683
172962
160973
223834
248476
756532
120310
196788
746738
93835
364218
275197
527084
1093524
68829
179767
876721
230345
185837
76102
382451
553608
1125719
639906
449390
604022
1419878
490143
766344
288834
1067722
549233
1302711
456056
150154
184778
821434
203446
427061
352257
1369977
409986
65332
613488
209774
62022
391170
434521
1310451
224895
501452
169412
221746
317656
106648
410328
277306
94513
136751
789891
739072
235006
237822
864008
1060089
1327188
141495
141810
1157396
105565
388947
815861
149207
902032
854488
32204
482901
236526
142431
207710
1481601
741142
96655
147122
1041592
408137
822987
999725
269284
578408
2272723
1492249
377374
348988
1289630
619600
455004
218896
626949
150260
1069222
181000
298216
182757
423758
68335
166427
89079
164772
109837
215814
1393343
420766
265295
542641
127960
523572
228816
340844
107380
1086013
62075
1070049
214656
702262
126321
1126617
1328804
133481
335532
211478
90824
396195
173863
242319
354266
781295
208054
209257
198142
521213
124855
168408
620770
690470
71256
227138
64670
686802
375398
278821
418091
286074
252725
962664
142089
2401788
126979
1389493
1139661
809185
267324
355893
30146
383956
141532
836418
1462605
350454
315270
233603
54220
128169
268958
1511797
713731
1834097
241938
334241
777965
412522
427611
1221647
1371660
845617
255527
106373
551925
965786
206118
218833
1047636
205714
269407
372652
379077
905903
104776
772564
225924
621844
1009332
89510
139375
870101
117113
164599
454087
1306789
1722353
309122
89693
1286762
155325
1373115
797680
807599
1293202
568292
2197024
1495521
1956237
1614783
511397
946887
1700635
2085638
467581
977693
413790
1542978
141290
1852399
168327
61624
142709
224546
217739
851944
1705534
1056287
366611
632801
136329
698211
107391
103941
1367869
147667
1257368
72501
522710
1792443
99152
413189
301597
267013
877718
110389
281009
284048
130598
728398
550987
1089449
170941
87694
100269
505931
1122754
143426
203543
206142
186680
70793
151845
779744
456080
314042
893248
2324641
1123305
484358
773251
200522
292597
872953
2211848
1872041
940728
402633
347926
306120
497440
797500
338838
293595
292253
146398
405388
1337340
229557
753056
709488
230519
365947
248183
535982
349444
433561
414883
1298613
2729345
936977
784843
309593
2005980
650706
1821013
820684
1670409
353046
1233220
663562
378418
1330404
415186
1072896
213789
93043
200183
226073
522187
589817
1647323
585808
2232376
191197
144592
940748
1327709
252074
503244
1197846
1610600
550743
653329
222402
1497137
580268
1613418
1245104
1485691
846654
1325274
77252
1407612
1206231
1102137
758783
418063
542873
426998
1516958
730648
253090
1901951
704663
1157999
742290
1049289
68618
516568
516127
254164
953391
1945988
771347
313073
411827
260050
265089
607755
2448298
1023011
1182909
455922
267318
723254
578593
114266
1196146
1038788
308741
1136745
433524
495099
548385
556502
1913333
413272
263439
1102002
221527
1135930
837729
1679808
1032012
518909
248128
1035841
161195
654466
174157
995166
2180326
515943
2088797
1913461
437484
2119986
1150830
1766907
172989
1147735
232686
2153876
258653
331810
532025
421546
168657
1388624
331514
836301
340350
896147
397011
1804647
999950
1251976
2650441
494211
518166
1597138
950443
720143
1179269
2056630
269103
1356327
499344
1593348
1096005
941516
164397
1660754
365162
712993
1234616
158470
1361930
2062311
718705
2542721
1579636
1427922
2198763
349565
871312
2481137
1249547
1993248
1225365
565153
368781
1731234
829255
2173392
768281
1380332
919947
1038499
613291
2189132
701735
2523953
872121
979082
199667
319139
461637
274419
891603
2830182
686749
1451884
428736
220771
330846
787099
756901
2247988
2021815
642445
1404172
109602
828294
232443
228811
810007
1340666
1840183
502398
105805
173189
281052
147565
140283
243509
340739
197539
425321
191707
569626
190008
1040334
265407
253691
228865
193225
63192
1265897
411994
1814688
428580
2314262
769788
644619
1547157
466122
592687
999579
1232863
2057925
427083
819452
99914
543201
110568
509553
159839
563481
360047
145986
73541
338726
176270
315052
164123
1359946
1387216
267302
277587
1373034
472217
500203
520579
1746377
103630
1475577
735785
979445
1647717
527094
518950
412064
772970
2494693
294997
583307
133878
79827
122028
237673
529537
595612
519910
1019831
812530
263940
143175
1665099
1321798
91917
183101
792112
174963
272357
87104
841584
666427
194649
816775
1089846
1229066
362160
460346
1251868
786588
225341
240682
459838
996766
144388
96982
166596
114935
403505
338882
245279
142659
289636
142433
386695
208846
316371
134647
1099166
166147
256886
648555
166000
97628
114759
514439
114333
382674
540491
585095
1022597
343051
108099
45921
108650
251376
161580
417978
464173
226683
102549
185967
213734
148242
172134
486695
1067280
295940
1186528
38871
1228684
232562
647107
64406
675450
188527
382415
82048
218536
134818
1074916
786819
996088
280675
622568
27739
163281
42867
171230
152006
134495
81262
47883
27797
90606
220662
1084893
354608
537657
713108
296267
693668
309715
435282
1654620
791004
1199376
254743
172032
254431
1840268
147096
2330303
363634
1128657
1899936
242199
1897705
1207795
353441
1268354
411270
796087
527390
1032983
437992
464091
965494
294679
266763
265649
905997
485190
382144
232573
699519
1524569
906904
702098
785532
569803
278558
1885665
1474531
1789232
1789469
1970805
711224
646435
513072
1236508
569670
1009651
135506
882522
165924
270216
517343
229438
157907
812515
309966
386480
428871
467228
129801
601323
278132
347879
654341
698425
463097
187617
247500
95675
526233
478976
1145519
439093
373390
146694
454179
215594
683556
183191
137216
316138
53082
397746
86128
423362
282553
324348
170549
1804215
211592
89458
97746
267164
314382
653120
456850
638311
1205778
458304
92535
305422
628181
986867
221345
1037425
1147673
827881
543183
271868
667190
433646
207649
214482
439198
332337
101396
625769
302433
1498890
177341
495027
334368
279740
380392
561471
299788
