505122
950280
1218647
671399
161999
2580056
1830699
1563933
1167995
1253088
1483944
2262307
410714
1980955
1491442
222654
1858906
2056025
1333672
1033912
761825
1050649
1289907
1747592
1374822
1019482
567110
2038280
118784
2067816
1043932
375817
1542894
1167162
1701802
1466441
902823
779195
1659988
1495403
1225089
457313
1156517
2446762
841281
2611971
635894
1236942
572309
809832
349095
77280
1645878
1207010
1181771
534507
1364319
1024438
2495980
1238140
156002
335322
773529
263095
1511168
2481648
1015233
1047089
1416200
428041
1225714
467764
1393513
1778357
1509621
739875
483558
1536600
2413787
392561
423016
366754
1608429
575041
355751
967994
1369519
2036027
172026
1506573
2349792
633091
645324
470289
712665
3766588
1359648
818142
1856744
311166
1927923
504714
1755401
624307
2459966
279846
1466994
1660819
753917
1989970
2438759
483479
604110
1839828
1088083
214263
916545
332641
1831765
1058178
352915
2311939
801062
707665
2433153
912473
1493438
605682
607638
1706312
2708272
1415848
2077080
821642
1174462
1261185
2718967
1582251
1631228
946920
764552
746993
1655705
684651
2667213
733030
679511
1330699
1227537
1075499
1575632
1025358
2309664
971551
800057
289345
2376350
912756
1582606
457251
2212430
822041
2234723
1635859
637292
1107151
383370
1844563
2165338
1760507
1614467
1476929
615834
1091388
3926684
1536227
897380
857863
811112
97957
2415690
1394172
2510283
1103609
2643132
1985480
2025511
920789
1106544
886799
2562638
208992
725879
209635
1237845
993637
2644534
1033853
779697
321763
606204
234142
667149
1396439
157452
324065
574259
232828
1115346
405456
1811947
1896034
637547
1650644
449321
795813
497386
1335653
2175846
2723414
615830
697171
843260
853638
1347770
2531511
1096431
448478
1955294
2530674
581350
1378355
1071555
1482474
2794071
1600877
470747
1749617
586702
1520312
1103301
1287968
665974
899613
264580
609688
1234642
319011
1076917
1142589
1637199
1470880
263045
301532
509650
135012
