5570380
4812747
8503003
5702023
1669792
3091445
5425539
3738622
5584559
7980777
7504782
4992369
3136886
2158903
3873923
3271350
3267977
2180229
6317168
1265509
2833810
1860328
4456933
3300500
2962035
4179075
7895133
5655949
3052950
2130106
5311714
3055671
10034969
3109683
6915361
3437725
6923577
4322856
8283850
3595714
8770740
7221898
9045021
5883110
6792376
2524443
8173623
3775508
5771123
3872712
4390795
2067475
1643413
2414348
2583435
2952277
6256603
3811536
6554016
4786237
3169263
2799989
4110598
2886563
