213171
94729
207456
47564
186511
573298
262113
77479
25629
187480
478935
205667
1418
1154049
39918
2776
766210
192651
25939
4223
2115
1259027
590107
912122
758827
1317148
1575
122
151
1105918
214576
77326
809894
1589
15191
412
1108
1440736
28425
478960
7728
222625
511346
1327111
20362
1362066
266141
190413
0
761539
1
5
782450
695539
1804637
557073
4632
14011
938601
120815
24
470334
222
2845
1516378
504039
282787
946937
1337230
1049969
576820
44
79699
26037
788936
2027
836
582862
215393
3923
239774
94606
588129
96151
11756
271417
188102
1170001
10105
784116
574169
10873
24057
21532
552719
899033
194082
178813
773758
77812
251069
1740
874404
374819
11900
77516
591
102376
1141
937950
576897
765323
232
1274
185
145
201509
14968
1013142
580410
431
1316104
312253
182427
3573
11570
516
83607
4935
1348376
108683
96280
17865
1462
477
291397
598670
13287
79711
491569
578369
203262
787700
73894
202327
193822
73168
477837
554947
27996
937728
26237
498509
786380
16209
627
197044
763800
480605
12393
751666
260617
213150
3
19442
3846
1237
706817
81457
1094599
25118
106106
96574
566620
2218837
646
760790
1494
30297
3323
210538
853698
570566
672908
564679
198897
178985
181
4960
734346
1241918
4060
31148
235
288
0
14024
199
762733
182354
74349
411
695892
451
1958
0
113
0
29
79682
772845
1445056
29644
753285
517
578145
472419
1881587
469
20398
1204
76591
481607
492199
416967
1156086
984
424
1327
1152081
1558
197396
4344
455160
749323
889452
31
265970
28051
990283
543
24
47
3
507146
470056
1212
7
3939
77611
274681
489
218
1789
822
2023
262488
619660
482372
1105892
251
1287194
871629
937168
4209
43988
315698
397295
271
575802
941516
562
481868
1433134
75096
261
281169
193245
787238
1852
194143
183149
94012
759600
183
497958
187
21644
659899
948
585791
200523
860418
25245
511037
762403
336
15981
74408
1353239
0
564947
75915
1226799
18442
507
202895
1953
756550
582505
0
1400
508192
1324452
1128181
1925
548
490084
3926
1108
184310
26292
244893
556879
481829
25136
93605
11753
86202
196884
572045
5399
5246
1199
297846
197
206519
473028
1563
192431
189771
85724
214211
1199789
213463
867471
753993
356444
1088625
202420
3148
1750847
192491
213
26476
5343
220212
759481
1460603
210551
678539
505296
932490
1152007
76628
358936
12211
73
471836
15311
753744
72402
2540
26713
218927
494585
1219
561716
558371
2965
1567239
672380
1329429
43729
192669
69599
1477912
554295
73
199416
178955
574872
40094
762755
561962
13674
182734
85074
663
2810
978002
100021
817861
182212
174
746886
5770
9643
1457093
74238
1504925
101353
760992
1
189210
407891
120802
2949
949269
1233180
490243
588036
184
71387
169981
735585
690726
23863
188574
369630
1607368
215421
172395
2839
109027
1455
2010788
1606
145970
1069
1324883
599829
1272
761597
29108
938374
15
3399
5484
86022
974014
656972
1333145
1716
14678
13320
568499
71541
71095
838102
220
71375
205285
4
13085
653
667110
191102
15106
1026
15
26686
760843
87591
179022
966963
566303
20
497560
87876
1536
496324
72505
1036
1414027
755041
820924
8
693094
80678
576434
1189
1534
31202
183596
480494
87722
898355
498073
675499
180745
490977
682113
1939
1285559
185067
391203
766872
4328
97487
30239
2456
10794
363470
191060
18032
513524
805206
73199
383137
796718
1163141
781739
476600
759915
694083
96078
469824
1060470
968
577773
796519
1977
187286
317
499693
258149
191
5566
756659
827
192842
1413730
298
88445
308619
15278
1354237
13395
2074
761700
192817
1013752
482935
155277
190126
13493
201573
599251
1446
13009
194209
568203
113
758778
205
567830
493097
577071
13375
2268
774656
46
18090
352572
826
113580
2388229
13854
1801
74357
109218
185493
507694
1183988
483578
776
701173
1921
907
1421712
491410
558640
25103
267637
1179
27518
823251
318346
579116
775
986668
1830778
154880
199333
25215
7506
919493
1434166
13281
577538
185974
858758
1028
75071
11635
488684
497687
3974
934686
1520
75039
561217
25812
670837
1346012
839207
340
887
952
761887
1516
71346
350888
480473
18999
23410
671824
610353
4448
368705
141095
753285
607208
957
4839
263401
181400
292097
191737
839361
309323
6
1038597
577703
276255
270
496015
1477699
492631
72686
94283
302103
1028808
2246
84897
26105
1256
1057330
1434
164963
887459
124149
184590
263647
579798
1925854
748753
11875
1302122
748210
569694
593497
455700
74962
365707
114611
996132
267037
187977
95214
23
250995
1863
191648
864467
2124194
839887
1874860
86494
869936
77386
900455
211087
2750
362921
75546
759381
949911
1523
1580
810
14283
101005
24846
94794
1162
1669
1969
1
1053080
291329
859912
269077
300
266065
100242
494665
2883
268886
476109
1722949
85533
185540
773094
676533
1455111
1615388
1122800
33763
677145
299246
2087
662038
265601
191372
821657
857700
453
749889
84303
39309
781767
13808
79013
29564
77423
759832
734494
658644
134
982147
1488428
711115
204109
4096
7417
6260
76475
20087
16858
26685
288911
97711
73625
201
532
554670
492517
759583
0
1415881
557
338
953153
1337533
217891
2011
733490
1774
1686
83702
13418
147
91268
764996
676
13320
182787
4
78
45
568953
88059
72258
84510
564
19699
203658
9806
566251
12305
762082
179285
1474
566671
220
3114
5
0
0
83332
2535
15
484647
554
29250
386943
0
5
23
74
656179
177707
219769
12539
97052
79376
375686
488
97322
1452636
82225
1159077
215795
755487
1027921
137
7453
19644
3222
14750
644503
509112
1470939
96257
232
12792
109508
1386
1401
493599
560913
43711
473969
761021
715
2192
748070
1222
727666
761587
1127111
70309
683207
192093
206556
787540
1537272
179740
579688
265
146053
203998
667017
208
508
75249
498421
761328
387
492442
565481
41
688473
2754
17082
215998
878546
762268
2416837
483558
577783
585939
835723
2209
361135
1216
14425
493065
1307
18603
1336888
86912
799
763277
224756
880066
1727798
86982
253229
990
377968
560491
841056
7
86952
2299
873698
2463
206507
80126
31077
626634
101224
30867
152581
1588815
1057864
965840
190254
7024
984871
846747
549
761597
474
0
1153
4130
1562742
182296
213443
1907
81379
25729
167
480409
1039481
3337
100729
11424
757440
2087
213600
817222
90904
303
5
4191
190
576216
0
12840
694028
97
28
181025
491419
94169
19
1700571
23152
156
1817
528
1417184
888
277185
480835
334
142
356
796387
3997
492170
95414
713261
368148
70875
199788
62653
1617793
280668
760689
703288
26565
13312
1656
209854
3495
1901
1388
3154
2636
98059
3279
2891
6658
26260
8251
1865
619
10150
