6185
48981
60583
7
4
888630
1182
23
4136
66645
9546
409
2
14262
19
79
120
1346
0
9
3776
224048
1450906
7326
1467
1565
1380
1195
0
1620
1066
158
2173
1307
194450
868
82
6318
66299
1593
1032
9254
490024
2222
1005
5647
1435
1289
3
1423
0
0
745341
1262
3022
869
56
0
1518
1071
1483
1
0
6
216
0
69847
0
68014
683064
9
0
0
0
128
1
0
936
6
5
14
0
107
4067
22
93075
6023
1414258
11608
431
767614
686328
15785
118
63091
1548504
71
0
776097
29
2
182
798582
3616
1540
19
8901
0
0
9580
0
1176
0
4
0
0
100516
5
777391
2762
2
485
721
0
1651
1049
204
37610
1483
795503
781
0
49
688709
1310
10
129
198152
0
2
2
0
478152
1
668
0
140
78
6910
54
20976
45
508
66314
43
0
66179
0
691166
332
0
0
16224
109
366
0
124
9533
61899
478858
10926
12744
69684
0
994562
203
138
874
77952
1
84275
776272
335288
179
538
350
500310
0
0
15
209828
1289
2
2
0
0
51
0
767073
0
97
0
0
0
0
0
0
0
0
3111
143861
692448
10715
562417
53
70200
0
1528793
73
10530
112
199341
123
9
0
1241
181
362
2
886
116
86
687866
71471
1739
79064
4
660
250
67764
1461
0
0
52
0
0
55
340
0
56
0
0
6
0
0
0
26632
680086
680803
1452
0
478390
737
894
3742
4
79235
163
0
0
774089
0
0
1541221
103372
4259
759531
671718
780355
12
1292
1376
153
772666
0
4
0
190
123
3
535579
4213
0
0
26
0
116
11
1851
794069
172
2
1429
0
0
346
0
1
2
690272
1024
1305
692626
43697
1605
68419
0
5
0
1
3
0
86
314
0
430
756350
562
68930
12044
686926
1333
0
8
79443
3649
44
1409
1754
154
129
3933
16019
90583
658246
2730
1428
1388
725673
59115
6730
685700
16019
54
1473
10056
430
765543
689190
153
766445
12
1404
0
72
1196
55
685040
0
2414
14503
36
21
2646
192
5
27
507
860321
0
794266
68276
13179
675452
87
0
333
3
0
0
584
0
682609
776856
1
1617
0
35
0
0
3
0
6
33
4392
1410
749
0
801303
2
4
115
49
90
3530
558
2
59
10559
3102
660
78300
0
0
9097
137
183
1452
687608
0
77433
9029
65984
2858
0
138
789819
1426
0
939
9808
771081
0
320
23
766805
0
1583
0
0
12
0
1643
4
9785
2
79
0
0
2
0
0
0
0
65340
2
35353
19
1629
131
66422
3
81757
692820
4260
4376
707876
0
77
828
0
0
2
0
751
773949
1994
141
602
253
68614
1
0
0
33
0
5
1653
0
0
1
714
337
0
202
278
30
10
114
35321
948
1854
99
3534
1882
131
66519
796479
9734
38175
0
563
1458
78313
0
0
68324
0
0
35356
1606
0
0
1236
690665
1540
20
1314
30
20
0
0
83078
80
288
297
264
799407
217
0
892
198325
119
1266
67545
6
133
0
689534
682052
0
464
758342
4247
3817
0
59
0
483432
67366
37039
771886
51
3
4316
7
655
3527
26
901
0
35
66660
143
222860
3974
141
0
59
949
686530
478751
494336
0
181694
907
2185
4
363
61
152
191937
9767
4464
200
0
216
0
71429
26
1136
68270
776847
344
66360
0
28
3
4024
283
16
5
1
12929
207833
1
75843
376
59
0
776849
0
1303
200877
690906
283
67833
157
367
150
2398
493617
771077
195
39
912
13820
1
19917
1091
1650
53
109
1
195
0
172
0
197
0
138
37
0
0
3
4
134
1347
1550
10
700996
13122
5779
1520
65424
55
2311
0
65865
1286834
58313
26607
3711
215
132
1300
4511
11607
71482
321
1527
0
3389
0
0
688168
212908
106518
1695845
1282
9176
0
255
480819
1484
196
4
770063
173
24
874
0
72399
9344
1635
0
0
1495
1
901
78
9
63
84280
140
762280
94224
0
146
4100
266950
70137
9660
7
78612
1335
57
690051
66654
9504
2
68529
329
310
855
131
569144
12148
0
0
367
0
8
12037
19
0
60
54
694111
15
139
691890
690761
12954
1247
2202
660293
12888
666654
101236
278
2
0
1225
3
12
0
5
0
406
52
0
0
0
87
77
1491
0
0
0
42
0
0
0
342
768467
79
0
203
0
936
97
892
1
0
0
1
68054
135
13074
675349
1
0
249
66479
1
0
1
0
0
3
0
0
0
0
0
11
0
0
0
4230
3
1
0
0
0
1
63490
3114
7
145219
695712
0
876
407
692452
776892
212315
1564
0
168
9743
552199
11127
1149
1527
17
52
0
2
52
687125
66834
4557
62
0
198
0
80773
0
689831
770985
67632
145
3674
1006
10316
0
10472
0
0
0
1397
0
200751
0
3
1988
0
122
0
1
689190
1468
9
1376
4641
0
691968
1
1
691263
777490
547592
617
1213
0
4
2
2
19
4766
0
117
1
0
569
698423
691717
53
366
1329
66960
9
5379
4247
35399
0
648
686074
1523
39802
467
84011
66977
108724
77531
671
1469
2871
4499
11278
67697
687563
0
2
1259
0
123
4120
1922
67076
2
141
1549
0
0
0
842139
1600
1786
0
209378
96
0
54
0
2
0
0
377
501
0
0
0
55
0
0
476945
75338
0
0
3
0
0
0
1185
56
14
3707
342
0
0
0
8
0
178
2
0
43
3300
1
8610
39372
690331
0
68
963
392
0
3322
0
1054
0
110
906
1
94
154
1238
69
17
8
0
60586
13395
19927
14285
2
680223
2649
1551
192390
483
491006
243
1
732434
1452
1408
0
44
0
0
1
1220488
13351
22045
762540
3528
33
0
0
775449
2
163
8
687191
3751
1
659
16312
284
66061
1387
249
72528
69645
164
83994
4
0
0
0
0
0
14308
494791
0
552
1545
354
772634
26
30
0
0
0
136
0
4
0
5543
1526896
775328
0
124
0
103303
185
0
0
4259
0
1
680611
68081
79043
1551
14070
656561
61633
15998
764169
76
0
12
2697
10
55
204
0
684001
6
33
1966
1
4
12105
0
184
77506
67703
3394
771229
0
0
0
0
0
0
3
1456
705182
0
141
0
0
4
2
199
555
4478
76280
77909
68327
35446
3250
51
0
104959
154
68902
689658
8
3796
4507
142
3534
66838
3452
1166236
2031
327
181274
0
1990
390
4295
12052
106
776849
1469
0
137
4348
3
3
2
0
0
1746
194
80217
1610
2732
321
688320
797015
0
3
173
4249
902
147
2041
1311
11503
659
188
2219
1
0
694177
476997
2166
702781
1
411
0
435
0
0
138
0
0
2
1
1
0
0
0
1
0
1161
989494
757
3368
17
687187
87
0
935
2
51
1263
0
0
696617
67179
1652
1
115
1382128
1213
43859
3405
188646
79120
688138
0
68419
0
1415
209703
54
453
0
476047
0
20
3655
1
43
0
0
3708
1022
0
73
66717
2
520
2240
0
103
0
162
35
11114
76
0
0
494442
301
30
1
0
0
0
0
420
0
10
681391
0
76680
126
0
0
0
563
81218
2002
37244
141
544699
177904
18148
0
2
1611
82437
686896
5145
1343
702
0
505462
0
0
0
212281
1056
0
9
2139
0
79443
0
0
3650
0
3
65629
72
43
934
1
0
1407
2
1948
1642
1397
8
496062
410
226
4
1313
0
48
9832
4
83
177
65535
12815
14483
14380
17898
16349
1943
61673
1118202
666449
3349
1113
940
750143
1754
2685
155
1567
14184
739389
1437
11998
752234
3672
1237
12
1417
737931
4280
0
60044
857
1376
1334
109
1920
74297
775113
465976
702949
5175
1363
20
681236
0
0
3403
0
0
5
5
1399
1179
2
10344
972
6
763616
1433
0
0
3
751491
16049
176530
701877
0
686117
4654
10
174
154
0
358
0
767633
79345
0
14476
1638
35
1840
739118
22281
1689
4242
4003
771788
0
12220
198
265
1247
766395
1
3374
1695
75043
0
4
0
0
685033
0
1243
21
3701
4753
0
691638
1404
159
831
688310
141
63855
207
0
1977
5383
1059
0
0
4
21
0
100
0
62459
0
58
1607
10
19
0
688379
97
0
208
2
1340
67043
200
486
2
429
116181
745446
83
10877
65029
4367
0
89
875507
13636
695346
1
123
859417
1172
792165
0
60
784310
3012
60174
101500
641861
17
471
2938
217
1388
110
20
15
797118
3695
3927
677463
0
71718
0
0
30
2
0
0
7
3965
0
28
0
0
1613
588
9843
68298
281
0
3026
651
682349
0
0
235
776922
213
1401
138
1389
700870
1142
977
1643
890
2
74
66612
0
2968
124
10383
2
38
4585
362
7
0
1166
1453
6
68721
1535765
953
1235
0
1373
1433
0
3728
1
3
9988
168
0
33
0
1478
0
4379
0
8
14292
738179
1594
320
714
1476
14287
694929
19
123
58
798998
5
704721
2766
0
0
1
1
686753
0
2559
684967
66188
66403
1217
3440
59
1149
773055
0
90
0
0
175
154
3530
5
1469
686
0
35
1
249
1688
1409
79332
60
19
0
176
1462
4177
773516
80203
0
769806
1323
692473
519
0
145
0
78332
332
45
14277
2149
0
0
0
0
0
1664
35
102023
314
354890
2732
16
737909
3
1293
56045
14550
424430
7107
1319
489
3332
3964
5044
701442
4
110
0
140
1164
3871
1540461
98
179308
66895
9071
44
19
29
258
82413
19
65895
67588
164
25
1585
85
59
4300
76904
859
1250
138
0
776669
775805
800119
3387
0
1398
30
2
3293
0
1
66703
1451
1235
0
61
91020
1326
779574
124
210
0
2
771081
559
4
346
0
196
775697
126
1151
0
1235
12014
2
59
766589
0
686201
0
0
0
0
65126
2824
0
1250
0
25
1333
374
0
4211
9032
198
477412
0
230827
1230
0
207477
180
0
775351
772858
4
694115
1197
13
0
353
1
1
309
9786
0
831
1
1
79
0
690343
956
2
57
67255
0
25
0
63924
422
773013
9450
59
1319
0
0
0
0
0
216
0
2137
1266
0
0
4127
0
14
960
1018
1235
0
64246
0
147
0
0
0
36185
0
4367
698835
197328
1
146
0
0
0
9306
1624
19
1
128
515
0
0
0
66422
0
396
0
284036
1389
78632
7
0
0
691682
43
1149
4297
0
1570
1
4083
1
777142
9
704815
0
3082
1
20
405
0
2
690071
2
156
0
556
432
828
99
221670
0
6
1392
469185
584
0
0
35282
20
2
0
190
1474
0
0
1530281
1970
68634
104806
701
1457
773379
174
4382
3
5414
110
0
0
141
2
755051
0
1187
64928
2
103153
17
13266
1510
670037
136120
7756
1
2
7
77
1471
10873
342
4
0
64855
109293
127
33
0
15
4364
0
174
0
0
755
67552
10
0
1268
796639
79722
333
0
0
9
702798
0
1097
694285
2
0
4147
4
0
799
9323
0
37
5
1466
861213
57
1165
222105
9
0
0
792665
6
689001
346
145
168
0
1
31
107
46
758851
17765
7706
1347
320
1614
1434
1281
89
482964
1552
58999
29342
3
9278
65237
776
10850
604077
36670
11783
198059
107
24
112
16040
18
797
1404
1554
1522
6902
1423
1945
1051
1
84
67905
0
938
409
2482
70
1350518
0
265
19
9559
4
103609
128
39547
795586
1532
3
0
175
3639
205
690034
226
354
1471
775980
77823
331606
499137
100
0
765697
0
0
76674
136751
768169
1270
4
732
208
67401
0
394
0
0
693537
479304
31
3
35358
844
0
4
472200
0
690929
1415
347
691667
107987
0
303
430
9
1
353
3471
1382
1187
3
690816
13
0
0
47
690191
2453
149
584
21
0
7
4260
1422
607
13
518
1302
696535
1277
776850
0
280
12
9843
0
0
198
68177
4376
6
0
776038
68593
0
3
0
7
71
83
39124
1660
0
1467
1482
23
83051
249
236
15
682187
694840
0
876222
4234
26
0
223381
0
671456
1237
3410
171
71108
776847
0
897
208338
0
199475
196
1267349
10390
1477
60
1
138
1252
1255
5600
131144
2862
1731
3801
3237
212610
489996
131
0
1200
0
8
0
4722
68219
698595
67270
79888
366
19
51
13239
671608
65390
1237
0
52
310
41
1776
144
1829
68076
688557
66728
0
3
11
4233
0
63614
696808
138
3
150
1
124
170
11367
70210
10236
1234
4
0
691840
0
1255409
0
4270
1
3689
67328
1080
36776
60
1659
3691
1257
1
1430
770419
96
0
377
3
75394
3
1166
2
7
122
47066
690404
0
142
1388
2
1696
4329
1452
65218
44
777392
765293
770316
687175
68973
410
24
0
2137
169
0
0
1
238
0
68095
1478
0
52
1613
542
211
66118
0
706626
141
3
2
1252
290699
3907
1043
5807
553
106
140
126
325
4596
6
10158
65
0
0
227
0
0
1601
1
0
0
123
686722
798403
1281
97
474894
44
3716
2291
193
11088
493527
0
0
597
0
3450
727161
78506
5849
0
212930
0
0
1133
0
1408
410
5
37185
14291
624627
61
1616
1461
738059
1553
0
9144
115437
340
0
0
170
0
176976
700759
364
122
1624
9756
778598
695
18142
4901
0
8418
690211
6
0
4
0
201
19
189
294
4
5966
1488
104014
855701
1742
2190
125
797386
71584
19
391
1617
0
2167
422
702390
1731
66686
3090
4015
1341
775462
1373
12
168
0
0
1
343
26
0
1211
132484
0
1
5
165
26
19
1285
686733
1
166
366
1670
65623
5
1516
5405
30
8
756982
117
41
66145
16
863
0
2
66618
115
1442
2
0
0
13228
1025
0
66397
374
122
59
207477
1549058
155
139
0
0
66530
0
782341
0
376
0
933
0
6
4409
0
9304
17
0
0
0
0
0
776849
0
427
154
1
1278
155
35228
134
1555575
1562
7431
0
753298
4
1378
3
1471
109239
12
173
67691
801
0
0
4147
9322
181
222105
265
381
20
1350
147
448150
6
8914
1
1255
1540
1717
1020
557145
89
105098
3
5
772584
1696
0
900120
0
338
61
0
472240
1
304
4
16
1047
734
4982
694969
1552
12
4460
409
1
1468
83948
4
0
223188
181630
4024
207885
782008
1243
71508
1422
54
71676
154953
2077
51
109
249
0
753639
154
81534
1468
776246
147
4766
1214
0
2
727569
1315
4
6
751
1
0
0
209
705179
651
2381
510
0
0
0
0
0
300
0
78306
0
142
1658
14
87708
37
0
4286
97
3518
4
6107
858590
486
1995
0
372
168
0
66029
165
0
527
164
30
861
1
2
67748
7
772668
0
0
6
1
0
407
130
1255441
63896
108952
0
235420
1612
457066
434
167047
1579
66995
471951
435
2517
4504
63457
223171
79892
143600
1
1782
776261
1257
10
691842
2972
0
134
10707
53
741720
201
293
537
66431
758033
404
617129
680755
63372
471562
9866
735016
13808
14350
1454
97492
468441
3867
43656
13304
166983
7548
76916
16454
177341
1642
13
7
4273
17
3086
4982
563370
3109
4070
130
763570
16
88405
6642
465
250395
2979
3
706440
478
0
1
158
867
1528
513
0
0
117
0
7487
62
72
95
0
11
0
157
0
0
15686
26
0
3876
4880
688267
836898
918955
502791
67455
694036
37031
1384
104576
212134
4131
1037282
691496
114
1285
68143
0
772698
9017
10734
4079
609
4213
45
0
131
88132
553
687407
473808
16
5800
9425
71
1826
3293
1606
752245
246581
12193
311
0
1686
15
1372
1
771370
65970
56
707785
768663
66523
0
610
114
161
338
25
0
0
874
1585
0
0
1
0
0
4594
68211
0
814
1
10742
4107
690231
4242
577
0
77076
0
398
0
859
0
0
12
0
2736
0
110
7
136
3
0
898
0
3
679641
4319
87200
13073
762707
0
13174
8
2
800008
101
149
0
84319
3388
54
0
0
4254
0
7
14731
748948
250
143
14476
79399
236
4266
0
2
78140
3517
11
1394
1
523
0
451
3577
83343
3
1734
194474
136405
799880
776048
0
10972
14
119
9
5252
0
0
0
1387
82211
66928
7
20
0
688389
1435
2660
1
149619
775528
1396612
2
523
213195
777033
67389
504374
298
68061
147
0
75623
0
130
4364
695402
1523
260
0
104365
3
5
1512
325
771081
21
104687
178
1202
288
211334
810
250
7890
483
24
112842
13419
915191
569776
1
195
701921
2272
0
115
195
0
0
0
776982
0
66724
6014
209
1
0
1
1151
2
1405
8
771293
0
60
22228
0
0
0
9338
11988
2397
0
0
4081
48
0
59
60
609
0
756203
14541
82
1296
0
692856
0
0
686370
0
15
0
270
0
0
69357
771094
66818
9441
37
13066
1432878
15136
13515
688116
1149
3
1804
65121
473211
8
196
1397
1304
2145
4181
3483
2873
657234
10585
25
12939
8
37204
629405
119
46
1357
101177
197
473
868
5611
459
1823
0
1857
123
2
69927
681966
130
0
2
66449
1660
247989
12190
4
9031
2
0
1
12
646
0
49
79
477286
6
1717
77
0
13688
166
404
216691
0
774875
771
209743
1
51
97
0
3101
10582
768248
196894
180
4
65780
186
0
0
56
0
695085
717
13334
774086
1540013
1302
151
190
67597
26
1687
2
0
0
694105
1
85
76467
701054
0
1435
59
0
327
1
1
161
40
1159
13
107667
457
0
0
1096
0
0
143
0
0
70
78423
485
80
0
2361
9980
766994
0
1587
81
0
0
0
0
831
0
172
221
33
0
1
110
1
1004
1
10
0
0
0
0
97
694919
892
19
0
68222
80
845
0
881
0
2
1
489854
995
744
200
67255
0
0
2
9433
59
1274
68006
0
37
5007
133
0
37
113
703148
5092
664830
73526
343
561
0
12379
52
771495
24
0
1494
0
78331
136
9717
66485
1364
29
0
12045
0
695682
1695
0
0
0
0
859
1
0
0
0
0
0
0
0
0
0
0
0
7
8
0
0
68
0
1057
3
1471
1241
20
0
2134
0
194
0
692558
1
160
0
4087
7
0
0
2
33
144
0
4161
12
4146
0
2
48
0
898
0
0
66
0
2
4224
964
0
909
99
19
13148
8
1348
666386
0
0
71
4248
0
3225
64246
83975
0
13073
0
0
139
766733
2
0
250
60458
0
2704
21
87
12795
3417
0
11
0
4
145700
35490
152
194
694341
13
0
778318
4233
0
140
95
4
3499
871
1173344
197732
0
3
0
776772
0
0
0
70615
696915
79866
134
210113
1173
0
1083
1556
0
8
0
0
0
0
0
46300
0
4117
0
9403
0
1964
0
64188
1
1785
486307
11055
24598
29097
417458
903
735910
739379
11904
146
1331
114
29876
0
0
2
158
14476
0
51
1
79202
329
14439
0
236
0
66422
2
50
0
165
4103
0
0
426
687095
0
66821
7
10
13749
222478
4782
125447
4
1388
3445
131
13
206
0
78423
1379
87
9
125
0
8
5
1288
67595
0
13702
0
1465
1259
0
690415
3284
0
687011
4
774227
0
1469
0
82294
177
79887
694459
3
46
145
0
383615
13
478153
558
14722
1164
180701
19
70427
255
81067
0
799875
1
6
0
785754
210
905
776850
0
55
0
9
1337
9622
704647
180
0
0
14
0
2989
643
587
1312
0
0
10
0
141
139
699623
197436
0
415
0
222099
0
3
1
0
3
0
1429
990
221790
469406
72
190
82335
0
0
0
66953
0
131
0
342
7
0
1
556
1
689171
38
2
0
2830
2
689040
0
95
91
1376
95
1431
9
209885
11707
5023
2355
0
0
0
1
0
689807
64
151641
765732
11065
22
56
1172784
848
690702
800000
432
1188
153
690077
0
6
1760
776247
0
0
760918
0
36085
1127
197
775889
939
494721
67014
1586
495927
0
924
7347
2
297
6
3
66626
1624
3
0
276
0
7
691608
0
0
19
0
425
75443
4269
204
3319
773757
754853
170
239
68227
182
1448
68621
1154
4533
241
0
653
799998
0
10986
597
550670
212023
1518
660155
2721
37101
1
685576
774573
4900
4
201
7
104380
373
1
854
3725
0
0
1331
5
1304
1675
65803
71910
0
326
224
0
133
775535
2
933
4260
9323
0
0
35208
104871
0
191
0
178
2
0
1434
1286
223
753948
254
5
685904
201
584
388388
1168
4921
299
65343
4594
35159
61
13546
229
0
2
78448
4322
112282
500
66065
50
863
13092
0
108741
186
64959
6016
79985
41498
678689
406
172
670803
697102
82209
57531
247389
10633
3023
486481
826630
129
3514
1523
0
54
11
11473
2
9624
728220
65887
1285
14713
4807
687554
1559
4590
678710
71
1466
768858
571
0
0
342
1255
691701
57
0
4
0
0
0
117
6
0
4114
247
0
82249
1487
451
93
1575537
9
134
67042
181
961
0
226
66796
5648
588
131
0
87
4382
4693
746
0
0
4363
3
0
0
956
48
1
6
0
176
0
136704
769803
2429
1
0
1799
1
53
118
3857
0
0
67922
0
138
2
109
109
982381
96
0
0
0
0
151
1294
1
775842
1694
0
108605
1070
142
78407
255
4
0
222
110
0
0
1
0
882
490976
0
0
911
0
355
11993
24
1417
1340
707704
0
0
0
0
0
909
0
191
691344
4087
32
4189
50
52
0
3
13
0
0
0
4120
257
33
0
133
0
0
477860
0
0
67140
0
0
0
36691
0
57
456349
737942
29177
0
0
14573
0
0
0
2
227
4
0
1
1300
2
1464
0
0
701556
46
855391
1181
0
1
58
55
0
0
933
0
691320
222109
1
432
0
0
0
342
1
934
0
2
0
0
1
0
798536
1
0
191
366
495862
2
6
0
690268
0
0
1828
67896
1550
443
771483
1355
0
0
202
0
66817
106
143
9322
43
0
2
3
181097
2
13117
1
1
5
586
665953
31657
746538
665
65
35395
18721
683490
758516
691563
0
0
17635
689371
163
1266
212
8135
1
1004
8
65648
199
83
528
1920
0
118
67657
152
1
1
482521
885
4789
0
3
1286
0
13
204
984
142
35892
458047
29
110
4
0
2961
1
60225
1684
267
922
1
5793
496427
1267
1848
1597
143
26
177847
26
3143
292
671080
1288
694
64546
16
1238
10229
0
4
9717
1
1171
470187
35
169082
14025
54
5
36603
73
