137009
1083120
224912
18957
844235
153028
869275
2645531
47278
3510432
903113
1442102
2491
69975
923818
5066
900318
867549
929113
34101
848383
256676
952048
713100
1112450
2408531
11886
666
863848
1914047
2366651
15653
2382181
170472
840686
1165
1546488
1850180
3369901
341906
1547867
1391156
115948
1370474
71022
2027126
1618483
399352
250597
1050957
455
63487
73185
15981
100778
887210
46744
897072
1036359
3223
284359
1566572
787782
97055
110320
58670
1618378
175584
90811
925063
49117
275789
73308
1402
1310465
8933
17
594574
45977
12
9258
401728
2304882
2912
5005
26986
92386
1098286
640216
625450
760232
275739
253897
1796
172287
900717
868494
559435
282223
848233
862609
1715695
707520
680945
294267
1344964
1764166
891723
847778
77748
930600
68710
939
851922
112607
536
818958
870246
33544
1534298
1149705
153483
948880
620329
1623
5297
867581
369597
922813
1540577
2326191
33031
24374
45396
33395
1004186
1401158
497885
1137174
1408611
2295294
5148
360209
14211
2437823
913144
2027955
746372
985644
906363
964467
95424
696881
1129334
1722173
1758847
701339
352137
292940
498029
2047533
83066
699618
1520870
1001581
46591
1784063
1095694
1138332
99132
104236
1670793
28576
611776
1698092
1233138
667906
867368
931745
5288
12867
1152791
41369
1749420
1285986
2710224
1917017
862354
337632
30676
663633
47190
11814
3911
255567
26
13538
1019299
910609
25170
505089
708
18378
20215
618716
34787
844107
63955
525
2475
56822
298714
113741
615854
237973
574870
3288
55564
57412
628422
618829
29980
35867
918876
300689
141310
1447482
17962
79768
196029
896932
28095
1742794
31203
162614
404811
10856
18502
2490145
298834
860341
62567
886110
241490
109981
871039
694385
7
796381
57274
1723991
161539
630575
15970
12902
99773
55616
924115
1054127
109267
50826
1110817
1791960
39983
100955
1694490
1460649
259925
4
1314
1037097
5454
793620
112938
28724
60
863343
14406
100533
248213
12506
902577
1077404
50722
19
1313134
246667
74874
1741038
55547
157410
5165
1932393
1038265
9161
942273
891691
671432
5833
1278959
873607
2216
1620763
172633
12406
86
131
253
266115
1189308
7918
1402
27894
236818
408795
1598754
863912
108891
848744
39332
46132
26
11136
5200
35270
17807
1935534
375816
854353
1010899
631393
856550
85
170757
980963
5476
301
235634
6116
7320
4473
636355
679863
419190
12908
1020750
677733
97617
2925
2320
944723
2005615
14070
13004
623325
5982
2062918
1685590
1916451
2639
962444
660180
676063
118588
892854
15560
311703
100348
241575
1032974
697
8008
1110
1663
1327
157946
133959
49731
1868532
15954
854915
1100401
975174
626101
1739541
44717
2295257
2122
13110
567656
5096
273125
20913
1525883
36965
22290
2175
2094
878101
8601
1623538
797209
907313
815201
5
819150
1723417
882133
932436
508148
934177
1010901
59668
43876
644219
266
302439
2424
393904
1296152
622948
272665
437
2342701
1026109
68649
1696480
343400
1777207
12446
1779761
733179
2655866
1201
1788921
7078
454052
40
2
337
1215157
996981
1088400
467570
352433
27661
624582
79158
6244
2368169
938337
28765
128960
7836
1847845
35353
617721
174300
1263
258519
3308
54
5787
237
1694404
2507
45830
45174
2490
35777
831794
135258
606314
23977
2702
347724
656801
620165
1634290
16255
689317
1833864
873560
992106
672701
122275
4210
124706
78442
313605
1819991
1718703
839066
58760
62168
1489523
860207
641247
78387
191781
581055
568405
1236413
155360
2376467
12906
36597
29578
269423
499747
384592
113882
376377
1600178
3613306
867155
1770368
653914
10503
121332
3211116
798430
2000091
340143
336766
903252
22911
2031172
204476
271758
422189
594946
389897
5248
1234839
52054
870946
652228
1885235
163782
34687
37329
183444
1151664
661361
850481
1278491
1083297
2441234
12385
971724
527422
1873849
1850634
1736240
75872
1462372
38767
3289922
32944
5660
915371
529118
891801
22568
99033
630176
63912
1778704
68070
53158
1210934
897998
2600
68448
620427
1140510
2037922
1869524
855943
795967
280649
56679
988294
1012097
2535223
908541
1022375
1817
17270
1146052
820607
34910
848247
909002
310038
231398
747378
771540
795875
28
2190607
130679
898974
22287
606
939788
104981
1944153
280335
702721
1938
1219584
153
723684
34075
23553
605067
9422
3275859
1843383
115
1854700
902150
2430205
99853
340910
158
932319
598
948174
605568
1158803
641351
243395
106728
9960
572461
7256
234282
1133330
948712
467128
2948717
97104
2197
888886
91383
1492118
1934794
3455109
871404
20395
657624
754851
1553137
1769697
376240
1053377
3913
39220
761375
277722
64171
1193249
333734
1256129
909028
976447
2094149
262045
317575
1393464
6574
4164241
135311
470804
786039
980845
184611
2526107
1106277
1286678
62180
41835
1060255
85431
1208279
912731
245131
948395
623959
883204
11060
232740
1431502
1093609
479578
2347955
41345
424312
44496
1023340
2994461
2733188
1518058
44152
923743
52979
230069
846207
5565
937661
978485
1737858
933610
7192
628938
7486
161
95853
17429
368610
881317
880303
260471
625328
19511
3486
19597
21039
929012
36640
167
2629197
659956
2498541
594585
1230348
241999
1243202
931930
118938
1936904
1870414
1744603
1123603
1361366
900371
446279
202614
826079
822443
45987
1324978
239008
621596
31314
38672
27767
785415
205117
1072917
1975188
706208
1727347
58096
650400
896159
909089
1014625
7072
65892
859584
868752
2356275
39384
1111343
66723
2081330
1026294
104069
243
698415
69114
90323
18306
14684
622379
949150
16897
319327
566873
7388
1323082
1711414
67584
468
77494
2100
41217
32496
2163441
1592000
88209
63621
961643
40569
40706
15641
1155017
855659
66915
891886
251156
479636
2737
2457
18173
606053
829
241204
6022
651973
56648
138
847122
11062
5890
1383
1037890
2468
852752
905730
22043
7674
16355
3130
2839
19
20690
378614
4161
792040
11028
688351
106232
1037865
18047
881286
136335
839233
8517
332270
270214
646910
3276
1838708
851826
48603
8003
158207
13326
558083
1260688
7175
1298
35268
7768
25352
41289
30553
716451
628985
689874
20529
871587
365486
678428
12768
671856
34847
602302
706
37459
134737
1161
636101
1948193
82037
872039
1706805
911536
870372
609571
41219
2663733
25357
1269059
312179
1367019
1070701
2648122
40188
966214
2945
909637
2524644
27717
151593
1122445
13973
86359
40036
1491235
427113
1079704
62749
257206
27417
109991
9102
3852
921746
1136427
0
952962
11441
1758123
987705
2501154
35266
1112261
39734
926929
28884
1012064
1155085
1904864
322951
883045
877017
411855
1322348
983255
22821
918741
7458
17676
625102
705872
147720
979364
49496
756119
1007877
1323324
616777
1739394
24326
76344
261398
2066543
879405
12179
653752
5710
81701
1775474
1893
309611
480431
247
236255
58412
984994
20
1
729899
622329
878626
350979
1048807
12665
694125
6346
2107064
33009
2626
160633
310743
841239
784553
2648363
855879
64426
53560
181904
24925
13000
1593599
18712
1297309
18630
182200
979741
40459
1094686
748216
6721
280862
610132
41495
823266
877835
1133207
403773
782
100773
135911
42506
633435
187940
43840
