12359
28118
38624
217459
4240
468178
866045
34236
107096
768982
706194
355051
3879
18335
229043
1290
242946
1194199
3098
1589
640868
85753
10755
704266
16424
1957422
1972158
88529
96370
99650
664651
2922
331841
4850
2123
89296
165709
802535
277262
14209
29275
1855735
5087
630459
2282
1000554
722936
265915
162893
1644768
5139
230656
1
109
16913
643910
237924
52409
1512693
2695
756
7
2
659955
239967
629611
12133
102460
1629063
1782
1484077
992882
1567
31340
1542
631930
70
86312
1001741
6353
427157
708938
716
3
2075
12313
3753
389629
11449
671812
1193181
4301
1332
690169
556425
2154
276689
411619
234166
1445476
357272
390938
632844
1030508
576850
1432000
2001036
1519137
90981
14
294571
1546
3
10109
85963
14
449
1686864
656
258632
985154
631735
1642029
38
725
97554
1639
28534
21568
252173
60455
629532
971465
4298
14661
961204
638189
1156
1617061
1007100
6796
1772
634854
170931
798868
30337
1100006
133347
710135
31843
379320
749010
188099
88811
786458
50046
805203
644539
718017
307590
605378
998766
94818
687619
931918
444918
995024
469832
953003
267480
34308
88731
18655
628968
656718
628406
1029441
3970
717595
200
9
0
1085605
4268
11445
1392
1766277
642646
1186
40011
737487
1246489
3435
94027
420376
1225
88484
1504492
417264
5598
4294
4349
323
803
3
0
421
229270
0
1563
1705343
0
56877
1938
31541
996468
191
17264
240885
5
1305
0
644778
1545
649985
366816
686818
16238
1059228
137950
1057
631483
631141
51044
1104797
235371
2549
86285
631690
31239
4290
231224
818096
1303
627
1538
565
0
86056
225422
17447
237
1965
60959
7650
624688
221537
1843
5385
14809
3120
926338
65829
1446
65
41227
1077621
996322
502607
12066
911909
0
35963
980967
631929
1004214
162079
1472
4746
233072
232894
87456
965868
282462
0
23578
1613904
40002
6748
966185
866
86802
1162282
782041
283074
307340
1005702
53597
523243
5761
717806
1983
1550844
41284
1595
88761
1564
0
603
11471
211394
22
630
1086507
235643
31692
6427
0
4800
1578
3455
66250
989551
1525
988507
388095
145
642053
967245
136604
1796
44767
1573
0
0
4287
621763
92904
985560
4231
34739
19028
4637
271288
1423
15941
7407
615
7804
230295
450754
240053
6055
35468
632941
99252
752950
1024
759465
10303
946048
576965
11228
153
698
232444
95671
602
7192
1004311
630668
275417
318303
263677
737
416578
1620349
509019
1049296
85605
85809
410357
703
2133
815826
1403733
16127
23
43968
631509
980866
404
631223
470026
72
88044
892
1460640
116233
236732
853413
1569
322831
121543
581
2455
387001
1639
1589
16432
427664
1940985
5227
56
1044341
10729
124317
1346318
574157
910117
172616
2235652
585139
148016
970865
27537
314547
1397034
1153085
319460
1534716
2968
372803
85968
5131
2479
434
5934
12
864323
1383667
397452
159224
48484
22378
15
2885
656
2127
122732
26
997821
723
268345
746028
904
631582
585
630664
806310
1882
277464
22
0
461
97531
1292588
232896
244832
666964
108279
992162
294
895379
13579
608
632571
11528
281656
817056
32448
963539
2224909
839426
9642
911928
256357
10258
676559
2716207
1922054
727480
1
1310
267
118851
902954
89819
26
0
12386
5093
1119177
0
78
34778
397390
274854
6189
31374
4741
398387
54384
905274
1776510
22027
247404
14976
2225601
3219
321917
56073
494193
638603
402291
630772
15571
661622
710401
1613772
31343
139
4306
229355
381342
122604
1756854
369030
1590058
3676
7
1822247
980514
85467
631858
978974
1625344
637986
748549
12259
556114
632207
1361882
939714
814384
642877
1030709
752
137524
1001477
359005
286056
3093
409
1429147
1057064
33873
3707
1489219
61394
276748
717517
1047238
2125
98414
35580
5047
302610
1114796
1330618
35906
1173
17
30738
4897
1377213
159572
923840
90308
140821
119775
1548
33
986351
112582
475
1017792
281485
15684
265133
748161
266790
279245
236268
1174119
85786
1021083
255432
1112904
1209648
87645
238819
195042
1564
88056
19415
720792
1018576
238223
1167095
11919
637990
1608241
24826
843760
687
720748
3437
1012166
67851
895817
1043653
33112
33207
1725425
34515
905573
574
308938
12697
1217964
107902
1342630
1084582
1341045
98429
1620860
1695153
1550
603502
1422404
1202
639022
1312
1766852
15221
83530
662
1016779
98142
305751
1262802
89426
1067979
2460414
2558
1698132
269542
756410
2372828
31707
1868
1261120
1683801
1369351
782981
93499
17432
1018800
264491
1317853
92877
512221
644312
859412
431772
1333478
181293
652135
432082
310741
630167
232493
3506
386655
1473102
1741599
4827
2036406
632972
640764
51
179381
4798
581964
1195902
239054
797780
233405
281274
1938
665
4295
995352
32638
49
279
77
632472
1204
33
19
232882
1
1818
62
31105
3
1085609
4372
5034
373056
276628
1237
2151278
630344
779316
11620
2384749
546
1777
729813
20700
280801
547736
1396194
1842957
268471
631405
631589
105840
1
641387
1232
54
21439
0
0
60
38811
54664
5
1053497
230914
1216
1892
965153
284505
13112
444655
122862
3418
1191953
40061
878646
828276
5695
403779
248409
2129
1146362
247
659905
1
493
320720
9
88547
332665
92039
1488949
201589
362317
2955
1016312
13033
164
5887
1611
704
8
4305
635568
335
233
280823
954
1521783
391
1834
10106
654623
611
86769
13665
717709
29
2149
5
0
277457
19674
75
2
2
631643
1857
13
601
601
228060
426
27
431
4
605
498
11894
85618
13064
88588
1001022
1432513
715689
0
2
232968
625
13460
232820
57750
1166
652527
16945
1364
3740
12994
580412
56934
91016
735564
10
1247051
4264
849944
2628
234729
31324
1091
4
915650
829
717563
121742
464703
331665
368469
579
880
27
275503
2624
631831
506
297665
0
12684
36690
1432559
15174
1628268
355
701
631028
400485
405034
708241
732169
103333
4977
752
4309
1118721
234022
2604638
877903
735997
1074179
1919
1060945
31096
761181
1026952
36122
38535
3082
86464
284336
679838
725438
5646
198058
235589
31401
5583
8128
32824
907847
1781580
728647
1814
45592
4251
32695
1836769
2290249
1874097
1011421
1717527
684576
1620
720748
891864
16421
770769
23
26
1196
1
24608
817
718102
44552
632770
99651
46143
1199
2
423064
836
4443
1530000
4889
12156
87168
71478
233048
1233
74
803732
4308
11619
24
20584
604
653
603
11969
12628
701
2352
6883
576951
5
32535
1062
1382544
1300
6
340510
17
0
87729
28574
5725
1000630
36046
0
194902
31965
703052
1134
435058
399976
141117
24987
86693
275123
3304
72304
1563
58
13190
581512
300518
307940
982826
4216
76717
25439
69563
1116087
112757
322568
