870839
2196302
3370701
1085257
1172147
1513217
2099487
2661018
2412151
4186827
2628873
1906304
1884091
958199
1872194
2093205
1117491
835705
1118646
476811
827369
1238317
1325711
1420044
1358165
2374444
3052323
1128434
646964
1344765
2463115
947636
2814119
647841
2026425
2244717
3694288
2241240
3367221
1534614
2462145
2917476
2189509
1919135
1335942
1691426
2690020
778576
509405
2090557
306269
917422
337600
882218
608730
751389
1156570
1656452
1564907
1443086
1790104
1288001
1589733
544934
997934
1688507
1895365
1000512
949901
927173
1061346
726177
1615818
3479765
1966888
1470813
86845
498838
1263201
971874
277483
914754
1971246
555777
265340
1151481
1425388
1562760
531551
2946803
1936074
1167858
1184344
361126
2486660
1865731
2452267
649292
922502
977871
2838684
1492527
2561669
616602
2219599
1803753
2676716
3080477
2650879
401552
2757463
1369391
1634036
1345133
746530
101090
1410862
519408
731157
1047552
2394325
925012
3086497
997968
899797
1206111
1422681
1173333
3229113
1791899
4207359
3053117
1206071
549250
2450737
726336
1552815
2102330
3435470
2116122
1649558
797128
2357301
1159099
3095014
1570532
4179995
1444014
1316106
1360246
2580465
1691868
2273443
1677423
2830412
3531040
1754368
1647535
961081
885485
4418288
1143375
4228385
1512837
1857425
1559770
3179782
2422304
4199427
2652121
4366284
1928840
2243738
969472
3403752
2177152
3281429
1181509
3302387
323743
787165
1158077
1208377
963329
2990048
2245915
3808282
1636930
1735556
590005
2129113
1080994
2436995
1791753
1672801
1682300
231075
1828224
2314513
1303237
2166248
1077487
1463791
1008297
204902
328663
337072
1022085
1100576
347256
1272567
356808
1317892
665353
1256569
454500
844042
518761
1972185
1334981
245690
356705
1498856
1010624
2617555
2633212
2043811
1233944
1904909
1669901
1196491
681788
2433339
1657588
3929040
1893612
1860703
1075881
1844210
1198379
2199269
1064058
1367932
555550
556525
1139624
2138424
352568
2001633
637431
1468083
1909251
778145
1137577
890812
670584
