29
999
257
0
2
18813
24
0
5
2365
20
8
0
16
0
2
1
29
5
2
39
532
125768
318
415
407
197
0
0
198
40
8
314
220
482
0
272
9103
403
97385
54
196
726
258
11
573
46
270
0
104
0
0
617
133
295
475
244
27
218
48
0
2
21
0
256
0
16
0
15264
115
0
0
2
0
4
0
0
0
0
711
0
2
0
44
49
3072
226
156553
17652
1093
109614
257
1030
14
38
175225
0
0
230271
21
4
53641
168906
174
199
0
6
0
0
0
0
0
0
1
0
0
45
0
103481
6680
0
1
40
31
321
90
0
5504
311
167918
2
0
109357
566
0
2
109449
237
1
1
0
0
2
0
242
941
280
5
370
130
43860
0
205290
44
113
133
1050
0
176805
0
0
0
5551
2
103782
0
15
445
12
919
18
252
18
0
126418
19
0
5
1599
1
108472
143189
14471
14764
3
47
451
0
0
28
108232
208
0
0
0
0
72
0
52233
0
0
0
0
0
0
0
0
0
0
0
1136
623
42
3247
15
15042
0
163369
0
87
0
117015
236
0
694
201
123698
0
7
11419
2
1104
102701
374
2453
18494
0
1060
0
53
0
0
0
0
0
0
2228
0
21
603
0
0
0
3
1
0
17188
106364
1044
431
0
38149
104156
107
3
16661
65
0
72
93
125197
0
0
142879
15287
66
23349
277
32401
0
162
46
16
125660
0
148
0
0
53
0
19505
16
3
35
0
0
1
3
381
132824
102727
1
239
123
0
18
0
0
8
43740
0
109654
267
179
243
15280
0
0
711
0
0
0
432
0
0
0
542
1
2063
780
162917
276
0
0
21924
44
2
52
300
61
215
11
23
3075
133
62
187
1
34939
541
442
121137
5
0
355
17254
848
30762
459
7
109455
0
174
0
242
2
45
230
1
7021
690
0
46
0
57
0
0
0
121029
29
167562
5102
2308
368
225
1
79238
25
0
35
9
0
104549
126475
20
17
0
20
0
0
0
0
4
242
4
142
52830
941
170071
88
0
0
109573
0
173
3
14921
5
15160
39
0
1199
0
1
57
9
0
0
557
0
107
62
7
1118
0
2
143347
263
5
14
1
107428
0
0
768
49312
1
91
0
0
6
0
1187
1
0
17
0
1
5
0
0
0
0
0
45
7
0
99
112
2
2
0
101618
1160
208
148
126072
1
21193
6706
0
0
0
0
175748
126099
10349
0
40
10
1232
40
0
0
35
0
1
322
0
0
0
85
6
0
1
0
0
1
2
5410
0
101
2
425
199
21
257
167917
55262
5204
0
103868
206
1711
0
4
1077
1817
2
16
117040
1
0
1
281
338
21
114
14987
0
0
0
125798
9
6762
15864
1114
153531
51
2
224
228
2
26
19081
356
4
3
36589
291
0
0
38400
0
254
0
855
2
1130
31
5733
126283
109153
4
119
200
43
188
1353
50
1
0
1723
2
36373
6
14
0
9803
0
1210
108621
33145
147
58
30
102
0
122
224
38
18323
25233
17698
1
0
103075
1
101949
42
103874
229
126467
0
52
0
110
0
115
59
38
12
131
1
2940
2
170
5
888
0
126336
0
136
412
77339
98526
1823
0
0
2
247
0
125437
789
7
0
117
12
856
3148
1044
124791
30
0
27
0
101767
121
2000
0
0
8
38
694
24
1
16055
1
69
11
1216
1418
206
0
243
7
2977
1
72
51703
1
1055
9
354
17203
297
516
1547
26
0
1542
0
10353
0
0
145402
600
22362
238167
323
157
0
32
19
135
4
0
80250
104670
1
5
0
2
179
1375
2
0
154
1
2
0
70
938
107667
0
124203
19714
17061
27
269
14409
125
130
30
106297
278
450
36296
3
39
14446
126804
40
82
4
5
3156
215
0
0
1
0
0
780
5
0
990
109162
95830
0
0
124915
124901
69
14
374
556
4
1726
267
110
18
0
23
0
0
0
0
0
212
0
0
0
0
17121
16
5
32
1805
6
238
0
0
0
0
51349
0
0
9193
0
0
0
1
0
0
0
0
1828
343
687
35544
0
0
1
3
228
0
1
0
0
0
0
0
0
0
0
0
2
0
0
0
0
0
0
0
0
0
41
0
0
59163
528
0
33
0
656
108207
16532
700
32
6711
30
2266
52
890
341
1
0
14
0
109273
51189
2
45
7
0
0
0
13084
0
65299
85866
28
0
23
0
17152
0
33
0
201
0
109575
0
16401
22
0
100652
0
0
6
235
518
2
7
267
30
698
13461
0
238
123353
126291
1425
123923
0
0
27
0
0
0
20
75
171
2
0
199
118725
417
29
15
1
0
2
323
973
244
389
16802
102806
88
5617
47
18598
56
127063
3380
2416
97
43
39
18515
924
638
0
15007
3
0
25
1
1302
246
0
0
223
0
0
0
126003
211
202
0
107990
0
0
0
0
65
195
0
108958
124099
0
0
0
0
0
0
16506
32
0
0
0
0
0
1819
6
406
0
38
0
0
0
0
732
0
15443
0
0
12
64
0
287
5556
304
0
10
0
188
0
463
6
28
0
3
0
0
26
10
0
4
0
1
0
1142
16249
229
16
0
106241
583
194
274
9172
769
238
0
956
249
0
0
7
0
0
1
159012
2032
3058
229187
176
8
0
0
103909
0
0
0
227
4
0
950
35010
101785
1047
690
435
20
68
0
125261
1
0
0
72
0
0
14
336
0
16176
889
12876
123830
26
0
0
0
0
16241
0
0
4
66
57472
125726
0
32
0
15402
156
0
0
64
0
0
131
378
22597
50
6
157
254
3
31557
16
0
0
0
0
3
80159
0
821
0
242
45
943
0
2
16
7
419
1126
17119
107451
769
0
0
0
0
0
0
345
140641
0
0
0
0
1
0
0
0
118
56406
1772
1088
3
0
116
0
27785
10
19480
36295
0
1068
1174
120
1289
784
13
119772
5
0
92
1
465
8
144
0
73
126336
0
0
0
19
1
0
20
702
1
1256
15
18016
370
559
0
155798
132527
0
0
104710
0
0
213
34
173
92644
500
47
217
1
0
97150
16509
214
2071
1
213
0
17098
0
0
9331
0
0
3
35
1
0
0
0
0
0
41
124776
7431
305
0
145384
0
0
0
0
109775
104
0
0
13604
225
27
0
217
108216
6
560
17617
145382
3558
673
15007
273
0
96
108192
67
16355
0
16506
0
0
38
711
5
0
0
258
28
0
3
463
1
9263
39
0
74
0
2
1
18427
433
0
0
16417
693
0
218
0
31
0
147
0
0
0
119
0
416
52
0
1
0
0
1853
1
27438
0
109411
56
158
0
0
993
17123
145105
28
276
40
0
1821
0
0
0
16539
109173
0
218
324
46
21281
96
0
38
0
6
9829
28
239
29
217
0
53
0
55
187
295
0
1794
239
408
0
187
7
1
253
11
17
1
5722
5
2197
857
546
866
22
11
106821
192
0
1
29
123174
54
141
4
1149
696
43245
359
778
27224
28
0
211
23
35583
248
32
29
745
68
1
235
239
209
125808
107437
123034
616
8
0
197
0
0
0
0
0
1
1
388
0
0
17252
0
24
126127
264
0
0
0
29436
567
21
18773
0
50620
104
7
0
0
487
961
969
126255
16523
0
690
2
0
288
36522
1187
6024
252
376
133113
0
15961
23
7
0
27016
0
12
2486
313
0
34
9
0
227
0
0
216
5917
109020
1
212
359
7
6704
36529
2
0
10
8
2
245
0
0
0
27
17138
14930
28
30
0
42
42
283
559
0
0
36273
0
0
0
0
1
116
8
103818
0
3
2086
105395
14961
60
63
0
189
28
170202
823
123440
0
0
172932
0
1216
0
943
158513
536
331
306
26
6
163
726
214
273
4
0
8
168253
78943
102219
137
0
102281
5
0
0
12
0
0
33
266
2
51
0
0
0
9
62
57
85865
1
104475
47
361
0
1
103497
126491
323
315
16482
42
2486
18
2
14445
0
0
245
2
0
111
0
17226
213
0
10
0
0
0
6
33
0
481
250978
915
0
0
203
264
0
213
1
10987
1704
44
0
242
0
0
2
1
2
0
557
28244
12
9
52000
1
546
219
24
888
943
169999
2
20066
112
0
0
88
0
62537
0
210
50727
4
1
101
3
109357
0
86312
0
0
0
0
0
0
173
0
0
458
0
6
2
956
162
73
28258
1102
48
0
93369
234
17822
140556
275
0
62624
29
15530
0
0
0
0
1
19
1
1850
2
0
0
0
0
0
1
0
11454
6004
49495
153
0
35699
0
63
99524
721
6058
281
46
5787
322
98
52
18943
0
318
6
0
12
372
182725
14
7456
57
98
0
0
5
36
15737
235
10
54
0
1
1118
52
9
0
17014
6
0
2
0
126136
26220
126559
17062
1
305
3
51
4
0
0
50
2384
3
9
5
2571
233
126323
1
147
8
129
107405
23
16
1
0
2
126278
0
58
0
0
0
771
2
48648
16
332
0
1
0
0
3
85
0
458
2
81
430
243
1
5823
0
7
218340
74
3350
44
0
2857
123460
0
108497
108659
10
452
305
3
0
57
0
3
52
2
10
6711
0
0
2
217
39194
0
0
2
3
2
1
6
13
2
82389
144
109579
12
6
0
0
2
0
5
0
2
470
0
0
3
0
0
0
0
48
0
1
0
16131
0
8
0
27
0
0
98091
263
0
17216
0
52
0
14952
53
30
0
0
69
0
0
975
26
0
56
0
35918
21
87294
13710
0
0
1139
52
3
211
1
282
0
0
96
126487
461
124993
0
854
225
2
72
0
0
143211
14302
111
0
1
73
6704
149
97902
3
1859
133
36660
0
0
0
6687
1
0
0
0
1
0
0
119060
82329
92564
17733
40
250
125816
0
103428
0
8665
2457
0
0
0
0
75497
0
48
131
30
0
7
2060
163
103630
2356
39
125
15013
20
0
0
71
1
0
40
1
127522
207
35
0
0
0
188
97825
0
175
27
4
3
0
303
168277
2304
48
0
0
1
3159
0
46
123384
6
0
17277
2
227
85
77
0
0
0
0
172996
6
0
35971
0
0
0
168262
0
519
0
0
3
0
5
26
1170
0
38521
16958
24
107577
2
296
5
240
48
5404
327
73
279
0
140
578
8
103
11
11
2
35
1913
2
7
1341
103
15
321
96157
435
127
106
397
48
21
260
273
0
709
0
340
31
167578
0
54709
0
0
1
6724
32
5902
167917
336
4
2
239
353
103644
80354
4227
101890
448
125390
1649
29760
230
1
0
53122
0
0
1140
15257
87405
100604
2
13
1
1055
0
2232
9
3
107539
38258
16703
161
12
58
16
148
1008
35
153148
102983
16
153402
15431
0
0
0
17090
0
42
247
0
213
0
254
2
27
1
88
106057
334
1
11
20
0
0
114
0
109573
14959
0
28
294
0
126408
1
0
6
62
5
0
106
56
1
23
0
304324
1312
0
1
1
2
9
220
5172
104160
1823
7483
54
15007
125806
843
258
0
399
38399
0
132056
109357
81
2
36100
0
16323
280
17794
103157
566
126467
27
47
1831
883
548
0
126480
2
15268
27
329
0
16083
96
230
989
357
17762
338
72
2507
189
5
0
21
0
0
798
297
88
36295
29650
2815
0
5
109162
2
284
47
22
0
0
2
2116
88
6
1
1828
36571
3
0
0
0
0
0
41
59448
0
0
0
0
37
7
2580
52
17157
1
210
6
791
0
127349
0
19
24
51
10
2
5583
7
7
190
3
2
219
126062
0
0
109153
0
34
0
11
0
0
14920
5907
314
200
0
30
1
15
658
191
138
7
125882
125277
104395
227
103895
754
1
0
33
12164
0
0
0
270
0
236
200
0
3
81260
945
0
776
0
140909
0
1
239
2
36602
1432
1288
3
459
73
19
993
1595
10560
1998
92869
465
0
211
9499
0
1
26
207
0
7
13128
1709
127928
0
108149
242
5
225
244
4
18210
16420
0
147
5
0
1
108658
8
68
0
125691
8
0
10018
0
186
273
195
5715
540
96654
84
142
285
27462
57
0
231
23629
9
0
34
5
0
13
69775
0
16642
2
647
133672
14956
3139
259
2
6191
242
0
1
0
24
42
0
0
103834
1184
75
302
22600
36113
109
882
284
270889
102417
12
52
0
0
385
103935
18948
943
247
323
10
15
126262
203
1
42
1
0
1
0
45
0
85
8
0
0
0
0
1
48
16051
61762
0
0
0
0
166
0
34
192
2
3
58222
39
39
1
3
6
1
0
37
11
2522
129
0
2
3
42
0
1
290
17
109209
2862
216273
4
50
0
2041
4
0
83496
0
5
0
0
0
29
895
1
0
0
969
0
0
0
2
126337
0
72
0
0
136
2
1
0
23865
0
653
0
76352
0
167
154
2
127710
0
98046
4
432
1819
0
17521
77
170
35971
454
3
3
57
4
115
1
0
35
877
285
182
709
25
280
6752
3
154
128990
15821
0
103025
0
10
344
148
103627
0
0
1
0
47
11
109573
297
116
7
130
93139
0
212
1086
24
0
36130
34306
393
2712
141443
28
231
214
5
1180
17913
109164
25
1967
1
0
59940
37
1790
276
126290
46
54
3
0
0
21044
30
181
0
101652
0
121
1
0
126166
1765
1622
1684
1999
1
0
0
0
0
0
29
0
27
350
2
17761
0
0
308
9
6432
0
1244
36319
1
10
24
9
42
1
0
0
16018
0
54
2
7
0
0
40
79
108687
2
0
38
0
1
72
4
1495
2
127279
0
53333
511
116
16
7604
3901
206
361
0
109658
313
210
50253
285
3157
2036
119
126191
36
201
123773
5169
0
0
99
3
35497
11
0
36
40
106622
100
509
52541
242
104111
1197
121599
2711
680
3
3050
14619
172
318
34
331
498
204
2497
1198
47
16489
0
127
0
180
6247
472
337
483
0
123625
2
1847
226
3
1012
228
0
19021
1
0
0
0
16807
1174
116
0
0
307
0
102
7
10152
80
0
0
0
0
12
141
18516
31
29
413
596
166003
56294
126392
33
101
110371
5628
0
22412
2475
7193
127016
110081
17
2
356
8
125828
59
248
96
0
0
0
2
0
1879
1
638
249
0
7
0
0
37
3
134
15091
936
759
0
0
1
234
228
0
78654
12
607
104957
36100
18557
0
3
0
2
0
26
0
14982
5
1116
0
0
0
0
0
0
53
26
16765
0
186
30
243
1095
1308
2
17012
107
0
0
7
1
0
0
0
149
0
1
287
1
1
199
0
2
1
840
101
125274
14
25543
0
102
1
4
137265
1
222
17084
107594
76
16262
0
0
1
1
87
2328
121851
252
29
2930
16656
17
2
17061
0
826
39
1
3
0
141
1
1243
264
14140
0
85
18578
187
128171
126278
0
2419
0
7
0
483
0
0
148
303
105649
10
11
0
0
166160
285
430
0
2611
55518
162394
0
1
526
126313
14
63
3
136
0
2
37
931
147
1
123999
109410
337
9
22691
129
1
0
38
107381
0
22451
43
0
1
2491
109
20
6909
0
12
6718
1001
121864
727
0
158
110128
16
2
17
0
0
0
0
126280
0
43
209
105
0
0
0
66
0
220
0
125608
0
3
833
0
1
0
6
36
211
191
0
867
107527
0
2
987
0
0
153780
862
2126
195
16
95248
0
5
97485
119
0
0
0
0
0
478
126448
8
5
1
2372
246082
2355
2
636
49
69
225
17
22
219
1
275
179
174
0
241
456
73
44
0
3
415
116
1601
7
0
28
315
3
38
417
34
13
530
0
154
240
0
13
15074
1
0
6
17
886
5580
759
0
0
0
0
0
0
7
0
109142
109198
0
7
225
1
2
777
1944
9
744
0
125906
224
108197
0
0
0
0
0
2628
77628
219
123458
2
11
0
0
0
600
1
1032
104207
10
125237
143734
16
162
0
18540
3
321
1
2
0
479
0
432
431
148629
0
277
1
3
40
0
2
1
237
6681
2
14976
15
25
33
18
0
0
947
0
3
14965
1185
25
43
1
108
0
50396
0
1143
1
0
0
62
0
6711
0
9053
31
4
0
0
0
0
0
0
0
2
216
0
1
0
39194
1
0
196
2
51
0
0
31
0
0
0
16730
39
6
0
3
0
0
0
179
7
2
1825
0
116
109193
31
6
38
1
927
199
34911
676
1025
1261
0
2
0
81354
1
2
156
0
17066
27
203
0
111746
2
0
780
0
125142
242
6
0
0
0
8
0
0
0
0
0
0
194
0
0
2
0
0
0
0
0
0
4
0
46
0
147
0
0
0
1
0
3
0
123608
225
1
0
96
0
275
3
3
3
765
0
248
4
3
0
0
107744
0
0
0
0
0
0
2
0
0
199
0
5
1
17
0
274
597
0
0
0
101
0
1
1
125267
0
14
0
0
16067
41950
2
0
41
0
0
0
69
244
29
5
0
1
0
0
58170
117
41
987
11303
5
0
126336
0
0
0
1
0
403
26
114101
260
17044
38
0
108247
0
0
0
246
107077
18407
0
16466
16264
0
58
9
47
0
691
32
0
0
0
27241
0
1
0
29
0
55
0
264
212
51
1864
42
8
3084
2277
6
120975
45075
749
203
311
0
105319
1
0
0
29
2406
0
0
502
17536
14
856
1
17
0
26
0
109000
1
268
6
17088
14935
83
36205
0
1
1
0
826
37980
1
112
0
0
23
44
0
269
0
86624
21
0
2
13608
0
1
0
0
14
0
13058
2
0
5
1
1127
1330
0
64416
1
87025
0
3
1
13710
93913
1454
782
0
1
0
0
66784
0
105394
180
18521
15
37
3
109
31
17131
0
126336
97
0
0
126313
155
8
126327
0
394
0
458
252
122
3671
123459
0
2
0
0
843
0
17
109575
0
0
228
0
4
16147
97496
243
22
69
0
35974
0
0
1
0
0
1
100448
221
99983
36658
6687
0
118935
0
0
0
8
1
229
8
11
0
0
235
1
0
518
0
2
0
73
0
167110
0
255
5387
1
0
691
8
1915
2
96048
157
3
3
0
695
3
2357
814
14617
54086
158
3
434
162315
58
36611
168848
17058
238
0
106049
0
0
1
126288
6
0
1878
3
0
131353
2
126279
1
3
0
11
29
0
0
55
0
29
0
0
47
87
0
0
0
0
0
519
2
0
0
0
0
36
18
1
300
105031
1156
12552
148
237
81650
14807
0
196
707
92125
0
240
141425
0
1788
3
108648
125667
10696
102235
332
5926
1
286
125711
240
39
42
0
22638
102840
10
357
245
0
1
1
0
0
0
14
8499
0
37
2443
2
3
107673
10
0
1
969
2
0
0
22449
7
243
0
424
0
0
164
0
16241
74642
102687
0
228
8
22
2489
40
139
0
134
148
5572
7
2395
68
1
28
18015
275
6946
7
42
8
6
2093
0
127063
5
182
222
3076
6699
123524
43
12
104971
113075
4519
8847
2874
221
86
269
121565
6
40
119
0
8
0
18516
15154
19
115699
916
3
2353
0
646
6
0
66
0
0
36769
3
15007
0
0
1
235
68
2
0
0
200
0
38
0
16223
1
11
0
777
0
1257
26
254442
0
186
1
266
322
0
35
40
209
10
0
0
104
16
218
7
0
0
0
0
0
0
0
107718
0
0
0
97580
0
157
125908
49
218
174
211
0
0
0
451
0
0
5
0
0
0
160
3
233849
0
0
0
0
2
0
305
2
147459
313
0
21617
50
947
1186
125
18
64
31
0
0
0
196
0
5
19
0
0
108968
38
199
0
1
212
2064
125924
0
0
193
0
0
45
0
2
123373
96
773
247
107545
0
0
204
0
0
0
0
17078
0
241
0
988
0
0
16536
0
0
248
0
0
0
5578
0
12
3046
44967
105171
0
0
846
0
0
5
0
2130
0
193
0
1
0
0
16
1822
96027
0
172159
9
0
1
6
399
0
2
0
3
97360
35971
1
73
0
0
119
0
0
0
0
0
0
0
0
0
168541
0
0
0
711
0
21
0
0
518
0
1
7
14904
915
26
126468
224
0
0
4
0
7
0
13
0
4
0
0
154
69
0
2374
0
0
26
1
121520
5122
121346
7
0
5566
2351
69
37532
302
202
16197
787
639
0
322
10
17
0
107530
69
45
217
2
1
412
0
13
296
4
0
1
18
210
732
2
1
246
216
0
42
35
0
5493
278
1
9
0
3
505
0
0
246
0
0
0
279
0
0
22
245
0
0
153
2
452
13
147
29
266
215
0
1
471
0
0
103
1
0
0
1
15
8
416
1
9
45
